k=0_act,k=1_act,k=2_act,k=3_act,k=4_act,k=5_act,k=6_act,k=7_act,k=8_act,k=9_act,k=10_act,k=0_wait,k=1_wait,k=2_wait,k=3_wait,k=4_wait,k=5_wait,k=6_wait,k=7_wait,k=8_wait,k=9_wait,k=10_wait,	k=0_act,k=1_act,k=2_act,k=3_act,k=4_act,k=5_act,k=6_act,k=7_act,k=8_act,k=9_act,k=10_act,k=0_wait,k=1_wait,k=2_wait,k=3_wait,k=4_wait,k=5_wait,k=6_wait,k=7_wait,k=8_wait,k=9_wait,k=10_wait,	
10,10,10,10,10,10,10,10,10,10,10,10,10,10,10,10,10,10,10,10,10,10,	10,10,10,10,10,10,10,10,10,10,10,10,10,10,10,10,10,10,10,10,10,10,	
9.3223,9.92176,9.71285,9.92888,9.84883,9.88328,9.68026,9.84981,9.76476,9.64141,9.56418,9.46355,10.0395,10.0712,10.0253,10.1822,9.86573,9.87723,9.8195,9.83452,9.71153,9.71324,	10,10.0465,10.121,10.1663,10.1785,10.26,10.1858,10.256,9.79137,8.21305,9.68,9.85075,9.95042,9.95454,9.86178,9.95655,9.91132,9.86119,9.86224,9.76089,8.23693,9.62845,	
8.8222,9.60106,9.40458,9.52073,9.72538,9.71722,9.61837,9.69284,9.69479,9.47434,9.00348,8.8222,10.0424,10.1319,10.1496,10.3376,9.82054,9.61265,9.75669,9.71683,9.51863,9.10484,	10,10.1008,10.2419,10.3012,10.4065,10.5286,10.4336,10.2703,9.02903,6.66596,9.40367,9.46355,9.94551,9.87686,9.83721,9.79315,9.79228,9.83956,9.78865,9.64373,6.6183,9.37929,	
8.1832,9.41211,9.23622,9.47596,9.62573,9.64909,9.39909,9.57571,9.5459,9.07294,8.87665,8.39089,10.0176,10.1419,10.2314,10.4206,9.69301,9.43074,9.59529,9.55702,9.10643,8.92148,	10,10.1222,10.248,10.3901,10.5759,10.6734,10.5946,9.96901,8.23917,5.62671,9.08995,9.41623,9.90944,9.89311,9.75217,9.76967,9.78933,9.78947,9.77179,9.46202,5.65229,8.94238,	
7.62863,9.13459,8.97194,9.32993,9.49019,9.39509,9.3939,9.40093,9.28841,8.94109,8.3872,7.94075,9.95468,10.1812,10.2722,10.4726,9.54685,9.46585,9.42468,9.37303,8.95614,8.42848,	10,10.1508,10.3324,10.5648,10.7431,10.7805,10.6367,9.47764,7.32694,4.65096,8.74188,9.18316,9.85269,9.72128,9.75945,9.7663,9.83594,9.76421,9.76412,9.1702,4.68295,8.68904,	
6.97047,8.8201,8.82692,9.06127,9.34977,9.3274,9.20873,9.29352,9.22792,8.70917,8.08782,7.40261,9.83698,10.2143,10.3205,10.4623,9.5166,9.24307,9.33635,9.35917,8.67146,8.12358,	10,10.205,10.3648,10.8044,10.9068,10.9121,10.3558,8.80063,6.47511,4.02889,8.51987,9.09156,9.57149,9.71973,9.76277,9.82605,9.77876,9.76183,9.58606,8.71539,4.04296,8.45744,	
6.30556,8.47607,8.57526,8.85884,9.12208,9.3512,8.86635,9.16479,9.097,8.54681,7.76719,7.00549,9.68564,10.2113,10.3011,10.5122,9.56393,8.86134,9.17386,9.25539,8.5221,7.72034,	10,10.2577,10.4757,10.9984,11.0485,10.9348,10.054,8.04196,5.61525,3.31634,8.25941,8.8222,9.48725,9.57672,9.83311,9.72638,9.77327,9.61544,9.43586,8.33813,3.33437,8.23487,	
5.61894,8.05714,8.26185,8.56182,8.98786,9.42552,8.78599,8.91142,9.09214,8.3076,7.44467,6.49808,9.3888,10.1382,10.3296,10.5973,9.42446,8.91156,9.07861,9.20368,8.31541,7.58408,	10,10.3374,10.7145,11.2545,11.3014,10.8807,9.44555,7.21902,4.79403,2.85324,8.04464,8.60384,9.51625,9.49239,9.9234,9.86537,9.71876,9.45996,9.03024,7.73778,2.85916,8.03276,	
5.00709,7.69213,8.035,8.35262,8.7016,9.3858,8.8242,8.73612,9.01149,7.99203,7.44446,5.93746,9.14258,10.0338,10.3025,10.603,9.45177,8.84397,8.99913,9.04398,8.15351,7.40574,	10,10.4025,10.94,11.4246,11.3255,10.5812,8.77529,6.41325,4.16696,2.47938,7.86447,8.43305,9.56658,9.44267,9.98622,9.97671,9.70778,9.39873,8.74474,7.18267,2.49318,7.94721,	
4.37329,7.23386,7.93356,8.19683,8.52111,9.17454,8.56814,8.57702,8.73103,7.95925,7.20963,5.61894,8.97791,9.91048,10.2903,10.6532,9.24629,8.86787,8.79347,8.81123,7.99284,7.20358,	10,10.465,11.0593,11.5447,11.3459,10.2813,8.21556,5.82571,3.74745,2.11066,7.44095,8.30719,9.53809,9.41444,9.96658,9.83755,9.70125,9.31604,8.4704,6.85143,2.14711,7.39519,	
4.15948,6.91228,7.55244,8.0312,8.24715,9.22427,8.62698,8.48597,8.55491,7.8719,6.98183,5.21195,8.72611,9.76514,10.2416,10.7025,9.3243,8.6085,8.48823,8.59386,7.8648,6.98959,	10,10.5771,11.2056,11.6097,11.2989,9.95903,7.7151,5.38706,3.38659,1.88121,7.04616,8.02076,9.4678,9.43891,10.0143,9.93298,9.6723,9.19529,8.14062,6.38432,1.92986,7.11074,	
3.95612,6.78554,7.3304,7.69104,8.09644,9.27315,8.43348,8.42008,8.332,7.69638,6.71729,4.95714,8.45211,9.64594,10.1398,10.7217,9.32356,8.60089,8.44737,8.45931,7.77301,6.83632,	10,10.684,11.3504,11.6917,11.1422,9.57617,7.20199,4.91429,3.08742,1.71341,6.91843,7.94075,9.5262,9.51162,10.0278,9.89957,9.53985,8.9055,7.77237,6.227,1.71459,6.82984,	
3.52534,6.39982,7.11528,7.54954,7.94369,9.11326,8.42482,8.29652,8.22363,7.59005,6.65305,4.81027,8.35917,9.48711,10.0755,10.6393,9.27736,8.55325,8.38701,8.28362,7.69159,6.8275,	10,10.7681,11.4663,11.6778,11.0274,9.26558,6.86142,4.64771,2.91057,1.70096,6.64556,7.82224,9.46957,9.53832,10.0222,9.86602,9.44747,8.73841,7.44281,5.80643,1.71434,6.58032,	
3.23738,6.12668,7.00531,7.36402,7.77374,9.13753,8.4241,8.23146,8.19081,7.35357,6.67768,4.46186,8.0959,9.39245,9.96434,10.5533,9.21583,8.45713,8.35347,8.24377,7.36876,6.73095,	10,10.8548,11.6006,11.7107,10.7785,8.82913,6.40356,4.31754,2.68222,1.50308,6.4413,7.62863,9.49315,9.66267,9.95018,9.84017,9.38285,8.57505,7.34826,5.49563,1.54231,6.37053,	
2.97294,5.88405,6.84572,7.28497,7.66287,9.1204,8.34269,8.11145,8.00977,7.27616,6.60686,4.15948,7.85896,9.20732,9.8841,10.4815,9.40075,8.3676,8.2517,8.01011,7.34017,6.65933,	10,10.951,11.6962,11.6984,10.4916,8.42963,6.03871,3.99032,2.56344,1.48339,6.27576,7.43981,9.47699,9.5443,10.0706,9.89557,9.34718,8.25206,6.98388,5.23228,1.48907,6.16478,	
2.68935,5.57489,6.62293,7.06686,7.50878,9.17917,8.44447,7.98905,7.90071,7.17862,6.25869,3.83891,7.55135,9.02649,9.65646,10.3307,9.24176,8.68042,8.10715,7.96363,7.24548,6.29129,	10,11.0657,11.8277,11.6283,10.1814,7.9404,5.59742,3.77238,2.4191,1.30761,5.9271,7.32877,9.40639,9.6206,10.0764,9.82339,9.17682,8.03945,6.76497,4.97607,1.30528,5.91164,	
2.55787,5.32784,6.38313,6.94744,7.36127,9.13737,8.38031,8.04969,7.79642,7.11953,6.15877,3.61481,7.32902,8.80895,9.564,10.2463,9.31851,8.44741,8.10575,7.92188,7.09265,6.18557,	10,11.1705,11.9016,11.4872,9.89246,7.56091,5.29159,3.57722,2.3001,1.21724,5.75606,7.14737,9.40964,9.71604,10.0989,9.79713,9.06816,7.74442,6.5719,4.70276,1.22203,5.80289,	
2.40855,5.21846,6.24011,6.79827,7.24459,9.16669,8.27743,7.89535,7.70293,7.0605,6.05831,3.54305,7.23834,8.67518,9.45343,10.1415,9.2686,8.41539,8.04455,7.74519,7.11218,6.12622,	10,11.2052,11.9366,11.4175,9.69257,7.29592,5.10233,3.47057,2.2355,1.14161,5.54901,7.07608,9.3763,9.76243,9.99798,9.75373,8.89286,7.62209,6.36027,4.63623,1.14523,5.56172,	
2.18974,4.91825,6.0789,6.63596,7.07324,9.12753,8.19903,7.87203,7.52713,6.90429,6.08154,3.33622,6.95378,8.4337,9.35678,10.0408,9.23119,8.2627,7.93314,7.5212,7.06801,6.12473,	10,11.3162,11.9856,11.2674,9.33009,6.89976,4.85695,3.32108,2.12952,1.10852,5.36837,6.93561,9.44694,9.78397,9.83571,9.65123,8.74063,7.36176,6.04242,4.37282,1.10802,5.35055,	
2.04135,4.81087,5.90437,6.52037,6.91835,8.95631,8.10204,7.80682,7.49864,6.89798,6.00861,3.18906,6.8061,8.27925,9.18296,9.85171,9.00792,8.30628,8.02545,7.52296,6.96264,6.03162,	10,11.3903,12.0025,11.1224,9.05855,6.64216,4.66634,3.22624,2.06961,1.03405,5.27079,6.86643,9.36811,9.80488,9.92073,9.49498,8.58058,7.1888,5.7198,4.21453,1.03301,5.24172,	
1.86523,4.53854,5.78029,6.37021,6.76198,8.98587,8.05829,7.78394,7.35288,6.77529,5.8003,2.95807,6.53084,8.08303,9.11235,9.76394,8.96633,8.2818,7.86424,7.47585,6.90453,5.8984,	10,11.4692,11.9454,10.9135,8.69158,6.36039,4.4598,3.12674,1.96821,0.91777,5.09245,6.663,9.25696,9.76235,9.9609,9.43416,8.3938,6.9748,5.46268,4.04484,0.931414,5.08839,	
1.71287,4.38836,5.49286,6.21594,6.58235,8.99578,8.1554,7.81748,7.32672,6.71051,5.76616,2.7576,6.26542,7.79396,8.8801,9.65302,8.98306,8.24903,7.97755,7.30911,6.76626,5.8337,	10,11.5887,11.9119,10.5999,8.29463,6.04011,4.2548,3.04492,1.91616,0.893713,4.93249,6.40109,9.3367,9.91458,10.0044,9.30728,8.13056,6.91505,5.21836,3.79921,0.890286,4.97118,	
1.59679,4.25276,5.32092,6.08041,6.45464,9.00075,8.08906,7.80349,7.12571,6.62387,5.67431,2.59662,6.03513,7.60945,8.73354,9.51307,9.12659,8.2384,7.85416,7.21441,6.6912,5.76672,	10,11.6708,11.8666,10.3921,8.03133,5.84461,4.16292,2.94837,1.86879,0.860462,4.86888,6.24266,9.36355,9.94265,9.97328,9.10891,7.99622,6.77395,4.98575,3.55329,0.861436,4.81875,	
1.48857,4.1383,5.2119,5.98933,6.40629,8.81734,7.90424,7.76137,7.10848,6.663,5.62731,2.38452,5.77917,7.44973,8.57494,9.48592,9.00449,7.89949,7.89108,7.24319,6.69416,5.72625,	10,11.7502,11.7983,10.1253,7.77689,5.60596,4.07007,2.85799,1.7597,0.770152,4.69422,6.14949,9.29114,9.98019,9.83937,9.06209,7.76694,6.68535,4.79867,3.46347,0.782454,4.70763,	
1.40872,4.05978,5.14498,5.78009,6.28863,8.71028,7.79195,7.72334,6.97188,6.55982,5.7002,2.24532,5.62767,7.23251,8.38429,9.27637,8.93193,7.79372,7.7656,7.03748,6.58931,5.84595,	10,11.7857,11.7409,9.92575,7.55562,5.46349,3.97518,2.76752,1.72376,0.764233,4.54714,6.0577,9.33033,9.99205,9.79911,8.83351,7.63067,6.36992,4.65796,3.32491,0.767538,4.55696,	
1.34658,3.96116,5.07481,5.71301,6.1241,8.71818,7.73417,7.58686,6.84763,6.37703,5.66533,2.14628,5.467,7.0915,8.21212,9.12308,8.68615,7.8914,7.74528,7.0405,6.45712,5.7583,	10,11.7585,11.6313,9.73945,7.34074,5.31129,3.91543,2.72413,1.69383,0.743434,4.48088,5.93746,9.36004,10.0321,9.75643,8.76911,7.4681,6.13275,4.54991,3.1715,0.754558,4.44615,	
1.25532,3.85167,5.02756,5.63875,5.99442,8.47912,7.75713,7.64453,6.84188,6.19976,5.71747,2.01088,5.28103,6.93742,8.04381,8.97572,8.62763,7.83387,7.73594,6.84151,6.30643,5.75234,	10,11.7988,11.5078,9.42266,7.07825,5.12115,3.79368,2.69795,1.67025,0.706031,4.33674,5.87823,9.39857,9.97854,9.70979,8.57413,7.36412,5.98185,4.47513,3.01417,0.715988,4.33385,	
1.14702,3.70553,4.86133,5.50579,5.92021,8.42062,7.62508,7.63714,6.92065,6.18059,5.58595,1.86523,5.09136,6.71504,7.9072,8.79512,8.3969,7.68345,7.74365,6.92338,6.2402,5.69469,	10,11.8335,11.3769,9.15225,6.84589,4.97664,3.73729,2.63022,1.64795,0.651796,4.119,5.76154,9.3632,9.90813,9.53562,8.43546,7.09432,5.82838,4.36792,2.9303,0.665911,4.14531,	
1.10193,3.68256,4.76217,5.3989,5.88328,8.20802,7.74221,7.58369,6.84153,6.10153,5.50685,1.79191,4.97658,6.62125,7.7842,8.64033,8.20476,7.69154,7.62555,6.90586,6.18188,5.52264,	10,11.8528,11.2627,8.94237,6.71721,4.92884,3.71026,2.5961,1.61849,0.626996,3.98328,5.59084,9.30688,9.96585,9.42812,8.38394,6.96434,5.76521,4.25571,2.80288,0.631635,3.98925,	
1.03242,3.61434,4.68137,5.23947,5.82618,7.9826,7.59676,7.46225,6.85718,6.13996,5.43627,1.71287,4.82879,6.50874,7.61904,8.53719,8.16837,7.74141,7.53007,6.8991,6.25356,5.49218,	10,11.8672,11.1157,8.75586,6.58285,4.88009,3.67212,2.55188,1.56873,0.590206,3.92064,5.47986,9.34696,9.99118,9.40508,8.36234,6.8438,5.5905,4.16914,2.69414,0.595916,3.8127,	
0.938629,3.42796,4.58564,5.14944,5.74932,8.0652,7.5721,7.29723,6.80161,6.04447,5.43304,1.59679,4.64668,6.28697,7.44709,8.41323,8.13728,7.62604,7.39705,6.84987,6.22026,5.51824,	10,11.8746,10.9305,8.48625,6.38858,4.77225,3.60087,2.53279,1.56137,0.608631,3.77686,5.29092,9.34767,10.0085,9.26612,8.23551,6.66042,5.40745,3.97905,2.65211,0.616046,3.75946,	
0.86629,3.47893,4.56697,5.08478,5.66133,7.95726,7.48091,7.19665,6.74439,6.00762,5.29697,1.45173,4.43254,6.09401,7.3011,8.24041,7.97628,7.66805,7.35282,6.82134,6.10122,5.40557,	10,11.8707,10.7199,8.24069,6.19354,4.69119,3.48689,2.52824,1.53134,0.556786,3.63739,5.18589,9.41366,9.94652,9.20853,7.98371,6.55677,5.25315,3.91988,2.58486,0.57121,3.61518,	
0.803544,3.37962,4.43053,4.92308,5.56291,7.81861,7.44792,7.20141,6.73263,5.86799,5.29263,1.34658,4.2357,5.9429,7.07416,8.02253,7.83742,7.50997,7.37939,6.89112,5.96529,5.32825,	10,11.86,10.5354,8.05504,6.05994,4.61001,3.4802,2.48682,1.50669,0.545074,3.48745,4.88316,9.18668,9.97161,9.05341,7.81168,6.442,5.13319,3.77882,2.48084,0.54533,3.48352,	
0.701831,3.13155,4.2929,4.79321,5.48823,7.78031,7.44503,7.11744,6.74609,5.95256,5.16544,1.2428,4.05007,5.7388,6.8678,7.89245,7.85453,7.49503,7.21107,6.73369,6.02442,5.23286,	10,11.8222,10.2747,7.84073,5.93283,4.52702,3.45045,2.43373,1.49276,0.510658,3.39265,4.71479,9.15685,9.79101,8.93578,7.63658,6.26932,4.99244,3.67346,2.32871,0.528829,3.37808,	
0.654268,3.07537,4.20491,4.67938,5.37231,7.74395,7.32915,7.08355,6.58282,5.8517,5.05626,1.17025,3.92597,5.57141,6.75832,7.74586,7.74117,7.47188,7.22548,6.67152,6.07308,5.08365,	10,11.7895,10.1358,7.6732,5.84999,4.46828,3.4432,2.40741,1.46486,0.510845,3.24411,4.5751,9.16822,9.70154,8.83204,7.45077,6.1468,4.93286,3.59239,2.22535,0.52061,3.24153,	
0.612994,3.07053,4.18458,4.56513,5.27417,7.59592,7.21464,7.16261,6.53295,5.85782,4.94158,1.09094,3.7678,5.43378,6.65177,7.64161,7.57395,7.3697,7.18745,6.59368,5.9707,5.04594,	10,11.684,9.92464,7.56249,5.75128,4.45475,3.40343,2.38192,1.44904,0.468248,3.15634,4.46186,9.18996,9.66247,8.77326,7.29515,6.01527,4.84048,3.53094,2.18026,0.470407,3.15595,	
0.557307,2.96395,4.10346,4.47646,5.19526,7.3667,7.24779,6.99778,6.45662,5.86762,4.97225,1.00183,3.60758,5.2769,6.45585,7.44659,7.44417,7.27399,7.26691,6.55045,5.91386,5.03236,	10,11.6354,9.71663,7.33766,5.67795,4.42536,3.31817,2.33976,1.4338,0.480374,3.03451,4.39527,9.26402,9.62484,8.69923,7.13951,5.92394,4.75896,3.38787,2.1018,0.480184,3.00744,	
0.489209,2.82038,3.9481,4.43712,5.14164,7.23834,7.07009,7.04324,6.5112,5.87438,4.86221,0.938629,3.47538,5.15029,6.31395,7.30111,7.29074,7.12875,7.2536,6.6501,5.83821,4.8504,	10,11.5782,9.54585,7.24456,5.62141,4.39357,3.29183,2.32029,1.42251,0.450262,2.89027,4.37329,9.19774,9.62149,8.55006,6.98818,5.77575,4.65444,3.35034,2.0133,0.467789,2.86908,	
0.438129,2.69906,3.84692,4.42537,5.06456,7.05805,6.99315,7.06492,6.44997,5.76838,4.83925,0.89274,3.3763,5.06331,6.16523,7.17669,7.10727,7.0373,7.04501,6.6557,5.90816,4.86947,	10,11.5514,9.42995,7.16319,5.58087,4.37095,3.3024,2.34314,1.40976,0.421597,2.82265,4.2225,9.04474,9.60142,8.50714,6.92797,5.5763,4.41552,3.32848,2.01369,0.438238,2.78467,	
0.412553,2.6179,3.84352,4.4138,4.94515,7.07035,6.87796,6.92101,6.5252,5.69401,4.77866,0.832239,3.27064,4.93888,6.0716,7.01496,7.2011,6.94103,7.01547,6.57229,5.70985,4.86038,	10,11.4928,9.26743,7.07638,5.54197,4.33328,3.23208,2.32862,1.38073,0.41736,2.72205,4.20139,9.14202,9.49082,8.36052,6.89876,5.4256,4.37249,3.25172,1.95381,0.428118,2.71017,	
0.37696,2.5231,3.76846,4.30015,4.86655,7.04019,6.79704,6.82178,6.50611,5.68121,4.76754,0.779737,3.16243,4.78862,5.93692,6.94507,7.18579,6.74743,6.77021,6.58669,5.77879,4.78835,	10,11.4176,9.13283,6.98609,5.47248,4.28863,3.2387,2.29815,1.36694,0.383736,2.63856,4.07691,9.04193,9.2806,8.27145,6.85841,5.3085,4.26453,3.22184,1.91896,0.395736,2.61722,	
0.339297,2.51327,3.70025,4.28094,4.75159,7.01048,6.72906,6.70163,6.54135,5.63871,4.77508,0.708903,3.00903,4.66817,5.77765,6.83206,7.12875,6.81239,6.68623,6.52825,5.78142,4.817,	10,11.2696,8.96519,6.87753,5.42466,4.25332,3.22384,2.26985,1.33334,0.399726,2.54246,4.05653,9.10084,9.08337,8.17899,6.81017,5.2637,4.163,3.18864,1.88747,0.401771,2.53688,	
0.314721,2.48334,3.65583,4.2673,4.72627,6.92547,6.71082,6.64828,6.34693,5.63301,4.73,0.664181,2.91659,4.58866,5.67836,6.7159,6.8826,6.7986,6.74161,6.42542,5.66427,4.8017,	10,11.1972,8.8685,6.81734,5.37305,4.24803,3.22108,2.28343,1.30265,0.400506,2.47441,3.976,9.02817,8.94423,8.12923,6.66843,5.22559,4.10775,3.13272,1.82476,0.399504,2.45718,	
0.299334,2.54591,3.61807,4.22748,4.70807,6.68902,6.67003,6.65418,6.29829,5.54695,4.71421,0.634884,2.83207,4.50544,5.58644,6.61029,6.7576,6.61434,6.72297,6.4336,5.56379,4.7025,	10,11.1422,8.75294,6.73144,5.3475,4.20612,3.20528,2.27001,1.31255,0.377443,2.40259,3.91666,8.9936,8.85479,8.0359,6.61854,5.16688,4.07255,3.08119,1.79868,0.383589,2.38934,	
0.274884,2.55012,3.52803,4.21636,4.60625,6.56539,6.53026,6.65644,6.21628,5.45009,4.8046,0.603845,2.73712,4.39566,5.45707,6.48433,6.62538,6.52269,6.69895,6.29176,5.66346,4.84283,	10,10.9821,8.59104,6.65669,5.31025,4.17252,3.22025,2.23813,1.33448,0.394066,2.31004,3.7439,8.76525,8.75596,7.88627,6.58896,5.10446,3.96627,3.01906,1.82693,0.396496,2.29557,	
0.254974,2.53098,3.50028,4.2018,4.5796,6.44729,6.46627,6.61235,6.19754,5.45637,4.76357,0.560108,2.63724,4.28001,5.39003,6.39355,6.48647,6.52611,6.61633,6.34319,5.62376,4.75983,	10,10.9048,8.48599,6.59343,5.25663,4.16803,3.2126,2.21833,1.32282,0.364546,2.27704,3.66958,8.7405,8.74366,7.77848,6.39062,4.97345,3.92861,2.96605,1.82711,0.366579,2.24322,	
0.231811,2.46891,3.54274,4.15502,4.53719,6.283,6.38278,6.4998,6.21398,5.52986,4.69045,0.53006,2.5762,4.17338,5.27495,6.32052,6.29868,6.4354,6.53783,6.27819,5.64203,4.73071,	10,10.7671,8.35419,6.50373,5.23798,4.17453,3.17348,2.22691,1.31295,0.340379,2.23368,3.65123,8.76056,8.68433,7.58289,6.31965,4.88744,3.84404,2.84474,1.83434,0.352417,2.21036,	
0.213945,2.41296,3.51222,4.05375,4.49609,6.25049,6.38321,6.47435,6.08427,5.48704,4.62506,0.506679,2.52645,4.08962,5.21218,6.18131,6.25478,6.40536,6.50023,6.21507,5.57232,4.67177,	10,10.7244,8.29963,6.4729,5.22641,4.17401,3.17746,2.25572,1.315,0.359307,2.16878,3.52534,8.60244,8.63016,7.54017,6.26046,4.80666,3.79559,2.78356,1.80955,0.360963,2.1708,	
0.198449,2.42142,3.51647,3.98855,4.41506,6.12138,6.12905,6.35094,6.1651,5.55307,4.64281,0.489209,2.4882,4.01333,5.15824,6.10486,6.1295,6.19912,6.37767,6.17247,5.67624,4.8087,	10,10.6745,8.23784,6.41078,5.21689,4.15831,3.20102,2.26672,1.31656,0.337716,2.10843,3.40379,8.41358,8.61272,7.44115,6.15006,4.75111,3.71783,2.80447,1.79678,0.343269,2.09599,	
0.180421,2.39023,3.46878,3.97344,4.36614,5.90904,6.09739,6.16488,6.13343,5.57477,4.67672,0.442544,2.38949,3.90952,5.07254,5.97973,6.00016,6.13891,6.22954,6.26374,5.60863,4.81029,	10,10.5732,8.13363,6.34337,5.20263,4.16748,3.18717,2.26029,1.27777,0.338653,2.04411,3.30294,8.37984,8.54381,7.36476,6.02427,4.7083,3.68914,2.78208,1.71007,0.342563,2.01937,	
0.164031,2.35694,3.4088,3.94409,4.33992,5.88922,5.96576,6.00268,6.07209,5.58388,4.66547,0.435939,2.352,3.85097,4.99102,5.9283,5.97395,6.02252,6.02697,6.08096,5.70743,4.74205,	10,10.5157,8.07241,6.26806,5.19689,4.17206,3.17747,2.26816,1.2925,0.327086,1.97455,3.23738,8.2817,8.52528,7.23492,6.0232,4.71039,3.64993,2.71391,1.66236,0.335334,1.97888,	
0.141839,2.28454,3.36532,3.92015,4.33842,5.92649,5.84111,5.92747,6.06646,5.44918,4.72063,0.402341,2.27944,3.77168,4.90194,5.84402,5.92046,5.85904,6.03959,6.16287,5.4524,4.75425,	10,10.4218,7.96963,6.25428,5.19156,4.17241,3.14923,2.27281,1.26754,0.33524,1.88687,3.18906,8.18191,8.32416,7.18985,5.93694,4.59504,3.62315,2.70491,1.63538,0.342442,1.90359,	
0.13423,2.36243,3.39513,3.85965,4.30932,5.8333,5.7547,5.93313,5.94943,5.41332,4.69041,0.392383,2.25829,3.73786,4.8085,5.69567,5.85249,5.84263,5.97282,5.92192,5.53873,4.80701,	10,10.3194,7.90763,6.21547,5.1858,4.15123,3.14304,2.24072,1.26978,0.361801,1.83305,3.09457,8.0837,8.30265,7.16901,5.82808,4.58509,3.6125,2.64316,1.68012,0.360102,1.8225,	
0.128309,2.42542,3.46656,3.87299,4.30369,5.76293,5.60456,5.87919,5.86945,5.38532,4.50073,0.382671,2.21962,3.69427,4.68327,5.64445,5.82902,5.7865,5.90145,5.94666,5.4479,4.54183,	10,10.2692,7.8288,6.2056,5.13139,4.12533,3.11597,2.22447,1.27982,0.333342,1.77075,3.0791,8.13578,8.22702,7.11399,5.83306,4.54236,3.55228,2.61984,1.66998,0.346468,1.75545,	
0.123266,2.45121,3.51983,3.88023,4.29752,5.67549,5.65088,5.73108,5.86462,5.34035,4.55023,0.369477,2.19606,3.6598,4.63146,5.59054,5.68143,5.69199,5.77549,5.9044,5.42605,4.5309,	10,10.1901,7.77178,6.19646,5.13023,4.12175,3.08823,2.24121,1.28139,0.312331,1.74345,3.01798,8.15129,8.20876,7.06448,5.77935,4.52637,3.52589,2.58964,1.65935,0.313502,1.75098,	
0.111507,2.36626,3.54827,3.83923,4.25543,5.58754,5.63452,5.7539,5.77714,5.30308,4.52071,0.341002,2.13619,3.60392,4.57803,5.5031,5.69426,5.63823,5.88321,5.89603,5.40264,4.53152,	10,10.0132,7.64984,6.18332,5.12702,4.11504,3.10963,2.24019,1.27928,0.328705,1.71487,2.98788,8.24118,8.09366,6.9649,5.75547,4.50353,3.51277,2.559,1.61993,0.337348,1.71177,	
0.101378,2.33636,3.54339,3.83685,4.23877,5.53969,5.6144,5.70097,5.72705,5.29311,4.42611,0.327598,2.11458,3.56231,4.51954,5.39557,5.59061,5.70322,5.75246,5.79242,5.33877,4.48391,	10,9.93864,7.60058,6.172,5.10213,4.11643,3.13163,2.21605,1.28316,0.333316,1.6592,2.91392,8.16677,7.99603,6.78956,5.77506,4.45194,3.44846,2.5473,1.61298,0.341268,1.65254,	
0.0940347,2.3061,3.46955,3.81835,4.23192,5.5393,5.56932,5.62808,5.66642,5.23605,4.32111,0.310024,2.07684,3.5257,4.49998,5.32373,5.53865,5.71496,5.6791,5.72544,5.31422,4.38335,	10,9.87855,7.5632,6.16272,5.10462,4.11862,3.12484,2.21596,1.28137,0.328978,1.59466,2.85608,8.10369,7.86408,6.78363,5.74218,4.44211,3.41746,2.4779,1.61409,0.330184,1.58919,	
0.087662,2.29631,3.36031,3.84053,4.22865,5.42122,5.53994,5.64315,5.57621,5.1742,4.34589,0.296348,2.04976,3.48686,4.44808,5.28688,5.4272,5.61077,5.68533,5.61728,5.23064,4.34146,	10,9.81332,7.52646,6.15523,5.10557,4.10259,3.13301,2.19698,1.269,0.318802,1.54117,2.74382,7.90911,7.81717,6.73849,5.72315,4.39388,3.41586,2.44632,1.59127,0.32036,1.54392,	
0.0829593,2.35891,3.3087,3.82876,4.2189,5.322,5.53011,5.59489,5.46505,5.1162,4.29,0.279048,2.01386,3.43488,4.41231,5.2926,5.45083,5.49602,5.68079,5.57434,5.13622,4.34874,	10,9.6945,7.48261,6.11977,5.08266,4.11033,3.14243,2.20573,1.27464,0.315445,1.48602,2.6759,7.89241,7.80008,6.66022,5.67712,4.36553,3.40237,2.43887,1.56895,0.31803,1.48115,	
0.0761829,2.30645,3.26679,3.76949,4.20319,5.24281,5.38303,5.59366,5.40759,5.09495,4.29059,0.269427,1.98691,3.40028,4.36084,5.26237,5.28433,5.5155,5.60313,5.3893,5.13674,4.31558,	10,9.64557,7.41349,6.08102,5.04433,4.09929,3.16176,2.21906,1.26268,0.31445,1.43816,2.63596,7.88589,7.74586,6.62498,5.61941,4.33056,3.36434,2.40947,1.58929,0.31669,1.44272,	
0.0713769,2.26796,3.23164,3.69552,4.11627,5.11722,5.31989,5.53254,5.34167,5.05204,4.30748,0.258837,1.96786,3.36513,4.32416,5.22614,5.23213,5.36004,5.56952,5.41349,5.19662,4.3821,	10,9.58961,7.33841,6.04989,5.05355,4.09769,3.15117,2.22525,1.27548,0.320664,1.4095,2.60967,7.83158,7.72315,6.48703,5.55389,4.348,3.36354,2.3841,1.57141,0.32863,1.39411,	
0.0652188,2.32275,3.25478,3.71176,4.05228,5.15715,5.35075,5.42985,5.27734,4.99493,4.20202,0.243727,1.93146,3.31177,4.28912,5.18247,5.16989,5.38172,5.52924,5.41212,4.99949,4.23686,	10,9.50216,7.2634,6.05047,5.04865,4.02858,3.12911,2.22819,1.28693,0.345363,1.35922,2.57072,7.83296,7.65217,6.37,5.54087,4.34792,3.31265,2.37424,1.50922,0.348164,1.3552,	
0.060799,2.35502,3.22434,3.74878,4.02095,5.13494,5.26944,5.37897,5.33165,4.96457,4.03197,0.223818,1.8806,3.27085,4.25638,5.11166,5.20265,5.33571,5.43031,5.42345,5.00185,4.04416,	10,9.38252,7.23602,6.04117,4.97765,4.02348,3.13789,2.18161,1.2898,0.322474,1.30172,2.51969,7.79483,7.62861,6.32648,5.52494,4.33711,3.29758,2.37505,1.49532,0.322587,1.29845,	
0.0547244,2.31251,3.18506,3.73154,3.99281,5.05134,5.21892,5.35156,5.37337,4.89928,4.04449,0.217187,1.8711,3.2458,4.21153,5.06891,5.10095,5.2654,5.45236,5.41563,4.95877,4.1972,	10,9.30943,7.21157,6.03086,4.9918,4.0506,3.10162,2.19043,1.29101,0.326072,1.25722,2.49456,7.84265,7.53446,6.33681,5.38832,4.28965,3.29721,2.37723,1.51438,0.330806,1.25692,	
0.0495043,2.31388,3.11632,3.64127,3.92866,4.99506,5.14069,5.31514,5.36945,4.8607,4.06795,0.207607,1.86172,3.19209,4.16739,5.03373,5.00817,5.23297,5.31441,5.37563,4.91613,4.21899,	10,9.14239,7.14901,5.96401,4.98269,4.04602,3.10652,2.19545,1.2917,0.341344,1.22335,2.44504,7.81157,7.47462,6.37301,5.24292,4.28968,3.2953,2.32188,1.48584,0.344082,1.20362,	
0.047084,2.31053,3.11797,3.62948,3.92493,4.85881,5.11557,5.25898,5.27812,4.78365,4.08365,0.193537,1.8305,3.15578,4.14487,4.99473,4.89717,5.26767,5.36608,5.39298,4.72794,4.12133,	10,9.09828,7.12878,5.93539,4.97787,4.06257,3.13069,2.1966,1.29618,0.313058,1.17532,2.42065,7.81638,7.45519,6.32367,5.20331,4.27851,3.29966,2.30081,1.45204,0.321282,1.16388,	
0.0425927,2.34723,3.10512,3.59226,3.92292,4.83422,5.08886,5.18196,5.30343,4.69939,3.95109,0.179519,1.81217,3.1116,4.10227,4.96112,4.98901,5.16482,5.27774,5.36707,4.81647,3.98163,	10,9.02872,7.03911,5.94575,4.9994,4.08064,3.12743,2.18348,1.26247,0.303216,1.13485,2.3965,7.84907,7.28693,6.31756,5.15507,4.25544,3.2234,2.34295,1.44982,0.306915,1.12464,	
0.038918,2.18948,3.0804,3.55479,3.88787,4.80038,5.04237,5.16905,5.31171,4.77197,3.89701,0.1742,1.80872,3.09181,4.05291,4.94546,4.89831,5.08029,5.17782,5.43664,4.82609,3.94452,	10,8.97067,7.02871,5.92576,5.01284,4.07364,3.12999,2.18655,1.27427,0.285236,1.10206,2.33719,7.7825,7.17283,6.2262,5.14197,4.26509,3.16792,2.32709,1.4615,0.284641,1.09925,	
0.0362805,2.1356,3.05133,3.53602,3.86771,4.78699,5.04785,5.1251,5.28039,4.7292,3.894,0.166516,1.79874,3.05229,4.03906,4.88585,4.8078,5.03346,5.12384,5.25,4.76828,3.89076,	10,8.93346,7.01634,5.88448,5.02318,4.07166,3.14685,2.17817,1.25931,0.29184,1.07446,2.3255,7.76276,7.06629,6.18559,5.12748,4.27103,3.12034,2.29094,1.44642,0.293237,1.07014,	
0.0338218,2.1414,3.02166,3.49396,3.814,4.75726,5.00451,5.11999,5.17405,4.62252,3.8927,0.156796,1.76948,3.03047,4.01521,4.87025,4.83255,5.00308,5.14463,5.22066,4.65311,3.93014,	10,8.87518,7.0035,5.90265,5.01269,4.0838,3.13231,2.18223,1.24672,0.290662,1.03469,2.3023,7.70618,7.07731,6.07468,5.15048,4.25223,3.12005,2.3082,1.44295,0.291256,1.03,	
0.0304426,2.07239,2.95133,3.46833,3.80703,4.79173,4.92663,5.08133,5.21633,4.56333,3.85031,0.144712,1.72373,2.97005,3.99052,4.82591,4.77631,4.95191,5.23464,5.29407,4.59988,3.8832,	10,8.81574,6.99277,5.9264,5.03069,4.08863,3.07511,2.13913,1.25541,0.2871,1.01129,2.27934,7.61839,7.05991,5.96644,5.13238,4.20904,3.07672,2.31347,1.43731,0.285658,1.00673,	
0.0260613,1.88938,2.91793,3.46303,3.77209,4.73175,4.85996,5.04391,5.17346,4.53513,3.86457,0.136264,1.69653,2.94039,3.93468,4.75083,4.80929,4.93729,5.11671,5.18899,4.62802,3.93498,	10,8.78322,6.98591,5.91624,5.03914,4.0536,3.09237,2.12937,1.23575,0.295178,0.976389,2.24532,7.54947,7.06237,5.86809,5.06385,4.20542,3.08616,2.24618,1.42171,0.304849,0.965247,	
0.0240528,1.94581,2.88176,3.40751,3.74185,4.69057,4.80024,5.00332,5.0616,4.53535,3.92523,0.126394,1.65647,2.89692,3.89674,4.72542,4.91666,4.9031,5.03187,5.02785,4.63465,3.97015,	10,8.72148,6.97837,5.93472,4.99524,4.04774,3.10377,2.11817,1.22651,0.316706,0.936472,2.21181,7.56376,6.96209,5.84439,5.02912,4.2044,3.07015,2.21592,1.43404,0.332731,0.941443,	
0.0228769,2.00675,2.91374,3.39498,3.72509,4.7145,4.84798,4.9077,4.98598,4.60889,3.93759,0.121426,1.65063,2.87679,3.87092,4.68587,4.82262,4.85325,4.91839,5.05596,4.6064,3.95294,	10,8.70305,6.97527,5.94209,5.00478,4.05792,3.09734,2.13625,1.25237,0.3169,0.916842,2.1788,7.51274,6.97158,5.84067,5.03147,4.17658,3.07241,2.2236,1.44809,0.318253,0.922211,	
0.0214337,2.07558,2.88794,3.4049,3.6915,4.62894,4.80771,4.89768,4.91453,4.57108,3.92856,0.115489,1.63619,2.84831,3.83499,4.66477,4.72748,4.93887,4.95647,4.96345,4.60915,3.97028,	10,8.66013,6.93851,5.95158,5.01002,4.0117,3.08386,2.15994,1.2677,0.30351,0.898878,2.13555,7.44135,6.98091,5.87227,4.98691,4.13744,3.04826,2.21728,1.44793,0.301787,0.895493,	
0.0200815,2.13012,2.89034,3.38339,3.69926,4.69434,4.83649,4.86895,4.88626,4.48396,3.86146,0.109843,1.62245,2.8239,3.81523,4.64964,4.80259,4.93394,4.97349,4.97554,4.49206,3.85229,	10,8.62146,6.94022,5.93144,5.01206,4.02827,3.09688,2.19389,1.27163,0.291895,0.885515,2.11424,7.34427,6.91583,5.88583,5.01382,4.13657,3.06183,2.21633,1.45018,0.296473,0.877656,	
0.0178948,2.04915,2.88397,3.31202,3.65224,4.70311,4.83915,4.86167,4.90961,4.40581,3.86685,0.0988684,1.59184,2.7978,3.78258,4.6619,4.75093,4.86956,4.98864,4.98502,4.42825,3.88969,	10,8.58489,6.93997,5.94613,4.99705,4.04458,3.09436,2.18611,1.21845,0.310634,0.862741,2.04135,7.1643,6.83063,5.84799,5.04578,4.09555,3.03853,2.20774,1.44001,0.310847,0.857028,	
0.0157872,1.9546,2.86908,3.28049,3.65147,4.6577,4.85112,4.83634,4.80476,4.37517,3.82212,0.0912487,1.55725,2.77304,3.7464,4.6162,4.74652,4.85584,4.91327,4.87861,4.42166,3.87899,	10,8.55647,6.94128,5.95588,5.00466,4.03201,3.03308,2.17927,1.21905,0.297994,0.832376,2.02098,7.10675,6.80757,5.79697,5.03217,4.08611,2.98298,2.15052,1.43515,0.304611,0.828782,	
0.0150154,2.00407,2.83091,3.25645,3.64867,4.64796,4.74578,4.81194,4.71845,4.41289,3.85703,0.0881025,1.55547,2.76151,3.73707,4.5594,4.70754,4.81409,4.90862,4.74201,4.42596,3.86731,	10,8.54125,6.94176,5.93302,5.00703,4.01719,3.05669,2.17231,1.23225,0.297177,0.798705,2.00082,7.05647,6.81496,5.81583,5.01683,4.10043,2.99187,2.16544,1.42552,0.300477,0.79243,	
0.0139278,2.0433,2.7415,3.23263,3.5699,4.64417,4.7525,4.79652,4.70704,4.4357,3.86989,0.0813125,1.52795,2.74141,3.72451,4.54217,4.68937,4.77405,4.90083,4.75584,4.49356,4.00036,	10,8.50625,6.94156,5.94544,4.98748,4.0294,3.07029,2.1941,1.24013,0.308003,0.777248,1.92218,6.88118,6.79531,5.84945,4.98682,4.11792,3.02877,2.16523,1.40408,0.309989,0.773823,	
0.0125992,1.96527,2.78863,3.15603,3.5504,4.59054,4.70711,4.81206,4.70858,4.37806,3.87133,0.0746706,1.50506,2.70592,3.68491,4.54723,4.65507,4.74047,4.83026,4.85738,4.49228,3.94435,	10,8.46276,6.94279,5.95451,4.97,4.02254,3.05496,2.17853,1.23389,0.296199,0.749354,1.89349,6.83058,6.64963,5.85635,4.97939,4.07,3.08159,2.17754,1.40484,0.295632,0.748282,	
0.0118637,1.97954,2.75115,3.1503,3.54346,4.57902,4.71988,4.78875,4.71267,4.42584,3.77175,0.0678873,1.48451,2.66951,3.60783,4.5143,4.59451,4.80536,4.89162,4.69573,4.62103,3.83249,	10,8.43246,6.94463,5.92918,4.95895,3.98845,3.03096,2.17052,1.2105,0.290326,0.726068,1.83739,6.746,6.61502,5.86294,4.9547,4.07643,3.08373,2.18306,1.41407,0.290103,0.717232,	
0.010519,1.92746,2.72285,3.12923,3.5431,4.59393,4.6965,4.80738,4.69762,4.45246,3.74943,0.0632866,1.47142,2.65606,3.59301,4.48578,4.64382,4.7552,4.93608,4.73216,4.56058,3.80144,	10,8.40393,6.94298,5.93541,4.96731,4.0028,3.0436,2.17623,1.21735,0.292682,0.704909,1.79191,6.62643,6.61158,5.85016,4.88196,4.09327,3.06265,2.18152,1.4239,0.294833,0.702195,	
0.00965977,1.91966,2.76357,3.10379,3.521,4.51228,4.67398,4.75035,4.66414,4.4326,3.78113,0.0592941,1.46284,2.62227,3.5737,4.47515,4.5656,4.74319,4.82183,4.65974,4.46406,3.86467,	10,8.36494,6.91023,5.94155,4.97502,3.99945,3.06949,2.16336,1.22728,0.303089,0.679545,1.77404,6.53394,6.5931,5.85714,4.88593,4.05925,3.07232,2.19968,1.43322,0.312604,0.677781,	
0.00900513,1.91338,2.74679,3.08808,3.50438,4.43365,4.6593,4.78718,4.63253,4.40793,3.73156,0.0566786,1.45379,2.61566,3.55999,4.38183,4.48232,4.76689,4.90895,4.69003,4.48352,3.82573,	10,8.34052,6.9088,5.8928,4.91078,3.99655,3.07652,2.16337,1.23851,0.292972,0.663601,1.71287,6.47032,6.57354,5.86626,4.82771,4.06929,3.07221,2.17413,1.41665,0.300506,0.666356,	
0.00847944,1.95933,2.74072,3.07129,3.47759,4.40311,4.57954,4.82359,4.59239,4.4914,3.58161,0.0544508,1.44735,2.61589,3.53945,4.36338,4.44919,4.68368,4.78685,4.64821,4.55765,3.62703,	10,8.32347,6.90457,5.87043,4.92626,3.95905,3.08887,2.1646,1.2455,0.277052,0.639532,1.67047,6.39607,6.59762,5.81949,4.84204,4.03257,3.06686,2.18247,1.41353,0.280612,0.64233,	
0.00806488,1.99425,2.78274,3.03469,3.43594,4.38933,4.57665,4.72983,4.53563,4.45653,3.63521,0.0510157,1.43621,2.59392,3.53329,4.36371,4.42768,4.5686,4.82697,4.60618,4.48737,3.67929,	10,8.29022,6.86829,5.88064,4.93351,3.97929,3.09078,2.1495,1.23957,0.266465,0.624452,1.65381,6.46371,6.57599,5.79897,4.79893,3.99389,3.05179,2.18556,1.4051,0.266703,0.62264,	
0.00736908,1.90463,2.7958,3.04958,3.38491,4.38578,4.51648,4.64665,4.5125,4.40011,3.63761,0.048279,1.4304,2.59105,3.51685,4.32966,4.4147,4.54158,4.78138,4.66621,4.45989,3.63098,	10,8.26762,6.86957,5.85939,4.94434,4.0064,3.09445,2.16206,1.23425,0.262479,0.614128,1.61288,6.34938,6.55131,5.71669,4.77871,3.97477,3.06284,2.20055,1.4119,0.265247,0.603168,	
0.00673331,1.87905,2.76432,3.01171,3.3546,4.38027,4.44561,4.60458,4.4886,4.38383,3.64844,0.0436737,1.4176,2.57511,3.48417,4.32731,4.44493,4.49289,4.7158,4.53128,4.47806,3.74931,	10,8.23658,6.83918,5.87565,4.96053,4.00806,3.03906,2.16848,1.22889,0.264891,0.593382,1.57296,6.34414,6.53744,5.71713,4.79089,3.93683,3.08514,2.18009,1.43884,0.263732,0.585915,	
0.00615239,1.85931,2.75671,3.06392,3.34814,4.3677,4.37679,4.60272,4.4926,4.4337,3.70155,0.0411241,1.41389,2.5593,3.47822,4.30122,4.45301,4.48322,4.70752,4.54275,4.41151,3.72442,	10,8.21914,6.84438,5.89147,4.97295,4.02033,3.04812,2.14002,1.213,0.260676,0.575706,1.54948,6.2957,6.52531,5.73901,4.76989,3.93893,3.05723,2.18624,1.4403,0.259916,0.578803,	
0.00567824,1.8534,2.7237,3.06777,3.33571,4.3449,4.40978,4.5626,4.50032,4.28627,3.65248,0.0395076,1.41024,2.54744,3.4471,4.27268,4.37952,4.48154,4.66449,4.47945,4.4157,3.73637,	10,8.19358,6.81916,5.90334,4.97906,4.00524,3.02154,2.14405,1.22257,0.263904,0.554513,1.50357,6.2771,6.44287,5.66831,4.7445,3.93457,3.07182,2.19478,1.41797,0.265228,0.557051,	
0.0051624,1.79011,2.68964,3.10756,3.31716,4.29239,4.40879,4.55013,4.46523,4.29963,3.60988,0.0370153,1.39519,2.54413,3.43325,4.24045,4.35674,4.51013,4.65337,4.46444,4.38094,3.69489,	10,8.1686,6.82946,5.91565,4.96246,4.00968,3.00865,2.11669,1.22833,0.246525,0.535334,1.46636,6.23019,6.42616,5.63965,4.73564,3.94488,3.0672,2.16647,1.43736,0.25265,0.532432,	
0.00491001,1.82934,2.66685,3.12235,3.32423,4.22263,4.38296,4.51826,4.43407,4.28128,3.61926,0.0334844,1.3732,2.52725,3.43587,4.2528,4.27328,4.39661,4.4998,4.48108,4.34957,3.65266,	10,8.10477,6.83966,5.92295,4.94588,3.98754,2.96606,2.10037,1.2053,0.249062,0.512158,1.45173,6.33885,6.37745,5.54588,4.75822,3.9547,3.06022,2.18205,1.43114,0.25884,0.517532,	
0.00439734,1.72288,2.64845,3.15008,3.32922,4.2619,4.38434,4.48954,4.34517,4.24969,3.52891,0.031372,1.36055,2.51818,3.42991,4.21418,4.33126,4.39714,4.54365,4.49232,4.28427,3.69248,	10,8.09328,6.84956,5.92296,4.90999,3.96973,2.99431,2.09726,1.21919,0.263531,0.503744,1.4158,6.20694,6.41018,5.52762,4.78343,3.93239,3.05556,2.17019,1.39793,0.261639,0.501717,	
0.00414064,1.75266,2.63693,3.13833,3.23811,4.22077,4.32616,4.49877,4.445,4.23459,3.58494,0.0295406,1.34701,2.5107,3.42401,4.17276,4.25823,4.43914,4.58228,4.45838,4.34776,3.60112,	10,8.08162,6.85844,5.92203,4.92496,3.97947,3.01878,2.09772,1.20234,0.261379,0.491644,1.37385,6.09891,6.44074,5.47232,4.78566,3.95168,3.04371,2.1737,1.37374,0.262138,0.487888,	
0.00384073,1.7631,2.6023,3.12026,3.24868,4.25216,4.3197,4.5268,4.32739,4.27604,3.53224,0.0279559,1.33826,2.50389,3.4077,4.16435,4.26537,4.37515,4.69783,4.31474,4.36617,3.60607,	10,8.06569,6.86439,5.89401,4.91316,3.9692,3.00986,2.08393,1.19952,0.260817,0.477795,1.36015,6.19535,6.3989,5.51749,4.72324,3.91258,3.0207,2.18549,1.38611,0.262177,0.475159,	
0.00363469,1.82192,2.60821,3.09058,3.25693,4.18771,4.23591,4.47181,4.32479,4.19463,3.57772,0.027264,1.3484,2.49673,3.39977,4.12641,4.27461,4.38516,4.54941,4.37594,4.22309,3.63063,	10,8.06073,6.86696,5.89441,4.89946,3.94431,3.02983,2.1016,1.20947,0.265098,0.46233,1.33985,6.10922,6.42835,5.52228,4.71346,3.89114,3.01423,2.19863,1.37214,0.27265,0.464772,	
0.00342251,1.86973,2.65846,3.07447,3.26389,4.15227,4.26138,4.4448,4.33151,4.21023,3.54646,0.0258014,1.34824,2.4897,3.39755,4.15205,4.19643,4.31763,4.46564,4.37244,4.24969,3.61538,	10,8.04951,6.87027,5.89583,4.9101,3.9648,3.0239,2.0967,1.21579,0.25471,0.458444,1.32648,6.05774,6.45112,5.55833,4.71418,3.8841,2.99456,2.1929,1.36689,0.258574,0.453825,	
0.0032066,1.90073,2.65419,3.1067,3.23923,4.14872,4.28778,4.34944,4.27707,4.19086,3.57271,0.0246633,1.35163,2.47806,3.39544,4.11233,4.23145,4.28715,4.37498,4.37504,4.28042,3.61663,	10,8.03368,6.84031,5.89932,4.9208,3.94786,3.03461,2.1005,1.18919,0.261579,0.438493,1.31985,6.17449,6.43288,5.60565,4.7199,3.87817,3.03446,2.19166,1.36868,0.266525,0.43788,	
0.00295947,1.84839,2.62735,3.09435,3.24921,4.14369,4.25616,4.31106,4.30616,4.20993,3.627,0.0225354,1.34109,2.47015,3.39138,4.12112,4.23214,4.28853,4.45149,4.32422,4.23369,3.62933,	10,8.02258,6.84611,5.87825,4.92937,3.96416,2.99096,2.11156,1.20697,0.271786,0.426345,1.30668,6.23467,6.46831,5.54736,4.69767,3.84433,3.05605,2.17481,1.37113,0.280131,0.426901,	
0.00275403,1.8829,2.57163,3.06756,3.26172,4.14073,4.2462,4.30058,4.25842,4.11487,3.62275,0.0213681,1.33211,2.45792,3.3711,4.1169,4.22557,4.37477,4.36749,4.25317,4.11389,3.66927,	10,8.01188,6.84755,5.86012,4.93532,3.94698,2.95203,2.12621,1.2138,0.268869,0.414064,1.2695,6.14724,6.42015,5.56657,4.67934,3.83316,3.05053,2.18447,1.35858,0.28273,0.41156,	
0.00255131,1.84789,2.63821,3.05429,3.21507,4.14488,4.28778,4.29768,4.24445,4.06877,3.5729,0.0207923,1.33239,2.45657,3.35911,4.07844,4.20822,4.31879,4.37313,4.26192,4.08506,3.69441,	10,8.00821,6.84905,5.8718,4.93542,3.91491,2.9531,2.13679,1.23557,0.272803,0.398336,1.2525,6.09656,6.41249,5.47704,4.72188,3.81975,3.05215,2.19557,1.36095,0.285168,0.397591,	
0.00236077,1.83225,2.6697,3.04342,3.20151,4.16672,4.31064,4.30358,4.13375,4.088,3.58574,0.0197398,1.33554,2.44436,3.35366,4.09727,4.2294,4.36707,4.35733,4.19579,4.13823,3.58832,	10,7.99889,6.84991,5.85836,4.93231,3.92451,2.96132,2.14027,1.2375,0.295036,0.39131,1.23629,6.09719,6.43219,5.50654,4.72173,3.70469,3.03213,2.18782,1.39451,0.296336,0.388218,	
0.00218407,1.81715,2.63742,3.02054,3.21023,4.16899,4.30997,4.29382,4.15197,4.0783,3.46782,0.0188669,1.33216,2.44595,3.34914,4.08296,4.1772,4.34669,4.37916,4.2286,4.11793,3.48047,	10,7.99352,6.85084,5.86664,4.93182,3.93356,2.98497,2.14737,1.22788,0.281486,0.38354,1.22114,5.98574,6.41242,5.49696,4.66438,3.70673,3.02104,2.18956,1.39774,0.280327,0.382152,	
0.00200133,1.72646,2.64114,3.01964,3.20096,4.15628,4.29898,4.33562,4.18609,4.07325,3.44926,0.0175721,1.32193,2.43481,3.34478,4.09217,4.17366,4.34268,4.36044,4.23382,4.18016,3.49458,	10,7.9843,6.85171,5.85686,4.9335,3.94491,2.95625,2.1479,1.22917,0.275245,0.376757,1.19704,6.00296,6.40325,5.47889,4.69453,3.66835,3.01992,2.19137,1.38329,0.277297,0.371747,	
0.00189686,1.7064,2.62787,3.01412,3.18098,4.11305,4.29707,4.34232,4.21213,4.06615,3.47258,0.0169794,1.31905,2.43407,3.34002,4.07657,4.13754,4.36375,4.33092,4.28922,4.12557,3.49819,	10,7.97902,6.82618,5.845,4.93497,3.93685,2.98424,2.14454,1.22673,0.277634,0.370109,1.18797,6.03375,6.38901,5.46309,4.66887,3.67991,3.01705,2.19689,1.37862,0.278642,0.368903,	
0.00180814,1.70431,2.61873,3.01018,3.1572,4.08802,4.30349,4.28253,4.22095,4.05866,3.48716,0.0163638,1.3126,2.43634,3.33346,4.1009,4.14069,4.36434,4.34907,4.20404,4.12892,3.51744,	10,7.97078,6.80358,5.85355,4.93436,3.92983,2.98293,2.14026,1.24023,0.281599,0.363734,1.16611,6.0075,6.35358,5.48375,4.68518,3.68653,3.02512,2.19359,1.36489,0.281567,0.362784,	
0.00172604,1.68267,2.60497,2.98802,3.12866,4.09382,4.28396,4.31144,4.18509,4.01124,3.5022,0.0154526,1.30322,2.42935,3.32742,4.08805,4.09423,4.30444,4.33052,4.26282,4.03875,3.54627,	10,7.96612,6.8069,5.85992,4.9189,3.94148,3.01246,2.12581,1.22695,0.272532,0.359512,1.1371,5.92338,6.36229,5.51326,4.66741,3.68227,3.01045,2.17633,1.35964,0.27548,0.357158,	
0.00159864,1.66681,2.55081,2.96282,3.11649,4.13425,4.27073,4.30995,4.16278,4.01067,3.53181,0.014564,1.30052,2.42451,3.3259,4.06781,4.14873,4.3011,4.36336,4.19951,4.03863,3.53088,	10,7.93221,6.81124,5.81187,4.92472,3.95253,2.97803,2.14001,1.22638,0.276833,0.351537,1.11357,5.90125,6.37911,5.49558,4.70479,3.678,3.01302,2.16666,1.37522,0.277952,0.35232,	
0.001499,1.67942,2.49137,2.9489,3.11984,4.09481,4.26466,4.35132,4.20133,3.98641,3.47903,0.0138898,1.29961,2.41039,3.31952,4.06611,4.2243,4.33986,4.3883,4.24592,3.99969,3.57544,	10,7.90093,6.81214,5.82638,4.91616,3.94581,2.99194,2.14346,1.22167,0.296096,0.34802,1.08737,5.86445,6.31906,5.50749,4.72033,3.69737,2.98578,2.17579,1.34796,0.300099,0.348325,	
0.0014127,1.69453,2.46159,2.91951,3.14075,4.0971,4.24225,4.33926,4.19728,3.94767,3.5297,0.0134839,1.291,2.40784,3.31022,4.05237,4.12521,4.32038,4.39045,4.27154,4.01525,3.59048,	10,7.89558,6.74849,5.83365,4.92031,3.95483,2.99179,2.14288,1.22802,0.295423,0.34122,1.06966,5.87204,6.32229,5.50759,4.70645,3.6837,2.97348,2.17807,1.3462,0.295105,0.340234,	
0.00132058,1.71718,2.44506,2.90422,3.1286,4.09481,4.27434,4.37313,4.18014,3.93459,3.55547,0.0128497,1.288,2.38779,3.3001,4.05569,4.17995,4.3542,4.42798,4.1998,4.00336,3.59894,	10,7.8906,6.75549,5.83004,4.92779,3.96361,2.99488,2.13289,1.23957,0.306443,0.335004,1.05266,5.81161,6.26254,5.48954,4.72112,3.70943,2.9457,2.17396,1.36133,0.31836,0.335221,	
0.0012095,1.66494,2.44424,2.88825,3.11403,4.14393,4.28341,4.35061,4.19464,3.95019,3.50234,0.0121829,1.28848,2.38075,3.29415,4.04892,4.15718,4.32975,4.37997,4.22344,3.97807,3.59191,	10,7.88609,6.76116,5.82537,4.91981,3.96942,2.99338,2.13658,1.23739,0.310466,0.329327,1.02659,5.74661,6.28515,5.45039,4.65065,3.7432,2.92218,2.16033,1.36712,0.310813,0.328198,	
0.00116222,1.69159,2.46098,2.8994,3.1009,4.0783,4.25888,4.32371,4.22656,3.93742,3.53537,0.0118873,1.28979,2.37834,3.27835,4.05605,4.10841,4.30834,4.30461,4.29586,3.98055,3.61184,	10,7.8831,6.76441,5.83366,4.92594,3.96211,3.01209,2.1363,1.25096,0.29772,0.325561,1.02033,5.75249,6.25701,5.43745,4.67545,3.74189,2.93974,2.16227,1.37781,0.303727,0.324792,	
0.00107513,1.68359,2.46008,2.90588,3.11625,4.08507,4.24855,4.32559,4.20686,3.95671,3.54367,0.0112636,1.29079,2.37361,3.28769,4.05055,4.14219,4.33595,4.4061,4.29087,3.96781,3.54192,	10,7.87703,6.77199,5.84661,4.91869,3.96428,3.01446,2.13132,1.24126,0.295444,0.320456,1.00518,5.79453,6.23742,5.43987,4.65754,3.76169,2.93833,2.17735,1.37336,0.299986,0.321958,	
0.00105028,1.71763,2.47812,2.90267,3.10847,4.05978,4.25882,4.33071,4.26351,3.92721,3.47484,0.0108419,1.28533,2.36459,3.28514,4.02981,4.13942,4.31444,4.39966,4.27142,3.94023,3.53048,	10,7.87348,6.77669,5.83704,4.92452,3.96344,3.03728,2.13624,1.23388,0.280795,0.313121,0.996389,5.79181,6.24641,5.44892,4.65551,3.78541,2.92617,2.18292,1.3643,0.283055,0.315333,	
0.0010353,1.78712,2.44981,2.91162,3.10744,4.0687,4.26538,4.29157,4.25676,3.94192,3.45587,0.0103259,1.27619,2.36457,3.2762,4.03719,4.1223,4.36748,4.4212,4.33317,3.9628,3.48584,	10,7.86929,6.78198,5.83103,4.91785,3.97695,3.04277,2.14189,1.23304,0.271934,0.309876,0.985032,5.8154,6.24491,5.47422,4.67729,3.8005,2.92963,2.19134,1.36413,0.27436,0.309543,	
0.000989849,1.79667,2.47321,2.90142,3.07596,4.06511,4.25606,4.31232,4.25783,3.91412,3.48824,0.0100398,1.27893,2.36341,3.26027,4.03318,4.12213,4.36947,4.34727,4.27273,3.9598,3.53317,	10,7.86716,6.78515,5.83819,4.91155,3.97693,3.04345,2.13036,1.23723,0.273435,0.305186,0.974062,5.79705,6.24445,5.43572,4.64813,3.83075,2.93569,2.21014,1.37613,0.275512,0.303792,	
0.000939366,1.80204,2.50067,2.91059,3.08305,4.04464,4.26772,4.26899,4.23491,3.91966,3.43236,0.00973941,1.28231,2.36244,3.2556,4.03262,4.10614,4.32601,4.36305,4.23817,3.96733,3.47771,	10,7.82304,6.7877,5.84352,4.91938,3.98621,3.05051,2.1458,1.23321,0.264875,0.300676,0.971358,5.78138,6.24122,5.42255,4.63354,3.82802,2.9365,2.1907,1.38553,0.267826,0.29734,	
0.000901928,1.79923,2.50331,2.90059,3.07314,4.03922,4.28667,4.27594,4.21168,3.9424,3.46201,0.00960848,1.2793,2.35832,3.2394,4.00427,4.05565,4.29394,4.33353,4.2534,3.9726,3.48766,	10,7.82203,6.79007,5.83311,4.92596,3.99477,3.04788,2.13928,1.22954,0.278629,0.294285,0.960898,5.78994,6.19647,5.44211,4.63904,3.83217,2.92694,2.17784,1.3767,0.280149,0.293902,	
0.000862321,1.76888,2.4608,2.89884,3.05297,4.01888,4.22617,4.2837,4.22023,3.93829,3.44598,0.0093577,1.27712,2.35955,3.241,4.00905,4.03589,4.30943,4.32182,4.22405,3.98909,3.47408,	10,7.80015,6.77569,5.82659,4.93381,4.00238,3.04852,2.13457,1.23304,0.271802,0.290414,0.933381,5.7105,6.20689,5.44509,4.64725,3.81179,2.92856,2.17036,1.37524,0.280338,0.289869,	
0.000810077,1.75175,2.44901,2.89384,3.05131,4.00012,4.25824,4.27236,4.20892,3.96236,3.37563,0.00904585,1.27444,2.359,3.2403,4.0037,4.09972,4.2648,4.35843,4.2348,4.00149,3.42768,	10,7.7995,6.77923,5.83708,4.94159,4.00929,3.0556,2.14256,1.2251,0.277937,0.28619,0.918944,5.66651,6.2051,5.43569,4.65206,3.76785,2.9141,2.17137,1.39416,0.277495,0.284299,	
0.000781517,1.74486,2.44283,2.8947,3.05099,4.00845,4.199,4.28124,4.19571,3.9374,3.37482,0.00879536,1.27301,2.35715,3.24095,4.0072,4.04465,4.21593,4.30826,4.27249,4.00544,3.38859,	10,7.79885,6.7646,5.84474,4.94709,4.00473,3.0516,2.13903,1.22083,0.263661,0.281723,0.911912,5.65606,6.19672,5.44019,4.65624,3.767,2.90941,2.17101,1.38842,0.269298,0.279319,	
0.000754413,1.74527,2.41913,2.86233,3.05713,3.99748,4.16553,4.2857,4.19742,3.95255,3.3643,0.00846903,1.26896,2.35497,3.22979,3.99847,4.02764,4.2292,4.29806,4.28925,3.99503,3.3937,	10,7.79819,6.76882,5.85502,4.94311,4.00115,3.04415,2.12975,1.2182,0.269171,0.276512,0.898242,5.62776,6.21097,5.42559,4.66493,3.75353,2.92117,2.16632,1.37727,0.269595,0.275417,	
0.000741418,1.7143,2.43481,2.87181,3.02803,3.98112,4.16479,4.26566,4.24398,3.95114,3.34879,0.00836472,1.26916,2.35381,3.22431,3.99164,3.99546,4.20613,4.26136,4.26234,3.94915,3.41738,	10,7.79791,6.77099,5.85914,4.94618,3.99549,3.05229,2.13962,1.21773,0.268582,0.273889,0.882791,5.55418,6.21326,5.43703,4.64804,3.75824,2.91794,2.16232,1.37749,0.269291,0.27329,	
0.000721864,1.74428,2.41069,2.86534,3.00683,3.978,4.14219,4.20447,4.24085,3.90422,3.35135,0.00814369,1.26476,2.34585,3.21537,3.98293,4.01602,4.18668,4.24625,4.29665,3.94247,3.38522,	10,7.79736,6.77432,5.85133,4.93865,3.99329,3.06251,2.12203,1.22322,0.263521,0.267821,0.874226,5.54442,6.21772,5.38992,4.64263,3.76735,2.92501,2.17085,1.38446,0.267236,0.266839,	
0.000686422,1.72137,2.40735,2.83696,3.00667,3.99987,4.14622,4.18843,4.23573,3.91519,3.35203,0.00787544,1.26399,2.34304,3.20473,3.94943,4.04167,4.17291,4.24096,4.3145,3.9326,3.42203,	10,7.79695,6.77844,5.84489,4.93302,3.99228,3.04696,2.1322,1.21705,0.27183,0.266416,0.87215,5.5628,6.1738,5.37892,4.63731,3.75495,2.94215,2.17669,1.38805,0.276391,0.263808,	
0.000657876,1.71141,2.42264,2.84739,2.99895,4.00175,4.12862,4.20411,4.26003,3.85134,3.37069,0.00760157,1.26138,2.33571,3.20241,3.94927,4.05002,4.14898,4.25695,4.32186,3.87617,3.40585,	10,7.79652,6.78136,5.83741,4.92722,3.99158,3.05835,2.1232,1.21751,0.269754,0.262975,0.861977,5.52651,6.1592,5.39507,4.62977,3.74837,2.94895,2.17245,1.38255,0.273169,0.262966,	
0.000628033,1.68703,2.4165,2.84308,2.99364,3.97372,4.1133,4.20481,4.25403,3.85782,3.36854,0.00742751,1.2605,2.33575,3.19934,3.93328,4.00674,4.16148,4.24428,4.35687,3.97274,3.3946,	10,7.79618,6.78422,5.82988,4.93364,3.99168,3.06377,2.1314,1.21804,0.272068,0.259522,0.857971,5.51212,6.16897,5.38103,4.59322,3.77117,2.9532,2.16704,1.37962,0.278611,0.260982,	
0.000601286,1.6834,2.42719,2.8409,2.97907,3.97628,4.09941,4.21709,4.26653,3.91813,3.35626,0.00722576,1.25908,2.33496,3.19329,3.93073,3.98112,4.13586,4.27847,4.30463,3.94533,3.38727,	10,7.79586,6.78668,5.83904,4.94029,4.0005,3.05319,2.1263,1.22153,0.267592,0.257447,0.848212,5.51386,6.12265,5.39161,4.56298,3.76337,2.94504,2.16445,1.39327,0.273446,0.257865,	
0.000586551,1.70002,2.42393,2.84482,2.96027,3.98621,4.09492,4.20772,4.24927,3.90534,3.33919,0.0070491,1.25775,2.33339,3.1954,3.92982,4.0027,4.1409,4.21818,4.31063,3.93229,3.38993,	10,7.79566,6.78938,5.84594,4.93455,4.00557,3.05002,2.14034,1.21905,0.266862,0.25371,0.842492,5.52609,6.10795,5.39505,4.55852,3.76639,2.9411,2.17425,1.40425,0.277188,0.254766,	
0.000557302,1.68405,2.42629,2.81357,2.96409,3.98077,4.10847,4.19323,4.26891,3.93534,3.30191,0.00686351,1.25405,2.33355,3.19606,3.92516,3.99465,4.12092,4.20447,4.33959,3.93919,3.33517,	10,7.7955,6.79219,5.83752,4.9301,4.00191,3.05429,2.12463,1.22208,0.266567,0.250801,0.836868,5.55287,6.07751,5.37162,4.58036,3.76803,2.9366,2.16615,1.40669,0.266928,0.250976,	
0.000534542,1.68312,2.40639,2.7928,2.95805,3.96087,4.10274,4.14984,4.25781,3.91449,3.32284,0.00664121,1.25068,2.33187,3.19549,3.91625,3.97721,4.13036,4.21619,4.31438,3.97506,3.34283,	10,7.79522,6.77947,5.8315,4.93607,3.9994,3.0526,2.12369,1.21612,0.264622,0.246751,0.82955,5.52941,6.07621,5.38093,4.58159,3.767,2.93601,2.16275,1.41417,0.266714,0.247033,	
0.000517463,1.68705,2.40615,2.75955,2.94727,3.95342,4.10503,4.16712,4.26237,3.90905,3.33677,0.00642919,1.24941,2.32969,3.19219,3.91112,4.01986,4.1283,4.18528,4.30999,3.95016,3.35188,	10,7.79476,6.78288,5.83982,4.93351,4.0053,3.04494,2.13081,1.21168,0.268446,0.245873,0.817102,5.49603,6.07606,5.37719,4.5925,3.74983,2.94348,2.16738,1.40525,0.268721,0.243873,	
0.000500107,1.67532,2.40374,2.75792,2.94984,3.96586,4.08919,4.17625,4.26781,3.89127,3.32792,0.00624017,1.2468,2.32369,3.18491,3.90507,4.00136,4.11321,4.19187,4.33488,3.91539,3.39638,	10,7.79454,6.78589,5.84679,4.94016,4.01059,3.04953,2.12325,1.22195,0.266987,0.242073,0.813624,5.50152,6.06801,5.36981,4.59433,3.75488,2.95271,2.15445,1.40601,0.268408,0.241973,	
0.000484583,1.67114,2.40526,2.7643,2.95242,3.95525,4.07826,4.14585,4.2474,3.89474,3.35124,0.00612282,1.2468,2.32416,3.18568,3.8919,3.99817,4.10464,4.18638,4.27584,3.95377,3.41176,	10,7.77812,6.78785,5.8523,4.94576,4.00681,3.05472,2.13286,1.22187,0.264627,0.238629,0.806785,5.48873,6.06276,5.38422,4.61108,3.7446,2.94867,2.15914,1.40593,0.26798,0.23835,	
0.000460082,1.64908,2.38302,2.77053,2.94934,3.98199,4.07293,4.16621,4.25378,3.91265,3.31476,0.00599691,1.24897,2.32348,3.18063,3.89356,3.99714,4.13446,4.18821,4.27224,3.97658,3.35929,	10,7.77843,6.79158,5.85982,4.9518,4.01186,3.05355,2.13634,1.21472,0.268358,0.235409,0.800113,5.46629,6.06152,5.37931,4.59527,3.72939,2.92969,2.17822,1.40226,0.276214,0.235389,	
0.000437977,1.64858,2.3579,2.77782,2.94977,3.97238,4.07977,4.16041,4.21865,3.92008,3.3375,0.00586285,1.24595,2.32324,3.17779,3.90934,4.015,4.09527,4.18792,4.26936,3.9881,3.38507,	10,7.77888,6.79584,5.86598,4.94848,4.0163,3.04641,2.13024,1.21915,0.276322,0.233709,0.796831,5.48449,6.07887,5.38845,4.6014,3.72697,2.9151,2.16518,1.39403,0.280792,0.232757,	
0.000418856,1.64357,2.35147,2.77703,2.94975,3.93336,4.08113,4.16324,4.23183,3.94627,3.36166,0.00571039,1.24115,2.31624,3.16878,3.90369,3.97293,4.10302,4.18876,4.31419,3.95966,3.45673,	10,7.77956,6.79974,5.86133,4.95562,4.02098,3.05939,2.12438,1.20831,0.281801,0.231413,0.793619,5.51522,6.09141,5.391,4.60003,3.7328,2.91842,2.16485,1.38052,0.28789,0.232645,	
0.000407276,1.64617,2.36162,2.78032,2.93851,3.93462,4.06459,4.13376,4.22122,3.95123,3.38916,0.00563106,1.2411,2.31502,3.1618,3.88368,3.95574,4.08891,4.17184,4.30209,3.97947,3.41344,	10,7.76444,6.80175,5.86586,4.96026,4.02389,3.0594,2.11944,1.20936,0.276703,0.229709,0.78887,5.51215,6.08736,5.38276,4.58921,3.74244,2.92055,2.17074,1.38667,0.277365,0.229124,	
0.000392251,1.63589,2.35955,2.76261,2.93063,3.91898,4.06534,4.13287,4.23466,3.93221,3.41381,0.00549887,1.24258,2.30856,3.16205,3.87541,3.97828,4.08755,4.19642,4.25115,3.97498,3.4229,	10,7.75003,6.80438,5.87253,4.9656,4.0184,3.03351,2.12491,1.2113,0.281422,0.227328,0.785744,5.54656,6.07498,5.40201,4.59312,3.73972,2.92785,2.15409,1.39379,0.28313,0.226752,	
0.000371354,1.64517,2.34762,2.76317,2.92879,3.92899,4.07968,4.13694,4.18296,3.94459,3.39672,0.00539249,1.24533,2.29853,3.16127,3.87275,4.02125,4.1426,4.20402,4.23989,3.95935,3.44225,	10,7.75177,6.80848,5.86993,4.96212,4.01275,3.03052,2.14044,1.22143,0.285752,0.225097,0.781148,5.5656,6.06846,5.38261,4.59211,3.73906,2.91846,2.15695,1.4049,0.294572,0.224785,	
0.000358661,1.63207,2.37668,2.76105,2.92591,3.95138,4.08087,4.14074,4.18232,3.94369,3.39886,0.00522838,1.24104,2.29787,3.1627,3.87729,3.98707,4.10145,4.17407,4.2725,4.00815,3.41894,	10,7.75298,6.81106,5.87679,4.96672,4.01566,3.04599,2.14122,1.21666,0.28332,0.222576,0.778131,5.58256,6.05864,5.3818,4.56244,3.73552,2.91869,2.15967,1.40179,0.288613,0.222937,	
0.000347871,1.63572,2.38803,2.77095,2.92066,3.94722,4.07433,4.15196,4.19437,3.95773,3.36724,0.00508067,1.2373,2.2935,3.15283,3.86876,3.98735,4.14603,4.18657,4.21226,4.03635,3.41233,	10,7.75523,6.81454,5.8633,4.9627,4.01915,3.03989,2.13122,1.21475,0.27921,0.220229,0.766317,5.58157,6.07446,5.40524,4.55786,3.73234,2.91922,2.16148,1.39825,0.28199,0.22056,	
0.000340086,1.65809,2.39215,2.75948,2.91511,3.93731,4.09301,4.15376,4.1768,3.96148,3.36801,0.00500449,1.23987,2.29366,3.15248,3.85752,3.96504,4.1157,4.1773,4.23031,3.97886,3.41059,	10,7.75658,6.81662,5.86905,4.9662,4.01346,3.03348,2.12572,1.21619,0.276223,0.218981,0.761999,5.59275,6.08465,5.40762,4.55177,3.72211,2.92239,2.15433,1.39861,0.282131,0.219432,	
0.000331308,1.67304,2.40432,2.75393,2.92318,3.92116,4.08331,4.12038,4.17558,3.93137,3.3938,0.00490289,1.2414,2.29533,3.15771,3.85015,3.98896,4.13324,4.13981,4.19504,4.01728,3.414,	10,7.75815,6.81896,5.8755,4.97022,4.00849,3.0304,2.1294,1.22186,0.279944,0.216526,0.757748,5.62173,6.07868,5.41282,4.53463,3.72393,2.9314,2.1647,1.38862,0.283033,0.216282,	
0.000321042,1.65416,2.41381,2.75855,2.91986,3.93205,4.08811,4.12553,4.15606,3.95341,3.38563,0.00474245,1.23593,2.29535,3.15289,3.85825,3.94627,4.08379,4.16817,4.20944,4.02175,3.40841,	10,7.75985,6.82144,5.88119,4.9729,4.00369,3.0214,2.12421,1.21623,0.275459,0.214705,0.754944,5.64199,6.0862,5.42377,4.53993,3.73271,2.93958,2.15571,1.40089,0.280517,0.214901,	
0.000314663,1.6767,2.41654,2.76024,2.91947,3.91275,4.04294,4.11687,4.14252,3.96963,3.37437,0.00458069,1.23048,2.29507,3.15493,3.85179,3.93512,4.0878,4.15748,4.22652,4.04675,3.41728,	10,7.76155,6.82413,5.88696,4.95834,4.00534,3.01576,2.12739,1.20929,0.266519,0.213403,0.752195,5.6713,6.0511,5.42169,4.55207,3.75245,2.95277,2.15143,1.39444,0.268677,0.21279,	
0.000307354,1.70626,2.4247,2.75913,2.92593,3.90793,4.04543,4.09801,4.15828,3.98265,3.3621,0.00453128,1.23467,2.29139,3.15567,3.84198,3.94975,4.08232,4.19909,4.22727,3.9932,3.4114,	10,7.7624,6.81405,5.89106,4.96154,3.99982,3.02224,2.13408,1.2112,0.27053,0.211117,0.74813,5.67478,6.05336,5.42809,4.56178,3.74871,2.9449,2.1414,1.39256,0.272693,0.210205,	
0.000300298,1.71876,2.42983,2.75295,2.93511,3.90524,4.04835,4.12771,4.16755,3.95668,3.36374,0.00440334,1.23159,2.2916,3.15702,3.83479,3.96275,4.07343,4.14905,4.15826,4.01297,3.39688,	10,7.76363,6.81752,5.89498,4.94678,3.99527,3.02856,2.13261,1.20774,0.269825,0.207289,0.7468,5.69367,6.06829,5.42807,4.55651,3.75833,2.95202,2.14218,1.39401,0.276115,0.20792,	
0.000292441,1.7099,2.42705,2.76557,2.93547,3.91573,4.05058,4.13406,4.13959,3.95353,3.36281,0.00433368,1.23481,2.28358,3.15332,3.8279,3.94781,4.06408,4.16245,4.18446,4.03126,3.39552,	10,7.7646,6.81999,5.89765,4.94974,3.985,3.02802,2.12688,1.20557,0.270061,0.205521,0.741527,5.68527,6.07551,5.44268,4.55551,3.75536,2.95612,2.14571,1.40039,0.276691,0.205888,	
0.000282866,1.7008,2.42056,2.75283,2.93762,3.91877,4.03698,4.12665,4.12858,3.96347,3.34944,0.00427336,1.23757,2.28036,3.15295,3.82963,3.925,4.08511,4.17365,4.21254,3.98258,3.35241,	10,7.76587,6.81204,5.90055,4.9521,3.98757,3.01285,2.12875,1.20231,0.272678,0.20206,0.737641,5.70631,6.08566,5.43888,4.54836,3.72956,2.94476,2.14495,1.39871,0.273792,0.202337,	
0.00027416,1.70296,2.40921,2.72669,2.93461,3.89847,4.05282,4.12298,4.11889,3.95413,3.35864,0.00419973,1.2399,2.2818,3.15092,3.83113,3.93903,4.08474,4.18994,4.20312,3.97435,3.37853,	10,7.76693,6.81511,5.90332,4.95434,3.98377,3.01564,2.12866,1.2094,0.278197,0.201142,0.728725,5.69251,6.08137,5.45202,4.55773,3.73522,2.93951,2.13807,1.39718,0.279738,0.19989,	
0.000263545,1.67981,2.41509,2.72917,2.93711,3.89166,4.05276,4.13178,4.12937,3.96229,3.35365,0.00411405,1.24201,2.27994,3.15079,3.83677,3.95031,4.10821,4.16142,4.21538,3.97797,3.40104,	10,7.76761,6.81919,5.90688,4.95706,3.9816,3.03224,2.14061,1.19798,0.282555,0.199518,0.728725,5.70133,6.08229,5.46706,4.53864,3.74158,2.94598,2.11814,1.39837,0.283175,0.198078,	
0.000256463,1.6603,2.40529,2.73383,2.9355,3.91763,4.07089,4.11747,4.15161,3.93204,3.3791,0.00400342,1.23851,2.28012,3.1514,3.83226,3.94813,4.07453,4.15049,4.1993,3.97766,3.38369,	10,7.76833,6.8111,5.90984,4.95877,3.9799,3.03898,2.1403,1.19234,0.280467,0.197895,0.717624,5.61967,6.08555,5.47877,4.53896,3.74178,2.93552,2.12403,1.39377,0.282884,0.196352,	
0.000252182,1.6715,2.42096,2.74833,2.92257,3.91022,4.05385,4.10449,4.16186,3.91236,3.3636,0.00394978,1.24039,2.28106,3.15108,3.83403,3.95201,4.10795,4.13688,4.21078,3.92609,3.4055,	10,7.76899,6.81359,5.91197,4.96031,3.98465,3.04798,2.12821,1.19378,0.283225,0.195262,0.715214,5.63553,6.07094,5.48768,4.54877,3.7442,2.93295,2.12869,1.39974,0.283582,0.194948,	
0.000243095,1.65058,2.43559,2.76095,2.91038,3.90058,4.0688,4.11452,4.16886,3.91069,3.36967,0.00381378,1.23573,2.28393,3.14589,3.84055,3.94201,4.12685,4.16878,4.2258,3.94381,3.40008,	10,7.77055,6.81929,5.90654,4.9555,3.98647,3.05567,2.11523,1.1928,0.281191,0.193894,0.708103,5.65661,6.08824,5.47409,4.56846,3.7412,2.91676,2.12304,1.40022,0.284422,0.194467,	
0.000237925,1.64579,2.42961,2.74938,2.89638,3.91616,4.05845,4.11753,4.17211,3.92902,3.3659,0.00377613,1.23749,2.28562,3.14463,3.84039,3.93992,4.10376,4.13639,4.21486,3.95462,3.4056,	10,7.77112,6.82145,5.90863,4.9567,3.97947,3.05675,2.11713,1.19929,0.278346,0.192574,0.704591,5.63796,6.07571,5.47491,4.57492,3.73059,2.90739,2.12246,1.3938,0.284449,0.192904,	
0.000234442,1.66637,2.43341,2.76257,2.90227,3.90704,4.05138,4.09786,4.14911,3.92602,3.35571,0.00372696,1.23989,2.28635,3.14325,3.84374,3.9555,4.08765,4.14919,4.20693,3.96839,3.37923,	10,7.77163,6.82331,5.91035,4.95811,3.98579,3.06328,2.12783,1.20329,0.277301,0.190982,0.702291,5.6427,6.0532,5.47627,4.58815,3.74255,2.91415,2.11984,1.40044,0.278027,0.191324,	
0.000226212,1.65766,2.41402,2.75232,2.9006,3.9174,4.0358,4.08819,4.14562,3.9107,3.32903,0.00364327,1.24053,2.28627,3.1414,3.84517,3.95209,4.08545,4.15378,4.19629,3.95463,3.35714,	10,7.75969,6.81521,5.91297,4.96024,3.99201,3.05646,2.13099,1.20296,0.273883,0.18978,0.696602,5.62492,6.04843,5.47414,4.5544,3.75519,2.91533,2.11747,1.38967,0.275525,0.189685,	
0.000220106,1.6631,2.40759,2.74208,2.89972,3.90583,4.03188,4.0887,4.13313,3.89988,3.32071,0.00355069,1.24119,2.28273,3.13887,3.84999,3.94015,4.06825,4.14493,4.18657,3.94585,3.38051,	10,7.76079,6.81886,5.89759,4.96255,3.99203,3.05141,2.13423,1.20345,0.268778,0.187726,0.685498,5.56965,6.0413,5.48845,4.56188,3.73636,2.91417,2.13034,1.38973,0.275165,0.187156,	
0.000211169,1.64044,2.41006,2.73347,2.9019,3.9047,4.03224,4.09263,4.13503,3.88532,3.34381,0.0035057,1.24597,2.28463,3.1406,3.85142,3.95369,4.06425,4.14561,4.19114,3.96425,3.3684,	10,7.76275,6.82213,5.90174,4.95758,3.99887,3.06194,2.13443,1.20673,0.277556,0.185369,0.678979,5.58684,6.03149,5.49118,4.56116,3.73835,2.91191,2.1157,1.38801,0.280713,0.184482,	
0.000205903,1.64527,2.41561,2.73777,2.88837,3.90611,4.0305,4.10258,4.14115,3.88641,3.32844,0.00344526,1.24681,2.28615,3.13836,3.8501,3.97957,4.10322,4.14526,4.16183,3.90096,3.38239,	10,7.7639,6.82577,5.90497,4.9526,3.99201,3.06462,2.13616,1.20511,0.285937,0.183456,0.672581,5.54674,6.04817,5.49624,4.55601,3.72854,2.91255,2.12475,1.38059,0.290665,0.18397,	
0.000202701,1.64345,2.41558,2.73408,2.88615,3.90533,4.05453,4.10507,4.1166,3.86857,3.34297,0.00338112,1.24417,2.28757,3.13424,3.8446,3.9498,4.08424,4.15831,4.12892,3.92083,3.37622,	10,7.75288,6.82813,5.90712,4.94805,3.99757,3.05774,2.1407,1.20469,0.282899,0.182033,0.667344,5.5464,6.04661,5.49013,4.56321,3.73289,2.91749,2.12349,1.3759,0.284955,0.183442,	
0.000197727,1.65978,2.40469,2.74402,2.88257,3.91954,4.05493,4.11535,4.10503,3.86528,3.34129,0.00331353,1.24504,2.28141,3.13493,3.84333,3.95651,4.08978,4.14577,4.14554,3.89379,3.37375,	10,7.75429,6.83131,5.90975,4.95144,3.99197,3.06194,2.13309,1.20685,0.280948,0.180668,0.665278,5.56337,6.02297,5.48773,4.57914,3.7271,2.9219,2.12977,1.37015,0.282912,0.182194,	
0.000192911,1.66607,2.40243,2.73223,2.88114,3.9243,4.04919,4.11049,4.09811,3.85715,3.33286,0.00325283,1.24567,2.28284,3.13829,3.8454,3.93506,4.10813,4.12782,4.13773,3.88043,3.3712,	10,7.7553,6.81366,5.91206,4.94687,3.99712,3.05408,2.13475,1.20399,0.283345,0.180446,0.662217,5.55732,6.01337,5.4926,4.59064,3.7225,2.92257,2.13255,1.36912,0.285908,0.180696,	
0.000188536,1.6636,2.40837,2.73152,2.89191,3.90233,4.06382,4.10006,4.10627,3.8576,3.32179,0.00317919,1.24451,2.27951,3.13571,3.83923,3.93637,4.09168,4.15763,4.14242,3.908,3.34609,	10,7.75657,6.81684,5.90488,4.94361,4.00234,3.05829,2.13032,1.20163,0.277499,0.179169,0.66019,5.56408,6.00137,5.49513,4.5875,3.72758,2.92639,2.1318,1.37121,0.279055,0.179926,	
0.000185983,1.66437,2.4182,2.72463,2.88715,3.91131,4.05891,4.10499,4.08788,3.87446,3.33375,0.00309826,1.24218,2.28093,3.13398,3.83884,3.92601,4.10538,4.16893,4.1048,3.91717,3.35155,	10,7.75814,6.82054,5.90746,4.94797,4.00107,3.04663,2.12506,1.19573,0.277318,0.17847,0.655212,5.57453,6.01168,5.50603,4.59699,3.73435,2.93359,2.13472,1.36936,0.280045,0.177917,	
0.000179399,1.63184,2.40628,2.72877,2.87549,3.88833,4.03631,4.10361,4.07439,3.87455,3.31215,0.00302923,1.23989,2.28203,3.13614,3.83642,3.89169,4.09518,4.17888,4.10785,3.91579,3.35212,	10,7.74787,6.81264,5.89192,4.9518,4.0048,3.04474,2.12262,1.19993,0.274476,0.175605,0.653242,5.59702,6.00991,5.49006,4.59508,3.73633,2.92288,2.11889,1.36552,0.278191,0.175401,	
0.000173873,1.61381,2.39949,2.72508,2.8805,3.87612,4.04336,4.11118,4.07105,3.85245,3.32745,0.00298448,1.2398,2.28298,3.13246,3.82444,3.90496,4.07635,4.13989,4.11963,3.89038,3.39205,	10,7.74876,6.81572,5.89502,4.94143,4.00244,3.03525,2.12605,1.20361,0.275008,0.1739,0.645497,5.55922,6.02872,5.47522,4.60133,3.74191,2.92014,2.11986,1.35873,0.277939,0.173667,	
0.000170565,1.63949,2.40759,2.73122,2.87178,3.8449,4.04755,4.12163,4.07228,3.84752,3.33303,0.00296252,1.24144,2.28435,3.13226,3.82768,3.88285,4.07841,4.15458,4.11651,3.88315,3.42986,	10,7.74945,6.81736,5.8967,4.94467,3.99932,3.04288,2.13105,1.21313,0.277539,0.173368,0.642649,5.55184,6.03545,5.48301,4.59744,3.74471,2.90989,2.11737,1.36011,0.281196,0.173586,	
0.00016685,1.6538,2.41121,2.74286,2.87832,3.84421,4.05823,4.11218,4.05801,3.8408,3.3722,0.00292364,1.24356,2.28469,3.1328,3.81727,3.87034,4.05781,4.16685,4.11596,3.9191,3.40111,	10,7.75046,6.8198,5.89918,4.94804,4.00302,3.0458,2.1256,1.2137,0.279699,0.17217,0.639826,5.55439,6.04728,5.46761,4.60738,3.74948,2.91191,2.12036,1.3591,0.280161,0.172411,	
0.000163485,1.66386,2.4065,2.73914,2.87776,3.82523,4.03023,4.11399,4.0717,3.85251,3.36458,0.0028856,1.24462,2.28138,3.12911,3.82161,3.88619,4.06577,4.14579,4.10018,3.88943,3.36853,	10,7.75107,6.82199,5.90111,4.95068,3.99978,3.03507,2.13419,1.21569,0.274667,0.170417,0.637038,5.55212,6.04281,5.46898,4.60886,3.75018,2.91353,2.11172,1.36974,0.282081,0.170492,	
0.00015815,1.65357,2.39611,2.75019,2.88005,3.82609,4.0125,4.10196,4.08561,3.8474,3.34472,0.00283189,1.24137,2.28265,3.12333,3.82749,3.87712,4.05651,4.16582,4.12989,3.87578,3.39062,	10,7.75221,6.82474,5.89536,4.94724,3.99248,3.04575,2.14133,1.21512,0.276907,0.16871,0.633371,5.55843,6.03959,5.47322,4.59398,3.75369,2.91314,2.10423,1.36149,0.281055,0.168773,	
0.000153024,1.62662,2.40652,2.75716,2.87158,3.82515,4.0148,4.11263,4.06456,3.83807,3.33231,0.00277171,1.24078,2.28322,3.12204,3.81776,3.88251,4.0501,4.1515,4.15338,3.89866,3.36897,	10,7.75354,6.80852,5.89786,4.94327,3.99713,3.04692,2.13463,1.21433,0.274306,0.167733,0.632467,5.58543,6.01876,5.46687,4.59615,3.75013,2.90646,2.10728,1.35815,0.275747,0.168114,	
0.000150221,1.62391,2.40868,2.75509,2.87665,3.82744,3.97344,4.09671,4.06718,3.84526,3.33744,0.00273648,1.23707,2.28459,3.12006,3.81015,3.86291,4.04755,4.15843,4.08052,3.86155,3.39487,	10,7.75425,6.81093,5.9,4.94593,3.97843,3.03696,2.12754,1.21764,0.270222,0.165067,0.628882,5.57718,6.00984,5.46149,4.5993,3.75139,2.90803,2.10867,1.36082,0.273299,0.166038,	
0.000147073,1.6331,2.40694,2.75498,2.88017,3.8232,3.97768,4.12323,4.07087,3.80963,3.34785,0.00271727,1.23981,2.28495,3.11752,3.80813,3.86605,4.01149,4.14915,4.09983,3.84635,3.40372,	10,7.75498,6.81319,5.90185,4.94079,3.97724,3.04036,2.12707,1.22281,0.27325,0.164833,0.62446,5.53894,6.00833,5.4635,4.60133,3.75322,2.90218,2.10919,1.34424,0.277156,0.165175,	
0.000143613,1.62737,2.39107,2.75759,2.88111,3.81793,3.96996,4.10829,4.06542,3.79305,3.34533,0.00266077,1.2387,2.28178,3.11883,3.81098,3.84179,4.02176,4.14198,4.10695,3.83017,3.39813,	10,7.75575,6.80638,5.90377,4.94326,3.982,3.04011,2.13389,1.2123,0.267988,0.163572,0.619235,5.5288,6.0011,5.46147,4.60263,3.74926,2.90293,2.11028,1.3388,0.267968,0.164202,	
0.000139869,1.6328,2.38187,2.75744,2.89014,3.80426,3.95844,4.10833,4.07349,3.79658,3.33672,0.0025914,1.2374,2.28178,3.12223,3.81954,3.85896,4.04488,4.14936,4.12473,3.79379,3.35768,	10,7.75669,6.80957,5.89786,4.94597,3.98696,3.0491,2.12733,1.20849,0.266816,0.162813,0.616658,5.54837,6.00381,5.45162,4.59891,3.7485,2.90208,2.10448,1.33459,0.269627,0.163795,	
0.000137382,1.64451,2.37362,2.76623,2.88981,3.80648,3.97303,4.08727,4.06902,3.78018,3.31784,0.00253482,1.23503,2.28125,3.11855,3.81924,3.83721,4.02196,4.14253,4.12844,3.8154,3.36094,	10,7.74678,6.81176,5.89972,4.94821,3.98618,3.0562,2.12513,1.20339,0.264039,0.162744,0.612418,5.53279,5.99379,5.45922,4.59425,3.75122,2.90564,2.10827,1.32673,0.26533,0.162792,	
0.000134588,1.65413,2.3676,2.76991,2.8957,3.80351,3.96784,4.0876,4.06707,3.78531,3.29399,0.00246967,1.23408,2.28022,3.12261,3.8208,3.8632,4.00954,4.11092,4.15264,3.81548,3.36358,	10,7.74801,6.80613,5.90238,4.95079,3.98643,3.05417,2.11635,1.20089,0.258796,0.161268,0.611579,5.54566,5.99501,5.44678,4.5977,3.75584,2.91463,2.11143,1.32478,0.262765,0.162288,	
0.000130976,1.639,2.36271,2.77476,2.8994,3.80658,3.98499,4.10225,4.06776,3.77929,3.31108,0.00243301,1.23629,2.27749,3.1254,3.82449,3.86802,4.00577,4.12376,4.17744,3.81482,3.35164,	10,7.73858,6.80952,5.9052,4.9535,3.99174,3.05247,2.12268,1.20215,0.262442,0.161194,0.606609,5.53968,5.99021,5.43967,4.59853,3.76175,2.91494,2.11058,1.32842,0.264552,0.161537,	
0.00012852,1.63188,2.37529,2.78272,2.89498,3.81983,3.97393,4.08024,4.10085,3.78041,3.31489,0.00240037,1.23682,2.27766,3.12139,3.82841,3.87892,3.99005,4.12516,4.14562,3.8242,3.35158,	10,7.73936,6.81311,5.90742,4.95576,3.99046,3.05419,2.12754,1.19967,0.26195,0.160053,0.605792,5.54922,5.99446,5.43613,4.59892,3.76145,2.91961,2.10674,1.32547,0.264719,0.16122,	
0.000125792,1.62777,2.38337,2.77357,2.88792,3.82865,3.9664,4.07637,4.11364,3.78365,3.32204,0.00236526,1.23542,2.27816,3.12393,3.82322,3.86379,3.97983,4.11813,4.16254,3.80013,3.34152,	10,7.74042,6.80636,5.90113,4.95147,3.99514,3.05265,2.13206,1.20453,0.259408,0.159465,0.601743,5.5411,5.98532,5.42179,4.59948,3.76234,2.91514,2.10584,1.32434,0.266312,0.160499,	
0.000123635,1.62315,2.39051,2.76311,2.88384,3.81342,3.95406,4.07267,4.10846,3.77339,3.32024,0.00233708,1.23521,2.27864,3.12581,3.81404,3.85119,3.98506,4.12934,4.18135,3.81978,3.33326,	10,7.74104,6.80825,5.90315,4.9541,3.99373,3.0513,2.12562,1.20923,0.25775,0.15885,0.597746,5.52884,5.96012,5.42561,4.57935,3.76906,2.91563,2.10769,1.32258,0.257634,0.159331,	
0.000120091,1.60178,2.39281,2.75132,2.87669,3.8091,3.94998,4.06247,4.13064,3.77987,3.29464,0.0022881,1.23119,2.27866,3.12258,3.82643,3.83544,3.97477,4.10655,4.16739,3.84435,3.33631,	10,7.7419,6.80196,5.90544,4.95639,3.99249,3.05288,2.11665,1.20524,0.255,0.157518,0.593809,5.51824,5.95513,5.42668,4.57127,3.75373,2.91675,2.10156,1.32052,0.258907,0.157312,	
0.000117132,1.60186,2.38381,2.75074,2.87838,3.80674,3.94067,4.04994,4.11709,3.77484,3.3164,0.00223462,1.2268,2.2791,3.12369,3.82833,3.85793,3.95081,4.08896,4.15315,3.83777,3.35028,	10,7.74286,6.8056,5.90783,4.95813,3.98666,3.04696,2.10872,1.20164,0.255962,0.15571,0.593809,5.54578,5.95613,5.4202,4.57814,3.74827,2.91672,2.10635,1.32697,0.260093,0.156565,	
0.000114861,1.61174,2.38091,2.75705,2.87532,3.81932,3.91535,4.04638,4.1185,3.77141,3.31349,0.0022143,1.23012,2.2768,3.12426,3.823,3.86003,3.97811,4.11444,4.14755,3.82404,3.37914,	10,7.74369,6.80852,5.90987,4.96017,3.99146,3.04938,2.11894,1.20154,0.261294,0.155291,0.590717,5.54143,5.96054,5.42167,4.59167,3.74927,2.92177,2.11042,1.32564,0.265169,0.154887,	
0.000112358,1.61501,2.38537,2.75108,2.87807,3.82117,3.90697,4.06124,4.1066,3.79753,3.31395,0.00218014,1.23155,2.27674,3.12562,3.82169,3.86208,3.95597,4.09651,4.15089,3.85402,3.36051,	10,7.74452,6.80239,5.91229,4.94894,3.98199,3.05648,2.11559,1.20618,0.256589,0.154336,0.586903,5.52361,5.95666,5.42249,4.60359,3.74386,2.91295,2.11132,1.32954,0.259095,0.154578,	
0.000109926,1.63072,2.38143,2.75437,2.87576,3.83707,3.89142,4.04841,4.10823,3.79788,3.32787,0.00214394,1.2327,2.27751,3.12384,3.82734,3.88188,3.94982,4.0655,4.15703,3.85922,3.35072,	10,7.7452,6.80589,5.91403,4.94482,3.98799,3.05481,2.11622,1.20739,0.256881,0.153193,0.583891,5.51689,5.97282,5.42517,4.60558,3.74136,2.92204,2.09917,1.33403,0.26215,0.153872,	
0.000107977,1.63273,2.37843,2.75647,2.86101,3.83832,3.89993,4.03989,4.10935,3.80278,3.3119,0.00210589,1.23416,2.27747,3.11668,3.83384,3.90441,3.9414,4.0711,4.14836,3.87843,3.36165,	10,7.74631,6.80973,5.91569,4.94781,3.99318,3.05669,2.11765,1.20312,0.259084,0.152312,0.578688,5.50581,5.98346,5.42704,4.59839,3.74636,2.92626,2.10564,1.33493,0.263209,0.153535,	
0.000105941,1.6275,2.38719,2.75501,2.85643,3.84856,3.88674,4.03281,4.1154,3.80656,3.32499,0.00207932,1.23374,2.27923,3.11836,3.83341,3.89537,3.94039,4.0603,4.17069,3.84292,3.35678,	10,7.74697,6.81191,5.90252,4.94451,3.99302,3.05214,2.12211,1.20639,0.260335,0.15191,0.575759,5.48965,5.9833,5.43984,4.60321,3.74617,2.92579,2.10521,1.33747,0.26438,0.15195,	
0.00010265,1.62643,2.38833,2.74895,2.85324,3.85478,3.89142,4.03567,4.08998,3.81433,3.32271,0.00205844,1.23741,2.27974,3.12101,3.82125,3.88142,3.94353,4.08684,4.16383,3.85081,3.33605,	10,7.74781,6.80636,5.89733,4.94754,3.99726,3.05408,2.12798,1.20706,0.258568,0.151396,0.573581,5.49548,5.97657,5.40963,4.61288,3.75543,2.9237,2.09733,1.33172,0.265264,0.151679,	
0.000100359,1.62997,2.3887,2.74144,2.85512,3.84874,3.90423,4.03336,4.08762,3.80716,3.31525,0.00202518,1.23704,2.28038,3.12332,3.82843,3.86437,3.95216,4.10899,4.14866,3.87047,3.3453,	10,7.74886,6.80898,5.89968,4.95063,4.00113,3.05273,2.12763,1.20623,0.262256,0.150668,0.569286,5.47078,5.96678,5.41424,4.61804,3.75135,2.93095,2.09616,1.3342,0.263387,0.150704,	
9.83766e-05,1.63272,2.38381,2.74093,2.86273,3.82646,3.90927,4.0523,4.0948,3.80872,3.31026,0.00200258,1.23531,2.27855,3.12174,3.82641,3.8769,3.95455,4.10812,4.14205,3.86778,3.32339,	10,7.74999,6.81157,5.90162,4.94763,4.00469,3.04767,2.12955,1.20194,0.259763,0.14948,0.566456,5.48197,5.9727,5.41552,4.61352,3.74367,2.92772,2.0981,1.32614,0.261457,0.150163,	
9.71653e-05,1.63603,2.38263,2.7414,2.86346,3.82049,3.91378,4.05574,4.10645,3.82727,3.29696,0.00198282,1.23642,2.27901,3.12323,3.82626,3.90767,3.95401,4.07383,4.14268,3.84218,3.31099,	10,7.75038,6.8128,5.903,4.94999,4.00223,3.05359,2.12752,1.20155,0.260217,0.149126,0.564357,5.47101,5.97769,5.41281,4.59802,3.74224,2.92233,2.10778,1.32864,0.260915,0.150288,	
9.56232e-05,1.63029,2.39402,2.74373,2.85627,3.83836,3.91257,4.0497,4.10605,3.81835,3.26967,0.00197309,1.23714,2.27958,3.12258,3.82557,3.86735,3.95745,4.05752,4.15144,3.84763,3.28634,	10,7.75094,6.7976,5.89694,4.95212,4.00487,3.05853,2.13343,1.20375,0.254507,0.148888,0.562967,5.48133,5.97623,5.4085,4.59184,3.74437,2.92132,2.10437,1.32643,0.257132,0.14872,	
9.41149e-05,1.6461,2.38939,2.74006,2.85499,3.83712,3.91387,4.02334,4.11618,3.81188,3.26352,0.00196346,1.23744,2.28047,3.1117,3.82396,3.85323,3.94237,4.04615,4.15762,3.85885,3.30625,	10,7.75128,6.79073,5.89809,4.95404,4.00303,3.06003,2.1342,1.20315,0.254847,0.148515,0.560222,5.46344,5.97812,5.41758,4.60487,3.74313,2.92413,2.11269,1.32977,0.257488,0.148217,	
9.17435e-05,1.63128,2.38394,2.73097,2.85621,3.83471,3.9087,4.00953,4.10711,3.826,3.25227,0.0019421,1.24156,2.28124,3.10892,3.82492,3.86923,3.95929,4.06309,4.17603,3.85645,3.29611,	10,7.7517,6.76873,5.90047,4.95672,4.00253,3.05969,2.13846,1.20507,0.255696,0.148247,0.556151,5.45448,5.98657,5.41653,4.60476,3.73566,2.92638,2.11471,1.32864,0.256794,0.147493,	
9.00988e-05,1.64477,2.37651,2.7301,2.85536,3.83437,3.8983,3.9985,4.1099,3.80396,3.25083,0.00191881,1.23914,2.28147,3.10671,3.82352,3.87251,4.00033,4.0635,4.1458,3.84621,3.32086,	10,7.7519,6.76533,5.90325,4.95348,4.00156,3.06305,2.14037,1.19929,0.256329,0.147921,0.552137,5.45231,6.00009,5.40804,4.59099,3.73994,2.92975,2.12104,1.32682,0.259597,0.147468,	
