k=0_act,k=1_act,k=2_act,k=3_act,k=4_act,k=5_act,k=6_act,k=7_act,k=8_act,k=9_act,k=10_act,k=0_wait,k=1_wait,k=2_wait,k=3_wait,k=4_wait,k=5_wait,k=6_wait,k=7_wait,k=8_wait,k=9_wait,k=10_wait,	k=0_act,k=1_act,k=2_act,k=3_act,k=4_act,k=5_act,k=6_act,k=7_act,k=8_act,k=9_act,k=10_act,k=0_wait,k=1_wait,k=2_wait,k=3_wait,k=4_wait,k=5_wait,k=6_wait,k=7_wait,k=8_wait,k=9_wait,k=10_wait,	
20,20,20,20,20,20,20,20,20,20,20,20,20,20,20,20,20,20,20,20,20,20,	20,20,20,20,20,20,20,20,20,20,20,20,20,20,20,20,20,20,20,20,20,20,	
19.603,19.9985,19.9977,19.9958,19.9979,19.9957,19.9951,19.986,19.9933,19.9841,19.5019,20,20,20,20.005,20.005,20.0099,20.0296,20.039,20.0594,19.8899,19.5019,	20,20.005,20.005,20.01,20.0252,20.0362,19.9606,20.0697,20.0548,19.5101,19.9501,19.9,20,19.9,20,19.9002,19.9007,19.9992,20.0006,20.0004,19.4135,19.9501,	
19.2139,19.9911,19.9863,19.9782,19.9847,19.9884,19.9924,19.9826,19.9833,19.7634,19.1102,20,20,20,20.0099,20.0148,20.0294,20.0587,20.0735,20.0932,19.8604,19.11,	20,20.01,20.0151,20.0304,20.0556,20.0686,19.9995,20.1087,20.0647,18.9864,19.8006,19.8005,19.9005,19.9005,19.9007,19.9016,19.9014,19.9992,19.9016,20.0008,18.9863,19.8977,	
19.1178,19.9911,19.8779,19.9676,19.9745,19.9787,19.9814,19.9656,19.9777,19.7434,18.8644,20,20,19.9993,20.0194,20.0345,20.0539,20.0826,20.1019,20.1316,19.7433,18.7752,	20,20.0151,20.0305,20.056,20.081,20.0983,19.9476,20.146,20.0458,18.5734,19.8006,19.8005,19.9011,19.9017,19.902,19.9016,19.9031,19.9985,19.902,19.9021,18.5734,19.8977,	
18.9271,19.9819,19.8722,19.9553,19.9683,19.9724,19.9814,19.9472,19.96,19.6591,18.7122,20,20,19.9993,20.0191,20.0391,20.0637,20.0923,20.1102,20.1494,19.5766,18.7123,	20,20.0151,20.0356,20.0663,20.0912,20.1069,19.9717,20.168,20.0214,18.3079,19.8006,19.8005,19.9011,19.9024,19.9028,19.9016,19.8036,19.8986,19.9033,19.9041,18.3078,19.8977,	
18.7383,19.9631,19.8591,19.9484,19.9683,19.9436,19.9814,19.9406,19.96,19.4784,18.5008,20,20,19.998,20.0289,20.0489,20.073,20.1068,20.1249,20.1638,19.5842,18.5008,	20,20.0202,20.0459,20.0766,20.1064,20.1199,19.9896,20.1806,19.9999,18.0396,19.8006,19.7015,19.9011,19.9031,19.9028,19.9026,19.7046,19.8986,19.8038,19.9052,18.0396,19.8977,	
18.7383,19.9631,19.8346,19.863,19.9447,19.935,19.9714,19.9232,19.9327,19.4633,17.9677,20,20,19.998,20.0278,20.0574,20.0971,20.1302,20.1524,20.1998,19.5806,17.9675,	20,20.0202,20.0564,20.1023,20.1317,20.1418,20.0371,20.2194,19.9379,17.6028,19.8006,19.3104,19.8977,19.9045,19.903,19.9016,19.7056,19.9003,19.8082,19.9055,17.603,19.8977,	
18.6446,19.9461,19.8252,19.8318,19.9011,19.9029,19.9284,19.8821,19.8824,19.3701,17.7245,20,20,19.998,20.0269,20.0602,20.1135,20.163,20.1886,20.2415,19.501,17.7246,	20,20.0202,20.0616,20.123,20.1672,20.1781,20.0961,20.2643,19.8146,17.2144,19.8383,19.3104,19.8977,19.9053,19.9061,19.9052,19.7087,19.902,19.7205,19.905,17.2143,19.7478,	
18.3663,19.9253,19.8133,19.7971,19.8533,19.9029,19.9284,19.8377,19.8707,19.4173,17.4452,20,20,19.998,20.0249,20.0681,20.1324,20.182,20.2048,20.2678,19.4173,17.5954,	20,20.0202,20.067,20.1439,20.1874,20.1967,20.1309,20.2823,19.7377,16.9424,19.8383,19.3104,19.8977,19.906,19.8104,19.9052,19.6102,19.904,19.7232,19.8045,16.9424,19.7478,	
18.2745,19.9253,19.8133,19.7734,19.7854,19.8776,19.866,19.8003,19.833,19.2226,17.3358,20,20,19.998,20.0237,20.0694,20.1485,20.2088,20.2369,20.2987,19.2367,17.505,	20,20.0202,20.0725,20.1649,20.2177,20.2295,20.1765,20.3031,19.5839,16.5888,19.8383,19.2139,19.8977,19.9069,19.813,19.9077,19.6143,19.9053,19.7313,19.8009,16.5804,19.7327,	
18.1831,19.9123,19.8008,19.7295,19.7608,19.8391,19.815,19.7754,19.8204,19.1603,17.2319,20,20,19.9971,20.0245,20.0869,20.1701,20.2348,20.2687,20.3336,19.1094,17.2309,	20,20.0255,20.0944,20.1913,20.248,20.2627,20.2155,20.313,19.4629,16.1921,19.8383,19.2139,19.8983,19.9094,19.8161,19.9093,19.6175,19.9039,19.737,19.7983,16.1932,19.733,	
18.1831,19.8854,19.8008,19.7039,19.7345,19.7711,19.7605,19.7754,19.7417,18.9227,17.0225,20,20,19.9971,20.023,20.0916,20.1673,20.2513,20.3071,20.3599,18.918,17.2545,	20,20.0255,20.0999,20.1965,20.2734,20.2915,20.2587,20.3152,19.2338,15.8446,19.8383,19.2139,19.8983,19.9104,19.8166,19.9163,19.6222,19.9058,19.7485,19.7832,15.8527,19.715,	
18.0017,19.8557,19.7555,19.6491,19.6939,19.7013,19.7605,19.7474,19.7001,18.8379,16.8344,20,20,19.9949,20.0276,20.1109,20.1994,20.2834,20.3346,20.3989,18.8475,16.9366,	20,20.0364,20.1274,20.2342,20.309,20.3255,20.3052,20.3075,19.0858,15.5573,19.8383,19.0222,19.8957,19.9098,19.7237,19.8162,19.6222,19.9095,19.7512,19.7775,15.514,19.715,	
17.6444,19.8557,19.7023,19.6341,19.6798,19.616,19.7156,19.6878,19.6399,18.7664,16.5607,20,20,19.9923,20.0373,20.118,20.2025,20.3148,20.3583,20.438,18.8864,16.5738,	20,20.0419,20.1386,20.2506,20.3431,20.2597,20.3504,20.1923,18.9018,15.1793,19.7451,19.0222,19.8964,19.9109,19.7263,19.8262,19.5292,19.9159,19.7584,19.7692,15.103,19.7102,	
17.6444,19.8557,19.6855,19.6183,19.6136,19.5833,19.6476,19.6386,19.5741,18.7752,16.372,20,20,19.9908,20.042,20.1179,20.2131,20.3262,20.3835,20.4534,18.7393,16.3344,	20,20.0473,20.1441,20.267,20.3615,20.2925,20.3792,20.1736,18.7035,14.8731,19.7327,18.8325,19.8928,19.9108,19.7316,19.8243,19.5367,19.9181,19.7647,19.7501,14.9517,19.6239,	
17.6444,19.8202,19.6682,19.5849,19.5971,19.5505,19.613,19.6222,19.5409,18.6875,16.2275,20,19.9993,19.9959,20.0424,20.1318,20.2204,20.3482,20.4071,20.4721,18.6289,16.2091,	20,20.0528,20.161,20.2835,20.3848,20.3195,20.3988,20.1581,18.5747,14.6655,19.5822,18.8325,19.8936,19.9132,19.7316,19.8297,19.5381,19.918,19.7667,19.7335,14.69,19.6763,	
17.4684,19.8202,19.6123,19.5126,19.5793,19.532,19.5397,19.5873,19.5409,18.6016,15.9202,20,19.9993,19.994,20.0423,20.1453,20.2306,20.3656,20.4219,20.4954,18.5086,15.9222,	20,20.0584,20.1778,20.3,20.4035,20.3411,20.4174,20.1428,18.4704,14.4124,19.4331,18.6446,19.8834,19.9157,19.7325,19.7339,19.5381,19.9204,19.7667,19.7213,14.4848,19.4343,	
17.3811,19.8084,19.5548,19.4582,19.5602,19.5135,19.503,19.5689,19.522,18.4045,15.7975,20,19.9993,19.9899,20.0463,20.1631,20.2489,20.3789,20.4453,20.5137,18.517,15.7975,	20,20.0697,20.2003,20.3221,20.4224,20.368,20.4352,20.1212,18.3478,14.2245,19.3369,18.6446,19.8851,19.9182,19.6346,19.7357,19.5421,19.9185,19.7685,19.7084,14.296,19.3369,	
17.2077,19.7958,19.506,19.4017,19.5025,19.4944,19.4649,19.5494,19.464,18.2862,15.6079,20,19.9993,19.9854,20.0494,20.1777,20.268,20.4005,20.4778,20.5411,18.4817,15.6079,	20,20.0754,20.2227,20.3442,20.4509,20.4051,20.4584,20.0875,18.1717,13.936,19.2402,18.6446,19.886,19.9226,19.6346,19.6439,19.5463,19.9167,19.7701,19.687,13.936,19.3369,	
16.9509,19.7958,19.4427,19.312,19.3832,19.4745,19.4051,19.509,19.464,18.3353,15.4152,20,19.9993,19.9829,20.0475,20.1726,20.2999,20.4348,20.5145,20.5966,18.3497,15.4147,	20,20.0811,20.234,20.3831,20.4941,20.453,20.3972,20.0278,17.9458,13.6284,19.2402,18.5514,19.8808,19.9239,19.6539,19.6521,19.5511,19.8253,19.7701,19.671,13.629,19.3369,	
16.6979,19.7735,19.4427,19.2687,19.3097,19.3932,19.3849,19.447,19.3623,18.34,15.3543,20,19.9993,19.9829,20.0438,20.1688,20.3087,20.4468,20.5272,20.5992,18.265,15.3714,	20,20.0811,20.2398,20.3998,20.5133,20.4766,20.4181,19.9643,17.697,13.4766,19.2402,18.5514,19.7814,19.9255,19.6613,19.6563,19.5557,19.7325,19.6772,19.6337,13.4867,19.3369,	
16.1221,19.7564,19.355,19.1575,19.2362,19.3318,19.3312,19.4053,19.2618,18.2713,15.2549,20,19.9981,19.9765,20.067,20.1907,20.3208,20.4714,20.558,20.616,18.183,15.2549,	20,20.1101,20.2688,20.4277,20.5471,20.514,20.4403,19.8763,17.4209,13.1259,19.2402,18.4586,19.783,19.9255,19.563,19.665,19.3652,19.7356,19.6823,19.5926,13.1259,19.3386,	
16.0415,19.7564,19.3176,19.1168,19.194,19.2892,19.3099,19.3408,19.1991,18.1788,15.0339,20,19.9981,19.9703,20.0713,20.2038,20.3339,20.4785,20.5701,20.6324,18.1072,15.0345,	20,20.1217,20.2862,20.4445,20.5616,20.5324,20.4507,19.8313,17.2849,12.8673,19.1507,18.3663,19.7797,19.9265,19.563,19.665,19.371,19.7374,19.683,19.5705,12.867,19.2354,	
15.6445,19.7124,19.2618,19.0597,19.1305,19.2678,19.3099,19.2968,18.994,18.1971,14.883,20,19.9968,19.9654,20.0842,20.2103,20.3629,20.5167,20.6109,20.6146,18.1971,15.1982,	20,20.1393,20.3154,20.4892,20.6053,20.5732,20.465,19.6926,16.946,12.7061,19.1507,18.3663,19.7849,19.9302,19.5773,19.6695,19.3737,19.7374,19.686,19.4371,12.7061,19.2354,	
15.2573,19.7124,19.24,18.9439,18.9907,19.2245,19.2232,19.1441,18.8942,18.2424,14.8229,20,19.9968,19.9619,20.0831,20.1966,20.3878,20.5239,20.6163,20.667,18.2467,14.8013,	20,20.1452,20.3273,20.5171,20.6345,20.6128,20.4755,19.5474,16.6492,12.3208,19.1507,18.2745,19.7866,19.9237,19.5927,19.6743,19.3938,19.6561,19.6858,19.4117,12.3248,19.1392,	
15.181,19.6901,19.2174,18.9439,18.9274,19.1801,19.2007,19.1441,18.8738,18.1007,14.7205,20,19.9968,19.9619,20.0831,20.1844,20.3899,20.5303,20.6344,20.686,18.0962,14.9089,	20,20.1452,20.3273,20.5283,20.6492,20.6299,20.4766,19.5091,16.5328,12.2503,18.9638,18.2745,19.7866,19.9237,19.505,19.6791,19.4,19.6561,19.6858,19.3694,12.2563,19.1347,	
15.0295,19.6675,19.1956,18.8207,18.9071,19.1351,19.0894,19.1226,18.7915,17.8297,14.7743,20,19.9968,19.9619,20.0656,20.1913,20.3937,20.5558,20.6537,20.6913,18.0129,14.7842,	20,20.1452,20.3393,20.5508,20.6786,20.655,20.4765,19.4061,16.2846,12.0152,18.9638,18.1831,19.7866,19.9277,19.5092,19.6901,19.4,19.6603,19.6822,19.2045,12.008,19.1347,	
14.8052,19.6205,19.1735,18.7812,18.8652,19.1129,19.0458,19.1226,18.7712,17.8768,14.7108,20,19.9968,19.958,20.0701,20.1827,20.4056,20.5609,20.6717,20.701,17.9686,14.6811,	20,20.1511,20.3454,20.5621,20.6932,20.6713,20.4747,19.3526,16.1669,11.827,18.9638,18.1831,19.7884,19.9277,19.5145,19.6951,19.4063,19.6603,19.6806,19.1746,11.9122,18.9438,	
14.8052,19.5955,19.1505,18.7399,18.8437,19.0905,19.0234,19.0568,18.7712,17.8231,14.6033,20,19.995,19.9632,20.0616,20.1894,20.4148,20.5818,20.6939,20.7253,17.762,14.6233,	20,20.1571,20.3637,20.5847,20.7128,20.6912,20.4711,19.2968,16.0347,11.7117,18.9538,18.1831,19.7902,19.932,19.5198,19.6951,19.4126,19.6603,19.6806,19.1291,11.7238,18.8591,	
14.5842,19.5702,18.9481,18.679,18.8007,19.0223,18.9563,19.0121,18.708,17.634,14.4838,20,19.995,19.9409,20.0837,20.2045,20.431,20.6108,20.7091,20.7482,17.634,14.6163,	20,20.1873,20.3942,20.6186,20.747,20.7179,20.4611,19.1692,15.7349,11.4274,18.9352,18.1831,19.7996,19.9299,19.428,19.7003,19.4141,19.6684,19.676,19.0214,11.4274,18.7834,	
14.5113,19.5702,18.9263,18.616,18.7362,18.9103,18.8671,18.9666,18.6448,17.4199,14.4425,20,19.995,19.9409,20.0766,20.1876,20.4172,20.6348,20.7407,20.7858,17.5501,14.4398,	20,20.1873,20.4004,20.6411,20.7809,20.7504,20.4437,19.0325,15.4866,11.2107,18.9352,18.0017,19.783,19.9322,19.4459,19.7148,19.3306,19.6723,19.6732,18.9536,11.2165,18.7834,	
14.4388,19.5702,18.8794,18.5083,18.6699,18.8636,18.8438,18.8525,18.5587,17.3346,14.2233,20,19.995,19.9357,20.0509,20.1951,20.4436,20.6622,20.7632,20.781,17.7936,14.3007,	20,20.1934,20.4317,20.6809,20.8147,20.774,20.4247,18.8784,15.2698,10.9815,18.9352,18.0017,19.7851,19.9418,19.4603,19.7158,19.3337,19.6761,19.6591,18.9354,10.9623,18.7878,	
14.4388,19.543,18.8794,18.4866,18.6028,18.7485,18.7743,18.829,18.5368,17.5397,14.1365,20,19.995,19.9357,20.0509,20.1796,20.411,20.6703,20.7933,20.8188,17.6408,14.1364,	20,20.1934,20.4317,20.6924,20.8435,20.7991,20.395,18.7328,15.0547,10.8608,18.8617,18.0017,19.7851,19.9418,19.4725,19.7378,19.3481,19.6834,19.6547,18.8981,10.8609,18.7674,	
14.2947,19.4626,18.8076,18.4663,18.557,18.7019,18.7507,18.7347,18.3825,17.5235,14.0122,20,19.995,19.9357,20.0431,20.1759,20.4105,20.6718,20.7718,20.7891,17.8544,14.0237,	20,20.1934,20.438,20.7039,20.8578,20.8107,20.3679,18.5434,14.822,10.7675,18.8617,18.0017,19.7851,19.9442,19.4786,19.743,19.3554,19.5955,19.6201,18.8825,10.761,18.7279,	
14.1522,19.4341,18.7087,18.352,18.4851,18.5546,18.6284,18.6612,18.2686,17.6255,13.6571,20,19.995,19.93,20.0154,20.1889,20.4248,20.6587,20.7899,20.8323,17.6275,13.8945,	20,20.1997,20.4634,20.7386,20.891,20.8336,20.3046,18.3238,14.4855,10.485,18.7778,17.8222,19.7782,19.9509,19.4831,19.7496,19.37,19.6142,19.6087,18.7547,10.4858,18.6291,	
14.0814,19.3793,18.6328,18.352,18.4378,18.5052,18.5793,18.6112,18.2002,17.6549,13.6714,20,19.995,19.9177,20.0245,20.1801,20.4304,20.6778,20.801,20.8477,17.5666,13.6714,	20,20.2123,20.4762,20.7616,20.9145,20.845,20.2745,18.2243,14.3627,10.2959,18.6572,17.8222,19.7825,19.9509,19.4971,19.7554,19.3706,19.6176,19.6018,18.7371,10.3476,18.6571,	
13.7329,19.3237,18.5603,18.3306,18.2728,18.3857,18.4324,18.5369,18.1319,17.5162,13.5923,20,19.995,19.9048,20.0251,20.1568,20.4369,20.6785,20.831,20.888,17.5177,13.8624,	20,20.2187,20.4957,20.8019,20.9515,20.868,20.1953,17.9921,14.0245,10.2526,18.5196,17.7331,19.7749,19.9562,19.5225,19.7588,19.4025,19.6226,19.5877,18.3965,10.2525,18.6087,	
13.5959,19.2957,18.487,18.3073,18.2498,18.3621,18.3155,18.4888,18.0654,17.4151,13.7556,20,19.9916,19.9034,20.0253,20.1698,20.4477,20.5641,20.8443,20.8797,17.4914,13.7561,	20,20.2314,20.5087,20.8191,20.9697,20.8771,20.1515,17.8422,13.7893,10.1131,18.5196,17.7331,19.7793,19.9553,19.529,19.7649,19.4172,19.6243,19.5628,18.3302,10.1155,18.6074,	
13.393,19.2382,18.4138,18.1909,18.2027,18.3151,18.2686,18.4397,17.933,17.4829,13.5867,20,19.9916,19.8962,19.9947,20.1809,20.4487,20.5875,20.8645,20.8709,17.5551,13.5886,	20,20.2379,20.535,20.8537,21.0056,20.8868,20.0829,17.6282,13.5697,9.83427,18.5196,17.7331,19.7816,19.9637,19.542,19.777,19.4189,19.6291,19.5264,18.2901,9.83495,18.6074,	
13.393,19.2098,18.389,18.1678,18.1792,18.3151,18.2446,18.4397,17.8673,17.539,13.4678,20,19.9916,19.8888,19.9903,20.1792,20.4596,20.6004,20.8753,20.8416,17.539,13.615,	20,20.2444,20.5417,20.871,21.0187,20.8896,20.0608,17.5365,13.4606,9.82771,18.5503,17.7331,19.7839,19.9637,19.5551,19.777,19.4189,19.6291,19.4973,18.2422,9.82771,18.4836,	
13.326,19.152,18.3159,18.098,18.1321,18.2673,18.1968,18.3908,17.7588,17.5249,13.5286,20,19.9916,19.8888,19.9719,20.1773,20.4702,20.5899,20.869,20.8027,17.4602,13.5286,	20,20.2444,20.555,20.8882,21.0318,20.8933,20.0057,17.3522,13.2665,9.81735,18.5253,17.6444,19.7839,19.9584,19.5617,19.777,19.4336,19.6322,19.4463,18.1687,9.81735,18.3241,	
13.1931,19.152,18.266,18.0746,18.0851,18.1708,18.1729,18.2669,17.6721,17.4393,13.3737,20,19.9916,19.873,19.981,20.1853,20.4549,20.5952,20.8869,20.7838,17.6282,13.3108,	20,20.2575,20.5683,20.8996,21.0489,20.8956,19.9635,17.2291,13.1542,9.65955,18.2511,17.5562,19.7885,19.9469,19.5617,19.7896,19.4409,19.534,19.4141,18.158,9.72477,18.4146,	
13.1271,19.1223,18.2157,17.9307,18.0125,18.0483,18.1235,18.1915,17.606,17.4227,13.2295,20,19.9916,19.8648,19.9559,20.1801,20.4647,20.6129,20.8895,20.8066,17.5481,13.2196,	20,20.264,20.5885,20.9341,21.0781,20.8966,19.8746,17.0438,12.9441,9.46035,18.2511,17.4684,19.7908,19.9531,19.575,19.6968,19.4482,19.5381,19.3914,18.0459,9.52106,18.4146,	
12.9962,19.0332,18.2157,17.8607,17.9887,18.0483,18.0747,18.142,17.4979,17.3852,13.2299,20,19.9916,19.8648,19.9455,20.1731,20.4717,20.5967,20.8903,20.7857,17.4945,13.2178,	20,20.264,20.5952,20.9455,21.0863,20.8957,19.8277,16.92,12.8209,9.403,18.2511,17.4684,19.6919,19.9563,19.5818,19.6968,19.4626,19.5393,19.3558,18.0008,9.39137,18.3225,	
12.8022,19.0332,18.1647,17.7195,17.9388,18,18.0255,18.0916,17.3898,17.27,13.0458,20,19.9916,19.8648,19.9138,20.1734,20.4738,20.606,20.9112,20.7526,17.3952,13.0463,	20,20.264,20.602,20.9626,21.1063,20.8929,19.7695,16.7808,12.664,9.28,18.2135,17.2942,19.5828,19.9595,19.5862,19.7107,19.3724,19.5389,19.3183,17.8958,9.28043,18.1324,	
12.6111,19.0032,18.1118,17.5767,17.9388,17.95,17.9998,18.04,17.3678,17.2309,12.9361,20,19.9916,19.8563,19.8849,20.1879,20.463,20.6317,20.918,20.7929,17.3313,12.9529,	20,20.2708,20.6292,20.9855,21.1257,20.8885,19.6993,16.672,12.5646,9.05409,18.2135,17.2942,19.5862,19.8699,19.5862,19.7178,19.38,19.5398,19.3183,17.7803,9.04825,18.1324,	
12.2375,18.9089,18.0072,17.5285,17.8118,17.8517,17.824,17.965,17.2807,17.1202,13.0556,20,19.9916,19.8384,19.8945,20.1723,20.4389,20.6211,20.9094,20.814,17.201,13.1155,	20,20.2844,20.6429,21.0083,21.1481,20.8763,19.5636,16.4221,12.2784,9.07052,18.0649,17.2942,19.5931,19.7697,19.6002,19.732,19.4099,19.4433,19.0864,17.5691,9.04195,18.1001,	
11.9946,18.8412,17.9784,17.506,17.7413,17.7758,17.7065,17.8677,17.1765,17.056,13.1005,20,19.9916,19.8293,19.8993,20.1521,20.4107,20.6177,20.8784,20.8072,17.5372,13.1005,	20,20.2911,20.6497,21.0253,21.1695,20.8619,19.4324,16.1734,12.1061,9.03364,18.0649,17.2942,19.5965,19.7697,19.6143,19.7533,19.4245,19.4457,18.9389,17.4813,9.03364,18.1001,	
11.8749,18.7437,17.9055,17.4835,17.7176,17.7291,17.683,17.8197,17.1561,17.2233,13.0943,20,19.9916,19.82,19.9039,20.1438,20.4049,20.6295,20.8593,20.8337,17.2233,13.0807,	20,20.2979,20.6566,21.0368,21.1798,20.8553,19.3757,16.0965,12.0104,8.91791,18.0649,17.2942,19.6,19.7688,19.6214,19.7604,19.4245,19.4452,18.9414,17.2874,8.91791,18.1001,	
11.6977,18.7091,17.8515,17.4835,17.6254,17.653,17.637,17.8197,17.1154,17.0478,13.1035,20,19.9916,19.82,19.9039,20.1072,20.3885,20.6488,20.8785,20.8231,17.1336,13.1036,	20,20.2979,20.6566,21.0539,21.1931,20.8429,19.318,15.9884,11.9053,8.80742,18.0773,17.2942,19.6,19.67,19.6426,19.7676,19.4326,19.4452,18.8186,17.208,8.80742,17.9972,	
11.6392,18.7091,17.7473,17.4835,17.6028,17.6295,17.5439,17.7711,17.0736,17.0485,12.8913,20,19.9916,19.8098,19.9085,20.0989,20.3956,20.6257,20.8784,20.8492,17.0792,13.1337,	20,20.3047,20.6636,21.0653,21.1996,20.832,19.2596,15.9114,11.8193,8.71666,18.0773,17.2077,19.592,19.67,19.6496,19.7676,19.4466,19.4454,18.8186,17.0433,8.71815,17.9509,	
11.4655,18.7091,17.646,17.3193,17.3944,17.5595,17.4535,17.7232,16.8724,16.9077,13.1538,20,19.9916,19.7681,19.8519,20.1136,20.4223,20.6287,20.9371,20.7864,17.1013,13.1469,	20,20.3322,20.7339,21.1325,21.2382,20.7807,19.0629,15.544,11.519,8.69333,18.0773,17.1216,19.6064,19.7,19.6515,19.774,19.3731,19.4454,18.7026,16.8575,8.69321,17.9509,	
11.3511,18.6726,17.646,17.29,17.3729,17.5371,17.4317,17.6542,16.797,16.9811,13.105,20,19.9916,19.7681,19.8519,20.1,20.4115,20.6207,20.9316,20.7894,16.8913,13.1075,	20,20.3322,20.7339,21.1381,21.2436,20.7698,19.0248,15.4685,11.4446,8.6498,18.0469,17.1216,19.5083,19.7,19.6589,19.7813,19.3801,19.4465,18.6708,16.7772,8.65069,17.7566,	
11.0702,18.608,17.4581,17.1323,17.2623,17.4914,17.3881,17.5607,16.6817,16.8687,12.8215,20,19.9916,19.757,19.7915,20.1073,20.4214,20.6365,20.9141,20.7954,16.9454,12.9093,	20,20.3392,20.7621,21.171,21.2636,20.7339,18.8819,15.2427,11.2486,8.37417,18.0469,16.9509,19.2954,19.617,19.674,19.7961,19.387,19.4418,18.6092,16.6396,8.37509,17.7566,	
10.8504,18.5703,17.37,17.0589,17.218,17.375,17.2735,17.4892,16.6624,16.7922,12.7953,20,19.9916,19.7454,19.7696,20.1173,20.4025,20.6224,20.9221,20.8201,16.9037,12.7953,	20,20.3464,20.7832,21.1874,21.275,20.7031,18.7755,15.1085,11.1354,8.25477,17.8127,16.7818,19.3006,19.6285,19.66,19.8107,19.4002,19.426,18.4134,16.5722,8.25477,17.902,	
10.7422,18.5315,17.2223,17.037,17.1276,17.3046,17.2042,17.4169,16.5638,16.8404,12.5573,20,19.9916,19.7085,19.7706,20.1012,20.4087,20.6157,20.9195,20.8386,17.0821,12.6748,	20,20.3681,20.8113,21.2199,21.2891,20.6591,18.6272,14.9169,10.9941,8.15341,17.8439,16.6979,19.3163,19.6152,19.578,19.818,19.4137,19.4207,18.3799,16.4494,8.15416,17.7838,	
10.6885,18.4925,17.1994,17.015,17.0376,17.2581,17.1351,17.393,16.5049,16.745,12.6884,20,19.9843,19.7025,19.78,20.0927,20.4036,20.5805,20.9254,20.8815,16.706,12.6921,	20,20.3825,20.8254,21.2359,21.2962,20.6221,18.5187,14.7996,10.8633,8.03569,17.7249,16.6144,19.3137,19.6137,19.5863,19.8254,19.4321,19.4182,18.3851,16.286,8.03411,17.8067,	
10.635,18.4628,17.1536,16.9613,16.9717,17.1441,17.0669,17.2741,16.5049,16.8258,12.5945,20,19.9843,19.6774,19.7752,20.0727,20.389,20.5913,20.8982,20.9374,16.8222,12.5929,	20,20.397,20.8467,21.2622,21.3068,20.5764,18.3688,14.6394,10.7535,7.96079,17.7249,16.6144,19.3244,19.6183,19.6028,19.8366,19.4379,19.4055,18.2932,16.2586,7.9626,17.8067,	
10.5289,18.3941,17.0614,16.9166,16.9492,17.065,16.9993,17.1796,16.4253,16.6557,12.5416,20,19.9765,19.6712,19.7699,20.0832,20.3827,20.5717,20.865,20.9345,16.8566,12.5411,	20,20.4115,20.8679,21.2779,21.3119,20.5388,18.2455,14.4805,10.6105,7.90372,17.7568,16.5313,19.3215,19.6245,19.6028,19.844,19.3552,19.295,18.2558,16.1527,7.91216,17.6858,	
10.4763,18.3941,17.0386,16.8722,16.8509,17.065,16.9767,17.1796,16.3472,16.6557,12.4204,20,19.9765,19.6582,19.76,20.0745,20.393,20.5838,20.8756,20.9037,16.9819,12.4226,	20,20.4188,20.882,21.2933,21.3152,20.5192,18.2037,14.4091,10.5673,7.84232,17.7568,16.5313,19.327,19.6308,19.6097,19.8427,19.2585,19.295,18.2179,16.1527,7.8409,17.6858,	
10.3718,18.2849,16.9453,16.8264,16.7833,16.9472,16.8612,17.1308,16.2673,16.8747,12.29,20,19.9765,19.6451,19.75,20.0651,20.3367,20.5748,20.8699,20.9118,16.9089,12.3037,	20,20.4261,20.8961,21.3086,21.3214,20.4585,18.049,14.2258,10.4374,7.76984,17.7568,16.2846,19.3037,19.523,19.6182,19.872,19.2782,19.283,18.1793,16.0163,7.79335,17.6858,	
10.3199,18.2152,16.8746,16.7347,16.738,16.8999,16.8612,17.0319,16.2472,16.8316,12.1352,20,19.9765,19.6179,19.7151,20.0656,20.3409,20.6013,20.838,20.959,17.0321,12.2822,	20,20.4409,20.9314,21.3386,21.3254,20.4084,17.9079,14.0871,10.3299,7.70093,17.6328,16.2031,19.2999,19.5425,19.6245,19.8793,19.2782,19.1713,18.1793,15.9323,7.75257,17.7214,	
10.2683,18.1757,16.8272,16.6892,16.6918,16.8761,16.6841,16.9102,16.2472,16.9172,12.1418,20,19.9765,19.5904,19.724,20.0555,20.3517,20.5365,20.8261,20.9973,16.9222,12.1398,	20,20.4484,20.9455,21.3534,21.3264,20.3545,17.7809,13.9617,10.1929,7.69778,17.5885,16.1221,19.3056,19.5315,19.6331,19.8793,19.3,19.1583,18.1793,15.7691,7.71951,17.677,	
10.1659,18.0667,16.7577,16.6666,16.6244,16.8291,16.6613,16.8626,16.2267,16.8585,12.1616,20,19.9765,19.5764,19.7283,20.0418,20.3412,20.5298,20.8014,20.9973,16.8248,12.1606,	20,20.4559,20.9526,21.3631,21.3266,20.3224,17.6964,13.865,10.1182,7.6679,17.4988,16.1221,19.2147,19.5304,19.6417,19.8853,19.3053,19.1444,18.1626,15.6073,7.69262,17.5975,	
10.1659,18.0363,16.7338,16.598,16.5337,16.8291,16.5927,16.8152,16.2267,16.8636,12.0515,20,19.9765,19.5623,19.7017,20.0175,20.3583,20.55,20.8002,21.021,16.8055,12.0516,	20,20.4634,20.9737,21.3822,21.326,20.2812,17.6115,13.7829,10.0586,7.56679,17.4175,16.1221,19.2209,19.543,19.6504,19.8925,19.3053,19.1371,18.1675,15.5523,7.5669,17.4942,	
10.0645,18.0059,16.6446,16.575,16.4433,16.6381,16.5015,16.719,16.1848,16.8119,11.9674,20,19.9668,19.5553,19.6948,19.9923,20.3211,20.5238,20.7988,21.0481,16.7168,12.0331,	20,20.4785,20.9948,21.4055,21.3225,20.1866,17.3411,13.5936,9.91558,7.44267,17.412,16.1221,19.2334,19.5486,19.6678,19.8083,19.2306,19.1119,18.1454,15.4328,7.52071,17.3249,	
10.0142,17.9755,16.5884,16.575,16.4209,16.5912,16.4336,16.6715,16.1219,16.621,11.8787,20,19.9668,19.5553,19.6948,19.9746,20.2876,20.4956,20.796,21.0227,16.9482,11.8786,	20,20.4785,20.9948,21.4101,21.3202,20.1402,17.2585,13.5,9.84971,7.41858,17.2818,16.0415,19.2334,19.5315,19.6765,19.8234,19.2421,19.1027,18.1224,15.3011,7.41861,17.3686,	
9.71748,17.8233,16.522,16.5032,16.352,16.4733,16.3551,16.456,15.9502,16.8367,11.7687,20,19.9568,19.5624,19.6521,19.9887,20.2639,20.5189,20.7154,20.9165,16.9129,11.7427,	20,20.4861,21.023,21.4281,21.3141,20.0819,17.1184,13.2773,9.69923,7.33007,17.197,15.8815,19.2074,19.4563,19.5775,19.8369,19.2451,19.0656,17.7839,15.1916,7.34279,17.23,	
9.62055,17.8233,16.4405,16.422,16.283,16.4026,16.3088,16.3864,15.805,16.6057,11.7798,20,19.9568,19.5624,19.6204,19.977,20.2556,20.4922,20.6968,20.849,17.025,11.7799,	20,20.4861,21.0301,21.4413,21.3091,20.0222,17.0041,13.1232,9.58906,7.20955,17.197,15.8815,19.2074,19.4641,19.596,19.8443,19.256,19.0467,17.6185,15.0951,7.20955,17.1338,	
9.57244,17.7216,16.4405,16.2592,16.2369,16.3558,16.2859,16.2934,15.7434,16.7451,11.6742,20,19.9568,19.5624,19.5875,19.9651,20.2471,20.4864,20.6741,20.8019,16.8819,11.672,	20,20.4861,21.0442,21.4543,21.303,19.971,16.9032,12.9975,9.50646,7.15298,17.0375,15.8021,19.1908,19.4798,19.5072,19.8503,19.2598,19.0283,17.5501,15.0397,7.15039,17.1223,	
9.57244,17.6607,16.3928,16.2362,16.1906,16.2609,16.2622,16.2232,15.7017,16.7449,11.6446,20,19.9568,19.5311,19.5971,19.9525,20.1995,20.4875,20.659,20.815,17.0411,11.6447,	20,20.5017,21.0583,21.4669,21.2924,19.8979,16.7728,12.874,9.43067,7.13376,17.0375,15.7231,19.1867,19.4798,19.517,19.8719,19.266,19.0104,17.5382,15.0119,7.13385,17.1223,	
9.52458,17.5308,16.2967,16.1664,16.1212,16.2373,16.2155,16.1551,15.5985,16.7009,11.7069,20,19.9568,19.515,19.5683,19.924,20.1988,20.4879,20.6432,20.7499,16.8201,11.7085,	20,20.5095,21.0724,21.4872,21.2816,19.8226,16.6423,12.716,9.30635,7.08283,17.0054,15.7231,19.1933,19.4877,19.5462,19.8703,19.2735,18.9875,17.4508,14.7713,7.11322,16.9833,	
9.47696,17.5013,16.2395,16.1436,16.0761,16.1912,16.1242,15.9771,15.4807,16.7453,11.6491,20,19.9568,19.515,19.5683,19.886,20.1862,20.4349,20.5561,20.6941,16.9714,11.6555,	20,20.5095,21.0724,21.4951,21.2743,19.7664,16.4814,12.5489,9.20093,7.00504,17.0054,15.7231,19.0973,19.4877,19.5656,19.8757,19.2788,18.9163,17.3786,14.7389,7.01824,16.9932,	
9.38243,17.4609,16.2395,16.0875,16.0089,16.1219,16.0787,15.9336,15.3844,16.7471,11.5499,20,19.9568,19.515,19.5512,19.8894,20.1495,20.4461,20.5241,20.6112,17.1784,11.5502,	20,20.5095,21.0795,21.499,21.2692,19.7317,16.4078,12.4443,9.14466,6.94071,16.9543,15.7231,19.0973,19.4956,19.5656,19.8827,19.2841,18.8918,17.2041,14.7389,6.94293,16.8743,	
9.33551,17.4018,16.2052,16.0195,15.9641,16.099,16.0558,15.8898,15.3458,16.9581,11.5393,20,19.9568,19.515,19.5163,19.8959,20.1369,20.4346,20.5196,20.5816,16.8733,11.5393,	20,20.5095,21.0937,21.5066,21.2609,19.6849,16.3337,12.364,9.0834,6.8829,16.8307,15.7231,19.0973,19.5114,19.5656,19.8896,19.2863,18.8814,17.1645,14.6803,6.8829,16.9135,	
9.28884,17.4018,16.1815,15.9861,15.9413,15.9836,15.8965,15.8009,15.3261,16.8644,11.3764,20,19.9568,19.515,19.4988,19.8793,20.0843,20.408,20.5036,20.5974,16.8648,11.6631,	20,20.5095,21.1008,21.5141,21.2461,19.6255,16.2006,12.2506,8.99042,6.79998,16.872,15.6445,19.0973,19.5005,19.5753,19.908,19.2863,18.8345,17.1401,14.5618,6.79991,16.7877,	
9.1502,17.2911,16.134,15.9412,15.8092,15.9165,15.7864,15.6198,15.2492,16.9054,11.486,20,19.9568,19.515,19.4811,19.7646,20.0699,20.3703,20.4647,20.6113,16.9862,11.4864,	20,20.5095,21.1079,21.5389,21.2188,19.4767,15.9665,12.051,8.87658,6.80153,16.8669,15.5663,18.9847,19.5085,19.6324,19.8099,19.2918,18.783,17.0046,14.5054,6.80492,16.7089,	
9.10445,17.2211,16.1101,15.9184,15.7215,15.8257,15.7424,15.5562,15.1337,16.8682,11.3743,20,19.9568,19.4981,19.4686,19.7319,20.0629,20.3876,20.4394,20.5608,16.9946,11.3745,	20,20.5175,21.1222,21.5522,21.1998,19.4135,15.8643,11.954,8.8053,6.70123,16.6993,15.4884,18.9752,19.5139,19.6515,19.8169,19.2929,18.7589,16.9691,14.3216,6.67428,16.6986,	
9.01363,17.1618,16.0383,15.8273,15.677,15.7579,15.676,15.4921,15.02,16.8912,11.3565,20,19.9568,19.4641,19.4608,19.7231,20.0333,20.3614,20.3309,20.5496,16.8496,11.3834,	20,20.5335,21.1437,21.565,21.1751,19.298,15.7175,11.7794,8.71017,6.56861,16.5634,15.4884,18.8961,19.522,19.661,19.8305,19.2976,18.747,16.9383,14.157,6.56026,16.5847,	
8.96856,17.1326,15.9561,15.8273,15.6334,15.7136,15.6542,15.4505,14.9464,16.8947,11.3767,20,19.9568,19.4297,19.4707,19.7104,20.0219,20.3519,20.3086,20.5209,16.8864,11.3767,	20,20.5416,21.1579,21.574,21.1616,19.2328,15.6148,11.6869,8.64727,6.53265,16.5634,15.4884,18.9043,19.5302,19.6706,19.8296,19.2973,18.7166,16.8864,14.1023,6.53265,16.5847,	
8.92372,17.063,15.9561,15.7829,15.5484,15.6269,15.6325,15.3891,14.8746,16.8083,11.3195,20,19.9568,19.4297,19.4343,19.6768,19.9923,20.3485,20.3203,20.4694,17.0549,11.3195,	20,20.5416,21.172,21.5826,21.1329,19.1409,15.498,11.5755,8.57591,6.48537,16.5634,15.411,18.8872,19.5464,19.6794,19.8484,19.2003,18.7007,16.8229,14.0477,6.49429,16.5847,	
8.92372,17.0338,15.9091,15.7829,15.527,15.6051,15.6325,15.3272,14.8746,16.8158,11.2635,20,19.9424,19.4199,19.4441,19.6844,19.9992,20.3549,20.2818,20.4857,16.967,11.2636,	20,20.5579,21.1861,21.5881,21.1229,19.1141,15.4397,11.5356,8.54294,6.42784,16.4911,15.3339,18.8866,19.5464,19.6794,19.8484,19.2003,18.6687,16.8322,13.993,6.42783,16.574,	
8.92372,17.0338,15.8856,15.6915,15.4838,15.5609,15.6103,15.2856,14.8009,16.894,11.1317,20,19.9424,19.4024,19.4305,19.6712,19.9877,20.3674,20.2786,20.4494,16.8791,11.1396,	20,20.5661,21.2001,21.5959,21.1025,19.0605,15.3671,11.466,8.49111,6.30253,16.4427,15.2573,18.8949,19.5337,19.689,19.8548,19.2003,18.6524,16.7933,13.9528,6.31031,16.4383,	
8.92372,17.0338,15.8616,15.6456,15.4618,15.5167,15.5878,15.202,14.8009,16.6574,11.1275,20,19.9424,19.4024,19.4117,19.675,19.9911,20.3705,20.2093,20.4652,16.7879,11.1367,	20,20.5661,21.2001,21.5985,21.0973,19.0469,15.3093,11.4263,8.43794,6.23544,16.4405,15.1051,18.8767,19.5119,19.6985,19.8548,19.2003,18.603,16.8026,13.8171,6.23346,16.3583,	
8.92372,17.0042,15.8374,15.6231,15.4398,15.4726,15.5424,15.1407,14.782,16.6566,11.1071,20,19.9424,19.4024,19.4117,19.675,19.9687,20.3496,20.1707,20.4519,16.6568,11.1229,	20,20.5661,21.2001,21.5985,21.092,19.0194,15.2516,11.3763,8.38287,6.19035,16.4019,15.0295,18.8767,19.5119,19.6985,19.861,19.1995,18.5699,16.7763,13.71,6.1904,16.3151,	
8.83471,17.0042,15.756,15.6231,15.407,15.4077,15.4546,15.0211,14.7456,16.5652,11.1208,20,19.9424,19.3664,19.4215,19.6823,19.9088,20.3642,20.1488,20.4219,16.5521,11.1302,	20,20.5824,21.2141,21.6033,21.0648,18.9501,15.1511,11.2966,8.30823,6.06256,16.2772,15.0295,18.8936,19.5119,19.6985,19.8792,19.2029,18.5425,16.7493,13.6285,6.14151,16.3582,	
8.61604,16.8809,15.6088,15.478,15.322,15.4077,15.3474,14.8892,14.6574,16.3403,11.2214,20,19.9424,19.3294,19.3361,19.6438,19.9452,20.3445,20.1428,20.3913,16.3931,11.36,	20,20.5989,21.2624,21.6246,21.0067,18.7942,14.9383,11.1183,8.14444,6.07556,16.2772,14.8052,18.8707,19.4578,19.7025,19.8744,19.1078,18.4736,16.5932,13.2734,6.108,16.3582,	
8.445,16.7699,15.5734,15.4228,15.2612,15.366,15.3474,14.8892,14.6237,16.2415,11.2816,20,19.9424,19.3294,19.3167,19.6255,19.9296,20.3533,20.1608,20.4027,16.2415,11.2863,	20,20.5989,21.2692,21.6283,20.9884,18.7513,14.8961,11.0887,8.10569,5.98909,16.2275,14.8052,18.8707,19.4668,19.6141,19.8786,19.1078,18.4736,16.4277,13.1712,5.98909,16.3261,	
8.445,16.7699,15.5734,15.3604,15.2216,15.3043,15.3271,14.8707,14.6237,16.1603,11.2622,20,19.9424,19.3294,19.297,19.6073,19.8908,20.3401,20.1634,20.4255,16.3947,11.2622,	20,20.5989,21.276,21.6318,20.9631,18.68,14.8122,11.0295,8.07128,5.946,16.2275,14.8052,18.8707,19.4758,19.6234,19.8896,19.1138,18.4554,16.4277,13.1712,5.946,16.3261,	
8.36077,16.7008,15.5299,15.2844,15.1821,15.2837,15.2858,14.834,14.5388,16.1421,11.2677,20,19.9424,19.3105,19.2824,19.5924,19.8787,20.301,20.1715,20.4511,16.2698,11.2528,	20,20.6074,21.2895,21.6366,20.9369,18.5937,14.7152,10.9609,8.00789,5.84872,16.2275,14.8052,18.8793,19.3854,19.6335,19.8949,19.0158,18.4402,16.4378,13.0695,5.85686,16.2741,	
8.1948,16.5751,15.4878,15.2295,15.1427,15.2633,15.2656,14.7803,14.4891,16.176,11.256,20,19.9424,19.3105,19.2624,19.5518,19.8891,20.2847,20.1674,20.4102,16.1746,11.2828,	20,20.6074,21.2963,21.6395,20.9166,18.5361,14.6464,10.8927,7.94618,5.87089,16.1473,14.8052,18.7849,19.3949,19.6435,19.9001,18.9203,18.3387,16.301,12.9683,5.87016,16.2569,	
8.15383,16.5751,15.4513,15.1704,15.0654,15.2433,15.2455,14.7451,14.4407,16.1577,11.3147,20,19.9424,19.3105,19.2624,19.5074,19.8956,20.2658,20.1308,20.3405,16.1577,11.3255,	20,20.6074,21.2963,21.6422,20.9027,18.4924,14.5774,10.8153,7.88666,5.88037,16.1473,14.8052,18.7849,19.3949,19.6634,19.9001,18.9183,18.3017,16.2197,12.8928,5.88037,16.1756,	
8.03213,16.5751,15.2918,15.1313,14.9961,15.1646,15.1867,14.7105,14.4245,16.0736,11.2415,20,19.9424,19.2711,19.2728,19.515,19.8552,20.2283,20.1368,20.3388,16.2071,11.2415,	20,20.6242,21.3097,21.6447,20.8739,18.4049,14.481,10.7385,7.8335,5.75575,16.0256,14.8052,18.8032,19.3949,19.659,19.91,18.9138,18.1947,16.2025,12.8426,5.75575,16.0334,	
7.87269,16.532,15.1382,15.1313,14.904,15.085,15.1466,14.6064,14.408,16.2151,11.157,20,19.9424,19.1709,19.2965,19.5111,19.8512,20.2001,20.1065,20.3538,16.2375,11.1574,	20,20.6496,21.3428,21.651,20.8292,18.2725,14.3307,10.6159,7.75049,5.63267,16.0256,14.7312,18.8305,19.4141,19.6408,19.9045,18.8156,18.1574,16.1477,12.7922,5.6325,16.0334,	
7.79416,16.4504,14.9405,15.0907,14.7938,15.065,15.0903,14.5541,14.3745,16.1874,11.0513,20,19.9252,19.0983,19.2964,19.4435,19.858,20.2116,20.142,20.3741,16.4575,11.0626,	20,20.6919,21.3817,21.6579,20.741,18.0964,14.1556,10.4864,7.65893,5.49441,15.9492,14.6575,18.8552,19.4183,19.6807,19.9087,18.8169,18.1375,16.1606,12.7417,5.50534,16.0296,	
7.75519,16.4504,14.8669,15.0508,14.7566,15.0048,15.0298,14.5363,14.3086,16.1935,11.1357,20,19.9252,19.0566,19.2623,19.4603,19.8223,20.1793,20.1835,20.3465,16.3002,11.1357,	20,20.7003,21.407,21.659,20.6907,17.9789,14.0489,10.3948,7.57226,5.47764,15.9891,14.6575,18.8644,19.4478,19.6807,19.9169,18.8094,18.1375,16.1037,12.6455,5.4776,15.9096,	
7.75519,16.4504,14.8669,14.991,14.701,14.9854,15.0097,14.519,14.26,16.2424,11.0678,20,19.9252,19.0566,19.2412,19.4407,19.8287,20.1602,20.1703,20.3033,16.1612,11.0873,	20,20.7003,21.4133,21.6593,20.6734,17.935,14.0088,10.3403,7.52701,5.41142,15.9891,14.5842,18.8644,19.4576,19.6656,19.9169,18.8095,18.1408,16.0183,12.5946,5.41575,15.8572,	
7.71641,16.4069,14.8092,14.9516,14.6823,14.9265,14.9698,14.5013,14.1479,16.311,10.9464,20,19.9078,19.0239,19.2533,19.4527,19.7902,20.1504,20.1996,20.1502,16.311,11.0012,	20,20.7175,21.4319,21.6591,20.6295,17.8473,13.9285,10.2326,7.4547,5.36275,15.9233,14.5842,18.8827,19.4674,19.6656,19.9244,18.8049,18.1408,15.8484,12.5999,5.33629,15.9233,	
7.63944,16.336,14.735,14.8915,14.6081,14.9062,14.9096,14.4656,14.1479,16.3103,10.9698,20,19.9078,18.9607,19.222,19.4485,19.7852,20.1206,20.2141,20.2016,16.3103,10.979,	20,20.7433,21.4622,21.6576,20.5665,17.7158,13.7947,10.1443,7.3888,5.29769,15.8752,14.5113,18.8889,19.487,19.6756,19.9277,18.7976,18.1196,15.8632,12.5481,5.2983,15.8122,	
7.48779,16.2485,14.6622,14.7978,14.5367,14.9062,14.8126,14.4312,14.0549,16.087,11.0352,20,19.9078,18.9393,19.2257,19.3802,19.7976,20.0569,20.215,20.2112,16.193,11.0472,	20,20.7519,21.4682,21.6555,20.5286,17.6136,13.6893,10.065,7.30608,5.27611,15.8095,14.5113,18.8982,19.487,19.7052,19.9277,18.688,18.0975,15.7699,12.3325,5.24972,15.773,	
7.48779,16.2485,14.553,14.7786,14.5187,14.8671,14.7746,14.3966,14.0089,16.1276,10.9895,20,19.9078,18.8962,19.2106,19.3686,19.785,20.0751,20.2071,20.1805,16.1894,10.9895,	20,20.769,21.4859,21.6534,20.4805,17.5405,13.6106,9.9949,7.2517,5.19593,15.7123,14.5113,18.9167,19.497,19.7052,19.9334,18.688,18.0843,15.7127,12.2821,5.19593,15.7739,	
7.41413,16.1552,14.4671,14.7413,14.4672,14.7368,14.7187,14.3625,13.9511,16.0506,10.8856,20,19.9078,18.8753,19.1922,19.3302,19.7261,20.0732,20.2119,20.1369,16.1714,11.0461,	20,20.7772,21.4972,21.6498,20.4151,17.4287,13.4986,9.89579,7.17043,5.1514,15.7123,14.3727,18.8111,19.483,19.7238,19.9393,18.6883,17.9773,15.6429,12.1863,5.12216,15.7739,	
7.34754,16.1319,14.4036,14.7078,14.4349,14.6175,14.6672,14.2865,13.885,16.0103,10.9743,20,19.891,18.8448,19.1814,19.3238,19.717,20.0427,20.1379,20.1102,16.2567,10.9736,	20,20.8004,21.5177,21.644,20.3607,17.3228,13.3592,9.78055,7.08279,5.07548,15.7123,14.2435,18.8376,19.4661,19.7082,19.9415,18.6766,17.8961,15.5656,12.1219,5.07793,15.783,	
7.34754,16.1319,14.344,14.7078,14.4044,14.6015,14.6183,14.2577,13.8595,16.1731,10.8318,20,19.891,18.8448,19.1814,19.3238,19.717,19.9966,20.1203,20.0697,16.1301,10.8319,	20,20.8004,21.5177,21.644,20.3607,17.2973,13.3258,9.74401,7.06036,4.99006,15.7194,14.1832,18.8182,19.4661,19.7082,19.9415,18.665,17.8799,15.5153,12.1369,4.99004,15.6635,	
7.28801,16.1095,14.2866,14.6461,14.4044,14.5396,14.5708,14.2431,13.8217,16.1171,10.7649,20,19.891,18.8083,19.1866,19.3307,19.6595,19.9664,20.1203,20.0532,16.1228,10.8589,	20,20.8074,21.5268,21.6415,20.3265,17.2119,13.2412,9.68167,6.99638,4.97125,15.7194,14.067,18.8262,19.4744,19.6626,19.9449,18.6479,17.7878,15.5045,12.0126,4.96818,15.6635,	
7.23066,16.075,14.2725,14.6167,14.3478,14.5245,14.5112,14.202,13.7747,16.1422,10.8468,20,19.891,18.7901,19.171,19.318,19.6675,19.8893,20.0733,20.022,16.1565,10.8513,	20,20.8143,21.5357,21.6376,20.3011,17.1407,13.1397,9.6019,6.93633,5.01223,15.692,14.067,18.8341,19.4826,19.6705,19.9449,18.6303,17.7151,15.4108,11.9533,5.01409,15.6298,	
7.23066,16.075,14.2467,14.6024,14.308,14.5105,14.4692,14.1642,13.7747,16.1124,10.8734,20,19.891,18.7729,19.1561,19.2866,19.6771,19.8806,20.0662,20.0459,16.1149,10.8734,	20,20.8208,21.544,21.6323,20.2679,17.0834,13.0817,9.56372,6.90409,4.97321,15.692,14.067,18.8417,19.4904,19.6855,19.9438,18.6246,17.6975,15.4108,11.9178,4.97321,15.6298,	
7.20373,16.0421,14.2467,14.6024,14.2818,14.4834,14.4556,14.1395,13.7528,16.0677,10.8318,20,19.891,18.7729,19.1561,19.268,19.6794,19.8634,20.0504,20.034,16.1725,10.8318,	20,20.8208,21.544,21.631,20.2597,17.061,13.0536,9.53907,6.88675,4.95042,15.6412,14.0146,18.8417,19.4702,19.6197,19.9426,18.6188,17.6804,15.3975,11.8991,4.96863,15.6412,	
7.1778,16.0232,14.2225,14.5613,14.2571,14.4569,14.3777,14.1037,13.7209,16.1102,10.8082,20,19.891,18.757,19.1093,19.2803,19.6693,19.82,20.052,19.9998,16.1658,10.8821,	20,20.827,21.5556,21.6255,20.2279,16.975,12.973,9.46873,6.83831,5.00513,15.6128,13.964,18.8486,19.4633,19.6264,19.9426,18.5961,17.6638,15.3348,11.8659,5.00662,15.5572,	
7.15307,15.9746,14.2107,14.5613,14.2332,14.4569,14.353,14.0922,13.6909,16.143,10.8368,20,19.891,18.7411,19.1116,19.2832,19.6715,19.804,20.0368,19.9459,16.121,10.8364,	20,20.833,21.5593,21.6241,20.22,16.9541,12.9468,9.44053,6.81816,5.00714,15.6128,13.964,18.8555,19.4612,19.5588,19.9426,18.5904,17.6476,15.294,11.851,5.00744,15.5572,	
7.08031,15.8973,14.2107,14.5484,14.1973,14.4196,14.3046,14.0699,13.6613,16.1257,10.7965,20,19.891,18.7411,19.1116,19.266,19.6381,19.8127,20.0246,19.9186,16.1257,10.8148,	20,20.833,21.5593,21.6228,20.1969,16.9235,12.9128,9.40756,6.7936,4.99691,15.4875,13.964,18.7917,19.3948,19.5658,19.9444,18.5904,17.5717,15.2543,11.8192,4.99691,15.5241,	
7.05697,15.8808,14.1997,14.524,14.1738,14.396,14.2933,14.0165,13.6334,16.0366,10.8474,20,19.878,18.7334,19.086,19.2603,19.6142,19.8311,20.0426,19.9236,16.0254,10.847,	20,20.8442,21.5731,21.6155,20.152,16.8545,12.8554,9.36525,6.75931,4.95054,15.4462,13.964,18.8049,19.409,19.5715,19.9452,18.5848,17.5756,15.235,11.7367,4.96915,15.5142,	
6.98977,15.8365,14.1555,14.5122,14.1206,14.3733,14.2371,13.9558,13.5889,15.933,10.8603,20,19.878,18.7046,19.09,19.2331,19.6056,19.8259,19.963,19.8821,16.0562,10.8921,	20,20.8552,21.5797,21.6095,20.1153,16.7969,12.7763,9.29902,6.70923,4.97694,15.4549,13.964,18.758,19.4048,19.5845,19.9457,18.5793,17.5155,15.1863,11.5896,4.99105,15.4062,	
6.9678,15.7895,14.1243,14.5006,14.1102,14.3281,14.2052,13.946,13.5718,16.037,10.8439,20,19.878,18.676,19.0795,19.2251,19.5969,19.7859,19.9656,19.9123,16.037,10.9201,	20,20.866,21.5893,21.6032,20.0788,16.7214,12.7068,9.25448,6.68463,5.02199,15.3822,13.964,18.7711,19.4117,19.5908,19.9462,18.5043,17.5037,15.1863,11.559,5.02199,15.4305,	
6.84133,15.6668,14.0409,14.4784,14.0805,14.2963,14.2052,13.9272,13.5718,15.9853,10.8616,20,19.8655,18.6408,19.0726,19.2226,19.5763,19.8053,19.9674,19.9408,16.0758,10.8596,	20,20.8871,21.6047,21.5932,20.021,16.6476,12.6395,9.21148,6.66149,4.94249,15.3822,13.964,18.7397,19.4164,19.5969,19.9468,18.4561,17.4889,15.1402,11.5474,4.94341,15.3988,	
6.82067,15.6118,14.0312,14.4675,14.0418,14.2963,14.2052,13.9272,13.5553,15.9925,10.82,20,19.853,18.6335,19.0623,19.2148,19.584,19.8145,19.9774,19.934,16.0458,10.8838,	20,20.8974,21.6135,21.5863,19.9926,16.6117,12.6105,9.18831,6.64638,4.93096,15.3827,13.964,18.7526,19.4209,19.6023,19.9468,18.4561,17.4889,15.0767,11.5182,4.91661,15.3982,	
6.74093,15.5601,14.0125,14.424,13.9743,14.2658,14.156,13.8913,13.5157,16.0346,10.8526,20,19.853,18.6335,19.0488,19.1721,19.5451,19.7971,19.9471,19.933,16.0145,10.8633,	20,20.8974,21.6164,21.5791,19.9437,16.5327,12.5259,9.12578,6.60746,4.85272,15.3884,13.964,18.7526,19.4274,19.6196,19.947,18.4479,17.446,15.0196,11.4614,4.85413,15.3156,	
6.7022,15.5093,13.9945,14.3937,13.9566,14.2176,14.1372,13.8481,13.508,15.889,10.9035,20,19.853,18.6335,19.0224,19.1622,19.5353,19.7896,19.8902,19.9397,16.0259,10.9079,	20,20.8974,21.6218,21.5736,19.9162,16.4896,12.4644,9.08243,6.57409,4.86636,15.2972,13.964,18.6988,19.4398,19.5686,19.9459,18.448,17.3895,15.0123,11.3783,4.86768,15.3195,	
6.66483,15.4718,13.9481,14.3837,13.9394,14.1801,14.1098,13.8315,13.4933,15.8966,10.8885,20,19.8408,18.6397,19.0241,19.1355,19.5256,19.7821,19.8691,19.9224,16.0089,10.8982,	20,20.9022,21.6244,21.5681,19.8889,16.4473,12.4178,9.0446,6.54997,4.83959,15.2972,13.9248,18.705,19.4398,19.5642,19.9458,18.4425,17.3619,14.9792,11.3331,4.84848,15.2609,	
6.64641,15.4465,13.928,14.3642,13.9225,14.1165,14.1098,13.815,13.4717,15.907,10.8135,20,19.8289,18.6328,19.0275,19.1261,19.4718,19.7958,19.8702,19.9077,16.0022,10.8442,	20,20.9117,21.6296,21.5642,19.8417,16.389,12.372,9.00358,6.52417,4.81867,15.2415,13.8478,18.6906,19.4377,19.5642,19.9447,18.4508,17.3483,14.9301,11.2936,4.80497,15.2748,	
6.62844,15.4465,13.9027,14.3434,13.9057,14.09,14.1098,13.7745,13.4503,15.9737,10.8303,20,19.8289,18.6074,19.0307,19.1169,19.4482,19.8048,19.8501,19.8736,15.9825,10.8518,	20,20.921,21.6346,21.5583,19.8152,16.3482,12.3273,8.9638,6.49974,4.83177,15.2415,13.8478,18.7026,19.4377,19.5167,19.9444,18.3953,17.3418,14.8821,11.2549,4.84182,15.2467,	
6.57612,15.4108,13.8755,14.2861,13.8816,14.0557,14.0924,13.7666,13.4225,15.8884,10.8508,20,19.8289,18.595,19.0074,19.1103,19.4269,19.7998,19.8676,19.8411,15.9024,10.8583,	20,20.9255,21.6395,21.5503,19.7824,16.2924,12.2836,8.9252,6.47152,4.79754,15.2422,13.8112,18.6957,19.3922,19.4739,19.944,18.3843,17.3445,14.8349,11.1504,4.81447,15.2459,	
6.57612,15.4108,13.8676,14.2771,13.8658,14.0557,14.0839,13.7438,13.4158,15.8862,10.8676,20,19.8289,18.595,19.0074,19.0967,19.4287,19.7866,19.8406,19.8349,15.8448,10.8676,	20,20.9255,21.6395,21.5503,19.7759,16.2766,12.2589,8.90623,6.45776,4.80142,15.2241,13.8112,18.6957,19.3922,19.4739,19.9436,18.3789,17.3208,14.8194,11.1234,4.814,15.2241,	
6.54252,15.4108,13.8259,14.2398,13.8503,14.0557,14.0756,13.729,13.4025,15.8894,10.846,20,19.8289,18.5829,19.0089,19.0856,19.4321,19.7753,19.8167,19.8151,15.8894,10.8616,	20,20.9298,21.6418,21.5464,19.7631,16.2534,12.2288,8.88037,6.44281,4.8124,15.1849,13.8112,18.7014,19.3922,19.4792,19.8915,18.3735,17.2949,14.7512,11.1183,4.8124,15.2241,	
6.46054,15.3546,13.7775,14.1668,13.8351,14.0394,14.0511,13.7071,13.3896,15.8399,10.8152,20,19.8177,18.5526,18.9668,19.1036,19.432,19.7757,19.7948,19.8315,15.914,10.8151,	20,20.9342,21.6552,21.5302,19.7062,16.185,12.1525,8.83011,6.41394,4.80947,15.1666,13.7766,18.6478,19.3721,19.4896,19.8899,18.3735,17.2438,14.7608,11.0713,4.8096,15.1276,	
6.44458,15.3434,13.7775,14.1478,13.8351,14.0075,14.0511,13.6999,13.3768,15.8695,10.8121,20,19.8177,18.5526,18.9668,19.1036,19.3921,19.7804,19.802,19.8386,15.8429,10.813,	20,20.9342,21.6552,21.5302,19.6875,16.1626,12.1353,8.81962,6.40633,4.79319,15.1666,13.7424,18.6478,19.3721,19.4896,19.8884,18.3735,17.2352,14.7608,11.021,4.79404,15.1175,	
6.429,15.3322,13.763,14.1292,13.8277,13.9918,14.0195,13.6928,13.3768,15.8295,10.8278,20,19.8177,18.5526,18.9668,19.1036,19.3789,19.74,19.7966,19.8503,15.8278,10.8105,	20,20.9342,21.6552,21.5302,19.6813,16.133,12.1071,8.8024,6.39421,4.76847,15.1469,13.7424,18.6478,19.3721,19.4425,19.888,18.3572,17.2255,14.7734,11.0023,4.78291,15.1452,	
6.429,15.3215,13.763,14.1132,13.8133,13.9767,13.9965,13.6721,13.3707,15.7771,10.8503,20,19.8177,18.5526,18.9668,19.091,19.3678,19.7158,19.7619,19.8657,15.8131,10.8543,	20,20.9342,21.6552,21.5282,19.6691,16.104,12.0687,8.77891,6.37966,4.79343,15.1462,13.7424,18.6478,19.3721,19.4474,19.8864,18.3466,17.1888,14.7819,10.9693,4.79357,15.1094,	
6.41391,15.2901,13.7494,14.1132,13.7924,13.9767,13.9891,13.6721,13.353,15.769,10.8435,20,19.8177,18.5413,18.9681,19.0682,19.3728,19.7069,19.7709,19.8589,15.7692,10.9104,	20,20.9382,21.6573,21.5221,19.651,16.0754,12.0471,8.76244,6.36723,4.78603,15.1462,13.7424,18.6095,19.3721,19.4572,19.8864,18.3413,17.1888,14.7677,10.9634,4.78602,15.1094,	
6.41391,15.2901,13.7494,14.1057,13.772,13.9552,13.9819,13.6592,13.2952,15.7431,10.8947,20,19.8177,18.5413,18.9569,19.0581,19.3761,19.71,19.7752,19.743,15.7296,10.8999,	20,20.9382,21.6593,21.518,19.639,16.0614,12.0364,8.73015,6.34884,4.80533,15.1272,13.6788,18.5868,19.3774,19.462,19.8864,18.3413,17.1888,14.6567,10.9295,4.80444,15.0918,	
6.35558,15.2597,13.7195,14.0983,13.7187,13.9411,13.9465,13.6275,13.2841,15.6984,10.8973,20,19.8177,18.5193,18.9595,19.0501,19.356,19.6784,19.7506,19.7389,15.7428,10.9135,	20,20.9461,21.6632,21.512,19.6212,16.006,11.9838,8.6893,6.32524,4.78983,15.078,13.6788,18.5976,19.3774,19.4222,19.8854,18.2733,17.1261,14.6243,10.8507,4.80054,15.1066,	
6.35558,15.2597,13.7068,14.0983,13.7059,13.9411,13.9396,13.6275,13.2787,15.6892,10.8697,20,19.8177,18.5084,18.9608,19.0401,19.3591,19.6686,19.7569,19.7457,15.7154,10.9199,	20,20.95,21.6651,21.5079,19.6094,15.9856,11.9682,8.68007,6.3203,4.78579,15.0927,13.6788,18.6029,19.3774,19.427,19.8854,18.2681,17.1261,14.6243,10.8405,4.77509,15.0677,	
6.31339,15.2202,13.6753,14.0739,13.687,13.9208,13.9396,13.6275,13.268,15.6916,10.8839,20,19.8177,18.4764,18.9535,19.0364,19.3546,19.6777,19.769,19.7449,15.6866,10.8887,	20,20.9576,21.6726,21.4978,19.5744,15.9454,11.9378,8.65901,6.30943,4.76172,15.0633,13.6788,18.531,19.3876,19.4314,19.8848,18.2681,17.0882,14.611,10.8288,4.76258,15.0299,	
6.28586,15.1912,13.641,14.0597,13.687,13.9074,13.9195,13.6093,13.2471,15.6075,10.9149,20,19.8177,18.4449,18.9569,19.0424,19.3353,19.6475,19.7713,19.7085,15.6751,10.9167,	20,20.9614,21.678,21.4917,19.5455,15.8993,11.8979,8.62366,6.2869,4.78635,15.049,13.6788,18.4958,19.3975,19.4314,19.8834,18.2579,17.0769,14.5589,10.7597,4.78638,15.0113,	
6.24517,15.1534,13.6076,14.0529,13.6231,13.9009,13.9195,13.5859,13.2318,15.5904,10.9187,20,19.7977,18.4343,18.9505,18.9831,19.3513,19.6638,19.779,19.722,15.5982,10.9467,	20,20.9725,21.6866,21.4708,19.4824,15.828,11.8391,8.58626,6.265,4.75949,14.9793,13.6788,18.5117,19.4055,19.4535,19.8787,18.2184,17.0656,14.546,10.7004,4.75984,15.0071,	
6.23192,15.1165,13.5962,14.0462,13.6117,13.882,13.9132,13.5859,13.2221,15.5295,10.9281,20,19.7977,18.424,18.9515,18.9738,19.3424,19.6682,19.7846,19.7012,15.548,10.9167,	20,20.9761,21.6883,21.4687,19.4655,15.8089,11.8247,8.57221,6.25497,4.72633,14.9324,13.6788,18.517,19.4036,19.4535,19.877,18.2219,17.0656,14.5207,10.6627,4.74005,14.9684,	
6.20576,15.0889,13.5695,14.0462,13.6004,13.882,13.9132,13.5634,13.2123,15.5368,10.8719,20,19.7878,18.429,18.9525,18.9646,19.345,19.671,19.7492,19.6989,15.5403,10.9184,	20,20.9798,21.6899,21.4645,19.4543,15.7963,11.801,8.55562,6.24578,4.69472,14.9324,13.6788,18.5222,19.3629,19.4578,19.877,18.2219,17.0326,14.5135,10.6522,4.69483,14.9684,	
6.19285,15.0889,13.5583,14.0233,13.5891,13.8634,13.9006,13.5356,13.1977,15.4984,10.9145,20,19.7878,18.429,18.9321,18.9576,19.3489,19.6514,19.7204,19.6892,15.5571,10.9153,	20,20.9798,21.6931,21.4581,19.4377,15.7652,11.7637,8.52852,6.23079,4.69388,14.9479,13.6788,18.5222,19.3726,19.4619,19.876,18.2118,16.9999,14.4939,10.6512,4.69382,14.9219,	
6.15497,15.0622,13.5268,14.0009,13.5724,13.8451,13.9006,13.5248,13.1646,15.5222,10.9017,20,19.7878,18.3991,18.925,18.9655,19.3427,19.6585,19.7047,19.6509,15.5533,10.9004,	20,20.9903,21.6994,21.4497,19.4103,15.7344,11.7317,8.50205,6.21514,4.67875,14.9479,13.6788,18.5373,19.3774,19.422,19.8714,18.1747,16.9785,14.4573,10.6229,4.68032,14.8702,	
6.12998,15.0441,13.4905,13.9883,13.567,13.8391,13.8945,13.5248,13.1554,15.4952,10.8619,20,19.7878,18.3793,18.9269,18.9585,19.3353,19.6523,19.7144,19.6616,15.5377,10.8883,	20,20.9937,21.7024,21.4433,19.3886,15.704,11.7092,8.48902,6.20627,4.64515,14.8885,13.6788,18.5423,19.3821,19.4261,19.8294,18.1731,16.9785,14.4573,10.5962,4.64086,14.8584,	
6.12998,15.0357,13.4852,13.9758,13.5616,13.8213,13.8763,13.5248,13.1461,15.477,10.8662,20,19.7878,18.3695,18.9278,18.9604,19.3256,19.6321,19.7218,19.6441,15.5242,10.9107,	20,20.9971,21.7039,21.4412,19.3778,15.6801,11.6915,8.47368,6.19513,4.64176,14.8885,13.6515,18.5472,19.3821,19.4147,19.8285,18.1632,16.9785,14.4334,10.5689,4.64385,14.8584,	
6.12998,15.0275,13.4852,13.9574,13.5509,13.8038,13.8763,13.5248,13.1416,15.4995,10.8733,20,19.7878,18.3695,18.918,18.9623,19.2943,19.6374,19.729,19.6398,15.5219,10.8734,	20,20.9971,21.7053,21.4391,19.3565,15.6565,11.6739,8.46108,6.18959,4.63418,14.8885,13.6245,18.5375,19.3867,19.4147,19.8258,18.1632,16.9785,14.4217,10.5689,4.63415,14.8584,	
6.09406,15.0275,13.4269,13.9514,13.5352,13.798,13.8587,13.5092,13.1283,15.4991,10.864,20,19.7878,18.3312,18.9118,18.9506,19.2928,19.6475,19.7191,19.6355,15.521,10.9427,	20,21.0105,21.7124,21.4263,19.3143,15.61,11.6309,8.43144,6.17259,4.63792,14.8885,13.6245,18.5206,19.3895,19.4186,19.8239,18.1301,16.9577,14.4089,10.5473,4.6486,14.8584,	
6.08228,15.0196,13.4172,13.9396,13.5149,13.7924,13.8587,13.4848,13.1198,15.493,10.9151,20,19.7878,18.3123,18.9038,18.9456,19.2978,19.6525,19.6905,19.6248,15.4968,10.9151,	20,21.0138,21.7165,21.4198,19.2934,15.5869,11.6012,8.40961,6.16004,4.63578,14.8885,13.6245,18.5254,19.3968,19.4186,19.8229,18.1301,16.9268,14.3954,10.5219,4.63578,14.8584,	
6.03594,14.9867,13.384,13.8863,13.4897,13.7812,13.836,13.4848,13.107,15.4783,10.9379,20,19.7878,18.2842,18.8776,18.9358,19.3076,19.6403,19.7087,19.6203,15.452,10.9402,	20,21.0235,21.7245,21.4024,19.252,15.53,11.5595,8.38108,6.14196,4.63593,14.8885,13.5725,18.5303,19.3731,19.4151,19.8221,18.1226,16.9298,14.3725,10.472,4.64229,14.8301,	
6.0018,14.9529,13.3654,13.8581,13.475,13.7595,13.8027,13.4508,13.082,15.4383,10.8735,20,19.7878,18.2842,18.8493,18.9206,19.2927,19.6164,19.7024,19.6081,15.5208,10.8861,	20,21.0235,21.7283,21.3915,19.2211,15.4741,11.5104,8.34625,6.12343,4.61196,14.8409,13.5214,18.5116,19.3864,19.4225,19.7821,18.1053,16.9118,14.3014,10.4659,4.59663,14.8414,	
5.99062,14.9453,13.347,13.8525,13.4652,13.7433,13.7918,13.4508,13.0696,15.4882,10.8405,20,19.7878,18.275,18.8408,18.9037,19.287,19.6118,19.7126,19.5962,15.4887,10.9137,	20,21.0267,21.7308,21.3827,19.1954,15.441,11.4861,8.32805,6.11277,4.59423,14.8411,13.5214,18.5162,19.3547,19.4281,19.781,18.1004,16.914,14.2791,10.4417,4.59425,14.8134,	
5.99062,14.9377,13.3425,13.8252,13.4509,13.7167,13.7702,13.4365,13.0532,15.478,10.8905,20,19.7878,18.275,18.8224,18.8872,19.2711,19.5871,19.7042,19.5829,15.4588,10.9107,	20,21.0267,21.7319,21.3738,19.1648,15.3919,11.4424,8.2968,6.09539,4.61137,14.8411,13.5214,18.5162,19.359,19.4389,19.7782,18.0887,16.8939,14.2461,10.4018,4.61396,14.8134,	
5.97971,14.9067,13.3335,13.8092,13.4276,13.7116,13.7545,13.4226,13.0493,15.4537,10.8873,20,19.7878,18.266,18.805,18.8625,19.2676,19.5641,19.6974,19.5954,15.4914,10.9777,	20,21.0298,21.7354,21.3605,19.1343,15.3381,11.3955,8.26844,6.08109,4.67931,14.8411,13.5214,18.5208,19.3325,19.4493,19.7759,18.0688,16.8739,14.2352,10.3704,4.66463,14.8134,	
5.97971,14.8995,13.3291,13.7934,13.4094,13.6963,13.7442,13.4135,13.026,15.4856,10.8871,20,19.7878,18.266,18.7869,18.856,19.2407,19.5716,19.6954,19.5622,15.477,10.8826,	20,21.0298,21.7366,21.3538,19.1039,15.3061,11.3686,8.24706,6.07035,4.64545,14.8411,13.4726,18.5028,19.3369,19.4562,19.7723,18.0719,16.864,14.2029,10.3394,4.65057,14.8134,	
5.93699,14.8995,13.3159,13.7638,13.3826,13.6626,13.7339,13.3729,13.0182,15.383,10.9006,20,19.7878,18.2571,18.7788,18.8399,19.2352,19.5671,19.6378,19.5628,15.4857,10.9231,	20,21.0298,21.7377,21.3448,19.0789,15.2746,11.327,8.21776,6.0539,4.64959,14.8411,13.4245,18.4938,19.3412,19.421,19.7705,18.0669,16.8149,14.1526,10.2786,4.662,14.8136,	
5.9265,14.8836,13.3117,13.7587,13.3782,13.6577,13.7289,13.3597,13.0107,15.4541,10.8752,20,19.7878,18.2483,18.7797,18.8319,19.2275,19.5707,19.6316,19.5473,15.4415,10.8825,	20,21.0328,21.7387,21.3403,19.064,15.259,11.3158,8.20748,6.04881,4.63131,14.8411,13.4245,18.4983,19.3412,19.3901,19.7692,18.0677,16.8149,14.1316,10.2637,4.63273,14.7956,	
5.9265,14.8766,13.3074,13.7537,13.3737,13.643,13.7188,13.3553,12.9994,15.4665,10.8466,20,19.7878,18.2397,18.7717,18.8257,19.2209,19.5548,19.6305,19.5491,15.4733,10.9139,	20,21.0358,21.7408,21.3336,19.0443,15.2281,11.29,8.19132,6.04141,4.62498,14.8411,13.4245,18.5027,19.3454,19.3934,19.768,18.0608,16.8052,14.1212,10.2626,4.6504,14.7956,	
5.9162,14.8541,13.2989,13.7487,13.3694,13.6333,13.7138,13.3553,12.992,15.4473,10.8674,20,19.7878,18.2397,18.7717,18.8163,19.2026,19.5481,19.6369,19.5566,15.4743,10.8665,	20,21.0358,21.7408,21.3313,19.0296,15.2077,11.2755,8.18334,6.03782,4.63786,14.8207,13.4011,18.4939,19.3454,19.3631,19.7655,18.0559,16.8148,14.1212,10.2553,4.63045,14.816,	
5.89594,14.825,13.2947,13.7302,13.3607,13.6237,13.7138,13.3381,12.9809,15.4863,10.8335,20,19.7793,18.2356,18.7733,18.8102,19.2058,19.5515,19.5986,19.5468,15.4873,10.8199,	20,21.0417,21.7429,21.3246,19.0151,15.1925,11.2539,8.16571,6.03018,4.63436,14.7675,13.378,18.4939,19.3454,19.3665,19.7655,18.0249,16.7862,14.0953,10.2408,4.63485,14.7929,	
5.89594,14.8182,13.2947,13.7104,13.3607,13.6189,13.6991,13.3252,12.959,15.4742,10.8041,20,19.7793,18.2356,18.7562,18.8135,19.2078,19.5339,19.5838,19.513,15.4797,10.8462,	20,21.0417,21.7448,21.3202,19.0055,15.1725,11.2326,8.14647,6.02148,4.63517,14.7799,13.3553,18.4939,19.3535,19.3563,19.7648,18.0152,16.7695,14.055,10.2193,4.63497,14.7553,	
5.84639,14.7747,13.2656,13.6779,13.3438,13.6048,13.6942,13.3041,12.9518,15.4582,10.8373,20,19.7793,18.2189,18.7408,18.8014,19.1858,19.5341,19.5787,19.5123,15.4582,10.9028,	20,21.0474,21.7487,21.3067,18.9625,15.123,11.1906,8.12011,6.00918,4.63553,14.7594,13.3553,18.5025,19.3601,19.3303,19.7609,18.0156,16.727,14.0396,10.1841,4.64196,14.7589,	
5.80757,14.7747,13.2371,13.6601,13.3146,13.5955,13.6894,13.2632,12.9273,15.438,10.8638,20,19.7793,18.2024,18.7423,18.7955,19.1703,19.5394,19.5345,19.4863,15.4674,10.8729,	20,21.0531,21.7505,21.3022,18.9388,15.0986,11.1562,8.09436,5.99796,4.63516,14.7225,13.3108,18.4716,19.3487,19.3303,19.7568,18.0185,16.6859,13.9814,10.1563,4.65023,14.722,	
5.78832,14.7599,13.2167,13.6507,13.2982,13.591,13.6753,13.2512,12.9168,15.4449,10.8316,20,19.7793,18.1941,18.7347,18.7805,19.1744,19.5243,19.534,19.4662,15.4667,10.882,	20,21.0531,21.7523,21.2932,18.9201,15.0743,11.1324,8.07633,5.99035,4.64365,14.7225,13.2667,18.4324,19.3466,19.3049,19.7561,18.0158,16.6676,13.9522,10.1357,4.65841,14.722,	
5.77887,14.7534,13.2011,13.6195,13.2901,13.5729,13.6613,13.2472,12.9066,15.4264,10.8325,20,19.7793,18.1779,18.7362,18.7657,19.1692,19.501,19.5468,19.4589,15.4154,10.8425,	20,21.0586,21.7541,21.2842,18.8967,15.0406,11.1055,8.05862,5.98118,4.63028,14.6982,13.2017,18.441,19.3266,19.3001,19.754,18.0061,16.6586,13.9329,10.0787,4.63183,14.7223,	
5.7322,14.6952,13.1738,13.6149,13.2901,13.5596,13.6475,13.2316,12.9066,15.4061,10.825,20,19.7793,18.1537,18.73,18.772,19.164,19.5064,19.5239,19.4727,15.4509,10.853,	20,21.0669,21.7575,21.2751,18.8736,15.0168,11.079,8.04467,5.97545,4.62551,14.6982,13.2017,18.4238,19.3306,19.3001,19.7482,17.9767,16.6315,13.8968,10.0654,4.6138,14.7223,	
5.7322,14.6952,13.1662,13.6059,13.2821,13.5508,13.6384,13.2316,12.9032,15.4262,10.8136,20,19.7793,18.1457,18.7225,18.7662,19.1579,19.5012,19.5318,19.4706,15.4547,10.8141,	20,21.0696,21.7591,21.2683,18.8552,14.9932,11.0626,8.03438,5.972,4.61303,14.6971,13.2017,18.428,19.3345,19.3032,19.7468,17.972,16.6315,13.8874,10.0654,4.62837,14.6759,	
5.72307,14.681,13.1586,13.5969,13.2663,13.5464,13.6294,13.2238,12.8898,15.451,10.7928,20,19.7793,18.1377,18.715,18.7518,19.1528,19.4971,19.521,19.4736,15.4527,10.7966,	20,21.0696,21.7608,21.2593,18.8323,14.9651,11.0368,8.01919,5.96502,4.5968,14.6971,13.2017,18.3987,19.3423,19.3095,19.7454,17.9693,16.618,13.8781,10.0562,4.5973,14.6746,	
5.71403,14.681,13.1549,13.58,13.2663,13.5247,13.6159,13.197,12.8732,15.4549,10.8331,20,19.7793,18.1377,18.715,18.7518,19.1174,19.4734,19.4921,19.44,15.4777,10.841,	20,21.0696,21.7608,21.2593,18.8142,14.9328,11.0019,7.99274,5.95425,4.65312,14.6971,13.2017,18.3987,19.3423,19.3095,19.7396,17.9606,16.5848,13.8319,10.021,4.65671,14.6746,	
5.68724,14.6609,13.1396,13.5592,13.2624,13.4994,13.6029,13.1896,12.8637,15.4616,10.8304,20,19.7793,18.1377,18.6909,18.7477,19.0952,19.4711,19.4945,19.4343,15.4595,10.8743,	20,21.0696,21.7631,21.2502,18.7826,14.8961,10.9736,7.97494,5.94734,4.66177,14.691,13.181,18.3987,19.344,19.2825,19.7352,17.9559,16.5761,13.7918,9.99561,4.66352,14.6578,	
5.66959,14.6549,13.1129,13.5507,13.2473,13.4953,13.6029,13.1749,12.8573,15.4077,10.8343,20,19.7793,18.1377,18.683,18.7321,19.0982,19.4741,19.4893,19.4205,15.4159,10.8823,	20,21.0696,21.7638,21.2433,18.7691,14.8825,10.9612,7.96537,5.9424,4.65739,14.691,13.1196,18.3743,19.3477,19.2886,19.7352,17.9559,16.5674,13.7523,9.96425,4.65729,14.6196,	
5.66084,14.6294,13.1094,13.5382,13.2436,13.4953,13.5944,13.1749,12.8511,15.409,10.8305,20,19.7714,18.1418,18.6758,18.7266,19.1011,19.4679,19.4953,19.417,15.4057,10.8289,	20,21.0722,21.7653,21.2365,18.7558,14.8645,10.9489,7.95752,5.93969,4.63903,14.691,13.1196,18.3784,19.3514,19.2917,19.7345,17.9511,16.5695,13.7222,9.95805,4.64059,14.6043,	
5.6436,14.6157,13.1094,13.5215,13.2283,13.4871,13.5816,13.1677,12.8417,15.3893,10.8116,20,19.7714,18.1418,18.6601,18.7295,19.103,19.452,19.5012,19.3937,15.4316,10.8097,	20,21.0722,21.7667,21.232,18.747,14.8468,10.9368,7.94664,5.92654,4.63275,14.6285,13.1196,18.3784,19.2999,19.2918,19.7345,17.9417,16.5695,13.6959,9.93968,4.62744,14.6445,	
5.63508,14.6099,13.0954,13.5013,13.2246,13.4748,13.5731,13.1605,12.8354,15.4253,10.7751,20,19.7714,18.1266,18.6538,18.7254,19.0898,19.4577,19.4907,19.3972,15.4393,10.8101,	20,21.0773,21.7688,21.223,18.7207,14.8204,10.9128,7.93282,5.92152,4.61817,14.6285,13.0997,18.3865,19.2929,19.2948,19.7308,17.9444,16.5573,13.6871,9.92757,4.62308,14.6374,	
5.61812,14.5906,13.0772,13.4849,13.2172,13.4627,13.5521,13.1354,12.8105,15.4112,10.7687,20,19.7714,18.119,18.6391,18.7015,19.0683,19.429,19.4688,19.392,15.47,10.7784,	20,21.0798,21.7708,21.2139,18.6945,14.7723,10.8683,7.90571,5.91168,4.60967,14.6264,13.08,18.3826,19.27,19.2977,19.7278,17.9263,16.5275,13.6612,9.92502,4.61414,14.5874,	
5.60972,14.5906,13.0626,13.4768,13.2063,13.4587,13.5314,13.1248,12.8044,15.4355,10.7613,20,19.7714,18.119,18.6314,18.6865,19.0711,19.4056,19.4679,19.3934,15.4355,10.7913,	20,21.0798,21.7715,21.2071,18.6814,14.7464,10.8479,7.89388,5.90621,4.60177,14.6264,13.08,18.3826,19.2737,19.3034,19.7278,17.9142,16.5212,13.6322,9.90113,4.6018,14.5874,	
5.60972,14.585,13.0491,13.4688,13.1991,13.4507,13.5314,13.1179,12.7985,15.3664,10.7746,20,19.7714,18.1115,18.6245,18.6812,19.0738,19.4086,19.4628,19.3803,15.3891,10.8383,	20,21.0823,21.7728,21.2003,18.6684,14.7336,10.8364,7.88515,5.90022,4.59598,14.5824,13.08,18.3866,19.2761,19.3062,19.7278,17.9142,16.5128,13.6153,9.85998,4.60081,14.603,	
5.60972,14.5794,13.0392,13.4688,13.192,13.439,13.5193,13.1042,12.7837,15.3765,10.7596,20,19.7714,18.1041,18.6252,18.6826,19.0583,19.4029,19.4497,19.361,15.3772,10.7856,	20,21.0848,21.7734,21.1981,18.6555,14.7166,10.8192,7.87365,5.89466,4.57761,14.5699,13.08,18.3906,19.2748,19.3062,19.7247,17.9095,16.4962,13.5985,9.83683,4.58892,14.5942,	
5.60156,14.5794,13.0251,13.4649,13.185,13.4273,13.5193,13.1008,12.7837,15.3725,10.7834,20,19.7714,18.1041,18.6177,18.676,19.0438,19.4067,19.4461,19.3689,15.3727,10.7877,	20,21.0848,21.774,21.1936,18.6384,14.6998,10.8051,7.86655,5.89147,4.58858,14.5699,13.08,18.3906,19.2784,19.3089,19.7215,17.9115,16.464,13.6027,9.82536,4.58864,14.5942,	
5.57735,14.5794,13.0111,13.4497,13.1671,13.4158,13.5154,13.0974,12.7837,15.3499,10.771,20,19.7714,18.0968,18.611,18.6628,19.0393,19.4112,19.453,19.3767,15.3648,10.7632,	20,21.0872,21.7746,21.1846,18.6173,14.6789,10.7912,7.85953,5.88787,4.57501,14.5494,13.061,18.3944,19.2772,19.317,19.72,17.9045,16.4403,13.583,9.80836,4.57777,14.5725,	
5.56141,14.5665,13.0047,13.4381,13.1567,13.3932,13.4995,13.084,12.7692,15.3455,10.7684,20,19.7714,18.0822,18.5976,18.6604,19.0197,19.3932,19.4588,19.3576,15.352,10.7875,	20,21.0921,21.7763,21.1733,18.5836,14.6377,10.7608,7.83742,5.87865,4.57633,14.5494,13.0423,18.3945,19.2532,19.3224,19.7152,17.8979,16.4342,13.5421,9.78036,4.58777,14.5725,	
5.51405,14.5408,12.9603,13.4194,13.1296,13.382,13.4686,13.0774,12.755,15.3417,10.7777,20,19.7714,18.0677,18.5916,18.6331,19.01,19.3596,19.4679,19.3531,15.3745,10.7921,	20,21.0969,21.778,21.1574,18.5458,14.5846,10.72,7.81306,5.86892,4.57814,14.5494,13.0237,18.3946,19.2567,19.3055,19.7107,17.8539,16.3756,13.5178,9.77228,4.57675,14.5449,	
5.50629,14.5281,12.9572,13.4156,13.1263,13.3747,13.4572,13.0774,12.7466,15.3406,10.7777,20,19.7714,18.0677,18.5844,18.6345,18.995,19.354,19.4729,19.3408,15.3744,10.7794,	20,21.0969,21.7785,21.1551,18.5332,14.5685,10.7092,7.80509,5.8656,4.5718,14.5483,13.0237,18.3946,19.2603,19.3055,19.6797,17.8519,16.3756,13.5017,9.76127,4.57165,14.5241,	
5.50629,14.5228,12.9542,13.4119,13.1099,13.3747,13.4535,13.0774,12.7383,15.3536,10.7792,20,19.7714,18.0605,18.5778,18.614,18.9994,19.3502,19.4803,19.3411,15.3673,10.7801,	20,21.0992,21.7796,21.146,18.5125,14.5445,10.6933,7.79592,5.86176,4.56982,14.5483,13.0237,18.3984,19.2638,19.3106,19.6781,17.8493,16.3756,13.4938,9.75036,4.5737,14.5241,	
5.50629,14.5228,12.945,13.4119,13.1066,13.3747,13.446,13.0645,12.7328,15.3431,10.7695,20,19.7714,18.0535,18.5785,18.6078,19.0011,19.3438,19.475,19.3291,15.3552,10.7778,	20,21.1016,21.7801,21.1415,18.5043,14.5326,10.6827,7.78815,5.85757,4.55229,14.5483,13.0237,18.4021,19.2638,19.3132,19.6775,17.8447,16.3677,13.484,9.72879,4.55578,14.5241,	
5.46088,14.468,12.9197,13.3974,13.0906,13.353,13.4277,13.0519,12.7032,15.3415,10.7821,20,19.7641,18.029,18.5674,18.5944,19.0016,19.3537,19.453,19.2804,15.3655,10.788,	20,21.1131,21.7835,21.1188,18.4592,14.4894,10.6436,7.75887,5.84567,4.54665,14.5202,13.0058,18.4133,19.2442,19.3207,19.6488,17.8447,16.3363,13.4213,9.68862,4.54756,14.5147,	
5.4534,14.4557,12.9138,13.3938,13.0842,13.3318,13.4167,13.0519,12.6952,15.3233,10.7539,20,19.7641,18.029,18.5604,18.5882,18.9878,19.333,19.4615,19.2827,15.3535,10.7825,	20,21.1131,21.7839,21.1142,18.447,14.4661,10.6256,7.74891,5.84022,4.53175,14.5051,13.0058,18.4133,19.2213,19.323,19.6471,17.8309,16.3285,13.4196,9.6624,4.53557,14.4764,	
5.43857,14.4507,12.9007,13.3867,13.081,13.3248,13.4023,13.0323,12.69,15.2989,10.7455,20,19.7641,18.0221,18.554,18.5908,18.9894,19.3107,19.4499,19.285,15.3069,10.8086,	20,21.1154,21.7848,21.1097,18.4389,14.4468,10.6103,7.73904,5.83465,4.52235,14.4815,12.9881,18.4096,19.2248,19.323,19.6471,17.8172,16.3207,13.4041,9.62855,4.52245,14.4802,	
5.43857,14.4507,12.9007,13.3796,13.0716,13.3213,13.3987,13.0292,12.6874,15.2968,10.7667,20,19.7641,18.0221,18.547,18.5847,18.9834,19.3134,19.4534,19.2808,15.274,10.7669,	20,21.1154,21.7853,21.1052,18.4267,14.4353,10.6027,7.73416,5.83252,4.50757,14.4619,12.9881,18.4096,19.2283,19.3254,19.6455,17.8172,16.3207,13.3965,9.62852,4.50753,14.4803,	
5.43128,14.4507,12.8907,13.3761,13.0623,13.3144,13.3775,13.0169,12.6796,15.2806,10.7434,20,19.7641,18.0221,18.547,18.5773,18.9766,19.2915,19.4334,19.2755,15.3159,10.7641,	20,21.1154,21.7853,21.1029,18.4187,14.4163,10.5827,7.72212,5.82718,4.50041,14.4505,12.9881,18.4096,19.2283,19.3278,19.6439,17.8036,16.2997,13.3852,9.6273,4.49589,14.4723,	
5.41687,14.4457,12.878,13.362,13.0623,13.311,13.3705,13.0049,12.677,15.2827,10.7347,20,19.7641,18.0085,18.5414,18.5811,18.979,19.2786,19.422,19.2862,15.2992,10.7536,	20,21.1198,21.7865,21.0962,18.4067,14.3975,10.5655,7.71381,5.8231,4.47393,14.439,12.9881,18.4168,19.2317,19.3021,19.6439,17.7946,16.2845,13.3852,9.62607,4.46872,14.4646,	
5.40969,14.4457,12.8567,13.362,13.0561,13.3075,13.353,12.9988,12.664,15.2661,10.7108,20,19.7641,18.0017,18.542,18.5751,18.9731,19.2735,19.418,19.2587,15.3345,10.7099,	20,21.122,21.7869,21.0917,18.3948,14.3862,10.5532,7.70323,5.81789,4.47002,14.4401,12.9366,18.406,19.2234,19.3045,19.6422,17.7946,16.2694,13.3552,9.62097,4.47001,14.4443,	
5.40259,14.4408,12.8567,13.3376,13.0499,13.2972,13.346,12.9957,12.6536,15.2785,10.6835,20,19.7571,18.0053,18.529,18.5716,18.9541,19.2721,19.4269,19.245,15.3728,10.6855,	20,21.1242,21.7877,21.0828,18.3671,14.3565,10.5338,7.6905,5.81233,4.46947,14.4314,12.9196,18.4024,19.2015,19.3092,19.6373,17.7901,16.2694,13.333,9.61597,4.46548,14.434,	
5.38145,14.424,12.8258,13.3236,13.0499,13.2869,13.325,12.9896,12.6484,15.3071,10.635,20,19.7571,18.0053,18.5222,18.5729,18.9401,19.2516,19.4251,19.2472,15.3554,10.6416,	20,21.1242,21.7881,21.0805,18.3553,14.3344,10.517,7.68136,5.80763,4.43688,14.4321,12.8691,18.3952,19.1885,19.3092,19.6083,17.779,16.2639,13.3294,9.6109,4.43511,14.4144,	
5.36059,14.4075,12.8229,13.3098,13.0468,13.2834,13.3112,12.9866,12.6327,15.3443,10.6358,20,19.7571,17.9986,18.5161,18.5753,18.9417,19.2457,19.42,19.2191,15.3487,10.66,	20,21.1264,21.7889,21.0761,18.3475,14.3235,10.5076,7.67234,5.80274,4.4335,14.4321,12.8691,18.3987,19.1919,19.3092,19.583,17.7745,16.2584,13.304,9.60585,4.43478,14.413,	
5.34679,14.3861,12.8133,13.3029,13.0344,13.2664,13.3043,12.9506,12.6098,15.3683,10.6491,20,19.7571,17.9919,18.51,18.5493,18.9248,19.246,19.3894,19.1998,15.35,10.6598,	20,21.1285,21.7896,21.0626,18.3125,14.2873,10.4722,7.65009,5.79152,4.45135,14.4321,12.836,18.3951,19.1952,19.3099,19.553,17.7701,16.2277,13.2678,9.58629,4.45528,14.4116,	
5.34679,14.3814,12.8078,13.3029,13.0252,13.253,13.2907,12.9506,12.6022,15.3473,10.6482,20,19.7571,17.9787,18.5113,18.5448,18.9056,19.236,19.398,19.1952,15.3545,10.6814,	20,21.1327,21.7903,21.0559,18.2892,14.2585,10.4536,7.63916,5.78549,4.45142,14.4134,12.836,18.4021,19.1952,19.3122,19.5482,17.7631,16.2296,13.2615,9.56694,4.45278,14.3992,	
5.32643,14.3537,12.7873,13.2996,13.0162,13.2464,13.2807,12.9418,12.5898,15.3323,10.6459,20,19.7571,17.9656,18.5058,18.5414,18.9088,19.2243,19.3799,19.1756,15.3324,10.685,	20,21.1369,21.791,21.0469,18.2738,14.2372,10.4329,7.62617,5.77718,4.44507,14.405,12.836,18.409,19.1952,19.3166,19.5233,17.7317,16.187,13.2438,9.54182,4.44525,14.3752,	
5.29961,14.3309,12.7672,13.2728,13.0132,13.2431,13.274,12.9418,12.58,15.2956,10.6449,20,19.7571,17.9525,18.4872,18.5405,18.9065,19.2228,19.3884,19.1877,15.3215,10.6841,	20,21.1411,21.7925,21.0334,18.2508,14.2089,10.4147,7.61761,5.77202,4.43669,14.3749,12.836,18.3927,19.1789,19.3184,19.523,17.7229,16.187,13.2438,9.51082,4.42895,14.3509,	
5.29961,14.3263,12.7672,13.2728,13.0132,13.2431,13.2674,12.9389,12.5752,15.3103,10.6191,20,19.7503,17.956,18.4878,18.5417,18.9073,19.2162,19.3905,19.1907,15.3191,10.6442,	20,21.1432,21.7928,21.0312,18.247,14.2019,10.4102,7.61549,5.77073,4.42386,14.35,12.82,18.3962,19.1789,19.3103,19.523,17.7184,16.189,13.2438,9.50615,4.42512,14.3399,	
5.28645,14.3105,12.7525,13.2695,13.0012,13.2365,13.2608,12.9302,12.5703,15.2762,10.6051,20,19.7436,17.9594,18.4819,18.5303,18.9034,19.2057,19.3897,19.1944,15.2934,10.6712,	20,21.1453,21.7934,21.0223,18.228,14.1776,10.3924,7.60605,5.76461,4.41218,14.3317,12.82,18.3996,19.1821,19.2906,19.5214,17.6877,16.1855,13.2368,9.49587,4.41415,14.3403,	
5.2799,14.3059,12.7355,13.2663,12.9924,13.23,13.2478,12.9132,12.5559,15.2588,10.6414,20,19.7436,17.9465,18.4766,18.5133,18.9009,19.197,19.3749,19.1792,15.3133,10.65,	20,21.1493,21.7943,21.0089,18.2016,14.1465,10.3681,7.58944,5.75589,4.41545,14.3331,12.8041,18.3995,19.1844,19.2971,19.5198,17.6789,16.1712,13.2056,9.48201,4.41245,14.3273,	
5.26694,14.2903,12.7303,13.2663,12.9866,13.2107,13.2446,12.9104,12.5488,15.2912,10.6254,20,19.7436,17.9337,18.4778,18.5157,18.8815,19.2013,19.372,19.1717,15.2911,10.6772,	20,21.1534,21.7948,21.0044,18.1828,14.1294,10.355,7.58125,5.75115,4.40155,14.3331,12.8041,18.4063,19.1608,19.2971,19.5149,17.6835,16.164,13.1982,9.46827,4.40172,14.3273,	
5.26694,14.2813,12.7252,13.2631,12.9808,13.2076,13.2382,12.9076,12.5441,15.2517,10.6613,20,19.7436,17.9273,18.472,18.5113,18.8769,19.2047,19.3682,19.1629,15.2792,10.6644,	20,21.1554,21.7953,21,18.1679,14.1159,10.3441,7.57415,5.74686,4.40455,14.3249,12.8041,18.4096,19.164,19.2971,19.5117,17.6835,16.1569,13.1844,9.45464,4.40936,14.306,	
5.26054,14.2659,12.7202,13.2599,12.9808,13.1952,13.2319,12.8967,12.5305,15.267,10.6862,20,19.7436,17.921,18.4662,18.5136,18.8647,19.1934,19.3664,19.1251,15.2665,10.684,	20,21.1574,21.7958,20.9955,18.1567,14.0957,10.3291,7.56112,5.73994,4.42542,14.3249,12.8041,18.413,19.1672,19.2971,19.51,17.6704,16.1498,13.1436,9.44565,4.4296,14.306,	
5.2542,14.2508,12.7127,13.2505,12.9697,13.1769,13.2288,12.8806,12.5192,15.2883,10.6749,20,19.737,17.9056,18.4621,18.506,18.8565,19.1935,19.3375,19.1156,15.3189,10.6831,	20,21.1653,21.797,20.9799,18.1235,14.0656,10.2972,7.54241,5.73204,4.43851,14.3046,12.8041,18.4262,19.1695,19.301,19.5054,17.6704,16.1077,13.1203,9.44884,4.45549,14.309,	
