accept,reject,	accept,reject,	accept,reject,	accept,reject,	accept,reject,	accept,reject,	accept,reject,	accept,reject,	accept,reject,	accept,reject,	accept,reject,	wait,	wait,	wait,	wait,	wait,	wait,	wait,	wait,	wait,	wait,	wait,	
0.5,0.5,	0.5,0.5,	0.5,0.5,	0.5,0.5,	0.5,0.5,	0.5,0.5,	0.5,0.5,	0.5,0.5,	0.5,0.5,	0.5,0.5,	0.5,0.5,	1,	1,	1,	1,	1,	1,	1,	1,	1,	1,	1,	
0.5,0.5,	0.527438,0.472562,	0.535546,0.464454,	0.537316,0.462684,	0.538117,0.461883,	0.520159,0.479841,	0.505195,0.494805,	0.493255,0.506745,	0.481662,0.518338,	0.42895,0.57105,	0.460163,0.539837,	1,	1,	1,	1,	1,	1,	1,	1,	1,	1,	1,	
0.5,0.5,	0.546673,0.453327,	0.559737,0.440263,	0.560661,0.439339,	0.558198,0.441802,	0.536292,0.463708,	0.520142,0.479858,	0.499771,0.500229,	0.477017,0.522983,	0.385095,0.614905,	0.44441,0.55559,	1,	1,	1,	1,	1,	1,	1,	1,	1,	1,	1,	
0.5,0.5,	0.566095,0.433905,	0.579794,0.420206,	0.578549,0.421451,	0.576675,0.423325,	0.548122,0.451878,	0.529871,0.470129,	0.516245,0.483755,	0.477302,0.522698,	0.371561,0.628439,	0.416177,0.583823,	1,	1,	1,	1,	1,	1,	1,	1,	1,	1,	1,	
0.5,0.5,	0.581634,0.418366,	0.597348,0.402652,	0.594239,0.405761,	0.587622,0.412378,	0.558687,0.441313,	0.543254,0.456746,	0.521945,0.478055,	0.480796,0.519204,	0.357657,0.642343,	0.494793,0.505207,	1,	1,	1,	1,	1,	1,	1,	1,	1,	1,	1,	
0.5,0.5,	0.602915,0.397085,	0.612409,0.387591,	0.612785,0.387215,	0.599384,0.400616,	0.56935,0.43065,	0.553081,0.446919,	0.534072,0.465928,	0.497493,0.502507,	0.360841,0.639159,	0.451671,0.548329,	1,	1,	1,	1,	1,	1,	1,	1,	1,	1,	1,	
0.5,0.5,	0.617817,0.382183,	0.626163,0.373837,	0.630275,0.369725,	0.612332,0.387668,	0.581872,0.418128,	0.553062,0.446938,	0.535679,0.464321,	0.493523,0.506477,	0.368252,0.631748,	0.456222,0.543778,	1,	1,	1,	1,	1,	1,	1,	1,	1,	1,	1,	
0.5,0.5,	0.629057,0.370943,	0.645069,0.354931,	0.644256,0.355744,	0.62365,0.37635,	0.59957,0.40043,	0.559019,0.440981,	0.540068,0.459932,	0.496566,0.503434,	0.36658,0.63342,	0.493468,0.506532,	1,	1,	1,	1,	1,	1,	1,	1,	1,	1,	1,	
0.5,0.5,	0.641144,0.358856,	0.658122,0.341878,	0.658629,0.341371,	0.62915,0.37085,	0.605824,0.394176,	0.563936,0.436064,	0.543421,0.456579,	0.502963,0.497037,	0.37356,0.62644,	0.519507,0.480493,	1,	1,	1,	1,	1,	1,	1,	1,	1,	1,	1,	
0.5,0.5,	0.652018,0.347982,	0.665165,0.334835,	0.669929,0.330071,	0.642207,0.357793,	0.616329,0.383671,	0.572823,0.427177,	0.55728,0.44272,	0.516139,0.483861,	0.387555,0.612445,	0.507018,0.492982,	1,	1,	1,	1,	1,	1,	1,	1,	1,	1,	1,	
0.5,0.5,	0.660816,0.339184,	0.67753,0.32247,	0.684005,0.315995,	0.653083,0.346917,	0.629358,0.370642,	0.57479,0.42521,	0.566563,0.433437,	0.537913,0.462087,	0.395928,0.604072,	0.492169,0.507831,	1,	1,	1,	1,	1,	1,	1,	1,	1,	1,	1,	
0.5,0.5,	0.672845,0.327155,	0.685738,0.314262,	0.694663,0.305337,	0.667317,0.332683,	0.637021,0.362979,	0.582831,0.417169,	0.57151,0.42849,	0.543812,0.456188,	0.397977,0.602023,	0.589739,0.410261,	1,	1,	1,	1,	1,	1,	1,	1,	1,	1,	1,	
0.5,0.5,	0.68345,0.31655,	0.698136,0.301864,	0.700476,0.299524,	0.676144,0.323856,	0.639898,0.360102,	0.596091,0.403909,	0.579188,0.420812,	0.550529,0.449471,	0.412487,0.587513,	0.538535,0.461465,	1,	1,	1,	1,	1,	1,	1,	1,	1,	1,	1,	
0.5,0.5,	0.692168,0.307832,	0.704728,0.295272,	0.709026,0.290974,	0.685057,0.314943,	0.639962,0.360038,	0.601601,0.398399,	0.587695,0.412305,	0.562348,0.437652,	0.414864,0.585136,	0.612331,0.387669,	1,	1,	1,	1,	1,	1,	1,	1,	1,	1,	1,	
0.5,0.5,	0.699756,0.300244,	0.712559,0.287441,	0.718833,0.281167,	0.689999,0.310001,	0.644797,0.355203,	0.60478,0.39522,	0.592698,0.407302,	0.582644,0.417356,	0.433884,0.566116,	0.618244,0.381756,	1,	1,	1,	1,	1,	1,	1,	1,	1,	1,	1,	
0.5,0.5,	0.711278,0.288722,	0.719759,0.280241,	0.730275,0.269725,	0.696025,0.303975,	0.650571,0.349429,	0.600562,0.399438,	0.597095,0.402905,	0.581723,0.418277,	0.433523,0.566477,	0.607312,0.392688,	1,	1,	1,	1,	1,	1,	1,	1,	1,	1,	1,	
0.5,0.5,	0.72139,0.27861,	0.727326,0.272674,	0.737459,0.262541,	0.701498,0.298502,	0.659633,0.340367,	0.60408,0.39592,	0.60697,0.39303,	0.594479,0.405521,	0.445373,0.554627,	0.55894,0.44106,	1,	1,	1,	1,	1,	1,	1,	1,	1,	1,	1,	
0.5,0.5,	0.728698,0.271302,	0.735072,0.264928,	0.744061,0.255939,	0.7114,0.2886,	0.659108,0.340892,	0.607492,0.392508,	0.602457,0.397543,	0.586652,0.413348,	0.467146,0.532854,	0.514736,0.485264,	1,	1,	1,	1,	1,	1,	1,	1,	1,	1,	1,	
0.5,0.5,	0.735548,0.264452,	0.741212,0.258788,	0.749649,0.250351,	0.715211,0.284789,	0.655337,0.344663,	0.606869,0.393131,	0.609091,0.390909,	0.594208,0.405792,	0.483476,0.516524,	0.605813,0.394187,	1,	1,	1,	1,	1,	1,	1,	1,	1,	1,	1,	
0.5,0.5,	0.742932,0.257068,	0.750685,0.249315,	0.756005,0.243995,	0.721557,0.278443,	0.65719,0.34281,	0.608052,0.391948,	0.60303,0.39697,	0.5934,0.4066,	0.499852,0.500148,	0.488918,0.511082,	1,	1,	1,	1,	1,	1,	1,	1,	1,	1,	1,	
0.5,0.5,	0.752329,0.247671,	0.758,0.242,	0.762528,0.237472,	0.726577,0.273423,	0.662267,0.337733,	0.610485,0.389515,	0.613065,0.386935,	0.592241,0.407759,	0.509908,0.490092,	0.46144,0.53856,	1,	1,	1,	1,	1,	1,	1,	1,	1,	1,	1,	
0.5,0.5,	0.759406,0.240594,	0.764887,0.235113,	0.768689,0.231311,	0.730393,0.269607,	0.662846,0.337154,	0.617654,0.382346,	0.617912,0.382088,	0.601046,0.398954,	0.521261,0.478739,	0.394743,0.605257,	1,	1,	1,	1,	1,	1,	1,	1,	1,	1,	1,	
0.5,0.5,	0.766108,0.233892,	0.773681,0.226319,	0.770244,0.229756,	0.740797,0.259203,	0.671017,0.328983,	0.624936,0.375064,	0.62736,0.37264,	0.617154,0.382846,	0.533866,0.466134,	0.468669,0.531331,	1,	1,	1,	1,	1,	1,	1,	1,	1,	1,	1,	
0.5,0.5,	0.77254,0.22746,	0.777942,0.222058,	0.774942,0.225058,	0.747679,0.252321,	0.671808,0.328192,	0.624709,0.375291,	0.634098,0.365902,	0.625512,0.374488,	0.527165,0.472835,	0.532206,0.467794,	1,	1,	1,	1,	1,	1,	1,	1,	1,	1,	1,	
0.5,0.5,	0.776167,0.223833,	0.78264,0.21736,	0.778427,0.221573,	0.754568,0.245432,	0.676626,0.323374,	0.629715,0.370285,	0.637067,0.362933,	0.618738,0.381262,	0.523893,0.476107,	0.595988,0.404012,	1,	1,	1,	1,	1,	1,	1,	1,	1,	1,	1,	
0.5,0.5,	0.781529,0.218471,	0.787354,0.212646,	0.786395,0.213605,	0.763652,0.236348,	0.678273,0.321727,	0.630027,0.369973,	0.643715,0.356285,	0.627049,0.372951,	0.527897,0.472103,	0.573473,0.426527,	1,	1,	1,	1,	1,	1,	1,	1,	1,	1,	1,	
0.5,0.5,	0.786086,0.213914,	0.793043,0.206957,	0.792091,0.207909,	0.767291,0.232709,	0.679214,0.320786,	0.625629,0.374371,	0.653693,0.346307,	0.629902,0.370098,	0.540224,0.459776,	0.608655,0.391345,	1,	1,	1,	1,	1,	1,	1,	1,	1,	1,	1,	
0.5,0.5,	0.791763,0.208237,	0.79819,0.20181,	0.795053,0.204947,	0.769307,0.230693,	0.682494,0.317506,	0.640251,0.359749,	0.654542,0.345458,	0.633674,0.366326,	0.544123,0.455877,	0.664811,0.335189,	1,	1,	1,	1,	1,	1,	1,	1,	1,	1,	1,	
0.5,0.5,	0.796937,0.203063,	0.804238,0.195762,	0.799639,0.200361,	0.77052,0.22948,	0.680201,0.319799,	0.644495,0.355505,	0.659473,0.340527,	0.640254,0.359746,	0.561482,0.438518,	0.613184,0.386816,	1,	1,	1,	1,	1,	1,	1,	1,	1,	1,	1,	
0.5,0.5,	0.803348,0.196652,	0.808073,0.191927,	0.802752,0.197248,	0.772688,0.227312,	0.684033,0.315967,	0.647013,0.352987,	0.660939,0.339061,	0.638296,0.361704,	0.575024,0.424976,	0.635456,0.364544,	1,	1,	1,	1,	1,	1,	1,	1,	1,	1,	1,	
0.5,0.5,	0.809208,0.190792,	0.810827,0.189173,	0.810991,0.189009,	0.77721,0.22279,	0.690478,0.309522,	0.650582,0.349418,	0.661408,0.338592,	0.643337,0.356663,	0.57782,0.42218,	0.641672,0.358328,	1,	1,	1,	1,	1,	1,	1,	1,	1,	1,	1,	
0.5,0.5,	0.81447,0.18553,	0.816879,0.183121,	0.813605,0.186395,	0.780817,0.219183,	0.701157,0.298843,	0.651708,0.348292,	0.66005,0.33995,	0.657623,0.342377,	0.589025,0.410975,	0.634367,0.365633,	1,	1,	1,	1,	1,	1,	1,	1,	1,	1,	1,	
0.5,0.5,	0.81842,0.18158,	0.821302,0.178698,	0.817121,0.182879,	0.786387,0.213613,	0.705867,0.294133,	0.651804,0.348196,	0.665524,0.334476,	0.656979,0.343021,	0.603226,0.396774,	0.66274,0.33726,	1,	1,	1,	1,	1,	1,	1,	1,	1,	1,	1,	
0.5,0.5,	0.822898,0.177102,	0.825987,0.174013,	0.819943,0.180057,	0.784554,0.215446,	0.705084,0.294916,	0.644984,0.355016,	0.665792,0.334208,	0.656075,0.343925,	0.611451,0.388549,	0.702918,0.297082,	1,	1,	1,	1,	1,	1,	1,	1,	1,	1,	1,	
0.5,0.5,	0.825779,0.174221,	0.830063,0.169937,	0.822808,0.177192,	0.78777,0.21223,	0.714216,0.285784,	0.649162,0.350838,	0.670356,0.329644,	0.66359,0.33641,	0.623038,0.376962,	0.700173,0.299827,	1,	1,	1,	1,	1,	1,	1,	1,	1,	1,	1,	
0.5,0.5,	0.82826,0.17174,	0.831814,0.168186,	0.826704,0.173296,	0.788444,0.211556,	0.716526,0.283474,	0.644774,0.355226,	0.674041,0.325959,	0.661248,0.338752,	0.619876,0.380124,	0.678167,0.321833,	1,	1,	1,	1,	1,	1,	1,	1,	1,	1,	1,	
0.5,0.5,	0.829762,0.170238,	0.835984,0.164016,	0.829798,0.170202,	0.79191,0.20809,	0.71894,0.28106,	0.651134,0.348866,	0.67149,0.32851,	0.655632,0.344368,	0.619616,0.380384,	0.623385,0.376615,	1,	1,	1,	1,	1,	1,	1,	1,	1,	1,	1,	
0.5,0.5,	0.831712,0.168288,	0.839682,0.160318,	0.834124,0.165876,	0.796443,0.203557,	0.718481,0.281519,	0.655679,0.344321,	0.671354,0.328646,	0.66626,0.33374,	0.626428,0.373572,	0.60268,0.39732,	1,	1,	1,	1,	1,	1,	1,	1,	1,	1,	1,	
0.5,0.5,	0.835549,0.164451,	0.842816,0.157184,	0.838022,0.161978,	0.79852,0.20148,	0.726292,0.273708,	0.664165,0.335835,	0.664858,0.335142,	0.674377,0.325623,	0.645421,0.354579,	0.566535,0.433465,	1,	1,	1,	1,	1,	1,	1,	1,	1,	1,	1,	
0.5,0.5,	0.838836,0.161164,	0.846812,0.153188,	0.839716,0.160284,	0.803263,0.196737,	0.725192,0.274808,	0.668498,0.331502,	0.664188,0.335812,	0.672306,0.327694,	0.647825,0.352175,	0.626279,0.373721,	1,	1,	1,	1,	1,	1,	1,	1,	1,	1,	1,	
0.5,0.5,	0.842224,0.157776,	0.849181,0.150819,	0.842262,0.157738,	0.806712,0.193288,	0.729906,0.270094,	0.668682,0.331318,	0.664665,0.335335,	0.675685,0.324315,	0.644858,0.355142,	0.56386,0.43614,	1,	1,	1,	1,	1,	1,	1,	1,	1,	1,	1,	
0.5,0.5,	0.844592,0.155408,	0.850968,0.149032,	0.843815,0.156185,	0.810058,0.189942,	0.732324,0.267676,	0.669749,0.330251,	0.665777,0.334223,	0.665884,0.334116,	0.643296,0.356704,	0.549948,0.450052,	1,	1,	1,	1,	1,	1,	1,	1,	1,	1,	1,	
0.5,0.5,	0.849057,0.150943,	0.854084,0.145916,	0.847802,0.152198,	0.813542,0.186458,	0.73547,0.26453,	0.676471,0.323529,	0.66706,0.33294,	0.673073,0.326927,	0.642637,0.357363,	0.471655,0.528345,	1,	1,	1,	1,	1,	1,	1,	1,	1,	1,	1,	
0.5,0.5,	0.85142,0.14858,	0.856837,0.143163,	0.851198,0.148802,	0.817034,0.182966,	0.738604,0.261396,	0.675814,0.324186,	0.666814,0.333186,	0.665028,0.334972,	0.648894,0.351106,	0.424611,0.575389,	1,	1,	1,	1,	1,	1,	1,	1,	1,	1,	1,	
0.5,0.5,	0.853754,0.146246,	0.858682,0.141318,	0.852202,0.147798,	0.821055,0.178945,	0.739649,0.260351,	0.672874,0.327126,	0.661141,0.338859,	0.669078,0.330922,	0.657607,0.342393,	0.635217,0.364783,	1,	1,	1,	1,	1,	1,	1,	1,	1,	1,	1,	
0.5,0.5,	0.855625,0.144375,	0.862024,0.137976,	0.855947,0.144053,	0.825151,0.174849,	0.740655,0.259345,	0.674194,0.325806,	0.662787,0.337213,	0.668449,0.331551,	0.658832,0.341168,	0.634977,0.365023,	1,	1,	1,	1,	1,	1,	1,	1,	1,	1,	1,	
0.5,0.5,	0.8575,0.1425,	0.864459,0.135541,	0.859289,0.140711,	0.82792,0.17208,	0.743141,0.256859,	0.677894,0.322106,	0.659919,0.340081,	0.667708,0.332292,	0.665187,0.334813,	0.72313,0.27687,	1,	1,	1,	1,	1,	1,	1,	1,	1,	1,	1,	
0.5,0.5,	0.858656,0.141344,	0.866536,0.133464,	0.859552,0.140448,	0.83082,0.16918,	0.741737,0.258263,	0.684243,0.315757,	0.661052,0.338948,	0.676525,0.323475,	0.669037,0.330963,	0.778896,0.221104,	1,	1,	1,	1,	1,	1,	1,	1,	1,	1,	1,	
0.5,0.5,	0.860443,0.139557,	0.868203,0.131797,	0.861383,0.138617,	0.833704,0.166296,	0.740751,0.259249,	0.679575,0.320425,	0.663485,0.336515,	0.674614,0.325386,	0.675483,0.324517,	0.734202,0.265798,	1,	1,	1,	1,	1,	1,	1,	1,	1,	1,	1,	
0.5,0.5,	0.861753,0.138247,	0.870512,0.129488,	0.862804,0.137196,	0.839257,0.160743,	0.742685,0.257315,	0.671526,0.328474,	0.66603,0.33397,	0.68066,0.31934,	0.684624,0.315376,	0.675955,0.324045,	1,	1,	1,	1,	1,	1,	1,	1,	1,	1,	1,	
0.5,0.5,	0.863455,0.136545,	0.873959,0.126041,	0.864996,0.135004,	0.840466,0.159534,	0.745707,0.254293,	0.673025,0.326975,	0.673935,0.326065,	0.68177,0.31823,	0.692091,0.307909,	0.67918,0.32082,	1,	1,	1,	1,	1,	1,	1,	1,	1,	1,	1,	
0.5,0.5,	0.865577,0.134423,	0.876532,0.123468,	0.86715,0.13285,	0.84431,0.15569,	0.752012,0.247988,	0.673887,0.326113,	0.670801,0.329199,	0.680842,0.319158,	0.697444,0.302556,	0.655097,0.344903,	1,	1,	1,	1,	1,	1,	1,	1,	1,	1,	1,	
0.5,0.5,	0.867824,0.132176,	0.87837,0.12163,	0.869289,0.130711,	0.844927,0.155073,	0.751593,0.248407,	0.67544,0.32456,	0.670865,0.329135,	0.68156,0.31844,	0.69767,0.30233,	0.618027,0.381973,	1,	1,	1,	1,	1,	1,	1,	1,	1,	1,	1,	
0.5,0.5,	0.869783,0.130217,	0.880949,0.119051,	0.869333,0.130667,	0.844986,0.155014,	0.757318,0.242682,	0.679443,0.320557,	0.677377,0.322623,	0.68507,0.31493,	0.695878,0.304122,	0.542062,0.457938,	1,	1,	1,	1,	1,	1,	1,	1,	1,	1,	1,	
0.5,0.5,	0.871794,0.128206,	0.883684,0.116316,	0.871426,0.128574,	0.84488,0.15512,	0.755658,0.244342,	0.682896,0.317104,	0.679563,0.320437,	0.678468,0.321532,	0.696298,0.303702,	0.437512,0.562488,	1,	1,	1,	1,	1,	1,	1,	1,	1,	1,	1,	
0.5,0.5,	0.874882,0.125118,	0.885852,0.114148,	0.87232,0.12768,	0.846927,0.153073,	0.752067,0.247933,	0.686632,0.313368,	0.684169,0.315831,	0.682946,0.317054,	0.705057,0.294943,	0.418987,0.581013,	1,	1,	1,	1,	1,	1,	1,	1,	1,	1,	1,	
0.5,0.5,	0.876697,0.123303,	0.888746,0.111254,	0.874367,0.125633,	0.847839,0.152161,	0.749897,0.250103,	0.68586,0.31414,	0.681686,0.318314,	0.688408,0.311592,	0.710625,0.289375,	0.435617,0.564383,	1,	1,	1,	1,	1,	1,	1,	1,	1,	1,	1,	
0.5,0.5,	0.878953,0.121047,	0.890189,0.109811,	0.876106,0.123894,	0.848712,0.151288,	0.748322,0.251678,	0.686869,0.313131,	0.676579,0.323421,	0.692453,0.307547,	0.712213,0.287787,	0.380797,0.619203,	1,	1,	1,	1,	1,	1,	1,	1,	1,	1,	1,	
0.5,0.5,	0.882123,0.117877,	0.891865,0.108135,	0.877994,0.122006,	0.8515,0.1485,	0.750424,0.249576,	0.682362,0.317638,	0.673234,0.326766,	0.694286,0.305714,	0.722204,0.277796,	0.33371,0.66629,	1,	1,	1,	1,	1,	1,	1,	1,	1,	1,	1,	
0.5,0.5,	0.884963,0.115037,	0.894189,0.105811,	0.881101,0.118899,	0.853028,0.146972,	0.753463,0.246537,	0.685063,0.314937,	0.674067,0.325933,	0.690002,0.309998,	0.730231,0.269769,	0.300311,0.699689,	1,	1,	1,	1,	1,	1,	1,	1,	1,	1,	1,	
0.5,0.5,	0.88626,0.11374,	0.896133,0.103867,	0.88318,0.11682,	0.854959,0.145041,	0.753028,0.246972,	0.688031,0.311969,	0.667905,0.332095,	0.686292,0.313708,	0.730639,0.269361,	0.281395,0.718605,	1,	1,	1,	1,	1,	1,	1,	1,	1,	1,	1,	
0.5,0.5,	0.888367,0.111633,	0.89795,0.10205,	0.88501,0.11499,	0.854675,0.145325,	0.755017,0.244983,	0.693949,0.306051,	0.666895,0.333105,	0.687262,0.312738,	0.738431,0.261569,	0.417756,0.582244,	1,	1,	1,	1,	1,	1,	1,	1,	1,	1,	1,	
0.5,0.5,	0.890043,0.109957,	0.898827,0.101173,	0.886313,0.113687,	0.857011,0.142989,	0.754012,0.245988,	0.688438,0.311562,	0.659298,0.340702,	0.691618,0.308382,	0.741278,0.258722,	0.392275,0.607725,	1,	1,	1,	1,	1,	1,	1,	1,	1,	1,	1,	
0.5,0.5,	0.892318,0.107682,	0.899597,0.100403,	0.887822,0.112178,	0.860737,0.139263,	0.758703,0.241297,	0.694815,0.305185,	0.658386,0.341614,	0.69637,0.30363,	0.745953,0.254047,	0.333052,0.666948,	1,	1,	1,	1,	1,	1,	1,	1,	1,	1,	1,	
0.5,0.5,	0.892865,0.107135,	0.899522,0.100478,	0.890109,0.109891,	0.865164,0.134836,	0.76038,0.23962,	0.697728,0.302272,	0.652873,0.347127,	0.697862,0.302138,	0.751658,0.248342,	0.362775,0.637225,	1,	1,	1,	1,	1,	1,	1,	1,	1,	1,	1,	
0.5,0.5,	0.894295,0.105705,	0.900876,0.099124,	0.891627,0.108373,	0.864839,0.135161,	0.758609,0.241391,	0.700706,0.299294,	0.653747,0.346253,	0.697226,0.302774,	0.755399,0.244601,	0.346396,0.653604,	1,	1,	1,	1,	1,	1,	1,	1,	1,	1,	1,	
0.5,0.5,	0.895458,0.104542,	0.902031,0.097969,	0.893599,0.106401,	0.866683,0.133317,	0.762372,0.237628,	0.706562,0.293438,	0.657236,0.342764,	0.6984,0.3016,	0.753182,0.246818,	0.400029,0.599971,	1,	1,	1,	1,	1,	1,	1,	1,	1,	1,	1,	
0.5,0.5,	0.896119,0.103881,	0.903058,0.0969416,	0.895879,0.104121,	0.867376,0.132624,	0.759312,0.240688,	0.701543,0.298457,	0.654695,0.345305,	0.695406,0.304594,	0.756008,0.243992,	0.410142,0.589858,	1,	1,	1,	1,	1,	1,	1,	1,	1,	1,	1,	
0.5,0.5,	0.897921,0.102079,	0.90483,0.0951695,	0.897451,0.102549,	0.869062,0.130938,	0.757388,0.242612,	0.701546,0.298454,	0.651922,0.348078,	0.694293,0.305707,	0.756593,0.243407,	0.524678,0.475322,	1,	1,	1,	1,	1,	1,	1,	1,	1,	1,	1,	
0.5,0.5,	0.89885,0.10115,	0.90524,0.0947598,	0.898049,0.101951,	0.870826,0.129174,	0.758465,0.241535,	0.699645,0.300355,	0.648762,0.351238,	0.688407,0.311593,	0.754534,0.245466,	0.394345,0.605655,	1,	1,	1,	1,	1,	1,	1,	1,	1,	1,	1,	
0.5,0.5,	0.899816,0.100184,	0.906365,0.0936351,	0.899033,0.100967,	0.87247,0.12753,	0.760209,0.239791,	0.694899,0.305101,	0.655918,0.344082,	0.686165,0.313835,	0.756315,0.243685,	0.49078,0.50922,	1,	1,	1,	1,	1,	1,	1,	1,	1,	1,	1,	
0.5,0.5,	0.90061,0.0993904,	0.908182,0.0918184,	0.900467,0.099533,	0.873919,0.126081,	0.758314,0.241686,	0.691177,0.308823,	0.660573,0.339427,	0.696583,0.303417,	0.76468,0.23532,	0.438316,0.561684,	1,	1,	1,	1,	1,	1,	1,	1,	1,	1,	1,	
0.5,0.5,	0.903117,0.0968831,	0.909332,0.0906678,	0.901915,0.0980852,	0.87621,0.12379,	0.760208,0.239792,	0.687715,0.312285,	0.659286,0.340714,	0.697209,0.302791,	0.7701,0.2299,	0.398829,0.601171,	1,	1,	1,	1,	1,	1,	1,	1,	1,	1,	1,	
0.5,0.5,	0.904346,0.0956542,	0.909943,0.090057,	0.903611,0.0963892,	0.87616,0.12384,	0.763483,0.236517,	0.68823,0.31177,	0.655451,0.344549,	0.700191,0.299809,	0.777547,0.222453,	0.36538,0.63462,	1,	1,	1,	1,	1,	1,	1,	1,	1,	1,	1,	
0.5,0.5,	0.905555,0.094445,	0.911017,0.0889834,	0.904795,0.0952053,	0.878234,0.121766,	0.762127,0.237873,	0.692388,0.307612,	0.6614,0.3386,	0.703438,0.296562,	0.770461,0.229539,	0.26879,0.73121,	1,	1,	1,	1,	1,	1,	1,	1,	1,	1,	1,	
0.5,0.5,	0.907364,0.0926359,	0.912391,0.0876089,	0.906425,0.0935746,	0.878324,0.121676,	0.760311,0.239689,	0.690628,0.309372,	0.663696,0.336304,	0.696877,0.303123,	0.775905,0.224095,	0.321231,0.678769,	1,	1,	1,	1,	1,	1,	1,	1,	1,	1,	1,	
0.5,0.5,	0.90896,0.0910404,	0.912893,0.087107,	0.907247,0.0927534,	0.878621,0.121379,	0.761339,0.238661,	0.688586,0.311414,	0.659277,0.340723,	0.701915,0.298085,	0.779995,0.220005,	0.436493,0.563507,	1,	1,	1,	1,	1,	1,	1,	1,	1,	1,	1,	
0.5,0.5,	0.910639,0.0893613,	0.914103,0.0858972,	0.907647,0.0923532,	0.8799,0.1201,	0.758482,0.241518,	0.690737,0.309263,	0.666145,0.333855,	0.701589,0.298411,	0.785342,0.214658,	0.521876,0.478124,	1,	1,	1,	1,	1,	1,	1,	1,	1,	1,	1,	
0.5,0.5,	0.910597,0.0894029,	0.914704,0.0852962,	0.90874,0.09126,	0.881361,0.118639,	0.765659,0.234341,	0.685308,0.314692,	0.662846,0.337154,	0.702229,0.297771,	0.789506,0.210494,	0.437017,0.562983,	1,	1,	1,	1,	1,	1,	1,	1,	1,	1,	1,	
0.5,0.5,	0.911617,0.0883833,	0.915796,0.0842044,	0.910379,0.0896209,	0.882925,0.117075,	0.765738,0.234262,	0.686487,0.313513,	0.661015,0.338985,	0.715904,0.284096,	0.792261,0.207739,	0.331864,0.668136,	1,	1,	1,	1,	1,	1,	1,	1,	1,	1,	1,	
0.5,0.5,	0.912348,0.0876518,	0.916557,0.0834426,	0.911149,0.088851,	0.884747,0.115253,	0.764198,0.235802,	0.683089,0.316911,	0.661444,0.338556,	0.710658,0.289342,	0.789167,0.210833,	0.263779,0.736221,	1,	1,	1,	1,	1,	1,	1,	1,	1,	1,	1,	
0.5,0.5,	0.914104,0.0858962,	0.917501,0.0824991,	0.912946,0.0870538,	0.886269,0.113731,	0.763955,0.236045,	0.681176,0.318824,	0.655161,0.344839,	0.714768,0.285232,	0.788824,0.211176,	0.267926,0.732074,	1,	1,	1,	1,	1,	1,	1,	1,	1,	1,	1,	
0.5,0.5,	0.915178,0.0848218,	0.918867,0.0811328,	0.912722,0.087278,	0.887311,0.112689,	0.769334,0.230666,	0.682274,0.317726,	0.655518,0.344482,	0.713667,0.286333,	0.789445,0.210555,	0.344305,0.655695,	1,	1,	1,	1,	1,	1,	1,	1,	1,	1,	1,	
0.5,0.5,	0.915459,0.0845414,	0.920378,0.0796218,	0.913309,0.0866914,	0.888238,0.111762,	0.772985,0.227015,	0.68082,0.31918,	0.657979,0.342021,	0.702788,0.297212,	0.786673,0.213327,	0.427427,0.572573,	1,	1,	1,	1,	1,	1,	1,	1,	1,	1,	1,	
0.5,0.5,	0.915946,0.0840537,	0.921093,0.0789072,	0.914852,0.0851484,	0.889939,0.110061,	0.774413,0.225587,	0.678547,0.321453,	0.650734,0.349266,	0.69683,0.30317,	0.788612,0.211388,	0.436121,0.563879,	1,	1,	1,	1,	1,	1,	1,	1,	1,	1,	1,	
0.5,0.5,	0.916904,0.0830961,	0.922258,0.0777422,	0.915885,0.0841153,	0.891191,0.108809,	0.777695,0.222305,	0.678527,0.321473,	0.649091,0.350909,	0.698838,0.301162,	0.792742,0.207258,	0.447215,0.552785,	1,	1,	1,	1,	1,	1,	1,	1,	1,	1,	1,	
0.5,0.5,	0.917481,0.0825192,	0.923137,0.0768627,	0.917567,0.0824335,	0.891828,0.108172,	0.780412,0.219588,	0.677141,0.322859,	0.646851,0.353149,	0.698913,0.301087,	0.801384,0.198616,	0.378411,0.621589,	1,	1,	1,	1,	1,	1,	1,	1,	1,	1,	1,	
0.5,0.5,	0.919278,0.0807217,	0.923303,0.0766974,	0.919354,0.0806455,	0.892338,0.107662,	0.781243,0.218757,	0.679497,0.320503,	0.647962,0.352038,	0.700603,0.299397,	0.797547,0.202453,	0.28884,0.71116,	1,	1,	1,	1,	1,	1,	1,	1,	1,	1,	1,	
0.5,0.5,	0.920318,0.0796823,	0.924256,0.0757443,	0.920113,0.0798867,	0.892684,0.107316,	0.777553,0.222447,	0.679393,0.320607,	0.649912,0.350088,	0.700439,0.299561,	0.806579,0.193421,	0.396723,0.603277,	1,	1,	1,	1,	1,	1,	1,	1,	1,	1,	1,	
0.5,0.5,	0.921077,0.0789231,	0.925156,0.0748442,	0.920756,0.0792439,	0.892613,0.107387,	0.78093,0.21907,	0.676755,0.323245,	0.645879,0.354121,	0.704625,0.295375,	0.807907,0.192093,	0.299012,0.700988,	1,	1,	1,	1,	1,	1,	1,	1,	1,	1,	1,	
0.5,0.5,	0.92245,0.0775504,	0.92608,0.0739198,	0.921718,0.0782818,	0.894349,0.105651,	0.779545,0.220455,	0.672838,0.327162,	0.640364,0.359636,	0.703112,0.296888,	0.81505,0.18495,	0.395296,0.604704,	1,	1,	1,	1,	1,	1,	1,	1,	1,	1,	1,	
0.5,0.5,	0.922648,0.0773522,	0.926794,0.0732065,	0.922831,0.0771694,	0.894405,0.105595,	0.778666,0.221334,	0.673533,0.326467,	0.63134,0.36866,	0.702484,0.297516,	0.815212,0.184788,	0.349065,0.650935,	1,	1,	1,	1,	1,	1,	1,	1,	1,	1,	1,	
0.5,0.5,	0.922825,0.0771754,	0.927291,0.0727094,	0.923956,0.0760436,	0.894691,0.105309,	0.775219,0.224781,	0.669145,0.330855,	0.62012,0.37988,	0.700917,0.299083,	0.811816,0.188184,	0.346801,0.653199,	1,	1,	1,	1,	1,	1,	1,	1,	1,	1,	1,	
0.5,0.5,	0.923459,0.0765409,	0.927867,0.0721327,	0.925374,0.0746257,	0.895334,0.104666,	0.777026,0.222974,	0.67546,0.32454,	0.620944,0.379056,	0.707498,0.292502,	0.810816,0.189184,	0.510014,0.489986,	1,	1,	1,	1,	1,	1,	1,	1,	1,	1,	1,	
0.5,0.5,	0.92469,0.0753096,	0.929046,0.0709543,	0.925504,0.0744959,	0.895891,0.104109,	0.781012,0.218988,	0.680065,0.319935,	0.619084,0.380916,	0.706247,0.293753,	0.816839,0.183161,	0.560105,0.439895,	1,	1,	1,	1,	1,	1,	1,	1,	1,	1,	1,	
0.5,0.5,	0.925172,0.074828,	0.929351,0.0706489,	0.926772,0.0732275,	0.898161,0.101839,	0.782971,0.217029,	0.680338,0.319662,	0.620726,0.379274,	0.712445,0.287555,	0.816155,0.183845,	0.661852,0.338148,	1,	1,	1,	1,	1,	1,	1,	1,	1,	1,	1,	
0.5,0.5,	0.926284,0.0737158,	0.930116,0.0698836,	0.928042,0.0719577,	0.899352,0.100648,	0.787041,0.212959,	0.676088,0.323912,	0.621616,0.378384,	0.724095,0.275905,	0.821614,0.178386,	0.666104,0.333896,	1,	1,	1,	1,	1,	1,	1,	1,	1,	1,	1,	
0.5,0.5,	0.927167,0.0728333,	0.931026,0.0689738,	0.929169,0.0708311,	0.900781,0.099219,	0.79016,0.20984,	0.666755,0.333245,	0.614679,0.385321,	0.720476,0.279524,	0.821219,0.178781,	0.628062,0.371938,	1,	1,	1,	1,	1,	1,	1,	1,	1,	1,	1,	
0.5,0.5,	0.927668,0.0723318,	0.931528,0.068472,	0.929462,0.0705381,	0.902179,0.097821,	0.790048,0.209952,	0.669389,0.330611,	0.614143,0.385857,	0.722128,0.277872,	0.824844,0.175156,	0.621852,0.378148,	1,	1,	1,	1,	1,	1,	1,	1,	1,	1,	1,	
0.5,0.5,	0.928259,0.0717407,	0.932597,0.0674034,	0.930814,0.0691862,	0.9034,0.0966004,	0.79136,0.20864,	0.666265,0.333735,	0.614171,0.385829,	0.724858,0.275142,	0.824087,0.175913,	0.536404,0.463596,	1,	1,	1,	1,	1,	1,	1,	1,	1,	1,	1,	
0.5,0.5,	0.929236,0.0707639,	0.933163,0.0668372,	0.931476,0.0685244,	0.903188,0.0968118,	0.790749,0.209251,	0.662741,0.337259,	0.610087,0.389913,	0.722236,0.277764,	0.82409,0.17591,	0.579746,0.420254,	1,	1,	1,	1,	1,	1,	1,	1,	1,	1,	1,	
0.5,0.5,	0.930124,0.0698765,	0.934178,0.0658217,	0.93226,0.0677397,	0.903949,0.0960506,	0.790141,0.209859,	0.662092,0.337908,	0.618768,0.381232,	0.716325,0.283675,	0.826147,0.173853,	0.610368,0.389632,	1,	1,	1,	1,	1,	1,	1,	1,	1,	1,	1,	
0.5,0.5,	0.930978,0.0690221,	0.934354,0.0656456,	0.932631,0.067369,	0.904309,0.0956906,	0.788044,0.211956,	0.656245,0.343755,	0.62213,0.37787,	0.72131,0.27869,	0.829057,0.170943,	0.747538,0.252462,	1,	1,	1,	1,	1,	1,	1,	1,	1,	1,	1,	
0.5,0.5,	0.931968,0.0680321,	0.934706,0.0652938,	0.93346,0.0665399,	0.905781,0.0942193,	0.789747,0.210253,	0.655229,0.344771,	0.629774,0.370226,	0.724573,0.275427,	0.831584,0.168416,	0.69959,0.30041,	1,	1,	1,	1,	1,	1,	1,	1,	1,	1,	1,	
0.5,0.5,	0.932496,0.0675037,	0.935446,0.0645543,	0.934159,0.0658408,	0.907209,0.0927914,	0.79166,0.20834,	0.657355,0.342645,	0.632253,0.367747,	0.721509,0.278491,	0.831518,0.168482,	0.711261,0.288739,	1,	1,	1,	1,	1,	1,	1,	1,	1,	1,	1,	
0.5,0.5,	0.932664,0.0673358,	0.936132,0.0638683,	0.934608,0.0653919,	0.909339,0.0906608,	0.791196,0.208804,	0.647911,0.352089,	0.634877,0.365123,	0.720937,0.279063,	0.836616,0.163384,	0.540918,0.459082,	1,	1,	1,	1,	1,	1,	1,	1,	1,	1,	1,	
0.5,0.5,	0.933292,0.0667078,	0.937132,0.0628678,	0.935967,0.0640328,	0.911951,0.0880489,	0.793016,0.206984,	0.640196,0.359804,	0.631954,0.368046,	0.716141,0.283859,	0.837011,0.162989,	0.639278,0.360722,	1,	1,	1,	1,	1,	1,	1,	1,	1,	1,	1,	
0.5,0.5,	0.934184,0.0658165,	0.93802,0.0619804,	0.937568,0.0624321,	0.912118,0.0878817,	0.79778,0.20222,	0.644518,0.355482,	0.6381,0.3619,	0.726255,0.273745,	0.837449,0.162551,	0.657603,0.342397,	1,	1,	1,	1,	1,	1,	1,	1,	1,	1,	1,	
0.5,0.5,	0.934357,0.065643,	0.93816,0.0618403,	0.93825,0.0617496,	0.914164,0.0858357,	0.79561,0.20439,	0.641508,0.358492,	0.640735,0.359265,	0.723189,0.276811,	0.832492,0.167508,	0.719632,0.280368,	1,	1,	1,	1,	1,	1,	1,	1,	1,	1,	1,	
0.5,0.5,	0.934616,0.0653835,	0.938452,0.0615479,	0.938807,0.0611934,	0.914882,0.0851185,	0.797387,0.202613,	0.647418,0.352582,	0.642235,0.357765,	0.724911,0.275089,	0.836306,0.163694,	0.631778,0.368222,	1,	1,	1,	1,	1,	1,	1,	1,	1,	1,	1,	
0.5,0.5,	0.93495,0.0650503,	0.939347,0.0606532,	0.93959,0.0604102,	0.915492,0.084508,	0.798081,0.201919,	0.650577,0.349423,	0.643212,0.356788,	0.722928,0.277072,	0.835846,0.164154,	0.623667,0.376333,	1,	1,	1,	1,	1,	1,	1,	1,	1,	1,	1,	
0.5,0.5,	0.935462,0.0645381,	0.939812,0.0601884,	0.939945,0.0600547,	0.916064,0.083936,	0.799414,0.200586,	0.653238,0.346762,	0.635477,0.364523,	0.715284,0.284716,	0.836606,0.163394,	0.715825,0.284175,	1,	1,	1,	1,	1,	1,	1,	1,	1,	1,	1,	
0.5,0.5,	0.936077,0.0639234,	0.940251,0.0597492,	0.940557,0.0594431,	0.917487,0.0825131,	0.800313,0.199687,	0.649435,0.350565,	0.634421,0.365579,	0.709201,0.290799,	0.838813,0.161187,	0.788902,0.211098,	1,	1,	1,	1,	1,	1,	1,	1,	1,	1,	1,	
0.5,0.5,	0.936523,0.063477,	0.940536,0.0594638,	0.941485,0.0585153,	0.919028,0.080972,	0.801741,0.198259,	0.639066,0.360934,	0.638223,0.361777,	0.703236,0.296764,	0.832363,0.167637,	0.739577,0.260423,	1,	1,	1,	1,	1,	1,	1,	1,	1,	1,	1,	
0.5,0.5,	0.937329,0.0626711,	0.941511,0.0584894,	0.941885,0.0581154,	0.919357,0.0806426,	0.802065,0.197935,	0.636666,0.363334,	0.627106,0.372894,	0.705922,0.294078,	0.831686,0.168314,	0.760382,0.239618,	1,	1,	1,	1,	1,	1,	1,	1,	1,	1,	1,	
0.5,0.5,	0.937625,0.0623746,	0.941924,0.0580762,	0.942809,0.0571907,	0.919214,0.0807865,	0.803814,0.196186,	0.636433,0.363567,	0.630304,0.369696,	0.709741,0.290259,	0.831109,0.168891,	0.741782,0.258218,	1,	1,	1,	1,	1,	1,	1,	1,	1,	1,	1,	
0.5,0.5,	0.938642,0.0613578,	0.942833,0.0571671,	0.943735,0.0562652,	0.920437,0.0795626,	0.806095,0.193905,	0.639731,0.360269,	0.628992,0.371008,	0.720324,0.279676,	0.83486,0.16514,	0.75798,0.24202,	1,	1,	1,	1,	1,	1,	1,	1,	1,	1,	1,	
0.5,0.5,	0.939099,0.0609007,	0.943705,0.0562955,	0.943993,0.0560069,	0.921109,0.0788911,	0.807991,0.192009,	0.645044,0.354956,	0.633862,0.366138,	0.730708,0.269292,	0.835166,0.164834,	0.816821,0.183179,	1,	1,	1,	1,	1,	1,	1,	1,	1,	1,	1,	
0.5,0.5,	0.939314,0.0606855,	0.944178,0.0558219,	0.944386,0.0556138,	0.921374,0.0786265,	0.809028,0.190972,	0.645025,0.354975,	0.633928,0.366072,	0.723885,0.276115,	0.838622,0.161378,	0.837429,0.162571,	1,	1,	1,	1,	1,	1,	1,	1,	1,	1,	1,	
0.5,0.5,	0.940419,0.0595812,	0.945346,0.0546544,	0.945291,0.0547089,	0.92253,0.0774697,	0.810523,0.189477,	0.645314,0.354686,	0.624801,0.375199,	0.722569,0.277431,	0.836301,0.163699,	0.847151,0.152849,	1,	1,	1,	1,	1,	1,	1,	1,	1,	1,	1,	
0.5,0.5,	0.940952,0.059048,	0.945876,0.0541242,	0.945823,0.0541768,	0.924094,0.0759063,	0.812239,0.187761,	0.645313,0.354687,	0.618609,0.381391,	0.721056,0.278944,	0.837885,0.162115,	0.844703,0.155297,	1,	1,	1,	1,	1,	1,	1,	1,	1,	1,	1,	
0.5,0.5,	0.941324,0.0586757,	0.94628,0.0537195,	0.946991,0.0530088,	0.925228,0.0747721,	0.811696,0.188304,	0.642966,0.357034,	0.61579,0.38421,	0.720719,0.279281,	0.835021,0.164979,	0.840714,0.159286,	1,	1,	1,	1,	1,	1,	1,	1,	1,	1,	1,	
0.5,0.5,	0.941685,0.0583149,	0.946769,0.0532313,	0.948036,0.0519642,	0.925935,0.0740651,	0.816291,0.183709,	0.639769,0.360231,	0.611222,0.388778,	0.717551,0.282449,	0.834819,0.165181,	0.892578,0.107422,	1,	1,	1,	1,	1,	1,	1,	1,	1,	1,	1,	
0.5,0.5,	0.942417,0.0575831,	0.94725,0.0527505,	0.94858,0.0514198,	0.926069,0.0739306,	0.818837,0.181163,	0.627004,0.372996,	0.616038,0.383962,	0.722311,0.277689,	0.834964,0.165036,	0.905175,0.0948249,	1,	1,	1,	1,	1,	1,	1,	1,	1,	1,	1,	
0.5,0.5,	0.942755,0.0572446,	0.947521,0.0524793,	0.948783,0.0512168,	0.927301,0.072699,	0.818597,0.181403,	0.629454,0.370546,	0.610431,0.389569,	0.723381,0.276619,	0.833063,0.166937,	0.911516,0.0884842,	1,	1,	1,	1,	1,	1,	1,	1,	1,	1,	1,	
0.5,0.5,	0.943113,0.0568871,	0.948221,0.0517795,	0.949139,0.0508605,	0.928136,0.0718636,	0.82123,0.17877,	0.624607,0.375393,	0.614013,0.385987,	0.717227,0.282773,	0.831035,0.168965,	0.900267,0.0997334,	1,	1,	1,	1,	1,	1,	1,	1,	1,	1,	1,	
0.5,0.5,	0.943519,0.0564807,	0.94866,0.0513398,	0.949341,0.0506592,	0.928806,0.0711942,	0.820112,0.179888,	0.629546,0.370454,	0.616367,0.383633,	0.713486,0.286514,	0.831992,0.168008,	0.90038,0.0996195,	1,	1,	1,	1,	1,	1,	1,	1,	1,	1,	1,	
0.5,0.5,	0.943597,0.0564028,	0.948875,0.0511249,	0.949976,0.0500238,	0.928441,0.0715589,	0.82025,0.17975,	0.629379,0.370621,	0.608263,0.391737,	0.71297,0.28703,	0.829258,0.170742,	0.902078,0.0979219,	1,	1,	1,	1,	1,	1,	1,	1,	1,	1,	1,	
0.5,0.5,	0.943755,0.0562445,	0.949546,0.0504541,	0.950258,0.049742,	0.929756,0.0702445,	0.824216,0.175784,	0.628214,0.371786,	0.61191,0.38809,	0.711965,0.288035,	0.832461,0.167539,	0.920934,0.0790656,	1,	1,	1,	1,	1,	1,	1,	1,	1,	1,	1,	
0.5,0.5,	0.944035,0.0559654,	0.950118,0.0498824,	0.951039,0.0489613,	0.930893,0.0691074,	0.82426,0.17574,	0.630538,0.369462,	0.610134,0.389866,	0.714324,0.285676,	0.83412,0.16588,	0.910966,0.0890341,	1,	1,	1,	1,	1,	1,	1,	1,	1,	1,	1,	
0.5,0.5,	0.94434,0.0556596,	0.950175,0.0498252,	0.951816,0.0481838,	0.931438,0.0685618,	0.825272,0.174728,	0.637391,0.362609,	0.60477,0.39523,	0.716932,0.283068,	0.835622,0.164378,	0.900088,0.099912,	1,	1,	1,	1,	1,	1,	1,	1,	1,	1,	1,	
0.5,0.5,	0.944824,0.0551759,	0.950671,0.0493294,	0.952183,0.0478166,	0.931876,0.0681242,	0.825861,0.174139,	0.633025,0.366975,	0.604093,0.395907,	0.720418,0.279582,	0.837378,0.162622,	0.914701,0.0852991,	1,	1,	1,	1,	1,	1,	1,	1,	1,	1,	1,	
0.5,0.5,	0.945163,0.0548368,	0.951262,0.0487375,	0.952408,0.0475917,	0.933156,0.0668438,	0.826765,0.173235,	0.635606,0.364394,	0.607489,0.392511,	0.711913,0.288087,	0.839399,0.160601,	0.886091,0.113909,	1,	1,	1,	1,	1,	1,	1,	1,	1,	1,	1,	
0.5,0.5,	0.945791,0.0542085,	0.951061,0.0489392,	0.952618,0.0473821,	0.93381,0.0661898,	0.828278,0.171722,	0.637405,0.362595,	0.609304,0.390696,	0.708344,0.291656,	0.839435,0.160565,	0.900429,0.0995712,	1,	1,	1,	1,	1,	1,	1,	1,	1,	1,	1,	
0.5,0.5,	0.946143,0.0538573,	0.951262,0.0487376,	0.953205,0.0467953,	0.934032,0.0659684,	0.829459,0.170541,	0.63054,0.36946,	0.609274,0.390726,	0.714165,0.285835,	0.844246,0.155754,	0.881683,0.118317,	1,	1,	1,	1,	1,	1,	1,	1,	1,	1,	1,	
0.5,0.5,	0.946353,0.0536472,	0.951884,0.0481163,	0.953364,0.0466359,	0.934634,0.0653658,	0.829707,0.170293,	0.624836,0.375164,	0.602314,0.397686,	0.718577,0.281423,	0.846252,0.153748,	0.862891,0.137109,	1,	1,	1,	1,	1,	1,	1,	1,	1,	1,	1,	
0.5,0.5,	0.946909,0.0530914,	0.952302,0.047698,	0.95375,0.0462497,	0.93548,0.0645202,	0.832148,0.167852,	0.613993,0.386007,	0.603684,0.396316,	0.724656,0.275344,	0.846707,0.153293,	0.84258,0.15742,	1,	1,	1,	1,	1,	1,	1,	1,	1,	1,	1,	
0.5,0.5,	0.946915,0.053085,	0.952781,0.0472189,	0.954096,0.0459037,	0.93605,0.06395,	0.832639,0.167361,	0.611724,0.388276,	0.605287,0.394713,	0.723183,0.276817,	0.849508,0.150492,	0.761355,0.238645,	1,	1,	1,	1,	1,	1,	1,	1,	1,	1,	1,	
0.5,0.5,	0.94769,0.0523103,	0.953325,0.0466747,	0.954746,0.0452544,	0.936535,0.0634652,	0.836333,0.163667,	0.610514,0.389486,	0.609422,0.390578,	0.730981,0.269019,	0.849478,0.150522,	0.665799,0.334201,	1,	1,	1,	1,	1,	1,	1,	1,	1,	1,	1,	
0.5,0.5,	0.947801,0.0521995,	0.953532,0.0464676,	0.955092,0.0449084,	0.937195,0.062805,	0.839681,0.160319,	0.606017,0.393983,	0.603137,0.396863,	0.730774,0.269226,	0.849395,0.150605,	0.685621,0.314379,	1,	1,	1,	1,	1,	1,	1,	1,	1,	1,	1,	
0.5,0.5,	0.948164,0.0518362,	0.954155,0.0458449,	0.955585,0.0444154,	0.937983,0.0620167,	0.83813,0.16187,	0.597193,0.402807,	0.58831,0.41169,	0.727916,0.272084,	0.851523,0.148477,	0.666028,0.333972,	1,	1,	1,	1,	1,	1,	1,	1,	1,	1,	1,	
0.5,0.5,	0.948725,0.0512755,	0.954402,0.0455982,	0.955902,0.0440983,	0.938621,0.0613787,	0.835374,0.164626,	0.606002,0.393998,	0.580439,0.419561,	0.736126,0.263874,	0.855049,0.144951,	0.72134,0.27866,	1,	1,	1,	1,	1,	1,	1,	1,	1,	1,	1,	
0.5,0.5,	0.948855,0.0511451,	0.954574,0.0454258,	0.956332,0.0436676,	0.939666,0.0603339,	0.833948,0.166052,	0.607232,0.392768,	0.590503,0.409497,	0.742165,0.257835,	0.857683,0.142317,	0.755447,0.244553,	1,	1,	1,	1,	1,	1,	1,	1,	1,	1,	1,	
0.5,0.5,	0.949139,0.0508614,	0.954905,0.0450954,	0.956574,0.0434258,	0.940033,0.0599672,	0.8328,0.1672,	0.597942,0.402058,	0.581504,0.418496,	0.740839,0.259161,	0.859204,0.140796,	0.778296,0.221704,	1,	1,	1,	1,	1,	1,	1,	1,	1,	1,	1,	
0.5,0.5,	0.94931,0.0506897,	0.954933,0.045067,	0.956777,0.0432229,	0.94051,0.0594899,	0.837631,0.162369,	0.599715,0.400285,	0.58422,0.41578,	0.736308,0.263692,	0.860342,0.139658,	0.761104,0.238896,	1,	1,	1,	1,	1,	1,	1,	1,	1,	1,	1,	
0.5,0.5,	0.949606,0.050394,	0.955203,0.0447973,	0.956974,0.0430259,	0.940143,0.059857,	0.840956,0.159044,	0.60267,0.39733,	0.583531,0.416469,	0.73809,0.26191,	0.860963,0.139037,	0.733969,0.266031,	1,	1,	1,	1,	1,	1,	1,	1,	1,	1,	1,	
0.5,0.5,	0.949745,0.0502553,	0.955366,0.044634,	0.957463,0.0425369,	0.941054,0.0589458,	0.843844,0.156156,	0.614901,0.385099,	0.581792,0.418208,	0.732834,0.267166,	0.85997,0.14003,	0.765592,0.234408,	1,	1,	1,	1,	1,	1,	1,	1,	1,	1,	1,	
0.5,0.5,	0.950378,0.0496223,	0.95573,0.0442698,	0.957925,0.0420751,	0.941429,0.058571,	0.846364,0.153636,	0.618761,0.381239,	0.587739,0.412261,	0.736562,0.263438,	0.863225,0.136775,	0.785343,0.214657,	1,	1,	1,	1,	1,	1,	1,	1,	1,	1,	1,	
0.5,0.5,	0.950704,0.0492958,	0.956025,0.0439754,	0.958076,0.0419239,	0.941785,0.0582149,	0.8485,0.1515,	0.617698,0.382302,	0.59143,0.40857,	0.740567,0.259433,	0.86478,0.13522,	0.758057,0.241943,	1,	1,	1,	1,	1,	1,	1,	1,	1,	1,	1,	
0.5,0.5,	0.950719,0.049281,	0.956215,0.0437846,	0.958381,0.0416186,	0.942121,0.0578786,	0.851552,0.148448,	0.619355,0.380645,	0.598096,0.401904,	0.735385,0.264615,	0.866305,0.133695,	0.734098,0.265902,	1,	1,	1,	1,	1,	1,	1,	1,	1,	1,	1,	
0.5,0.5,	0.951515,0.0484851,	0.956472,0.0435285,	0.959018,0.0409823,	0.942974,0.0570263,	0.853279,0.146721,	0.616822,0.383178,	0.597147,0.402853,	0.735295,0.264705,	0.868597,0.131403,	0.605611,0.394389,	1,	1,	1,	1,	1,	1,	1,	1,	1,	1,	1,	
0.5,0.5,	0.951559,0.0484414,	0.957012,0.0429878,	0.959133,0.0408671,	0.942546,0.0574544,	0.854689,0.145311,	0.622025,0.377975,	0.593509,0.406491,	0.735929,0.264071,	0.871568,0.128432,	0.513523,0.486477,	1,	1,	1,	1,	1,	1,	1,	1,	1,	1,	1,	
0.5,0.5,	0.951813,0.0481875,	0.957432,0.0425681,	0.959514,0.0404864,	0.943061,0.0569393,	0.853505,0.146495,	0.622265,0.377735,	0.589346,0.410654,	0.735227,0.264773,	0.870003,0.129997,	0.47074,0.52926,	1,	1,	1,	1,	1,	1,	1,	1,	1,	1,	1,	
0.5,0.5,	0.952065,0.0479352,	0.957967,0.042033,	0.959736,0.0402643,	0.943422,0.0565783,	0.853662,0.146338,	0.62792,0.37208,	0.597083,0.402917,	0.735717,0.264283,	0.868419,0.131581,	0.432679,0.567321,	1,	1,	1,	1,	1,	1,	1,	1,	1,	1,	1,	
0.5,0.5,	0.952394,0.0476061,	0.957984,0.0420163,	0.959878,0.0401219,	0.944004,0.0559964,	0.855128,0.144872,	0.625513,0.374487,	0.600605,0.399395,	0.734857,0.265143,	0.871837,0.128163,	0.365788,0.634212,	1,	1,	1,	1,	1,	1,	1,	1,	1,	1,	1,	
0.5,0.5,	0.952423,0.0475772,	0.958094,0.0419065,	0.96015,0.0398499,	0.944416,0.0555843,	0.85666,0.14334,	0.622702,0.377298,	0.603929,0.396071,	0.731975,0.268025,	0.87398,0.12602,	0.333328,0.666672,	1,	1,	1,	1,	1,	1,	1,	1,	1,	1,	1,	
0.5,0.5,	0.952415,0.0475854,	0.958214,0.0417856,	0.960402,0.0395978,	0.945058,0.0549418,	0.855812,0.144188,	0.619802,0.380198,	0.603931,0.396069,	0.734343,0.265657,	0.878525,0.121475,	0.269973,0.730027,	1,	1,	1,	1,	1,	1,	1,	1,	1,	1,	1,	
0.5,0.5,	0.952506,0.0474936,	0.958421,0.0415793,	0.960762,0.0392378,	0.945504,0.0544964,	0.856966,0.143034,	0.617159,0.382841,	0.597624,0.402376,	0.740808,0.259192,	0.877998,0.122002,	0.311941,0.688059,	1,	1,	1,	1,	1,	1,	1,	1,	1,	1,	1,	
0.5,0.5,	0.952596,0.047404,	0.958891,0.0411093,	0.960906,0.0390936,	0.946019,0.0539808,	0.858889,0.141111,	0.627786,0.372214,	0.594403,0.405597,	0.742126,0.257874,	0.879655,0.120345,	0.304565,0.695435,	1,	1,	1,	1,	1,	1,	1,	1,	1,	1,	1,	
0.5,0.5,	0.952819,0.0471814,	0.959045,0.0409549,	0.961204,0.0387962,	0.946879,0.0531212,	0.859219,0.140781,	0.631492,0.368508,	0.590178,0.409822,	0.74271,0.25729,	0.880471,0.119529,	0.292369,0.707631,	1,	1,	1,	1,	1,	1,	1,	1,	1,	1,	1,	
0.5,0.5,	0.953062,0.0469384,	0.959067,0.0409335,	0.96158,0.0384204,	0.947317,0.0526825,	0.857966,0.142034,	0.621117,0.378883,	0.574555,0.425445,	0.739551,0.260449,	0.880041,0.119959,	0.391403,0.608597,	1,	1,	1,	1,	1,	1,	1,	1,	1,	1,	1,	
0.5,0.5,	0.953175,0.0468253,	0.959384,0.040616,	0.961861,0.038139,	0.947755,0.0522451,	0.859382,0.140618,	0.61902,0.38098,	0.577326,0.422674,	0.737611,0.262389,	0.880685,0.119315,	0.369028,0.630972,	1,	1,	1,	1,	1,	1,	1,	1,	1,	1,	1,	
0.5,0.5,	0.953437,0.046563,	0.959616,0.0403844,	0.961946,0.038054,	0.947868,0.0521315,	0.864835,0.135165,	0.62193,0.37807,	0.574657,0.425343,	0.742539,0.257461,	0.881672,0.118328,	0.42828,0.57172,	1,	1,	1,	1,	1,	1,	1,	1,	1,	1,	1,	
0.5,0.5,	0.953643,0.0463569,	0.95994,0.0400602,	0.961919,0.0380806,	0.948023,0.0519768,	0.863255,0.136745,	0.617418,0.382582,	0.57287,0.42713,	0.733327,0.266673,	0.886826,0.113174,	0.483624,0.516376,	1,	1,	1,	1,	1,	1,	1,	1,	1,	1,	1,	
0.5,0.5,	0.953965,0.0460349,	0.96009,0.0399101,	0.962245,0.0377552,	0.948347,0.0516529,	0.864509,0.135491,	0.606169,0.393831,	0.573038,0.426962,	0.741058,0.258942,	0.884897,0.115103,	0.584834,0.415166,	1,	1,	1,	1,	1,	1,	1,	1,	1,	1,	1,	
0.5,0.5,	0.954381,0.0456195,	0.960305,0.0396946,	0.962503,0.0374975,	0.948765,0.0512353,	0.864557,0.135443,	0.593834,0.406166,	0.576087,0.423913,	0.739328,0.260672,	0.88738,0.11262,	0.719658,0.280342,	1,	1,	1,	1,	1,	1,	1,	1,	1,	1,	1,	
0.5,0.5,	0.954545,0.0454552,	0.960429,0.0395708,	0.962754,0.0372458,	0.948403,0.0515972,	0.863941,0.136059,	0.584824,0.415176,	0.573549,0.426451,	0.737336,0.262664,	0.888731,0.111269,	0.691825,0.308175,	1,	1,	1,	1,	1,	1,	1,	1,	1,	1,	1,	
0.5,0.5,	0.954473,0.0455274,	0.960862,0.0391375,	0.963226,0.0367741,	0.94894,0.0510602,	0.863319,0.136681,	0.580986,0.419014,	0.577741,0.422259,	0.737104,0.262896,	0.888349,0.111651,	0.745108,0.254892,	1,	1,	1,	1,	1,	1,	1,	1,	1,	1,	1,	
0.5,0.5,	0.954589,0.0454112,	0.96115,0.0388504,	0.963694,0.0363056,	0.949222,0.0507777,	0.861603,0.138397,	0.577137,0.422863,	0.575711,0.424289,	0.733259,0.266741,	0.888285,0.111715,	0.72639,0.27361,	1,	1,	1,	1,	1,	1,	1,	1,	1,	1,	1,	
0.5,0.5,	0.954746,0.0452542,	0.961206,0.0387935,	0.963991,0.0360094,	0.949668,0.0503322,	0.860859,0.139141,	0.571468,0.428532,	0.578078,0.421922,	0.726328,0.273672,	0.889278,0.110722,	0.80424,0.19576,	1,	1,	1,	1,	1,	1,	1,	1,	1,	1,	1,	
0.5,0.5,	0.954797,0.0452031,	0.961364,0.0386361,	0.964348,0.0356521,	0.95007,0.0499303,	0.860686,0.139314,	0.574925,0.425075,	0.575621,0.424379,	0.732519,0.267481,	0.889374,0.110626,	0.845359,0.154641,	1,	1,	1,	1,	1,	1,	1,	1,	1,	1,	1,	
0.5,0.5,	0.95521,0.04479,	0.961381,0.0386186,	0.964558,0.0354421,	0.950244,0.0497563,	0.860969,0.139031,	0.589685,0.410315,	0.581887,0.418113,	0.730223,0.269777,	0.890837,0.109163,	0.864428,0.135572,	1,	1,	1,	1,	1,	1,	1,	1,	1,	1,	1,	
0.5,0.5,	0.955431,0.0445691,	0.961573,0.0384266,	0.964663,0.0353373,	0.950502,0.049498,	0.861375,0.138625,	0.59175,0.40825,	0.593795,0.406205,	0.736445,0.263555,	0.892843,0.107157,	0.877807,0.122193,	1,	1,	1,	1,	1,	1,	1,	1,	1,	1,	1,	
0.5,0.5,	0.955429,0.0445715,	0.961802,0.0381977,	0.964802,0.0351979,	0.951282,0.048718,	0.864553,0.135447,	0.602334,0.397666,	0.594916,0.405084,	0.738026,0.261974,	0.890646,0.109354,	0.867106,0.132894,	1,	1,	1,	1,	1,	1,	1,	1,	1,	1,	1,	
0.5,0.5,	0.955768,0.0442324,	0.962259,0.0377413,	0.965159,0.0348413,	0.951713,0.0482874,	0.865608,0.134392,	0.608589,0.391411,	0.591547,0.408453,	0.738271,0.261729,	0.891863,0.108137,	0.907091,0.0929091,	1,	1,	1,	1,	1,	1,	1,	1,	1,	1,	1,	
0.5,0.5,	0.956174,0.0438256,	0.962387,0.0376133,	0.965432,0.0345681,	0.951901,0.0480991,	0.86683,0.13317,	0.610102,0.389898,	0.588792,0.411208,	0.736427,0.263573,	0.889275,0.110725,	0.928743,0.0712571,	1,	1,	1,	1,	1,	1,	1,	1,	1,	1,	1,	
0.5,0.5,	0.956588,0.0434125,	0.962661,0.0373393,	0.965598,0.0344018,	0.951839,0.0481605,	0.866057,0.133943,	0.602712,0.397288,	0.587268,0.412732,	0.734688,0.265312,	0.89107,0.10893,	0.918748,0.0812522,	1,	1,	1,	1,	1,	1,	1,	1,	1,	1,	1,	
0.5,0.5,	0.956625,0.0433751,	0.962818,0.0371816,	0.965825,0.0341752,	0.951967,0.0480329,	0.867587,0.132413,	0.600115,0.399885,	0.586685,0.413315,	0.732866,0.267134,	0.894372,0.105628,	0.914553,0.085447,	1,	1,	1,	1,	1,	1,	1,	1,	1,	1,	1,	
0.5,0.5,	0.956784,0.0432157,	0.96301,0.0369902,	0.966132,0.0338676,	0.952175,0.0478252,	0.86752,0.13248,	0.601965,0.398035,	0.591347,0.408653,	0.730506,0.269494,	0.896462,0.103538,	0.921013,0.0789873,	1,	1,	1,	1,	1,	1,	1,	1,	1,	1,	1,	
0.5,0.5,	0.95708,0.0429197,	0.963246,0.0367543,	0.966394,0.0336062,	0.95276,0.0472402,	0.867165,0.132835,	0.601107,0.398893,	0.585158,0.414842,	0.734525,0.265475,	0.894874,0.105126,	0.943566,0.056434,	1,	1,	1,	1,	1,	1,	1,	1,	1,	1,	1,	
0.5,0.5,	0.957324,0.0426762,	0.963597,0.0364026,	0.966666,0.0333337,	0.95297,0.0470297,	0.868884,0.131116,	0.601129,0.398871,	0.590673,0.409327,	0.724143,0.275857,	0.892927,0.107073,	0.938239,0.0617605,	1,	1,	1,	1,	1,	1,	1,	1,	1,	1,	1,	
0.5,0.5,	0.957534,0.0424657,	0.963835,0.0361647,	0.966953,0.0330473,	0.953103,0.0468967,	0.866883,0.133117,	0.602035,0.397965,	0.589728,0.410272,	0.719097,0.280903,	0.89483,0.10517,	0.940917,0.0590831,	1,	1,	1,	1,	1,	1,	1,	1,	1,	1,	1,	
0.5,0.5,	0.957754,0.0422463,	0.964074,0.035926,	0.967229,0.0327705,	0.953679,0.0463209,	0.866947,0.133053,	0.60623,0.39377,	0.596717,0.403283,	0.716108,0.283892,	0.896007,0.103993,	0.939948,0.0600518,	1,	1,	1,	1,	1,	1,	1,	1,	1,	1,	1,	
0.5,0.5,	0.958146,0.0418535,	0.964377,0.0356227,	0.967676,0.0323245,	0.953627,0.0463731,	0.866581,0.133419,	0.612743,0.387257,	0.60086,0.39914,	0.71021,0.28979,	0.896101,0.103899,	0.949007,0.0509934,	1,	1,	1,	1,	1,	1,	1,	1,	1,	1,	1,	
0.5,0.5,	0.958612,0.0413879,	0.964465,0.0355352,	0.967817,0.0321827,	0.954005,0.0459952,	0.866862,0.133138,	0.602585,0.397415,	0.596355,0.403645,	0.700198,0.299802,	0.8942,0.1058,	0.956184,0.0438163,	1,	1,	1,	1,	1,	1,	1,	1,	1,	1,	1,	
0.5,0.5,	0.95913,0.0408704,	0.964858,0.0351424,	0.96798,0.0320203,	0.954018,0.0459823,	0.866206,0.133794,	0.608098,0.391902,	0.598251,0.401749,	0.713,0.287,	0.895896,0.104104,	0.952116,0.0478837,	1,	1,	1,	1,	1,	1,	1,	1,	1,	1,	1,	
0.5,0.5,	0.9593,0.0407004,	0.965157,0.034843,	0.968059,0.0319409,	0.954546,0.0454545,	0.864865,0.135135,	0.606622,0.393378,	0.599603,0.400397,	0.705533,0.294467,	0.895456,0.104544,	0.955672,0.0443279,	1,	1,	1,	1,	1,	1,	1,	1,	1,	1,	1,	
0.5,0.5,	0.959324,0.0406759,	0.965067,0.0349335,	0.968288,0.0317122,	0.954753,0.0452465,	0.868185,0.131815,	0.615268,0.384732,	0.607463,0.392537,	0.706319,0.293681,	0.894806,0.105194,	0.955467,0.0445329,	1,	1,	1,	1,	1,	1,	1,	1,	1,	1,	1,	
0.5,0.5,	0.959547,0.040453,	0.965237,0.0347634,	0.968531,0.0314686,	0.954921,0.0450787,	0.868286,0.131714,	0.61307,0.38693,	0.602829,0.397171,	0.701353,0.298647,	0.895839,0.104161,	0.958006,0.0419939,	1,	1,	1,	1,	1,	1,	1,	1,	1,	1,	1,	
0.5,0.5,	0.959548,0.0404525,	0.96546,0.0345396,	0.968689,0.0313114,	0.955269,0.0447313,	0.869404,0.130596,	0.609273,0.390727,	0.591326,0.408674,	0.701992,0.298008,	0.894526,0.105474,	0.962142,0.0378583,	1,	1,	1,	1,	1,	1,	1,	1,	1,	1,	1,	
0.5,0.5,	0.959492,0.040508,	0.965558,0.0344418,	0.968738,0.0312618,	0.955654,0.0443459,	0.871907,0.128093,	0.600852,0.399148,	0.581889,0.418111,	0.702405,0.297595,	0.895937,0.104063,	0.958606,0.0413936,	1,	1,	1,	1,	1,	1,	1,	1,	1,	1,	1,	
0.5,0.5,	0.960023,0.0399772,	0.965854,0.0341464,	0.968957,0.0310433,	0.956073,0.0439272,	0.871717,0.128283,	0.598476,0.401524,	0.595357,0.404643,	0.703424,0.296576,	0.895933,0.104067,	0.958935,0.0410647,	1,	1,	1,	1,	1,	1,	1,	1,	1,	1,	1,	
0.5,0.5,	0.960289,0.0397108,	0.965927,0.0340735,	0.969229,0.0307706,	0.956164,0.0438356,	0.87241,0.12759,	0.599578,0.400422,	0.599424,0.400576,	0.708697,0.291303,	0.895175,0.104825,	0.955794,0.0442058,	1,	1,	1,	1,	1,	1,	1,	1,	1,	1,	1,	
0.5,0.5,	0.960667,0.0393333,	0.966146,0.0338542,	0.969396,0.0306043,	0.95631,0.0436896,	0.873421,0.126579,	0.606727,0.393273,	0.602559,0.397441,	0.71301,0.28699,	0.900009,0.0999914,	0.960152,0.0398483,	1,	1,	1,	1,	1,	1,	1,	1,	1,	1,	1,	
0.5,0.5,	0.960914,0.0390856,	0.966259,0.0337407,	0.969482,0.0305175,	0.956378,0.0436217,	0.875669,0.124331,	0.612807,0.387193,	0.601043,0.398957,	0.721218,0.278782,	0.900818,0.099182,	0.960484,0.0395161,	1,	1,	1,	1,	1,	1,	1,	1,	1,	1,	1,	
0.5,0.5,	0.96103,0.0389703,	0.96635,0.0336502,	0.96979,0.0302097,	0.956291,0.0437093,	0.877589,0.122411,	0.609329,0.390671,	0.604189,0.395811,	0.718187,0.281813,	0.900899,0.0991007,	0.950855,0.0491449,	1,	1,	1,	1,	1,	1,	1,	1,	1,	1,	1,	
0.5,0.5,	0.961302,0.0386978,	0.966422,0.0335783,	0.970256,0.0297439,	0.956543,0.0434568,	0.878029,0.121971,	0.603508,0.396492,	0.594995,0.405005,	0.718266,0.281734,	0.900852,0.0991479,	0.946222,0.0537779,	1,	1,	1,	1,	1,	1,	1,	1,	1,	1,	1,	
0.5,0.5,	0.961338,0.0386625,	0.966656,0.0333438,	0.970338,0.0296616,	0.956988,0.0430121,	0.877263,0.122737,	0.601884,0.398116,	0.59362,0.40638,	0.715454,0.284546,	0.902289,0.0977112,	0.941414,0.058586,	1,	1,	1,	1,	1,	1,	1,	1,	1,	1,	1,	
0.5,0.5,	0.961315,0.0386854,	0.966826,0.0331738,	0.97057,0.0294295,	0.957329,0.0426705,	0.87761,0.12239,	0.601519,0.398481,	0.592612,0.407388,	0.71169,0.28831,	0.90336,0.0966402,	0.932168,0.0678323,	1,	1,	1,	1,	1,	1,	1,	1,	1,	1,	1,	
0.5,0.5,	0.961443,0.0385572,	0.967106,0.0328938,	0.97076,0.0292401,	0.957588,0.0424119,	0.878815,0.121185,	0.603967,0.396033,	0.593624,0.406376,	0.720339,0.279661,	0.902547,0.0974533,	0.913949,0.0860514,	1,	1,	1,	1,	1,	1,	1,	1,	1,	1,	1,	
0.5,0.5,	0.961533,0.0384667,	0.967379,0.0326206,	0.971075,0.0289245,	0.958259,0.041741,	0.880937,0.119063,	0.600312,0.399688,	0.590436,0.409564,	0.724262,0.275738,	0.903048,0.096952,	0.90357,0.0964296,	1,	1,	1,	1,	1,	1,	1,	1,	1,	1,	1,	
