accept,reject,	accept,reject,	accept,reject,	accept,reject,	accept,reject,	accept,reject,	accept,reject,	accept,reject,	accept,reject,	accept,reject,	accept,reject,	wait,	wait,	wait,	wait,	wait,	wait,	wait,	wait,	wait,	wait,	wait,	
0.5,0.5,	0.5,0.5,	0.5,0.5,	0.5,0.5,	0.5,0.5,	0.5,0.5,	0.5,0.5,	0.5,0.5,	0.5,0.5,	0.5,0.5,	0.5,0.5,	1,	1,	1,	1,	1,	1,	1,	1,	1,	1,	1,	
0.413999,0.586001,	0.884905,0.115095,	0.69868,0.30132,	0.605829,0.394171,	0.536415,0.463585,	0.512166,0.487834,	0.480445,0.519555,	0.466098,0.533902,	0.499221,0.500779,	0.50862,0.49138,	0.500132,0.499868,	1,	1,	1,	1,	1,	1,	1,	1,	1,	1,	1,	
0.283352,0.716648,	0.99783,0.00217005,	0.964301,0.0356991,	0.817626,0.182374,	0.629909,0.370091,	0.556379,0.443621,	0.50376,0.49624,	0.463041,0.536959,	0.483592,0.516408,	0.504632,0.495368,	0.499114,0.500886,	1,	1,	1,	1,	1,	1,	1,	1,	1,	1,	1,	
0.263663,0.736337,	0.999964,3.60832e-05,	0.997994,0.00200573,	0.948997,0.0510027,	0.798083,0.201917,	0.679953,0.320047,	0.590011,0.409989,	0.525447,0.474553,	0.516982,0.483018,	0.517117,0.482883,	0.499375,0.500625,	1,	1,	1,	1,	1,	1,	1,	1,	1,	1,	1,	
0.252811,0.747189,	0.999999,5.98764e-07,	0.999892,0.000107509,	0.989713,0.0102866,	0.925562,0.0744378,	0.804909,0.195091,	0.679406,0.320594,	0.575907,0.424093,	0.536308,0.463692,	0.536484,0.463516,	0.500014,0.499986,	1,	1,	1,	1,	1,	1,	1,	1,	1,	1,	1,	
0.258872,0.741128,	1,9.93553e-09,	0.999994,5.75251e-06,	0.998155,0.0018451,	0.975126,0.0248736,	0.867685,0.132315,	0.728188,0.271812,	0.611892,0.388108,	0.562502,0.437498,	0.549256,0.450744,	0.500192,0.499808,	1,	1,	1,	1,	1,	1,	1,	1,	1,	1,	1,	
0.338529,0.661471,	1,1.64864e-10,	1,3.07773e-07,	0.999682,0.000317975,	0.991462,0.00853832,	0.908282,0.0917181,	0.757166,0.242834,	0.619204,0.380796,	0.563943,0.436057,	0.55316,0.44684,	0.50022,0.49978,	1,	1,	1,	1,	1,	1,	1,	1,	1,	1,	1,	
0.530475,0.469525,	1,2.73565e-12,	1,1.64665e-08,	0.999946,5.40622e-05,	0.997089,0.00291055,	0.936478,0.0635225,	0.789323,0.210677,	0.646445,0.353555,	0.586764,0.413236,	0.564768,0.435232,	0.500164,0.499836,	1,	1,	1,	1,	1,	1,	1,	1,	1,	1,	1,	
0.775764,0.224236,	1,4.53938e-14,	1,8.80994e-10,	0.999991,9.19049e-06,	0.998994,0.0010059,	0.952481,0.0475191,	0.80388,0.19612,	0.648213,0.351787,	0.587189,0.412811,	0.572916,0.427084,	0.501,0.499,	1,	1,	1,	1,	1,	1,	1,	1,	1,	1,	1,	
0.920531,0.079469,	1,7.53236e-16,	1,4.7135e-11,	0.999998,1.56233e-06,	0.999652,0.000347605,	0.959999,0.0400009,	0.808528,0.191472,	0.656906,0.343094,	0.594049,0.405951,	0.573712,0.426288,	0.5017,0.4983,	1,	1,	1,	1,	1,	1,	1,	1,	1,	1,	1,	
0.977683,0.0223174,	1,1.24987e-17,	1,2.52182e-12,	1,2.65586e-07,	0.999879,0.000120507,	0.967281,0.0327193,	0.83092,0.16908,	0.684213,0.315787,	0.611053,0.388947,	0.583705,0.416295,	0.501021,0.498979,	1,	1,	1,	1,	1,	1,	1,	1,	1,	1,	1,	
0.994312,0.00568762,	1,2.07397e-19,	1,1.34923e-13,	1,4.51479e-08,	0.999958,4.19115e-05,	0.974216,0.025784,	0.847594,0.152406,	0.699905,0.300095,	0.630069,0.369931,	0.595994,0.404006,	0.501343,0.498657,	1,	1,	1,	1,	1,	1,	1,	1,	1,	1,	1,	
0.998563,0.00143675,	1,3.44141e-21,	1,7.21867e-15,	1,7.67486e-09,	0.999985,1.45761e-05,	0.979869,0.0201306,	0.869263,0.130737,	0.722234,0.277766,	0.651461,0.348539,	0.612226,0.387774,	0.500917,0.499083,	1,	1,	1,	1,	1,	1,	1,	1,	1,	1,	1,	
0.999638,0.000362217,	1,5.71047e-23,	1,3.86214e-16,	1,1.30468e-09,	0.999995,5.06926e-06,	0.98446,0.0155398,	0.886482,0.113518,	0.736952,0.263048,	0.670217,0.329783,	0.621629,0.378371,	0.501657,0.498343,	1,	1,	1,	1,	1,	1,	1,	1,	1,	1,	1,	
0.999909,9.12757e-05,	1,9.4756e-25,	1,2.06633e-17,	1,2.21786e-10,	0.999998,1.76297e-06,	0.988144,0.011856,	0.898509,0.101491,	0.748755,0.251245,	0.675486,0.324514,	0.62618,0.37382,	0.502386,0.497614,	1,	1,	1,	1,	1,	1,	1,	1,	1,	1,	1,	
0.999977,2.29977e-05,	1,1.57232e-26,	1,1.10553e-18,	1,3.77022e-11,	0.999999,6.1312e-07,	0.991229,0.00877058,	0.916687,0.0833126,	0.771836,0.228164,	0.697719,0.302281,	0.641298,0.358702,	0.502707,0.497293,	1,	1,	1,	1,	1,	1,	1,	1,	1,	1,	1,	
0.999994,5.79428e-06,	1,2.60902e-28,	1,5.91482e-20,	1,6.40913e-12,	1,2.13229e-07,	0.993836,0.00616362,	0.935606,0.0643938,	0.805417,0.194583,	0.728863,0.271137,	0.661356,0.338644,	0.502903,0.497097,	1,	1,	1,	1,	1,	1,	1,	1,	1,	1,	1,	
0.999999,1.45986e-06,	1,4.32924e-30,	1,3.16455e-21,	1,1.08951e-12,	1,7.41558e-08,	0.995675,0.00432461,	0.949911,0.050089,	0.825742,0.174258,	0.746675,0.253325,	0.678922,0.321078,	0.50252,0.49748,	1,	1,	1,	1,	1,	1,	1,	1,	1,	1,	1,	
1,3.67808e-07,	1,7.18368e-32,	1,1.6931e-22,	1,1.8521e-13,	1,2.57896e-08,	0.996982,0.003018,	0.95984,0.0401602,	0.842886,0.157114,	0.759569,0.240431,	0.685529,0.314471,	0.502509,0.497491,	1,	1,	1,	1,	1,	1,	1,	1,	1,	1,	1,	
1,9.26684e-08,	1,1.19202e-33,	1,9.05846e-24,	1,3.14844e-14,	1,8.96901e-09,	0.997902,0.0020981,	0.968545,0.0314553,	0.866187,0.133813,	0.781358,0.218642,	0.696593,0.303407,	0.502266,0.497734,	1,	1,	1,	1,	1,	1,	1,	1,	1,	1,	1,	
1,2.33476e-08,	1,1.97796e-35,	1,4.84647e-25,	1,5.35215e-15,	1,3.11921e-09,	0.998537,0.00146268,	0.973321,0.0266792,	0.866132,0.133868,	0.784484,0.215516,	0.701369,0.298631,	0.502484,0.497516,	1,	1,	1,	1,	1,	1,	1,	1,	1,	1,	1,	
1,5.88237e-09,	1,3.2821e-37,	1,2.59296e-26,	1,9.09831e-16,	1,1.08479e-09,	0.99898,0.00102022,	0.976953,0.0230469,	0.876936,0.123064,	0.796701,0.203299,	0.707498,0.292502,	0.502828,0.497172,	1,	1,	1,	1,	1,	1,	1,	1,	1,	1,	1,	
1,1.48205e-09,	1,5.44612e-39,	1,1.38729e-27,	1,1.54665e-16,	1,3.77262e-10,	0.999289,0.00071075,	0.980254,0.0197458,	0.886296,0.113704,	0.803148,0.196852,	0.709,0.291,	0.502545,0.497455,	1,	1,	1,	1,	1,	1,	1,	1,	1,	1,	1,	
1,3.73399e-10,	1,9.03697e-41,	1,7.4223e-29,	1,2.62921e-17,	1,1.31203e-10,	0.999505,0.000495158,	0.983381,0.0166193,	0.900399,0.0996013,	0.815915,0.184085,	0.718013,0.281987,	0.502788,0.497212,	1,	1,	1,	1,	1,	1,	1,	1,	1,	1,	1,	
1,9.40769e-11,	1,1.49954e-42,	1,3.97109e-30,	1,4.46948e-18,	1,4.56292e-11,	0.999655,0.000344988,	0.986037,0.013963,	0.91705,0.08295,	0.836391,0.163609,	0.729238,0.270762,	0.502846,0.497154,	1,	1,	1,	1,	1,	1,	1,	1,	1,	1,	1,	
1,2.37025e-11,	1,2.48824e-44,	1,2.12462e-31,	1,7.59783e-19,	1,1.58687e-11,	0.99976,0.000240356,	0.988275,0.0117252,	0.930314,0.0696865,	0.852,0.148,	0.738416,0.261584,	0.502782,0.497218,	1,	1,	1,	1,	1,	1,	1,	1,	1,	1,	1,	
1,5.97178e-12,	1,4.12884e-46,	1,1.13672e-32,	1,1.29158e-19,	1,5.51877e-12,	0.999833,0.000167451,	0.990302,0.00969822,	0.945647,0.0543525,	0.872707,0.127293,	0.748654,0.251346,	0.503056,0.496944,	1,	1,	1,	1,	1,	1,	1,	1,	1,	1,	1,	
1,1.50458e-12,	1,6.85114e-48,	1,6.08167e-34,	1,2.1956e-20,	1,1.91929e-12,	0.999883,0.000116658,	0.992085,0.00791515,	0.958238,0.0417621,	0.886461,0.113539,	0.756528,0.243472,	0.503391,0.496609,	1,	1,	1,	1,	1,	1,	1,	1,	1,	1,	1,	
1,3.79074e-13,	1,1.13684e-49,	1,3.25382e-35,	1,3.73239e-21,	1,6.67485e-13,	0.999919,8.12632e-05,	0.993616,0.00638442,	0.967039,0.0329614,	0.901312,0.0986876,	0.77077,0.22923,	0.503252,0.496748,	1,	1,	1,	1,	1,	1,	1,	1,	1,	1,	1,	
1,9.55068e-14,	1,1.8864e-51,	1,1.74086e-36,	1,6.34481e-22,	1,2.32135e-13,	0.999944,5.64594e-05,	0.995005,0.00499547,	0.974553,0.0254471,	0.913874,0.0861264,	0.780225,0.219775,	0.503407,0.496593,	1,	1,	1,	1,	1,	1,	1,	1,	1,	1,	1,	
1,2.40627e-14,	1,3.13017e-53,	1,9.314e-38,	1,1.07858e-22,	1,8.0731e-14,	0.999961,3.9226e-05,	0.996128,0.00387166,	0.980941,0.0190593,	0.927882,0.0721176,	0.791911,0.208089,	0.503576,0.496424,	1,	1,	1,	1,	1,	1,	1,	1,	1,	1,	1,	
1,6.06255e-15,	1,5.19402e-55,	1,4.98319e-39,	1,1.83351e-23,	1,2.80763e-14,	0.999973,2.72532e-05,	0.997012,0.0029883,	0.985579,0.0144211,	0.936774,0.0632261,	0.801121,0.198879,	0.50345,0.49655,	1,	1,	1,	1,	1,	1,	1,	1,	1,	1,	1,	
1,1.52744e-15,	1,8.61864e-57,	1,2.66611e-40,	1,3.11685e-24,	1,9.76427e-15,	0.999981,1.8935e-05,	0.997684,0.00231595,	0.988559,0.0114411,	0.942309,0.0576907,	0.808066,0.191934,	0.503374,0.496626,	1,	1,	1,	1,	1,	1,	1,	1,	1,	1,	1,	
1,3.84836e-16,	1,1.43012e-58,	1,1.42643e-41,	1,5.29844e-25,	1,3.39578e-15,	0.999987,1.31557e-05,	0.998201,0.00179866,	0.990655,0.00934452,	0.949004,0.0509959,	0.816762,0.183238,	0.503113,0.496887,	1,	1,	1,	1,	1,	1,	1,	1,	1,	1,	1,	
1,9.69585e-17,	1,2.37306e-60,	1,7.63168e-43,	1,9.007e-26,	1,1.18097e-15,	0.999991,9.14033e-06,	0.998604,0.00139589,	0.992516,0.0074842,	0.95667,0.04333,	0.8265,0.1735,	0.50291,0.49709,	1,	1,	1,	1,	1,	1,	1,	1,	1,	1,	1,	
1,2.44285e-17,	1,3.93771e-62,	1,4.08311e-44,	1,1.53113e-26,	1,4.10713e-16,	0.999994,6.35052e-06,	0.998918,0.00108238,	0.994067,0.00593325,	0.962566,0.0374338,	0.835241,0.164759,	0.502836,0.497164,	1,	1,	1,	1,	1,	1,	1,	1,	1,	1,	1,	
1,6.15469e-18,	1,6.534e-64,	1,2.18455e-45,	1,2.60282e-27,	1,1.42836e-16,	0.999996,4.41221e-06,	0.999161,0.000838823,	0.995348,0.00465156,	0.967955,0.0320445,	0.842954,0.157046,	0.502758,0.497242,	1,	1,	1,	1,	1,	1,	1,	1,	1,	1,	1,	
1,1.55066e-18,	1,1.08421e-65,	1,1.16878e-46,	1,4.42463e-28,	1,4.9675e-17,	0.999997,3.06551e-06,	0.99935,0.000650095,	0.996376,0.00362417,	0.971673,0.028327,	0.847605,0.152395,	0.503101,0.496899,	1,	1,	1,	1,	1,	1,	1,	1,	1,	1,	1,	
1,3.90685e-19,	1,1.79907e-67,	1,6.25323e-48,	1,7.52158e-29,	1,1.72758e-17,	0.999998,2.12985e-06,	0.999497,0.000503334,	0.997166,0.00283369,	0.975238,0.0247619,	0.854688,0.145312,	0.503116,0.496884,	1,	1,	1,	1,	1,	1,	1,	1,	1,	1,	1,	
1,9.84322e-20,	1,2.98527e-69,	1,3.34561e-49,	1,1.27862e-29,	1,6.0081e-18,	0.999999,1.47977e-06,	0.999611,0.000389467,	0.99781,0.00219031,	0.979418,0.0205816,	0.863654,0.136346,	0.5029,0.4971,	1,	1,	1,	1,	1,	1,	1,	1,	1,	1,	1,	
1,2.47998e-20,	1,4.95358e-71,	1,1.78997e-50,	1,2.17357e-30,	1,2.08947e-18,	0.999999,1.02811e-06,	0.999699,0.00030125,	0.998333,0.00166684,	0.983396,0.0166041,	0.87194,0.12806,	0.503099,0.496901,	1,	1,	1,	1,	1,	1,	1,	1,	1,	1,	1,	
1,6.24824e-21,	1,8.21967e-73,	1,9.57674e-52,	1,3.69493e-31,	1,7.26669e-19,	0.999999,7.14311e-07,	0.999767,0.000232976,	0.998733,0.00126713,	0.986389,0.0136106,	0.879449,0.120551,	0.503363,0.496637,	1,	1,	1,	1,	1,	1,	1,	1,	1,	1,	1,	
1,1.57423e-21,	1,1.36392e-74,	1,5.12376e-53,	1,6.28114e-32,	1,2.52718e-19,	1,4.96287e-07,	0.99982,0.000180157,	0.999046,0.000954086,	0.989095,0.0109046,	0.88703,0.11297,	0.503124,0.496876,	1,	1,	1,	1,	1,	1,	1,	1,	1,	1,	1,	
1,3.96623e-22,	1,2.26321e-76,	1,2.74132e-54,	1,1.06775e-32,	1,8.78893e-20,	1,3.44809e-07,	0.999861,0.000139306,	0.999284,0.000716378,	0.991037,0.00896321,	0.893337,0.106663,	0.503007,0.496993,	1,	1,	1,	1,	1,	1,	1,	1,	1,	1,	1,	
1,9.99283e-23,	1,3.75543e-78,	1,1.46667e-55,	1,1.81511e-33,	1,3.05658e-20,	1,2.39565e-07,	0.999892,0.000107717,	0.999463,0.000536799,	0.992611,0.00738938,	0.899778,0.100222,	0.503197,0.496803,	1,	1,	1,	1,	1,	1,	1,	1,	1,	1,	1,	
1,2.51767e-23,	1,6.23153e-80,	1,7.84697e-57,	1,3.08557e-34,	1,1.06301e-20,	1,1.66444e-07,	0.999917,8.32947e-05,	0.999596,0.000403674,	0.993828,0.00617249,	0.904249,0.095751,	0.503251,0.496749,	1,	1,	1,	1,	1,	1,	1,	1,	1,	1,	1,	
1,6.34321e-24,	1,1.03402e-81,	1,4.1983e-58,	1,5.24526e-35,	1,3.69688e-21,	1,1.15642e-07,	0.999936,6.44104e-05,	0.999695,0.000304984,	0.994798,0.00520223,	0.909776,0.0902244,	0.503423,0.496577,	1,	1,	1,	1,	1,	1,	1,	1,	1,	1,	1,	
1,1.59816e-24,	1,1.71579e-83,	1,2.24618e-59,	1,8.9166e-36,	1,1.28569e-21,	1,8.03453e-08,	0.99995,4.98052e-05,	0.999769,0.000230776,	0.995623,0.00437726,	0.914818,0.0851818,	0.503193,0.496807,	1,	1,	1,	1,	1,	1,	1,	1,	1,	1,	1,	
1,4.02652e-25,	1,2.84708e-85,	1,1.20175e-60,	1,1.51576e-36,	1,4.47131e-22,	1,5.58221e-08,	0.999961,3.85105e-05,	0.999825,0.000174731,	0.996331,0.00366924,	0.920406,0.079594,	0.503181,0.496819,	1,	1,	1,	1,	1,	1,	1,	1,	1,	1,	1,	
1,1.01447e-25,	1,4.72428e-87,	1,6.42964e-62,	1,2.5767e-37,	1,1.55501e-22,	1,3.87839e-08,	0.99997,2.97768e-05,	0.999868,0.000132313,	0.996932,0.00306809,	0.923976,0.0760238,	0.503803,0.496197,	1,	1,	1,	1,	1,	1,	1,	1,	1,	1,	1,	
1,2.55594e-26,	1,7.83917e-89,	1,3.43999e-63,	1,4.38022e-38,	1,5.40796e-23,	1,2.69462e-08,	0.999977,2.30234e-05,	0.9999,0.000100176,	0.997461,0.00253936,	0.929477,0.0705229,	0.503638,0.496362,	1,	1,	1,	1,	1,	1,	1,	1,	1,	1,	1,	
1,6.43962e-27,	1,1.30078e-90,	1,1.84047e-64,	1,7.44609e-39,	1,1.88076e-23,	1,1.87216e-08,	0.999982,1.78016e-05,	0.999924,7.58392e-05,	0.997914,0.00208576,	0.935015,0.0649848,	0.503658,0.496342,	1,	1,	1,	1,	1,	1,	1,	1,	1,	1,	1,	
1,1.62245e-27,	1,2.15844e-92,	1,9.8469e-66,	1,1.26579e-39,	1,6.54083e-24,	1,1.30073e-08,	0.999986,1.3764e-05,	0.999943,5.74116e-05,	0.998298,0.00170231,	0.940064,0.0599364,	0.503668,0.496332,	1,	1,	1,	1,	1,	1,	1,	1,	1,	1,	1,	
1,4.08772e-28,	1,3.58159e-94,	1,5.2683e-67,	1,2.15176e-40,	1,2.27474e-24,	1,9.03721e-09,	0.999989,1.06422e-05,	0.999957,4.34608e-05,	0.998614,0.00138574,	0.943308,0.0566923,	0.504014,0.495986,	1,	1,	1,	1,	1,	1,	1,	1,	1,	1,	1,	
1,1.02989e-28,	1,5.94307e-96,	1,2.81865e-68,	1,3.65785e-41,	1,7.91102e-25,	1,6.27885e-09,	0.999992,8.22849e-06,	0.999967,3.28992e-05,	0.998869,0.00113062,	0.945909,0.0540915,	0.504007,0.495993,	1,	1,	1,	1,	1,	1,	1,	1,	1,	1,	1,	
1,2.59479e-29,	1,9.86156e-98,	1,1.50804e-69,	1,6.2181e-42,	1,2.75126e-25,	1,4.3624e-09,	0.999994,6.36219e-06,	0.999975,2.4931e-05,	0.999073,0.000927307,	0.949547,0.050453,	0.50402,0.49598,	1,	1,	1,	1,	1,	1,	1,	1,	1,	1,	1,	
1,6.5375e-30,	1,1.63637e-99,	1,8.06833e-71,	1,1.05704e-42,	1,9.56823e-26,	1,3.0309e-09,	0.999995,4.91918e-06,	0.999981,1.89108e-05,	0.999238,0.000762345,	0.952824,0.0471765,	0.503805,0.496195,	1,	1,	1,	1,	1,	1,	1,	1,	1,	1,	1,	
1,1.64711e-30,	1,2.71529e-101,	1,4.31673e-72,	1,1.79689e-43,	1,3.3276e-26,	1,2.1058e-09,	0.999996,3.80345e-06,	0.999986,1.43441e-05,	0.999373,0.000627248,	0.956465,0.0435349,	0.50397,0.49603,	1,	1,	1,	1,	1,	1,	1,	1,	1,	1,	1,	
1,4.14985e-31,	1,4.50558e-103,	1,2.30954e-73,	1,3.0546e-44,	1,1.15726e-26,	1,1.46306e-09,	0.999997,2.94078e-06,	0.999989,1.08802e-05,	0.999483,0.000516859,	0.959106,0.0408939,	0.503915,0.496085,	1,	1,	1,	1,	1,	1,	1,	1,	1,	1,	1,	
1,1.04554e-31,	1,7.47629e-105,	1,1.23565e-74,	1,5.19262e-45,	1,4.02467e-27,	1,1.0165e-09,	0.999998,2.27377e-06,	0.999992,8.25273e-06,	0.999575,0.000425082,	0.962328,0.0376724,	0.503536,0.496464,	1,	1,	1,	1,	1,	1,	1,	1,	1,	1,	1,	
1,2.63422e-32,	1,1.24057e-106,	1,6.61101e-76,	1,8.82712e-46,	1,1.39968e-27,	1,7.06242e-10,	0.999998,1.75804e-06,	0.999994,6.25971e-06,	0.999651,0.000349482,	0.964889,0.0351109,	0.503358,0.496642,	1,	1,	1,	1,	1,	1,	1,	1,	1,	1,	1,	
1,6.63687e-33,	1,2.05853e-108,	1,3.53703e-77,	1,1.50055e-46,	1,4.86777e-28,	1,4.90681e-10,	0.999999,1.35929e-06,	0.999995,4.74798e-06,	0.999712,0.000287709,	0.967388,0.032612,	0.503701,0.496299,	1,	1,	1,	1,	1,	1,	1,	1,	1,	1,	1,	
1,1.67214e-33,	1,3.41579e-110,	1,1.89239e-78,	1,2.55084e-47,	1,1.69289e-28,	1,3.40914e-10,	0.999999,1.05098e-06,	0.999996,3.60132e-06,	0.999763,0.000236941,	0.970168,0.0298321,	0.503919,0.496081,	1,	1,	1,	1,	1,	1,	1,	1,	1,	1,	1,	
1,4.21292e-34,	1,5.66796e-112,	1,1.01247e-79,	1,4.33626e-48,	1,5.88748e-29,	1,2.36859e-10,	0.999999,8.12603e-07,	0.999997,2.73157e-06,	0.999804,0.000195557,	0.972276,0.0277243,	0.504021,0.495979,	1,	1,	1,	1,	1,	1,	1,	1,	1,	1,	1,	
1,1.06144e-34,	1,9.40506e-114,	1,5.41692e-81,	1,7.37137e-49,	1,2.04752e-29,	1,1.64564e-10,	0.999999,6.28291e-07,	0.999998,2.07187e-06,	0.999839,0.000161341,	0.973856,0.0261435,	0.504054,0.495946,	1,	1,	1,	1,	1,	1,	1,	1,	1,	1,	1,	
1,2.67426e-35,	1,1.56062e-115,	1,2.89817e-82,	1,1.25308e-49,	1,7.1208e-30,	1,1.14336e-10,	1,4.85784e-07,	0.999998,1.57149e-06,	0.999867,0.000133008,	0.976138,0.0238619,	0.504214,0.495786,	1,	1,	1,	1,	1,	1,	1,	1,	1,	1,	1,	
1,6.73774e-36,	1,2.5896e-117,	1,1.55058e-83,	1,2.13016e-50,	1,2.47644e-30,	1,7.94378e-11,	1,3.756e-07,	0.999999,1.19196e-06,	0.99989,0.000109511,	0.977665,0.0223347,	0.504043,0.495957,	1,	1,	1,	1,	1,	1,	1,	1,	1,	1,	1,	
1,1.69756e-36,	1,4.29702e-119,	1,8.29594e-85,	1,3.62113e-51,	1,8.61247e-31,	1,5.51916e-11,	1,2.90408e-07,	0.999999,9.04087e-07,	0.99991,9.01031e-05,	0.979629,0.0203707,	0.504115,0.495885,	1,	1,	1,	1,	1,	1,	1,	1,	1,	1,	1,	
1,4.27696e-37,	1,7.13021e-121,	1,4.4385e-86,	1,6.15569e-52,	1,2.99521e-31,	1,3.83458e-11,	1,2.24538e-07,	0.999999,6.85739e-07,	0.999926,7.41228e-05,	0.981362,0.0186381,	0.504103,0.495897,	1,	1,	1,	1,	1,	1,	1,	1,	1,	1,	1,	
1,1.07757e-37,	1,1.18314e-122,	1,2.37469e-87,	1,1.04643e-52,	1,1.04166e-31,	1,2.66418e-11,	1,1.73609e-07,	0.999999,5.20125e-07,	0.999939,6.09704e-05,	0.982257,0.0177434,	0.503946,0.496054,	1,	1,	1,	1,	1,	1,	1,	1,	1,	1,	1,	
1,2.71491e-38,	1,1.96324e-124,	1,1.27051e-88,	1,1.77886e-53,	1,3.62265e-32,	1,1.85101e-11,	1,1.34232e-07,	1,3.94508e-07,	0.99995,5.01445e-05,	0.983343,0.0166572,	0.50413,0.49587,	1,	1,	1,	1,	1,	1,	1,	1,	1,	1,	1,	
1,6.84015e-39,	1,3.25767e-126,	1,6.79751e-90,	1,3.02394e-54,	1,1.25987e-32,	1,1.28604e-11,	1,1.03786e-07,	1,2.99229e-07,	0.999959,4.1237e-05,	0.984744,0.0152558,	0.504397,0.495603,	1,	1,	1,	1,	1,	1,	1,	1,	1,	1,	1,	
1,1.72336e-39,	1,5.40558e-128,	1,3.63681e-91,	1,5.14051e-55,	1,4.38153e-33,	1,8.93513e-12,	1,8.02453e-08,	1,2.26961e-07,	0.999966,3.39095e-05,	0.985784,0.0142162,	0.504593,0.495407,	1,	1,	1,	1,	1,	1,	1,	1,	1,	1,	1,	
1,4.34197e-40,	1,8.96969e-130,	1,1.94577e-92,	1,8.73853e-56,	1,1.52379e-33,	1,6.20792e-12,	1,6.20443e-08,	1,1.72147e-07,	0.999972,2.78885e-05,	0.986785,0.0132151,	0.504227,0.495773,	1,	1,	1,	1,	1,	1,	1,	1,	1,	1,	1,	
1,1.09395e-40,	1,1.48838e-131,	1,1.04103e-93,	1,1.48549e-56,	1,5.29939e-34,	1,4.31312e-12,	1,4.79716e-08,	1,1.30571e-07,	0.999977,2.29448e-05,	0.987751,0.0122486,	0.504251,0.495749,	1,	1,	1,	1,	1,	1,	1,	1,	1,	1,	1,	
1,2.75618e-41,	1,2.46972e-133,	1,5.56973e-95,	1,2.52524e-57,	1,1.843e-34,	1,2.99666e-12,	1,3.70908e-08,	1,9.90365e-08,	0.999981,1.88765e-05,	0.988676,0.0113243,	0.504235,0.495765,	1,	1,	1,	1,	1,	1,	1,	1,	1,	1,	1,	
1,6.94412e-42,	1,4.0981e-135,	1,2.97992e-96,	1,4.29274e-58,	1,6.40951e-35,	1,2.08201e-12,	1,2.8678e-08,	1,7.51178e-08,	0.999984,1.55288e-05,	0.989716,0.0102838,	0.504439,0.495561,	1,	1,	1,	1,	1,	1,	1,	1,	1,	1,	1,	
1,1.74955e-42,	1,6.80014e-137,	1,1.59432e-97,	1,7.29739e-59,	1,2.22907e-35,	1,1.44653e-12,	1,2.21733e-08,	1,5.69758e-08,	0.999987,1.27743e-05,	0.990697,0.00930261,	0.505267,0.494733,	1,	1,	1,	1,	1,	1,	1,	1,	1,	1,	1,	
1,4.40796e-43,	1,1.12837e-138,	1,8.52996e-99,	1,1.24051e-59,	1,7.75218e-36,	1,1.00502e-12,	1,1.7144e-08,	1,4.32154e-08,	0.999989,1.05082e-05,	0.99153,0.00847027,	0.505279,0.494721,	1,	1,	1,	1,	1,	1,	1,	1,	1,	1,	1,	
1,1.11058e-43,	1,1.87236e-140,	1,4.56371e-100,	1,2.10878e-60,	1,2.69602e-36,	1,6.98265e-13,	1,1.32555e-08,	1,3.27783e-08,	0.999991,8.64394e-06,	0.992257,0.00774263,	0.505527,0.494473,	1,	1,	1,	1,	1,	1,	1,	1,	1,	1,	1,	
1,2.79807e-44,	1,3.10687e-142,	1,2.44168e-101,	1,3.58479e-61,	1,9.37613e-37,	1,4.85138e-13,	1,1.02489e-08,	1,2.48619e-08,	0.999993,7.11031e-06,	0.992851,0.00714889,	0.505724,0.494276,	1,	1,	1,	1,	1,	1,	1,	1,	1,	1,	1,	
1,7.04967e-45,	1,5.15535e-144,	1,1.30635e-102,	1,6.09392e-62,	1,3.26079e-37,	1,3.37063e-13,	1,7.92428e-09,	1,1.88574e-08,	0.999994,5.84871e-06,	0.993486,0.00651391,	0.505936,0.494064,	1,	1,	1,	1,	1,	1,	1,	1,	1,	1,	1,	
1,1.77615e-45,	1,8.55448e-146,	1,6.98926e-104,	1,1.03593e-62,	1,1.13403e-37,	1,2.34184e-13,	1,6.12692e-09,	1,1.43031e-08,	0.999995,4.81091e-06,	0.993934,0.00606603,	0.506113,0.493887,	1,	1,	1,	1,	1,	1,	1,	1,	1,	1,	1,	
1,4.47496e-46,	1,1.41948e-147,	1,3.73941e-105,	1,1.76101e-63,	1,3.94387e-38,	1,1.62706e-13,	1,4.73723e-09,	1,1.08487e-08,	0.999996,3.95722e-06,	0.994303,0.00569729,	0.506255,0.493745,	1,	1,	1,	1,	1,	1,	1,	1,	1,	1,	1,	
1,1.12746e-46,	1,2.35539e-149,	1,2.00066e-106,	1,2.9936e-64,	1,1.37158e-38,	1,1.13044e-13,	1,3.66274e-09,	1,8.22857e-09,	0.999997,3.25499e-06,	0.994669,0.00533072,	0.506329,0.493671,	1,	1,	1,	1,	1,	1,	1,	1,	1,	1,	1,	
1,2.8406e-47,	1,3.9084e-151,	1,1.0704e-107,	1,5.08892e-65,	1,4.77004e-39,	1,7.85405e-14,	1,2.83197e-09,	1,6.24126e-09,	0.999997,2.67736e-06,	0.995025,0.00497459,	0.50612,0.49388,	1,	1,	1,	1,	1,	1,	1,	1,	1,	1,	1,	
1,7.15682e-48,	1,6.48536e-153,	1,5.72685e-109,	1,8.65083e-66,	1,1.6589e-39,	1,5.45681e-14,	1,2.18963e-09,	1,4.73391e-09,	0.999998,2.20223e-06,	0.995413,0.00458725,	0.50634,0.49366,	1,	1,	1,	1,	1,	1,	1,	1,	1,	1,	1,	
1,1.80314e-48,	1,1.07614e-154,	1,3.06399e-110,	1,1.47058e-66,	1,5.76927e-40,	1,3.79127e-14,	1,1.69298e-09,	1,3.5906e-09,	0.999998,1.81141e-06,	0.995752,0.00424823,	0.506123,0.493877,	1,	1,	1,	1,	1,	1,	1,	1,	1,	1,	1,	
1,4.54298e-49,	1,1.78568e-156,	1,1.6393e-111,	1,2.4999e-67,	1,2.00641e-40,	1,2.63409e-14,	1,1.30899e-09,	1,2.72342e-09,	0.999999,1.48994e-06,	0.996046,0.00395363,	0.506053,0.493947,	1,	1,	1,	1,	1,	1,	1,	1,	1,	1,	1,	
1,1.14459e-49,	1,2.96305e-158,	1,8.77059e-113,	1,4.24966e-68,	1,6.97783e-41,	1,1.8301e-14,	1,1.01209e-09,	1,2.06568e-09,	0.999999,1.22552e-06,	0.996318,0.00368172,	0.506116,0.493884,	1,	1,	1,	1,	1,	1,	1,	1,	1,	1,	1,	
1,2.88377e-50,	1,4.91671e-160,	1,4.69245e-114,	1,7.22415e-69,	1,2.42672e-41,	1,1.27152e-14,	1,7.82528e-10,	1,1.56679e-09,	0.999999,1.00802e-06,	0.996582,0.0034183,	0.506241,0.493759,	1,	1,	1,	1,	1,	1,	1,	1,	1,	1,	1,	
1,7.2656e-51,	1,8.15848e-162,	1,2.51056e-115,	1,1.22806e-69,	1,8.43956e-42,	1,8.8342e-15,	1,6.05037e-10,	1,1.18839e-09,	0.999999,8.29122e-07,	0.996857,0.00314348,	0.506336,0.493664,	1,	1,	1,	1,	1,	1,	1,	1,	1,	1,	1,	
1,1.83055e-51,	1,1.35377e-163,	1,1.3432e-116,	1,2.08762e-70,	1,2.93508e-42,	1,6.1378e-15,	1,4.67804e-10,	1,9.01375e-10,	0.999999,6.81973e-07,	0.997128,0.00287242,	0.506265,0.493735,	1,	1,	1,	1,	1,	1,	1,	1,	1,	1,	1,	
1,4.61203e-52,	1,2.24636e-165,	1,7.18643e-118,	1,3.54882e-71,	1,1.02075e-42,	1,4.2644e-15,	1,3.61698e-10,	1,6.8368e-10,	0.999999,5.60939e-07,	0.997407,0.00259266,	0.506414,0.493586,	1,	1,	1,	1,	1,	1,	1,	1,	1,	1,	1,	
1,1.16199e-52,	1,3.72748e-167,	1,3.84489e-119,	1,6.03276e-72,	1,3.54992e-43,	1,2.96281e-15,	1,2.79659e-10,	1,5.18562e-10,	1,4.61385e-07,	0.997616,0.00238443,	0.506358,0.493642,	1,	1,	1,	1,	1,	1,	1,	1,	1,	1,	1,	
1,2.9276e-53,	1,6.18514e-169,	1,2.0571e-120,	1,1.02553e-72,	1,1.23458e-43,	1,2.05849e-15,	1,2.16227e-10,	1,3.93322e-10,	1,3.79499e-07,	0.997794,0.00220643,	0.506389,0.493611,	1,	1,	1,	1,	1,	1,	1,	1,	1,	1,	1,	
1,7.37603e-54,	1,1.02633e-170,	1,1.10059e-121,	1,1.74333e-73,	1,4.29356e-44,	1,1.43019e-15,	1,1.67183e-10,	1,2.98329e-10,	1,3.12146e-07,	0.997956,0.00204365,	0.506276,0.493724,	1,	1,	1,	1,	1,	1,	1,	1,	1,	1,	1,	
1,1.85837e-54,	1,1.70302e-172,	1,5.8884e-123,	1,2.96355e-74,	1,1.4932e-44,	1,9.93667e-16,	1,1.29263e-10,	1,2.26279e-10,	1,2.56747e-07,	0.998099,0.00190058,	0.50674,0.49326,	1,	1,	1,	1,	1,	1,	1,	1,	1,	1,	1,	
1,4.68213e-55,	1,2.82589e-174,	1,3.15042e-124,	1,5.03785e-75,	1,5.19299e-45,	1,6.90377e-16,	1,9.99442e-11,	1,1.71629e-10,	1,2.11179e-07,	0.998239,0.00176103,	0.507382,0.492618,	1,	1,	1,	1,	1,	1,	1,	1,	1,	1,	1,	
1,1.17965e-55,	1,4.68911e-176,	1,1.68554e-125,	1,8.56401e-76,	1,1.806e-45,	1,4.79658e-16,	1,7.72751e-11,	1,1.30178e-10,	1,1.73699e-07,	0.998373,0.0016271,	0.507155,0.492845,	1,	1,	1,	1,	1,	1,	1,	1,	1,	1,	1,	
1,2.9721e-56,	1,7.78082e-178,	1,9.01801e-127,	1,1.45583e-76,	1,6.28082e-46,	1,3.33256e-16,	1,5.97478e-11,	1,9.87385e-11,	1,1.42871e-07,	0.998485,0.00151486,	0.506936,0.493064,	1,	1,	1,	1,	1,	1,	1,	1,	1,	1,	1,	
1,7.48814e-57,	1,1.2911e-179,	1,4.82483e-128,	1,2.47481e-77,	1,2.18432e-46,	1,2.31539e-16,	1,4.6196e-11,	1,7.48918e-11,	1,1.17514e-07,	0.998588,0.00141249,	0.506858,0.493142,	1,	1,	1,	1,	1,	1,	1,	1,	1,	1,	1,	
1,1.88662e-57,	1,2.14238e-181,	1,2.58138e-129,	1,4.20701e-78,	1,7.59654e-47,	1,1.60868e-16,	1,3.57179e-11,	1,5.68044e-11,	1,9.66579e-08,	0.998679,0.00132084,	0.506855,0.493145,	1,	1,	1,	1,	1,	1,	1,	1,	1,	1,	1,	
1,4.75329e-58,	1,3.55493e-183,	1,1.3811e-130,	1,7.15165e-79,	1,2.64189e-47,	1,1.11767e-16,	1,2.76165e-11,	1,4.30853e-11,	1,7.9503e-08,	0.998767,0.00123315,	0.506697,0.493303,	1,	1,	1,	1,	1,	1,	1,	1,	1,	1,	1,	
1,1.19758e-58,	1,5.89883e-185,	1,7.38916e-132,	1,1.21573e-79,	1,9.18788e-48,	1,7.76533e-17,	1,2.13526e-11,	1,3.26796e-11,	1,6.53928e-08,	0.998857,0.00114267,	0.506738,0.493262,	1,	1,	1,	1,	1,	1,	1,	1,	1,	1,	1,	
1,3.01728e-59,	1,9.78816e-187,	1,3.95336e-133,	1,2.06667e-80,	1,3.19532e-48,	1,5.39518e-17,	1,1.65095e-11,	1,2.4787e-11,	1,5.37868e-08,	0.998944,0.00105594,	0.506884,0.493116,	1,	1,	1,	1,	1,	1,	1,	1,	1,	1,	1,	
1,7.60196e-60,	1,1.62419e-188,	1,2.11513e-134,	1,3.5132e-81,	1,1.11126e-48,	1,3.74845e-17,	1,1.27648e-11,	1,1.88006e-11,	1,4.42407e-08,	0.999029,0.000970632,	0.506638,0.493362,	1,	1,	1,	1,	1,	1,	1,	1,	1,	1,	1,	
1,1.91529e-60,	1,2.69508e-190,	1,1.13164e-135,	1,5.97221e-82,	1,3.86469e-49,	1,2.60434e-17,	1,9.86955e-12,	1,1.426e-11,	1,3.63888e-08,	0.999107,0.000892646,	0.506888,0.493112,	1,	1,	1,	1,	1,	1,	1,	1,	1,	1,	1,	
1,4.82554e-61,	1,4.47205e-192,	1,6.05451e-137,	1,1.01524e-82,	1,1.34405e-49,	1,1.80943e-17,	1,7.63097e-12,	1,1.0816e-11,	1,2.99305e-08,	0.999176,0.000823887,	0.506899,0.493101,	1,	1,	1,	1,	1,	1,	1,	1,	1,	1,	1,	
1,1.21578e-61,	1,7.42064e-194,	1,3.23929e-138,	1,1.72584e-83,	1,4.67427e-50,	1,1.25715e-17,	1,5.90013e-12,	1,8.2038e-12,	1,2.46184e-08,	0.999239,0.000761356,	0.506789,0.493211,	1,	1,	1,	1,	1,	1,	1,	1,	1,	1,	1,	
1,3.06314e-62,	1,1.23134e-195,	1,1.73309e-139,	1,2.93381e-84,	1,1.6256e-50,	1,8.73441e-18,	1,4.56188e-12,	1,6.22247e-12,	1,2.02491e-08,	0.999296,0.000704089,	0.506939,0.493061,	1,	1,	1,	1,	1,	1,	1,	1,	1,	1,	1,	
1,7.7175e-63,	1,2.0432e-197,	1,9.2724e-141,	1,4.98729e-85,	1,5.65344e-51,	1,6.06847e-18,	1,3.52717e-12,	1,4.71966e-12,	1,1.66553e-08,	0.99935,0.000649876,	0.506885,0.493115,	1,	1,	1,	1,	1,	1,	1,	1,	1,	1,	1,	
1,1.94441e-63,	1,3.39037e-199,	1,4.96093e-142,	1,8.47806e-86,	1,1.96613e-51,	1,4.21624e-18,	1,2.72715e-12,	1,3.57979e-12,	1,1.36993e-08,	0.9994,0.000600074,	0.506723,0.493277,	1,	1,	1,	1,	1,	1,	1,	1,	1,	1,	1,	
1,4.89888e-64,	1,5.62577e-201,	1,2.65421e-143,	1,1.44122e-86,	1,6.83773e-52,	1,2.92934e-18,	1,2.10858e-12,	1,2.71522e-12,	1,1.12679e-08,	0.999446,0.000554244,	0.506617,0.493383,	1,	1,	1,	1,	1,	1,	1,	1,	1,	1,	1,	
1,1.23426e-64,	1,9.33505e-203,	1,1.42006e-144,	1,2.44997e-87,	1,2.378e-52,	1,2.03524e-18,	1,1.63032e-12,	1,2.05946e-12,	1,9.26809e-09,	0.999488,0.000512074,	0.506749,0.493251,	1,	1,	1,	1,	1,	1,	1,	1,	1,	1,	1,	
1,3.10969e-65,	1,1.549e-204,	1,7.5976e-146,	1,4.16479e-88,	1,8.27011e-53,	1,1.41404e-18,	1,1.26054e-12,	1,1.56207e-12,	1,7.62318e-09,	0.999527,0.000473112,	0.507054,0.492946,	1,	1,	1,	1,	1,	1,	1,	1,	1,	1,	1,	
1,7.8348e-66,	1,2.57032e-206,	1,4.06488e-147,	1,7.07988e-89,	1,2.87615e-53,	1,9.82443e-19,	1,9.74624e-13,	1,1.18481e-12,	1,6.27021e-09,	0.999563,0.00043709,	0.507119,0.492881,	1,	1,	1,	1,	1,	1,	1,	1,	1,	1,	1,	
1,1.97396e-66,	1,4.26503e-208,	1,2.1748e-148,	1,1.20353e-89,	1,1.00026e-53,	1,6.82579e-19,	1,7.53563e-13,	1,8.98662e-13,	1,5.15737e-09,	0.999597,0.00040342,	0.507337,0.492663,	1,	1,	1,	1,	1,	1,	1,	1,	1,	1,	1,	
1,4.97334e-67,	1,7.07713e-210,	1,1.16356e-149,	1,2.04593e-90,	1,3.47865e-54,	1,4.7424e-19,	1,5.82642e-13,	1,6.81622e-13,	1,4.24203e-09,	0.999628,0.000372151,	0.507348,0.492652,	1,	1,	1,	1,	1,	1,	1,	1,	1,	1,	1,	
1,1.25302e-67,	1,1.17434e-211,	1,6.22531e-151,	1,3.47794e-91,	1,1.20979e-54,	1,3.29491e-19,	1,4.50489e-13,	1,5.17001e-13,	1,3.48915e-09,	0.999657,0.000343073,	0.50706,0.49294,	1,	1,	1,	1,	1,	1,	1,	1,	1,	1,	1,	
1,3.15696e-68,	1,1.94862e-213,	1,3.33067e-152,	1,5.91228e-92,	1,4.20736e-55,	1,2.28923e-19,	1,3.4831e-13,	1,3.92138e-13,	1,2.8699e-09,	0.999684,0.000316072,	0.507108,0.492892,	1,	1,	1,	1,	1,	1,	1,	1,	1,	1,	1,	
1,7.95389e-69,	1,3.23342e-215,	1,1.78198e-153,	1,1.00505e-92,	1,1.46322e-55,	1,1.59051e-19,	1,2.69307e-13,	1,2.97431e-13,	1,2.36054e-09,	0.999709,0.000291175,	0.507155,0.492845,	1,	1,	1,	1,	1,	1,	1,	1,	1,	1,	1,	
1,2.00396e-69,	1,5.36534e-217,	1,9.53398e-155,	1,1.70852e-93,	1,5.08873e-56,	1,1.10505e-19,	1,2.08224e-13,	1,2.25598e-13,	1,1.94159e-09,	0.999732,0.000268214,	0.507008,0.492992,	1,	1,	1,	1,	1,	1,	1,	1,	1,	1,	1,	
1,5.04894e-70,	1,8.90292e-219,	1,5.10088e-156,	1,2.90437e-94,	1,1.76974e-56,	1,7.67762e-20,	1,1.60995e-13,	1,1.71113e-13,	1,1.597e-09,	0.999753,0.000247185,	0.507109,0.492891,	1,	1,	1,	1,	1,	1,	1,	1,	1,	1,	1,	
1,1.27207e-70,	1,1.4773e-220,	1,2.72908e-157,	1,4.93723e-95,	1,6.15472e-57,	1,5.33423e-20,	1,1.24479e-13,	1,1.29787e-13,	1,1.31356e-09,	0.999772,0.000227783,	0.50713,0.49287,	1,	1,	1,	1,	1,	1,	1,	1,	1,	1,	1,	
1,3.20494e-71,	1,2.45134e-222,	1,1.46012e-158,	1,8.39298e-96,	1,2.14046e-57,	1,3.7061e-20,	1,9.62448e-14,	1,9.84413e-14,	1,1.08043e-09,	0.99979,0.000209921,	0.507129,0.492871,	1,	1,	1,	1,	1,	1,	1,	1,	1,	1,	1,	
1,8.07478e-72,	1,4.0676e-224,	1,7.81193e-160,	1,1.42675e-96,	1,7.44402e-58,	1,2.57492e-20,	1,7.44148e-14,	1,7.46663e-14,	1,8.88673e-10,	0.999807,0.000193419,	0.507015,0.492985,	1,	1,	1,	1,	1,	1,	1,	1,	1,	1,	1,	
1,2.03442e-72,	1,6.74952e-226,	1,4.17955e-161,	1,2.42538e-97,	1,2.58885e-58,	1,1.78899e-20,	1,5.75363e-14,	1,5.66334e-14,	1,7.30951e-10,	0.999822,0.000178421,	0.507234,0.492766,	1,	1,	1,	1,	1,	1,	1,	1,	1,	1,	1,	
1,5.12568e-73,	1,1.11997e-227,	1,2.23615e-162,	1,4.12299e-98,	1,9.00341e-59,	1,1.24295e-20,	1,4.4486e-14,	1,4.29556e-14,	1,6.01221e-10,	0.999835,0.000164593,	0.507124,0.492876,	1,	1,	1,	1,	1,	1,	1,	1,	1,	1,	1,	
1,1.2914e-73,	1,1.85842e-229,	1,1.19639e-163,	1,7.00882e-99,	1,3.13117e-59,	1,8.63575e-21,	1,3.43958e-14,	1,3.25813e-14,	1,4.94516e-10,	0.999848,0.000151845,	0.507245,0.492755,	1,	1,	1,	1,	1,	1,	1,	1,	1,	1,	1,	
1,3.25366e-74,	1,3.08374e-231,	1,6.40092e-165,	1,1.19145e-99,	1,1.08895e-59,	1,5.99992e-21,	1,2.65943e-14,	1,2.47124e-14,	1,4.06748e-10,	0.99986,0.000140107,	0.507249,0.492751,	1,	1,	1,	1,	1,	1,	1,	1,	1,	1,	1,	
1,8.19751e-75,	1,5.11698e-233,	1,3.42463e-166,	1,2.02539e-100,	1,3.78709e-60,	1,4.16861e-21,	1,2.05622e-14,	1,1.8744e-14,	1,3.34558e-10,	0.999871,0.00012931,	0.507188,0.492812,	1,	1,	1,	1,	1,	1,	1,	1,	1,	1,	1,	
1,2.06534e-75,	1,8.4908e-235,	1,1.83225e-167,	1,3.44304e-101,	1,1.31706e-60,	1,2.89626e-21,	1,1.58984e-14,	1,1.42171e-14,	1,2.75181e-10,	0.999881,0.000119362,	0.507208,0.492792,	1,	1,	1,	1,	1,	1,	1,	1,	1,	1,	1,	
1,5.20358e-76,	1,1.40891e-236,	1,9.80293e-169,	1,5.85294e-102,	1,4.58042e-61,	1,2.01225e-21,	1,1.22923e-14,	1,1.07835e-14,	1,2.26341e-10,	0.99989,0.000110242,	0.507122,0.492878,	1,	1,	1,	1,	1,	1,	1,	1,	1,	1,	1,	
1,1.31103e-76,	1,2.33786e-238,	1,5.24477e-170,	1,9.94962e-103,	1,1.59296e-61,	1,1.39807e-21,	1,9.50423e-15,	1,8.17911e-15,	1,1.8617e-10,	0.999898,0.000101806,	0.507094,0.492906,	1,	1,	1,	1,	1,	1,	1,	1,	1,	1,	1,	
1,3.30311e-77,	1,3.8793e-240,	1,2.80607e-171,	1,1.69137e-103,	1,5.53993e-62,	1,9.71345e-22,	1,7.34851e-15,	1,6.20374e-15,	1,1.53128e-10,	0.999906,9.40053e-05,	0.507142,0.492858,	1,	1,	1,	1,	1,	1,	1,	1,	1,	1,	1,	
1,8.32211e-78,	1,6.43708e-242,	1,1.50131e-172,	1,2.87522e-104,	1,1.92666e-62,	1,6.74869e-22,	1,5.68174e-15,	1,4.70545e-15,	1,1.25951e-10,	0.999913,8.68157e-05,	0.506986,0.493014,	1,	1,	1,	1,	1,	1,	1,	1,	1,	1,	1,	
1,2.09674e-78,	1,1.06813e-243,	1,8.0323e-174,	1,4.88768e-105,	1,6.70045e-63,	1,4.68883e-22,	1,4.39303e-15,	1,3.56902e-15,	1,1.03597e-10,	0.99992,8.01738e-05,	0.507131,0.492869,	1,	1,	1,	1,	1,	1,	1,	1,	1,	1,	1,	
1,5.28268e-79,	1,1.77239e-245,	1,4.29745e-175,	1,8.30874e-106,	1,2.33026e-63,	1,3.2577e-22,	1,3.39661e-15,	1,2.70705e-15,	1,8.52106e-11,	0.999926,7.40331e-05,	0.507083,0.492917,	1,	1,	1,	1,	1,	1,	1,	1,	1,	1,	1,	
1,1.33096e-79,	1,2.941e-247,	1,2.29923e-176,	1,1.41243e-106,	1,8.10407e-64,	1,2.26337e-22,	1,2.6262e-15,	1,2.05326e-15,	1,7.00874e-11,	0.999932,6.83583e-05,	0.50689,0.49311,	1,	1,	1,	1,	1,	1,	1,	1,	1,	1,	1,	
1,3.35332e-80,	1,4.88011e-249,	1,1.23014e-177,	1,2.40104e-107,	1,2.8184e-64,	1,1.57254e-22,	1,2.03053e-15,	1,1.55737e-15,	1,5.76482e-11,	0.999937,6.31337e-05,	0.506873,0.493127,	1,	1,	1,	1,	1,	1,	1,	1,	1,	1,	1,	
1,8.4486e-81,	1,8.09775e-251,	1,6.58149e-179,	1,4.08162e-108,	1,9.80172e-65,	1,1.09257e-22,	1,1.56997e-15,	1,1.18124e-15,	1,4.74167e-11,	0.999942,5.831e-05,	0.506811,0.493189,	1,	1,	1,	1,	1,	1,	1,	1,	1,	1,	1,	
1,2.1286e-81,	1,1.34369e-252,	1,3.52124e-180,	1,6.93848e-109,	1,3.40881e-65,	1,7.59089e-23,	1,1.21388e-15,	1,8.95957e-16,	1,3.90012e-11,	0.999946,5.38542e-05,	0.506994,0.493006,	1,	1,	1,	1,	1,	1,	1,	1,	1,	1,	1,	
1,5.36297e-82,	1,2.22964e-254,	1,1.88394e-181,	1,1.1795e-109,	1,1.1855e-65,	1,5.27398e-23,	1,9.38549e-16,	1,6.79571e-16,	1,3.20792e-11,	0.99995,4.97404e-05,	0.507078,0.492922,	1,	1,	1,	1,	1,	1,	1,	1,	1,	1,	1,	
1,1.35119e-82,	1,3.69973e-256,	1,1.00795e-182,	1,2.00507e-110,	1,4.12289e-66,	1,3.66424e-23,	1,7.2567e-16,	1,5.15445e-16,	1,2.63858e-11,	0.999954,4.59386e-05,	0.507067,0.492933,	1,	1,	1,	1,	1,	1,	1,	1,	1,	1,	1,	
1,3.40428e-83,	1,6.1391e-258,	1,5.39273e-184,	1,3.40848e-111,	1,1.43384e-66,	1,2.54583e-23,	1,5.61076e-16,	1,3.90958e-16,	1,2.17028e-11,	0.999958,4.24257e-05,	0.506995,0.493005,	1,	1,	1,	1,	1,	1,	1,	1,	1,	1,	1,	
1,8.57701e-84,	1,1.01869e-259,	1,2.88522e-185,	1,5.7942e-112,	1,4.98656e-67,	1,1.76879e-23,	1,4.33814e-16,	1,2.96536e-16,	1,1.7851e-11,	0.999961,3.91813e-05,	0.507205,0.492795,	1,	1,	1,	1,	1,	1,	1,	1,	1,	1,	1,	
1,2.16096e-84,	1,1.69034e-261,	1,1.54366e-186,	1,9.84976e-113,	1,1.73421e-67,	1,1.22891e-23,	1,3.35418e-16,	1,2.24918e-16,	1,1.46828e-11,	0.999964,3.6189e-05,	0.507178,0.492822,	1,	1,	1,	1,	1,	1,	1,	1,	1,	1,	1,	
1,5.44448e-85,	1,2.80485e-263,	1,8.25889e-188,	1,1.6744e-113,	1,6.03115e-68,	1,8.5382e-24,	1,2.59339e-16,	1,1.70598e-16,	1,1.20769e-11,	0.999967,3.34261e-05,	0.507163,0.492837,	1,	1,	1,	1,	1,	1,	1,	1,	1,	1,	1,	
1,1.37172e-85,	1,4.6542e-265,	1,4.41868e-189,	1,2.84636e-114,	1,2.09749e-68,	1,5.93215e-24,	1,2.00517e-16,	1,1.29396e-16,	1,9.93344e-12,	0.999969,3.08731e-05,	0.50703,0.49297,	1,	1,	1,	1,	1,	1,	1,	1,	1,	1,	1,	
1,3.45603e-86,	1,7.7229e-267,	1,2.36409e-190,	1,4.83863e-115,	1,7.29457e-69,	1,4.12152e-24,	1,1.55036e-16,	1,9.8145e-17,	1,8.17044e-12,	0.999971,2.8514e-05,	0.506981,0.493019,	1,	1,	1,	1,	1,	1,	1,	1,	1,	1,	1,	
1,8.70738e-87,	1,1.28149e-268,	1,1.26484e-191,	1,8.22536e-116,	1,2.53688e-69,	1,2.86354e-24,	1,1.19871e-16,	1,7.44416e-17,	1,6.72035e-12,	0.999974,2.63346e-05,	0.506858,0.493142,	1,	1,	1,	1,	1,	1,	1,	1,	1,	1,	1,	
1,2.1938e-87,	1,2.12643e-270,	1,6.76715e-193,	1,1.39826e-116,	1,8.82264e-70,	1,1.98952e-24,	1,9.26823e-17,	1,5.64629e-17,	1,5.52761e-12,	0.999976,2.43212e-05,	0.506821,0.493179,	1,	1,	1,	1,	1,	1,	1,	1,	1,	1,	1,	
1,5.52724e-88,	1,3.52846e-272,	1,3.62057e-194,	1,2.37695e-117,	1,3.0683e-70,	1,1.38228e-24,	1,7.16604e-17,	1,4.28263e-17,	1,4.54657e-12,	0.999978,2.2461e-05,	0.506557,0.493443,	1,	1,	1,	1,	1,	1,	1,	1,	1,	1,	1,	
1,1.39257e-88,	1,5.85492e-274,	1,1.93708e-195,	1,4.04065e-118,	1,1.06708e-70,	1,9.60374e-25,	1,5.54066e-17,	1,3.24832e-17,	1,3.73964e-12,	0.999979,2.07458e-05,	0.506353,0.493647,	1,	1,	1,	1,	1,	1,	1,	1,	1,	1,	1,	
1,3.50856e-89,	1,9.71529e-276,	1,1.03638e-196,	1,6.86885e-119,	1,3.71106e-71,	1,6.67246e-25,	1,4.28394e-17,	1,2.4638e-17,	1,3.07592e-12,	0.999981,1.91615e-05,	0.506244,0.493756,	1,	1,	1,	1,	1,	1,	1,	1,	1,	1,	1,	
1,8.83973e-90,	1,1.6121e-277,	1,5.54486e-198,	1,1.16766e-119,	1,1.29062e-71,	1,4.63587e-25,	1,3.31227e-17,	1,1.86876e-17,	1,2.53001e-12,	0.999982,1.76979e-05,	0.506235,0.493765,	1,	1,	1,	1,	1,	1,	1,	1,	1,	1,	1,	
1,2.22715e-90,	1,2.67501e-279,	1,2.96662e-199,	1,1.98494e-120,	1,4.48846e-72,	1,3.2209e-25,	1,2.56099e-17,	1,1.41743e-17,	1,2.08098e-12,	0.999984,1.63459e-05,	0.506132,0.493868,	1,	1,	1,	1,	1,	1,	1,	1,	1,	1,	1,	
1,5.61125e-91,	1,4.43876e-281,	1,1.5872e-200,	1,3.37428e-121,	1,1.56098e-72,	1,2.23781e-25,	1,1.98011e-17,	1,1.0751e-17,	1,1.71164e-12,	0.999985,1.5097e-05,	0.506345,0.493655,	1,	1,	1,	1,	1,	1,	1,	1,	1,	1,	1,	
1,1.41374e-91,	1,7.3654e-283,	1,8.49187e-202,	1,5.73605e-122,	1,5.42871e-73,	1,1.55478e-25,	1,1.53099e-17,	1,8.15449e-18,	1,1.40786e-12,	0.999986,1.39433e-05,	0.506219,0.493781,	1,	1,	1,	1,	1,	1,	1,	1,	1,	1,	1,	
1,3.56189e-92,	1,1.22217e-284,	1,4.54333e-203,	1,9.75091e-123,	1,1.88797e-73,	1,1.08022e-25,	1,1.18374e-17,	1,6.18507e-18,	1,1.15799e-12,	0.999987,1.28776e-05,	0.506186,0.493814,	1,	1,	1,	1,	1,	1,	1,	1,	1,	1,	1,	
1,8.97409e-93,	1,2.02799e-286,	1,2.43078e-204,	1,1.65759e-123,	1,6.56592e-74,	1,7.50515e-26,	1,9.15244e-18,	1,4.69129e-18,	1,9.5247e-13,	0.999988,1.18932e-05,	0.506161,0.493839,	1,	1,	1,	1,	1,	1,	1,	1,	1,	1,	1,	
1,2.261e-93,	1,3.36513e-288,	1,1.30052e-205,	1,2.8178e-124,	1,2.28347e-74,	1,5.21441e-26,	1,7.07651e-18,	1,3.55828e-18,	1,7.83425e-13,	0.999989,1.09841e-05,	0.506118,0.493882,	1,	1,	1,	1,	1,	1,	1,	1,	1,	1,	1,	
1,5.69653e-94,	1,5.58389e-290,	1,6.95805e-207,	1,4.79007e-125,	1,7.94136e-75,	1,3.62285e-26,	1,5.47143e-18,	1,2.6989e-18,	1,6.44382e-13,	0.99999,1.01443e-05,	0.50611,0.49389,	1,	1,	1,	1,	1,	1,	1,	1,	1,	1,	1,	
1,1.43523e-94,	1,9.26556e-292,	1,3.72271e-208,	1,8.14281e-126,	1,2.76182e-75,	1,2.51708e-26,	1,4.23042e-18,	1,2.04708e-18,	1,5.30017e-13,	0.999991,9.36867e-06,	0.506022,0.493978,	1,	1,	1,	1,	1,	1,	1,	1,	1,	1,	1,	
1,3.61602e-95,	1,1.53747e-293,	1,1.99173e-209,	1,1.38422e-126,	1,9.60493e-76,	1,1.74881e-26,	1,3.27089e-18,	1,1.55268e-18,	1,4.35949e-13,	0.999991,8.65226e-06,	0.50602,0.49398,	1,	1,	1,	1,	1,	1,	1,	1,	1,	1,	1,	
1,9.11049e-96,	1,2.55119e-295,	1,1.06562e-210,	1,2.35309e-127,	1,3.34037e-76,	1,1.21503e-26,	1,2.52899e-18,	1,1.17769e-18,	1,3.58576e-13,	0.999992,7.98974e-06,	0.506104,0.493896,	1,	1,	1,	1,	1,	1,	1,	1,	1,	1,	1,	
1,2.29537e-96,	1,4.23328e-297,	1,5.70127e-212,	1,4.0001e-128,	1,1.1617e-76,	1,8.44176e-27,	1,1.95538e-18,	1,8.9326e-19,	1,2.94936e-13,	0.999993,7.37616e-06,	0.506062,0.493938,	1,	1,	1,	1,	1,	1,	1,	1,	1,	1,	1,	
1,5.78312e-97,	1,7.02445e-299,	1,3.0503e-213,	1,6.79991e-129,	1,4.04011e-77,	1,5.86514e-27,	1,1.51186e-18,	1,6.77525e-19,	1,2.4259e-13,	0.999993,6.80966e-06,	0.506099,0.493901,	1,	1,	1,	1,	1,	1,	1,	1,	1,	1,	1,	
1,1.45704e-97,	1,1.16559e-300,	1,1.63198e-214,	1,1.15594e-129,	1,1.40505e-77,	1,4.07497e-27,	1,1.16895e-18,	1,5.13893e-19,	1,1.99535e-13,	0.999994,6.28663e-06,	0.506189,0.493811,	1,	1,	1,	1,	1,	1,	1,	1,	1,	1,	1,	
1,3.67099e-98,	1,1.93412e-302,	1,8.73143e-216,	1,1.96502e-130,	1,4.88644e-78,	1,2.8312e-27,	1,9.03809e-19,	1,3.89781e-19,	1,1.64121e-13,	0.999994,5.80374e-06,	0.506107,0.493893,	1,	1,	1,	1,	1,	1,	1,	1,	1,	1,	1,	
1,9.24896e-99,	1,3.20935e-304,	1,4.6715e-217,	1,3.34041e-131,	1,1.69939e-78,	1,1.96705e-27,	1,6.9881e-19,	1,2.95643e-19,	1,1.34993e-13,	0.999995,5.35794e-06,	0.50597,0.49403,	1,	1,	1,	1,	1,	1,	1,	1,	1,	1,	1,	
1,2.33025e-99,	1,5.3254e-306,	1,2.49935e-218,	1,5.67848e-132,	1,5.91006e-79,	1,1.36666e-27,	1,5.40308e-19,	1,2.24241e-19,	1,1.11034e-13,	0.999995,4.94636e-06,	0.505871,0.494129,	1,	1,	1,	1,	1,	1,	1,	1,	1,	1,	1,	
1,5.87102e-100,	1,8.83665e-308,	1,1.33721e-219,	1,9.65305e-133,	1,2.05538e-79,	1,9.49526e-28,	1,4.17757e-19,	1,1.70084e-19,	1,9.13279e-14,	0.999995,4.56639e-06,	0.505801,0.494199,	1,	1,	1,	1,	1,	1,	1,	1,	1,	1,	1,	
1,1.47919e-100,	1,0,	1,7.15434e-221,	1,1.64096e-133,	1,7.14811e-80,	1,6.59709e-28,	1,3.23002e-19,	1,1.29006e-19,	1,7.51189e-14,	0.999996,4.21559e-06,	0.50585,0.49415,	1,	1,	1,	1,	1,	1,	1,	1,	1,	1,	1,	
1,3.72678e-101,	1,0,	1,3.82772e-222,	1,2.78952e-134,	1,2.48594e-80,	1,4.58351e-28,	1,2.4974e-19,	1,9.78495e-20,	1,6.17867e-14,	0.999996,3.89173e-06,	0.505884,0.494116,	1,	1,	1,	1,	1,	1,	1,	1,	1,	1,	1,	
1,9.38954e-102,	1,0,	1,2.04791e-223,	1,4.742e-135,	1,8.64551e-81,	1,3.18452e-28,	1,1.93095e-19,	1,7.42175e-20,	1,5.08208e-14,	0.999996,3.59274e-06,	0.505834,0.494166,	1,	1,	1,	1,	1,	1,	1,	1,	1,	1,	1,	
1,2.36567e-102,	1,0,	1,1.09568e-224,	1,8.06109e-136,	1,3.0067e-81,	1,2.21253e-28,	1,1.49297e-19,	1,5.6293e-20,	1,4.18011e-14,	0.999997,3.31672e-06,	0.505668,0.494332,	1,	1,	1,	1,	1,	1,	1,	1,	1,	1,	1,	
1,5.96025e-103,	1,0,	1,5.86211e-226,	1,1.37033e-136,	1,1.04566e-81,	1,1.53722e-28,	1,1.15434e-19,	1,4.26974e-20,	1,3.43822e-14,	0.999997,3.0619e-06,	0.505846,0.494154,	1,	1,	1,	1,	1,	1,	1,	1,	1,	1,	1,	
1,1.50167e-103,	1,0,	1,3.13635e-227,	1,2.32948e-137,	1,3.63655e-82,	1,1.06802e-28,	1,8.92517e-20,	1,3.23854e-20,	1,2.828e-14,	0.999997,2.82665e-06,	0.505785,0.494215,	1,	1,	1,	1,	1,	1,	1,	1,	1,	1,	1,	
1,3.78343e-104,	1,0,	1,1.67801e-228,	1,3.95996e-138,	1,1.2647e-82,	1,7.42038e-29,	1,6.90079e-20,	1,2.45639e-20,	1,2.32608e-14,	0.999997,2.60947e-06,	0.505719,0.494281,	1,	1,	1,	1,	1,	1,	1,	1,	1,	1,	1,	
1,9.53225e-105,	1,0,	1,8.97774e-230,	1,6.73167e-139,	1,4.39834e-83,	1,5.15551e-29,	1,5.33557e-20,	1,1.86314e-20,	1,1.91325e-14,	0.999998,2.4091e-06,	0.505661,0.494339,	1,	1,	1,	1,	1,	1,	1,	1,	1,	1,	1,	
1,2.40163e-105,	1,0,	1,4.80328e-231,	1,1.14434e-139,	1,1.52964e-83,	1,3.58193e-29,	1,4.12537e-20,	1,1.41316e-20,	1,1.57368e-14,	0.999998,2.2243e-06,	0.505766,0.494234,	1,	1,	1,	1,	1,	1,	1,	1,	1,	1,	1,	
1,6.05085e-106,	1,0,	1,2.56986e-232,	1,1.9453e-140,	1,5.31971e-84,	1,2.48864e-29,	1,3.18967e-20,	1,1.07186e-20,	1,1.29438e-14,	0.999998,2.05367e-06,	0.505814,0.494186,	1,	1,	1,	1,	1,	1,	1,	1,	1,	1,	1,	
1,1.5245e-106,	1,0,	1,1.37493e-233,	1,3.30689e-141,	1,1.85007e-84,	1,1.72905e-29,	1,2.4662e-20,	1,8.12994e-21,	1,1.06466e-14,	0.999998,1.89612e-06,	0.50585,0.49415,	1,	1,	1,	1,	1,	1,	1,	1,	1,	1,	1,	
1,3.84093e-107,	1,0,	1,7.35616e-235,	1,5.62149e-142,	1,6.43409e-85,	1,1.20131e-29,	1,1.90682e-20,	1,6.16645e-21,	1,8.757e-15,	0.999998,1.75066e-06,	0.505825,0.494175,	1,	1,	1,	1,	1,	1,	1,	1,	1,	1,	1,	
1,9.67714e-108,	1,0,	1,3.9357e-236,	1,9.55617e-143,	1,2.23762e-85,	1,8.34641e-30,	1,1.47432e-20,	1,4.67717e-21,	1,7.2028e-15,	0.999998,1.61636e-06,	0.505894,0.494106,	1,	1,	1,	1,	1,	1,	1,	1,	1,	1,	1,	
1,2.43813e-108,	1,0,	1,2.10568e-237,	1,1.62449e-143,	1,7.78192e-86,	1,5.79889e-30,	1,1.13992e-20,	1,3.54757e-21,	1,5.92444e-15,	0.999999,1.49236e-06,	0.505942,0.494058,	1,	1,	1,	1,	1,	1,	1,	1,	1,	1,	1,	
1,6.14282e-109,	1,0,	1,1.12659e-238,	1,2.76152e-144,	1,2.70637e-86,	1,4.02894e-30,	1,8.81367e-21,	1,2.69078e-21,	1,4.87296e-15,	0.999999,1.37787e-06,	0.505929,0.494071,	1,	1,	1,	1,	1,	1,	1,	1,	1,	1,	1,	
1,1.54767e-109,	1,0,	1,6.02747e-240,	1,4.69441e-145,	1,9.41209e-87,	1,2.79922e-30,	1,6.81457e-21,	1,2.04092e-21,	1,4.0081e-15,	0.999999,1.27216e-06,	0.505968,0.494032,	1,	1,	1,	1,	1,	1,	1,	1,	1,	1,	1,	
1,3.89931e-110,	1,0,	1,3.22483e-241,	1,7.98019e-146,	1,3.2733e-87,	1,1.94483e-30,	1,5.26891e-21,	1,1.54801e-21,	1,3.29674e-15,	0.999999,1.17456e-06,	0.505948,0.494052,	1,	1,	1,	1,	1,	1,	1,	1,	1,	1,	1,	
1,9.82423e-111,	1,0,	1,1.72535e-242,	1,1.35658e-146,	1,1.13837e-87,	1,1.35122e-30,	1,4.07383e-21,	1,1.17414e-21,	1,2.71163e-15,	0.999999,1.08445e-06,	0.506011,0.493989,	1,	1,	1,	1,	1,	1,	1,	1,	1,	1,	1,	
1,2.47519e-111,	1,0,	1,9.231e-244,	1,2.3061e-147,	1,3.959e-88,	1,9.388e-31,	1,3.14982e-21,	1,8.90571e-22,	1,2.23037e-15,	0.999999,1.00125e-06,	0.505948,0.494052,	1,	1,	1,	1,	1,	1,	1,	1,	1,	1,	1,	
1,6.23618e-112,	1,0,	1,4.93878e-245,	1,3.92022e-148,	1,1.37684e-88,	1,6.52257e-31,	1,2.43538e-21,	1,6.75486e-22,	1,1.83452e-15,	0.999999,9.24429e-07,	0.50597,0.49403,	1,	1,	1,	1,	1,	1,	1,	1,	1,	1,	1,	
1,1.57119e-112,	1,0,	1,2.64235e-246,	1,6.66411e-149,	1,4.78833e-89,	1,4.53173e-31,	1,1.883e-21,	1,5.12347e-22,	1,1.50893e-15,	0.999999,8.53505e-07,	0.505854,0.494146,	1,	1,	1,	1,	1,	1,	1,	1,	1,	1,	1,	
1,3.95858e-113,	1,0,	1,1.41371e-247,	1,1.13286e-149,	1,1.66527e-89,	1,3.14854e-31,	1,1.4559e-21,	1,3.88608e-22,	1,1.24112e-15,	0.999999,7.88021e-07,	0.505841,0.494159,	1,	1,	1,	1,	1,	1,	1,	1,	1,	1,	1,	
1,9.97355e-114,	1,0,	1,7.56367e-249,	1,1.92578e-150,	1,5.7914e-90,	1,2.18754e-31,	1,1.12568e-21,	1,2.94754e-22,	1,1.02085e-15,	0.999999,7.27562e-07,	0.505787,0.494213,	1,	1,	1,	1,	1,	1,	1,	1,	1,	1,	1,	
1,2.51281e-114,	1,0,	1,4.04673e-250,	1,3.2737e-151,	1,2.01411e-90,	1,1.51985e-31,	1,8.70355e-22,	1,2.23566e-22,	1,8.39667e-16,	0.999999,6.71741e-07,	0.505628,0.494372,	1,	1,	1,	1,	1,	1,	1,	1,	1,	1,	1,	
1,6.33097e-115,	1,0,	1,2.16508e-251,	1,5.56508e-152,	1,7.00459e-91,	1,1.05596e-31,	1,6.72944e-22,	1,1.69572e-22,	1,6.90642e-16,	0.999999,6.20202e-07,	0.505345,0.494655,	1,	1,	1,	1,	1,	1,	1,	1,	1,	1,	1,	
1,1.59507e-115,	1,0,	1,1.15837e-252,	1,9.46027e-153,	1,2.43603e-91,	1,7.33656e-32,	1,5.20308e-22,	1,1.28618e-22,	1,5.68066e-16,	0.999999,5.72617e-07,	0.50526,0.49474,	1,	1,	1,	1,	1,	1,	1,	1,	1,	1,	1,	
1,4.0188e-116,	1,0,	1,6.19769e-254,	1,1.60821e-153,	1,8.47202e-92,	1,5.09729e-32,	1,4.02295e-22,	1,9.75553e-23,	1,4.67246e-16,	0.999999,5.28684e-07,	0.505077,0.494923,	1,	1,	1,	1,	1,	1,	1,	1,	1,	1,	1,	
