gather,share,	gather,share,	gather,share,	gather,share,	gather,share,	gather,share,	gather,share,	gather,share,	gather,share,	gather,share,	gather,share,	wait,	wait,	wait,	wait,	wait,	wait,	wait,	wait,	wait,	wait,	wait,	
0.5,0.5,	0.5,0.5,	0.5,0.5,	0.5,0.5,	0.5,0.5,	0.5,0.5,	0.5,0.5,	0.5,0.5,	0.5,0.5,	0.5,0.5,	0.5,0.5,	1,	1,	1,	1,	1,	1,	1,	1,	1,	1,	1,	
0.5,0.5,	0.541438,0.458562,	0.414721,0.585279,	0.360036,0.639964,	0.358225,0.641775,	0.36439,0.63561,	0.373581,0.626419,	0.402641,0.597359,	0.418861,0.581139,	0.440186,0.559814,	0.477291,0.522709,	1,	1,	1,	1,	1,	1,	1,	1,	1,	1,	1,	
0.5,0.5,	0.981052,0.0189483,	0.801378,0.198622,	0.567187,0.432813,	0.446555,0.553445,	0.409525,0.590475,	0.396471,0.603529,	0.403415,0.596585,	0.410725,0.589275,	0.427115,0.572885,	0.465753,0.534247,	1,	1,	1,	1,	1,	1,	1,	1,	1,	1,	1,	
0.5,0.5,	0.999788,0.000212378,	0.9884,0.0116,	0.905245,0.0947545,	0.694784,0.305216,	0.548525,0.451475,	0.47274,0.52726,	0.440052,0.559948,	0.422835,0.577165,	0.426825,0.573175,	0.458145,0.541855,	1,	1,	1,	1,	1,	1,	1,	1,	1,	1,	1,	
0.5,0.5,	0.999998,2.31047e-06,	0.999458,0.00054193,	0.982555,0.017445,	0.831675,0.168325,	0.638549,0.361451,	0.520964,0.479036,	0.460173,0.539827,	0.428647,0.571353,	0.425172,0.574828,	0.450849,0.549151,	1,	1,	1,	1,	1,	1,	1,	1,	1,	1,	1,	
0.5,0.5,	1,2.51308e-08,	0.999975,2.506e-05,	0.996865,0.00313537,	0.914968,0.0850321,	0.727716,0.272284,	0.576273,0.423727,	0.489554,0.510446,	0.44038,0.55962,	0.42767,0.57233,	0.442912,0.557088,	1,	1,	1,	1,	1,	1,	1,	1,	1,	1,	1,	
0.5,0.5,	1,2.73344e-10,	0.999999,1.15828e-06,	0.999443,0.000557481,	0.964318,0.0356819,	0.810349,0.189651,	0.627325,0.372675,	0.511279,0.488721,	0.444723,0.555277,	0.425935,0.574065,	0.434015,0.565985,	1,	1,	1,	1,	1,	1,	1,	1,	1,	1,	1,	
0.5,0.5,	1,2.97313e-12,	1,5.35346e-08,	0.999901,9.89485e-05,	0.986348,0.0136525,	0.879442,0.120558,	0.694228,0.305772,	0.546873,0.453127,	0.456202,0.543798,	0.426379,0.573621,	0.427424,0.572576,	1,	1,	1,	1,	1,	1,	1,	1,	1,	1,	1,	
0.5,0.5,	1,3.23383e-14,	1,2.47432e-09,	0.999982,1.75571e-05,	0.995099,0.00490135,	0.930619,0.0693813,	0.753708,0.246292,	0.579763,0.420237,	0.469965,0.530035,	0.427316,0.572684,	0.41998,0.58002,	1,	1,	1,	1,	1,	1,	1,	1,	1,	1,	1,	
0.5,0.5,	1,3.5174e-16,	1,1.14361e-10,	0.999997,3.11509e-06,	0.998249,0.00175143,	0.959989,0.0400114,	0.803605,0.196395,	0.613377,0.386623,	0.482859,0.517141,	0.429597,0.570403,	0.411912,0.588088,	1,	1,	1,	1,	1,	1,	1,	1,	1,	1,	1,	
0.5,0.5,	1,3.82583e-18,	1,5.28565e-12,	0.999999,5.52691e-07,	0.999378,0.000621534,	0.977849,0.0221512,	0.84954,0.15046,	0.647262,0.352738,	0.495697,0.504303,	0.435122,0.564878,	0.40512,0.59488,	1,	1,	1,	1,	1,	1,	1,	1,	1,	1,	1,	
0.5,0.5,	1,4.1613e-20,	1,2.44298e-13,	1,9.80603e-08,	0.99978,0.00022005,	0.987997,0.0120034,	0.887482,0.112518,	0.68203,0.31797,	0.514123,0.485877,	0.439378,0.560622,	0.398178,0.601822,	1,	1,	1,	1,	1,	1,	1,	1,	1,	1,	1,	
0.5,0.5,	1,4.5262e-22,	1,1.12912e-14,	1,1.73982e-08,	0.999922,7.78844e-05,	0.993654,0.00634614,	0.919198,0.0808017,	0.717421,0.282579,	0.532738,0.467262,	0.442572,0.557428,	0.392164,0.607836,	1,	1,	1,	1,	1,	1,	1,	1,	1,	1,	1,	
0.5,0.5,	1,4.92309e-24,	1,5.2187e-16,	1,3.08685e-09,	0.999972,2.75638e-05,	0.99665,0.00334961,	0.940443,0.0595575,	0.744966,0.255034,	0.546662,0.453338,	0.445448,0.554552,	0.385218,0.614782,	1,	1,	1,	1,	1,	1,	1,	1,	1,	1,	1,	
0.5,0.5,	1,5.35478e-26,	1,2.41204e-17,	1,5.47678e-10,	0.99999,9.75463e-06,	0.998262,0.00173753,	0.958251,0.0417489,	0.779267,0.220733,	0.566723,0.433277,	0.449315,0.550685,	0.379288,0.620712,	1,	1,	1,	1,	1,	1,	1,	1,	1,	1,	1,	
0.5,0.5,	1,5.82432e-28,	1,1.11482e-18,	1,9.7171e-11,	0.999997,3.45206e-06,	0.999108,0.000891988,	0.971466,0.0285337,	0.806954,0.193046,	0.585775,0.414225,	0.451154,0.548846,	0.372788,0.627212,	1,	1,	1,	1,	1,	1,	1,	1,	1,	1,	1,	
0.5,0.5,	1,6.33504e-30,	1,5.1526e-20,	1,1.72404e-11,	0.999999,1.22164e-06,	0.999543,0.000457384,	0.980683,0.0193165,	0.836055,0.163945,	0.604791,0.395209,	0.456626,0.543374,	0.365449,0.634551,	1,	1,	1,	1,	1,	1,	1,	1,	1,	1,	1,	
0.5,0.5,	1,6.89053e-32,	1,2.38149e-21,	1,3.05885e-12,	1,4.32325e-07,	0.999765,0.000234501,	0.987676,0.0123238,	0.866743,0.133257,	0.631645,0.368355,	0.463294,0.536706,	0.360213,0.639787,	1,	1,	1,	1,	1,	1,	1,	1,	1,	1,	1,	
0.5,0.5,	1,7.49474e-34,	1,1.1007e-22,	1,5.42712e-13,	1,1.52994e-07,	0.99988,0.000120226,	0.992274,0.00772563,	0.889408,0.110592,	0.652416,0.347584,	0.469404,0.530596,	0.354454,0.645546,	1,	1,	1,	1,	1,	1,	1,	1,	1,	1,	1,	
0.5,0.5,	1,8.15194e-36,	1,5.08734e-24,	1,9.62897e-14,	1,5.41428e-08,	0.999938,6.16389e-05,	0.995259,0.00474131,	0.909366,0.0906343,	0.672333,0.327667,	0.476663,0.523337,	0.349319,0.650681,	1,	1,	1,	1,	1,	1,	1,	1,	1,	1,	1,	
0.5,0.5,	1,8.86675e-38,	1,2.35132e-25,	1,1.7084e-14,	1,1.91605e-08,	0.999968,3.16011e-05,	0.99709,0.00291015,	0.927118,0.0728819,	0.695991,0.304009,	0.486723,0.513277,	0.345088,0.654912,	1,	1,	1,	1,	1,	1,	1,	1,	1,	1,	1,	
0.5,0.5,	1,9.64425e-40,	1,1.08676e-26,	1,3.03111e-15,	1,6.78066e-09,	0.999984,1.62012e-05,	0.998224,0.00177553,	0.941597,0.0584027,	0.715651,0.284349,	0.492623,0.507377,	0.339441,0.660559,	1,	1,	1,	1,	1,	1,	1,	1,	1,	1,	1,	
0.5,0.5,	1,1.04899e-41,	1,5.0229e-28,	1,5.3779e-16,	1,2.39959e-09,	0.999992,8.30593e-06,	0.998918,0.00108172,	0.953516,0.0464838,	0.734975,0.265025,	0.500816,0.499184,	0.334447,0.665553,	1,	1,	1,	1,	1,	1,	1,	1,	1,	1,	1,	
0.5,0.5,	1,1.14098e-43,	1,2.32154e-29,	1,9.54164e-17,	1,8.49185e-10,	0.999996,4.25821e-06,	0.999342,0.000658223,	0.963219,0.0367814,	0.75228,0.24772,	0.506724,0.493276,	0.328752,0.671248,	1,	1,	1,	1,	1,	1,	1,	1,	1,	1,	1,	
0.5,0.5,	1,1.24102e-45,	1,1.07299e-30,	1,1.69291e-17,	1,3.00516e-10,	0.999998,2.18306e-06,	0.9996,0.000400153,	0.971251,0.0287489,	0.772272,0.227728,	0.514175,0.485825,	0.323828,0.676172,	1,	1,	1,	1,	1,	1,	1,	1,	1,	1,	1,	
0.5,0.5,	1,1.34985e-47,	1,4.95928e-32,	1,3.00362e-18,	1,1.06349e-10,	0.999999,1.11919e-06,	0.999757,0.000243269,	0.977238,0.0227617,	0.790878,0.209122,	0.521118,0.478882,	0.317477,0.682523,	1,	1,	1,	1,	1,	1,	1,	1,	1,	1,	1,	
0.5,0.5,	1,1.46821e-49,	1,2.29213e-33,	1,5.32912e-19,	1,3.76356e-11,	0.999999,5.73774e-07,	0.999852,0.000147853,	0.982402,0.0175984,	0.809361,0.190639,	0.531494,0.468506,	0.311997,0.688003,	1,	1,	1,	1,	1,	1,	1,	1,	1,	1,	1,	
0.5,0.5,	1,1.59695e-51,	1,1.0594e-34,	1,9.45511e-20,	1,1.33188e-11,	1,2.94157e-07,	0.99991,8.98609e-05,	0.986586,0.0134137,	0.825719,0.174281,	0.538518,0.461482,	0.305989,0.694011,	1,	1,	1,	1,	1,	1,	1,	1,	1,	1,	1,	
0.5,0.5,	1,1.73698e-53,	1,4.89647e-36,	1,1.67756e-20,	1,4.71335e-12,	1,1.50805e-07,	0.999945,5.46132e-05,	0.989772,0.0102278,	0.840387,0.159613,	0.545558,0.454442,	0.29991,0.70009,	1,	1,	1,	1,	1,	1,	1,	1,	1,	1,	1,	
0.5,0.5,	1,1.88929e-55,	1,2.2631e-37,	1,2.97638e-21,	1,1.668e-12,	1,7.73132e-08,	0.999967,3.31905e-05,	0.992297,0.00770321,	0.85626,0.14374,	0.553688,0.446312,	0.296086,0.703914,	1,	1,	1,	1,	1,	1,	1,	1,	1,	1,	1,	
0.5,0.5,	1,2.05496e-57,	1,1.04598e-38,	1,5.28079e-22,	1,5.90283e-13,	1,3.96361e-08,	0.99998,2.0171e-05,	0.994222,0.00577816,	0.870823,0.129177,	0.562876,0.437124,	0.291737,0.708263,	1,	1,	1,	1,	1,	1,	1,	1,	1,	1,	1,	
0.5,0.5,	1,2.23515e-59,	1,4.83445e-40,	1,9.36936e-23,	1,2.08894e-13,	1,2.03202e-08,	0.999988,1.22584e-05,	0.995689,0.00431141,	0.884966,0.115034,	0.575742,0.424258,	0.287571,0.712429,	1,	1,	1,	1,	1,	1,	1,	1,	1,	1,	1,	
0.5,0.5,	1,2.43115e-61,	1,2.23444e-41,	1,1.66234e-23,	1,7.3925e-14,	1,1.04176e-08,	0.999993,7.44981e-06,	0.99679,0.00320992,	0.895729,0.104271,	0.58374,0.41626,	0.282691,0.717309,	1,	1,	1,	1,	1,	1,	1,	1,	1,	1,	1,	
0.5,0.5,	1,2.64433e-63,	1,1.03274e-42,	1,2.94939e-24,	1,2.61611e-14,	1,5.34077e-09,	0.999995,4.52746e-06,	0.997606,0.00239392,	0.906332,0.0936685,	0.590877,0.409123,	0.277836,0.722164,	1,	1,	1,	1,	1,	1,	1,	1,	1,	1,	1,	
0.5,0.5,	1,2.8762e-65,	1,4.77321e-44,	1,5.2329e-25,	1,9.2581e-15,	1,2.73805e-09,	0.999997,2.75146e-06,	0.998218,0.00178209,	0.915835,0.0841649,	0.599828,0.400172,	0.273443,0.726557,	1,	1,	1,	1,	1,	1,	1,	1,	1,	1,	1,	
0.5,0.5,	1,3.12841e-67,	1,2.20613e-45,	1,9.28439e-26,	1,3.27633e-15,	1,1.40371e-09,	0.999998,1.67214e-06,	0.998677,0.00132338,	0.925534,0.0744661,	0.610082,0.389918,	0.269579,0.730421,	1,	1,	1,	1,	1,	1,	1,	1,	1,	1,	1,	
0.5,0.5,	1,3.40273e-69,	1,1.01966e-46,	1,1.64727e-26,	1,1.15945e-15,	1,7.19641e-10,	0.999999,1.01621e-06,	0.999019,0.000980888,	0.9344,0.0656,	0.621924,0.378076,	0.265602,0.734398,	1,	1,	1,	1,	1,	1,	1,	1,	1,	1,	1,	
0.5,0.5,	1,3.7011e-71,	1,4.71275e-48,	1,2.92264e-27,	1,4.10316e-16,	1,3.68938e-10,	0.999999,6.17575e-07,	0.999274,0.00072641,	0.941549,0.0584506,	0.632046,0.367954,	0.262222,0.737778,	1,	1,	1,	1,	1,	1,	1,	1,	1,	1,	1,	
0.5,0.5,	1,4.02564e-73,	1,2.17819e-49,	1,5.18544e-28,	1,1.45206e-16,	1,1.89143e-10,	1,3.75317e-07,	0.999463,0.000537427,	0.947781,0.0522187,	0.638785,0.361215,	0.25776,0.74224,	1,	1,	1,	1,	1,	1,	1,	1,	1,	1,	1,	
0.5,0.5,	1,4.37863e-75,	1,1.00674e-50,	1,9.20019e-29,	1,5.13865e-17,	1,9.6968e-11,	1,2.2809e-07,	0.999602,0.00039754,	0.953815,0.046185,	0.648539,0.351461,	0.2544,0.7456,	1,	1,	1,	1,	1,	1,	1,	1,	1,	1,	1,	
0.5,0.5,	1,4.76258e-77,	1,4.65306e-52,	1,1.63233e-29,	1,1.81851e-17,	1,4.97125e-11,	1,1.38616e-07,	0.999706,0.000293996,	0.959217,0.0407832,	0.658784,0.341216,	0.251267,0.748733,	1,	1,	1,	1,	1,	1,	1,	1,	1,	1,	1,	
0.5,0.5,	1,5.1802e-79,	1,2.1506e-53,	1,2.89613e-30,	1,6.43547e-18,	1,2.54861e-11,	1,8.42407e-08,	0.999783,0.000217211,	0.964007,0.0359927,	0.669142,0.330858,	0.247807,0.752193,	1,	1,	1,	1,	1,	1,	1,	1,	1,	1,	1,	
0.5,0.5,	1,5.63443e-81,	1,9.93989e-55,	1,5.13841e-31,	1,2.27743e-18,	1,1.30659e-11,	1,5.11953e-08,	0.99984,0.000160488,	0.968505,0.0314946,	0.678097,0.321903,	0.244051,0.755949,	1,	1,	1,	1,	1,	1,	1,	1,	1,	1,	1,	
0.5,0.5,	1,6.1285e-83,	1,4.59412e-56,	1,9.11675e-32,	1,8.05955e-19,	1,6.69851e-12,	1,3.11127e-08,	0.999882,0.000118499,	0.972514,0.0274861,	0.68767,0.31233,	0.240108,0.759892,	1,	1,	1,	1,	1,	1,	1,	1,	1,	1,	1,	
0.5,0.5,	1,6.66589e-85,	1,2.12336e-57,	1,1.61752e-32,	1,2.85218e-19,	1,3.43412e-12,	1,1.8908e-08,	0.999913,8.74945e-05,	0.976202,0.0237982,	0.69771,0.30229,	0.236622,0.763378,	1,	1,	1,	1,	1,	1,	1,	1,	1,	1,	1,	
0.5,0.5,	1,7.2504e-87,	1,9.81399e-59,	1,2.86987e-33,	1,1.00935e-19,	1,1.76057e-12,	1,1.14909e-08,	0.999935,6.46017e-05,	0.978963,0.0210367,	0.704737,0.295263,	0.233177,0.766823,	1,	1,	1,	1,	1,	1,	1,	1,	1,	1,	1,	
0.5,0.5,	1,7.88617e-89,	1,4.53594e-60,	1,5.09181e-34,	1,3.57196e-20,	1,9.02591e-13,	1,6.98332e-09,	0.999952,4.76975e-05,	0.981301,0.0186989,	0.712821,0.287179,	0.229653,0.770347,	1,	1,	1,	1,	1,	1,	1,	1,	1,	1,	1,	
0.5,0.5,	1,8.57768e-91,	1,2.09647e-61,	1,9.03407e-35,	1,1.26407e-20,	1,4.62731e-13,	1,4.24395e-09,	0.999965,3.52155e-05,	0.983608,0.0163924,	0.721182,0.278818,	0.226202,0.773798,	1,	1,	1,	1,	1,	1,	1,	1,	1,	1,	1,	
0.5,0.5,	1,9.32983e-93,	1,9.68968e-63,	1,1.60285e-35,	1,4.4734e-21,	1,2.37228e-13,	1,2.57916e-09,	0.999974,2.59993e-05,	0.9857,0.0142997,	0.72935,0.27065,	0.222721,0.777279,	1,	1,	1,	1,	1,	1,	1,	1,	1,	1,	1,	
0.5,0.5,	1,1.01479e-94,	1,4.47848e-64,	1,2.84384e-36,	1,1.58308e-21,	1,1.2162e-13,	1,1.56742e-09,	0.999981,1.91947e-05,	0.987579,0.0124209,	0.738863,0.261137,	0.219202,0.780798,	1,	1,	1,	1,	1,	1,	1,	1,	1,	1,	1,	
0.5,0.5,	1,1.10378e-96,	1,2.06991e-65,	1,5.04563e-37,	1,5.60233e-22,	1,6.23506e-14,	1,9.52564e-10,	0.999986,1.41709e-05,	0.989156,0.0108438,	0.746526,0.253474,	0.216351,0.783649,	1,	1,	1,	1,	1,	1,	1,	1,	1,	1,	1,	
0.5,0.5,	1,1.20056e-98,	1,9.56695e-67,	1,8.95214e-38,	1,1.9826e-22,	1,3.19653e-14,	1,5.78898e-10,	0.99999,1.04619e-05,	0.990517,0.00948295,	0.753547,0.246453,	0.213463,0.786537,	1,	1,	1,	1,	1,	1,	1,	1,	1,	1,	1,	
0.5,0.5,	1,1.30584e-100,	1,4.42176e-68,	1,1.58832e-38,	1,7.01616e-23,	1,1.63876e-14,	1,3.51811e-10,	0.999992,7.72365e-06,	0.991766,0.00823446,	0.762084,0.237916,	0.210317,0.789683,	1,	1,	1,	1,	1,	1,	1,	1,	1,	1,	1,	
0.5,0.5,	1,1.42034e-102,	1,2.0437e-69,	1,2.81805e-39,	1,2.48293e-23,	1,8.40143e-15,	1,2.13805e-10,	0.999994,5.70208e-06,	0.992886,0.00711424,	0.77117,0.22883,	0.207258,0.792742,	1,	1,	1,	1,	1,	1,	1,	1,	1,	1,	1,	
0.5,0.5,	1,1.54489e-104,	1,9.44577e-71,	1,4.99988e-40,	1,8.78679e-24,	1,4.30716e-15,	1,1.29935e-10,	0.999996,4.20962e-06,	0.993876,0.00612421,	0.77877,0.22123,	0.204416,0.795584,	1,	1,	1,	1,	1,	1,	1,	1,	1,	1,	1,	
0.5,0.5,	1,1.68035e-106,	1,4.36575e-72,	1,8.87095e-41,	1,3.10954e-24,	1,2.20815e-15,	1,7.89649e-11,	0.999997,3.10779e-06,	0.994718,0.00528159,	0.786078,0.213922,	0.201478,0.798522,	1,	1,	1,	1,	1,	1,	1,	1,	1,	1,	1,	
0.5,0.5,	1,1.8277e-108,	1,2.01781e-73,	1,1.57391e-41,	1,1.10043e-24,	1,1.13205e-15,	1,4.7989e-11,	0.999998,2.29435e-06,	0.995439,0.00456075,	0.793479,0.206521,	0.198775,0.801225,	1,	1,	1,	1,	1,	1,	1,	1,	1,	1,	1,	
0.5,0.5,	1,1.98797e-110,	1,9.32613e-75,	1,2.79249e-42,	1,3.89427e-25,	1,5.80368e-16,	1,2.91642e-11,	0.999998,1.69381e-06,	0.996074,0.00392648,	0.800005,0.199995,	0.196088,0.803912,	1,	1,	1,	1,	1,	1,	1,	1,	1,	1,	1,	
0.5,0.5,	1,2.16228e-112,	1,4.31045e-76,	1,4.95453e-43,	1,1.37814e-25,	1,2.97537e-16,	1,1.77238e-11,	0.999999,1.25047e-06,	0.996623,0.00337652,	0.807541,0.192459,	0.193381,0.806619,	1,	1,	1,	1,	1,	1,	1,	1,	1,	1,	1,	
0.5,0.5,	1,2.35189e-114,	1,1.99225e-77,	1,8.7905e-44,	1,4.87705e-26,	1,1.52538e-16,	1,1.07712e-11,	0.999999,9.23163e-07,	0.997102,0.00289822,	0.813644,0.186356,	0.190446,0.809554,	1,	1,	1,	1,	1,	1,	1,	1,	1,	1,	1,	
0.5,0.5,	1,2.55812e-116,	1,9.20801e-79,	1,1.55964e-44,	1,1.72593e-26,	1,7.82016e-17,	1,6.54597e-12,	0.999999,6.81529e-07,	0.99751,0.00248966,	0.82036,0.17964,	0.187948,0.812052,	1,	1,	1,	1,	1,	1,	1,	1,	1,	1,	1,	
0.5,0.5,	1,2.78243e-118,	1,4.25586e-80,	1,2.76716e-45,	1,6.10785e-27,	1,4.00916e-17,	1,3.97816e-12,	0.999999,5.03142e-07,	0.997871,0.00212853,	0.827579,0.172421,	0.185316,0.814684,	1,	1,	1,	1,	1,	1,	1,	1,	1,	1,	1,	
0.5,0.5,	1,3.02641e-120,	1,1.96702e-81,	1,4.9096e-46,	1,2.16149e-27,	1,2.05537e-17,	1,2.41763e-12,	1,3.71447e-07,	0.99818,0.00181993,	0.834442,0.165558,	0.182969,0.817031,	1,	1,	1,	1,	1,	1,	1,	1,	1,	1,	1,	
0.5,0.5,	1,3.29179e-122,	1,9.09138e-83,	1,8.71077e-47,	1,7.64925e-28,	1,1.05373e-17,	1,1.46926e-12,	1,2.74222e-07,	0.998443,0.00155747,	0.839358,0.160642,	0.179594,0.820406,	1,	1,	1,	1,	1,	1,	1,	1,	1,	1,	1,	
0.5,0.5,	1,3.58044e-124,	1,4.20195e-84,	1,1.54549e-47,	1,2.70698e-28,	1,5.40214e-18,	1,8.92906e-13,	1,2.02445e-07,	0.998665,0.00133453,	0.845301,0.154699,	0.17721,0.82279,	1,	1,	1,	1,	1,	1,	1,	1,	1,	1,	1,	
0.5,0.5,	1,3.89439e-126,	1,1.9421e-85,	1,2.74207e-48,	1,9.57965e-29,	1,2.76951e-18,	1,5.42642e-13,	1,1.49456e-07,	0.998857,0.00114299,	0.850208,0.149792,	0.174497,0.825503,	1,	1,	1,	1,	1,	1,	1,	1,	1,	1,	1,	
0.5,0.5,	1,4.23588e-128,	1,8.97622e-87,	1,4.86507e-49,	1,3.39012e-29,	1,1.41984e-18,	1,3.29778e-13,	1,1.10337e-07,	0.999022,0.00097831,	0.855902,0.144098,	0.171653,0.828347,	1,	1,	1,	1,	1,	1,	1,	1,	1,	1,	1,	
0.5,0.5,	1,4.60731e-130,	1,4.14873e-88,	1,8.63177e-50,	1,1.19972e-29,	1,7.27911e-19,	1,2.00415e-13,	1,8.14563e-08,	0.999162,0.000838402,	0.8613,0.1387,	0.169065,0.830935,	1,	1,	1,	1,	1,	1,	1,	1,	1,	1,	1,	
0.5,0.5,	1,5.01131e-132,	1,1.9175e-89,	1,1.53148e-50,	1,4.24567e-30,	1,3.73178e-19,	1,1.21797e-13,	1,6.01354e-08,	0.999281,0.000718855,	0.866195,0.133805,	0.166384,0.833616,	1,	1,	1,	1,	1,	1,	1,	1,	1,	1,	1,	
0.5,0.5,	1,5.45074e-134,	1,8.86253e-91,	1,2.7172e-51,	1,1.50249e-30,	1,1.91317e-19,	1,7.40194e-14,	1,4.43952e-08,	0.999383,0.000616651,	0.870535,0.129465,	0.163471,0.836529,	1,	1,	1,	1,	1,	1,	1,	1,	1,	1,	1,	
0.5,0.5,	1,5.9287e-136,	1,4.09618e-92,	1,4.82095e-52,	1,5.31713e-31,	1,9.80823e-20,	1,4.49835e-14,	1,3.27749e-08,	0.999472,0.000527768,	0.875861,0.124139,	0.161465,0.838535,	1,	1,	1,	1,	1,	1,	1,	1,	1,	1,	1,	
0.5,0.5,	1,6.44857e-138,	1,1.89322e-93,	1,8.55349e-53,	1,1.88167e-31,	1,5.02838e-20,	1,2.73377e-14,	1,2.41962e-08,	0.999549,0.000451001,	0.881248,0.118752,	0.15966,0.84034,	1,	1,	1,	1,	1,	1,	1,	1,	1,	1,	1,	
0.5,0.5,	1,7.01402e-140,	1,8.75028e-95,	1,1.51759e-53,	1,6.65898e-32,	1,2.5779e-20,	1,1.66138e-14,	1,1.78629e-08,	0.999614,0.000385527,	0.886355,0.113645,	0.157819,0.842181,	1,	1,	1,	1,	1,	1,	1,	1,	1,	1,	1,	
0.5,0.5,	1,7.62906e-142,	1,4.0443e-96,	1,2.69256e-54,	1,2.35653e-32,	1,1.32161e-20,	1,1.00967e-14,	1,1.31874e-08,	0.99967,0.000329589,	0.89134,0.10866,	0.155688,0.844312,	1,	1,	1,	1,	1,	1,	1,	1,	1,	1,	1,	
0.5,0.5,	1,8.29803e-144,	1,1.86924e-97,	1,4.77723e-55,	1,8.33947e-33,	1,6.77548e-21,	1,6.136e-15,	1,9.73562e-09,	0.999718,0.000281836,	0.896419,0.103581,	0.153713,0.846287,	1,	1,	1,	1,	1,	1,	1,	1,	1,	1,	1,	
0.5,0.5,	1,9.02566e-146,	1,8.63944e-99,	1,8.47592e-56,	1,2.95124e-33,	1,3.47358e-21,	1,3.72901e-15,	1,7.18736e-09,	0.999759,0.000240633,	0.900711,0.0992889,	0.151598,0.848402,	1,	1,	1,	1,	1,	1,	1,	1,	1,	1,	1,	
0.5,0.5,	1,9.81709e-148,	1,3.99307e-100,	1,1.50383e-56,	1,1.04441e-33,	1,1.7808e-21,	1,2.26622e-15,	1,5.30609e-09,	0.999794,0.000205523,	0.904268,0.0957325,	0.149783,0.850217,	1,	1,	1,	1,	1,	1,	1,	1,	1,	1,	1,	
0.5,0.5,	1,1.06779e-149,	1,1.84556e-101,	1,2.66814e-57,	1,3.69602e-34,	1,9.12962e-22,	1,1.37724e-15,	1,3.91724e-09,	0.999824,0.000175589,	0.907747,0.0922532,	0.147587,0.852413,	1,	1,	1,	1,	1,	1,	1,	1,	1,	1,	1,	
0.5,0.5,	1,1.16142e-151,	1,8.53001e-103,	1,4.7339e-58,	1,1.30798e-34,	1,4.68048e-22,	1,8.36985e-16,	1,2.89192e-09,	0.99985,0.00014999,	0.911965,0.0880354,	0.145739,0.854261,	1,	1,	1,	1,	1,	1,	1,	1,	1,	1,	1,	
0.5,0.5,	1,1.26327e-153,	1,3.94249e-104,	1,8.39905e-59,	1,4.62877e-35,	1,2.39954e-22,	1,5.08658e-16,	1,2.13497e-09,	0.999872,0.000128098,	0.915731,0.0842689,	0.143935,0.856065,	1,	1,	1,	1,	1,	1,	1,	1,	1,	1,	1,	
0.5,0.5,	1,1.37404e-155,	1,1.82218e-105,	1,1.49019e-59,	1,1.63806e-35,	1,1.23017e-22,	1,3.09125e-16,	1,1.57615e-09,	0.999891,0.000109274,	0.919433,0.0805667,	0.141804,0.858196,	1,	1,	1,	1,	1,	1,	1,	1,	1,	1,	1,	
0.5,0.5,	1,1.49452e-157,	1,8.42197e-107,	1,2.64394e-60,	1,5.79691e-36,	1,6.30671e-23,	1,1.87863e-16,	1,1.1636e-09,	0.999907,9.3075e-05,	0.922986,0.0770137,	0.139805,0.860195,	1,	1,	1,	1,	1,	1,	1,	1,	1,	1,	1,	
0.5,0.5,	1,1.62557e-159,	1,3.89256e-108,	1,4.69097e-61,	1,2.05145e-36,	1,3.23326e-23,	1,1.14169e-16,	1,8.5903e-10,	0.999921,7.91914e-05,	0.92601,0.0739898,	0.137171,0.862829,	1,	1,	1,	1,	1,	1,	1,	1,	1,	1,	1,	
0.5,0.5,	1,1.76811e-161,	1,1.7991e-109,	1,8.32288e-62,	1,7.25984e-37,	1,1.65759e-23,	1,6.93837e-17,	1,6.34182e-10,	0.999933,6.73741e-05,	0.929318,0.0706822,	0.135441,0.864559,	1,	1,	1,	1,	1,	1,	1,	1,	1,	1,	1,	
0.5,0.5,	1,1.92315e-163,	1,8.3153e-111,	1,1.47667e-62,	1,2.56917e-37,	1,8.49797e-24,	1,4.21663e-17,	1,4.68187e-10,	0.999943,5.73146e-05,	0.931487,0.0685126,	0.133485,0.866515,	1,	1,	1,	1,	1,	1,	1,	1,	1,	1,	1,	
0.5,0.5,	1,2.09179e-165,	1,3.84325e-112,	1,2.61996e-63,	1,9.09197e-38,	1,4.35665e-24,	1,2.56256e-17,	1,3.45641e-10,	0.999951,4.87932e-05,	0.934077,0.0659231,	0.131441,0.868559,	1,	1,	1,	1,	1,	1,	1,	1,	1,	1,	1,	
0.5,0.5,	1,2.27521e-167,	1,1.77632e-113,	1,4.64843e-64,	1,3.21754e-38,	1,2.23352e-24,	1,1.55733e-17,	1,2.5517e-10,	0.999958,4.15454e-05,	0.936814,0.0631857,	0.130026,0.869974,	1,	1,	1,	1,	1,	1,	1,	1,	1,	1,	1,	
0.5,0.5,	1,2.47472e-169,	1,8.20998e-115,	1,8.2474e-65,	1,1.13865e-38,	1,1.14506e-24,	1,9.46432e-18,	1,1.8838e-10,	0.999965,3.53723e-05,	0.939737,0.0602626,	0.128554,0.871446,	1,	1,	1,	1,	1,	1,	1,	1,	1,	1,	1,	
0.5,0.5,	1,2.69172e-171,	1,3.79458e-116,	1,1.46328e-65,	1,4.02953e-39,	1,5.87037e-25,	1,5.75172e-18,	1,1.39073e-10,	0.99997,3.01148e-05,	0.94231,0.0576904,	0.126855,0.873145,	1,	1,	1,	1,	1,	1,	1,	1,	1,	1,	1,	
0.5,0.5,	1,2.92775e-173,	1,1.75382e-117,	1,2.5962e-66,	1,1.426e-39,	1,3.00956e-25,	1,3.49547e-18,	1,1.02671e-10,	0.999974,2.56376e-05,	0.945175,0.0548247,	0.12551,0.87449,	1,	1,	1,	1,	1,	1,	1,	1,	1,	1,	1,	
0.5,0.5,	1,3.18447e-175,	1,8.10599e-119,	1,4.60627e-67,	1,5.04644e-40,	1,1.54291e-25,	1,2.12429e-18,	1,7.57971e-11,	0.999978,2.18252e-05,	0.94764,0.0523597,	0.123645,0.876355,	1,	1,	1,	1,	1,	1,	1,	1,	1,	1,	1,	
0.5,0.5,	1,3.46371e-177,	1,3.74651e-120,	1,8.1726e-68,	1,1.78587e-40,	1,7.91002e-26,	1,1.29099e-18,	1,5.59575e-11,	0.999981,1.85793e-05,	0.949773,0.0502274,	0.121637,0.878363,	1,	1,	1,	1,	1,	1,	1,	1,	1,	1,	1,	
0.5,0.5,	1,3.76743e-179,	1,1.7316e-121,	1,1.45001e-68,	1,6.31998e-41,	1,4.05523e-26,	1,7.84566e-19,	1,4.13108e-11,	0.999984,1.58157e-05,	0.952151,0.0478493,	0.120144,0.879856,	1,	1,	1,	1,	1,	1,	1,	1,	1,	1,	1,	
0.5,0.5,	1,4.09778e-181,	1,8.00332e-123,	1,2.57266e-69,	1,2.23656e-41,	1,2.07899e-26,	1,4.76801e-19,	1,3.04978e-11,	0.999987,1.3463e-05,	0.954442,0.0455583,	0.118863,0.881137,	1,	1,	1,	1,	1,	1,	1,	1,	1,	1,	1,	
0.5,0.5,	1,4.45711e-183,	1,3.69906e-124,	1,4.56449e-70,	1,7.91493e-42,	1,1.06584e-26,	1,2.89765e-19,	1,2.25151e-11,	0.999989,1.14602e-05,	0.956583,0.0434173,	0.117449,0.882551,	1,	1,	1,	1,	1,	1,	1,	1,	1,	1,	1,	
0.5,0.5,	1,4.84794e-185,	1,1.70967e-125,	1,8.09848e-71,	1,2.80099e-42,	1,5.46421e-27,	1,1.76098e-19,	1,1.66219e-11,	0.99999,9.75527e-06,	0.958745,0.0412554,	0.115967,0.884033,	1,	1,	1,	1,	1,	1,	1,	1,	1,	1,	1,	
0.5,0.5,	1,5.27304e-187,	1,7.90194e-127,	1,1.43686e-71,	1,9.91237e-43,	1,2.80133e-27,	1,1.07019e-19,	1,1.22712e-11,	0.999992,8.30385e-06,	0.960808,0.039192,	0.114574,0.885426,	1,	1,	1,	1,	1,	1,	1,	1,	1,	1,	1,	
0.5,0.5,	1,5.73541e-189,	1,3.65221e-128,	1,2.54932e-72,	1,3.50787e-43,	1,1.43616e-27,	1,6.50383e-20,	1,9.05923e-12,	0.999993,7.0683e-06,	0.962812,0.0371884,	0.113454,0.886546,	1,	1,	1,	1,	1,	1,	1,	1,	1,	1,	1,	
0.5,0.5,	1,6.23833e-191,	1,1.68802e-129,	1,4.5231e-73,	1,1.24139e-43,	1,7.36275e-28,	1,3.95255e-20,	1,6.68801e-12,	0.999994,6.0165e-06,	0.96441,0.0355896,	0.111841,0.888159,	1,	1,	1,	1,	1,	1,	1,	1,	1,	1,	1,	
0.5,0.5,	1,6.78535e-193,	1,7.80186e-131,	1,8.02503e-74,	1,4.39313e-44,	1,3.77466e-28,	1,2.40207e-20,	1,4.93744e-12,	0.999995,5.12119e-06,	0.9658,0.0341998,	0.110096,0.889904,	1,	1,	1,	1,	1,	1,	1,	1,	1,	1,	1,	
0.5,0.5,	1,7.38034e-195,	1,3.60595e-132,	1,1.42383e-74,	1,1.55467e-44,	1,1.93515e-28,	1,1.4598e-20,	1,3.64509e-12,	0.999996,4.35909e-06,	0.967322,0.0326782,	0.10877,0.89123,	1,	1,	1,	1,	1,	1,	1,	1,	1,	1,	1,	
0.5,0.5,	1,8.0275e-197,	1,1.66664e-133,	1,2.5262e-75,	1,5.5018e-45,	1,9.92093e-29,	1,8.87158e-21,	1,2.691e-12,	0.999996,3.71039e-06,	0.968909,0.0310911,	0.107837,0.892163,	1,	1,	1,	1,	1,	1,	1,	1,	1,	1,	1,	
0.5,0.5,	1,8.7314e-199,	1,7.70304e-135,	1,4.48208e-76,	1,1.94702e-45,	1,5.08616e-29,	1,5.39149e-21,	1,1.98664e-12,	0.999997,3.15821e-06,	0.970373,0.0296271,	0.106764,0.893236,	1,	1,	1,	1,	1,	1,	1,	1,	1,	1,	1,	
0.5,0.5,	1,9.49703e-201,	1,3.56027e-136,	1,7.95225e-77,	1,6.89026e-46,	1,2.60752e-29,	1,3.27655e-21,	1,1.46664e-12,	0.999997,2.68821e-06,	0.971631,0.0283693,	0.105351,0.894649,	1,	1,	1,	1,	1,	1,	1,	1,	1,	1,	1,	
0.5,0.5,	1,1.03298e-202,	1,1.64553e-137,	1,1.41092e-77,	1,2.43838e-46,	1,1.3368e-29,	1,1.99125e-21,	1,1.08275e-12,	0.999998,2.28815e-06,	0.973045,0.0269552,	0.103863,0.896137,	1,	1,	1,	1,	1,	1,	1,	1,	1,	1,	1,	
0.5,0.5,	1,1.12356e-204,	1,7.60547e-139,	1,2.50329e-78,	1,8.62912e-47,	1,6.85334e-30,	1,1.21013e-21,	1,7.99347e-13,	0.999998,1.94762e-06,	0.974416,0.0255842,	0.102526,0.897474,	1,	1,	1,	1,	1,	1,	1,	1,	1,	1,	1,	
0.5,0.5,	1,1.22208e-206,	1,3.51518e-140,	1,4.44143e-79,	1,3.05374e-47,	1,3.5135e-30,	1,7.3543e-22,	1,5.90121e-13,	0.999998,1.65776e-06,	0.975785,0.0242145,	0.101496,0.898504,	1,	1,	1,	1,	1,	1,	1,	1,	1,	1,	1,	
0.5,0.5,	1,1.32924e-208,	1,1.62468e-141,	1,7.88013e-80,	1,1.08068e-47,	1,1.80126e-30,	1,4.4694e-22,	1,4.35659e-13,	0.999999,1.41105e-06,	0.97701,0.0229904,	0.100214,0.899786,	1,	1,	1,	1,	1,	1,	1,	1,	1,	1,	1,	
0.5,0.5,	1,1.4458e-210,	1,7.50914e-143,	1,1.39812e-80,	1,3.82439e-48,	1,9.23453e-31,	1,2.71617e-22,	1,3.21627e-13,	0.999999,1.20105e-06,	0.978194,0.0218057,	0.0991592,0.900841,	1,	1,	1,	1,	1,	1,	1,	1,	1,	1,	1,	
0.5,0.5,	1,1.57258e-212,	1,3.47065e-144,	1,2.48059e-81,	1,1.35341e-48,	1,4.73426e-31,	1,1.65069e-22,	1,2.37442e-13,	0.999999,1.0223e-06,	0.979353,0.0206472,	0.0980993,0.901901,	1,	1,	1,	1,	1,	1,	1,	1,	1,	1,	1,	
0.5,0.5,	1,1.71047e-214,	1,1.6041e-145,	1,4.40115e-82,	1,4.78954e-49,	1,2.42711e-31,	1,1.00317e-22,	1,1.75292e-13,	0.999999,8.70155e-07,	0.980393,0.0196074,	0.0967109,0.903289,	1,	1,	1,	1,	1,	1,	1,	1,	1,	1,	1,	
0.5,0.5,	1,1.86046e-216,	1,7.41403e-147,	1,7.80867e-83,	1,1.69496e-49,	1,1.24431e-31,	1,6.09651e-23,	1,1.2941e-13,	0.999999,7.40653e-07,	0.98135,0.0186495,	0.0955429,0.904457,	1,	1,	1,	1,	1,	1,	1,	1,	1,	1,	1,	
0.5,0.5,	1,2.02359e-218,	1,3.42669e-148,	1,1.38544e-83,	1,5.99825e-50,	1,6.37918e-32,	1,3.70501e-23,	1,9.55376e-14,	0.999999,6.30423e-07,	0.982202,0.0177977,	0.0945161,0.905484,	1,	1,	1,	1,	1,	1,	1,	1,	1,	1,	1,	
0.5,0.5,	1,2.20104e-220,	1,1.58379e-149,	1,2.45809e-84,	1,2.12271e-50,	1,3.27041e-32,	1,2.25163e-23,	1,7.05309e-14,	0.999999,5.36599e-07,	0.983032,0.0169683,	0.0931978,0.906802,	1,	1,	1,	1,	1,	1,	1,	1,	1,	1,	1,	
0.5,0.5,	1,2.39404e-222,	1,7.32012e-151,	1,4.36123e-85,	1,7.51199e-51,	1,1.67664e-32,	1,1.36837e-23,	1,5.20697e-14,	1,4.56738e-07,	0.98378,0.0162196,	0.0919418,0.908058,	1,	1,	1,	1,	1,	1,	1,	1,	1,	1,	1,	
0.5,0.5,	1,2.60396e-224,	1,3.38329e-152,	1,7.73785e-86,	1,2.6584e-51,	1,8.59562e-33,	1,8.31597e-24,	1,3.84407e-14,	1,3.88763e-07,	0.984554,0.0154458,	0.0909113,0.909089,	1,	1,	1,	1,	1,	1,	1,	1,	1,	1,	1,	
0.5,0.5,	1,2.8323e-226,	1,1.56373e-153,	1,1.37288e-86,	1,9.40775e-52,	1,4.40671e-33,	1,5.05383e-24,	1,2.83789e-14,	1,3.30904e-07,	0.985269,0.0147307,	0.0895862,0.910414,	1,	1,	1,	1,	1,	1,	1,	1,	1,	1,	1,	
0.5,0.5,	1,3.08065e-228,	1,7.2274e-155,	1,2.4358e-87,	1,3.32929e-52,	1,2.25919e-33,	1,3.07135e-24,	1,2.09509e-14,	1,2.81656e-07,	0.985908,0.014092,	0.0880466,0.911953,	1,	1,	1,	1,	1,	1,	1,	1,	1,	1,	1,	
0.5,0.5,	1,3.35078e-230,	1,3.34044e-156,	1,4.32168e-88,	1,1.17819e-52,	1,1.15822e-33,	1,1.86654e-24,	1,1.5467e-14,	1,2.39737e-07,	0.986515,0.0134851,	0.0873069,0.912693,	1,	1,	1,	1,	1,	1,	1,	1,	1,	1,	1,	
0.5,0.5,	1,3.6446e-232,	1,1.54392e-157,	1,7.66767e-89,	1,4.16948e-53,	1,5.93782e-34,	1,1.13434e-24,	1,1.14186e-14,	1,2.04058e-07,	0.987191,0.0128095,	0.0861464,0.913854,	1,	1,	1,	1,	1,	1,	1,	1,	1,	1,	1,	
0.5,0.5,	1,3.96419e-234,	1,7.13586e-159,	1,1.36042e-89,	1,1.47553e-53,	1,3.04414e-34,	1,6.89371e-25,	1,8.42982e-15,	1,1.73688e-07,	0.987799,0.0122009,	0.0846336,0.915366,	1,	1,	1,	1,	1,	1,	1,	1,	1,	1,	1,	
0.5,0.5,	1,4.3118e-236,	1,3.29813e-160,	1,2.41371e-90,	1,5.22171e-54,	1,1.56064e-34,	1,4.18949e-25,	1,6.22335e-15,	1,1.47838e-07,	0.988367,0.0116331,	0.0835019,0.916498,	1,	1,	1,	1,	1,	1,	1,	1,	1,	1,	1,	
0.5,0.5,	1,4.68988e-238,	1,1.52436e-161,	1,4.28249e-91,	1,1.8479e-54,	1,8.00091e-35,	1,2.54606e-25,	1,4.59441e-15,	1,1.25836e-07,	0.988902,0.0110983,	0.0823228,0.917677,	1,	1,	1,	1,	1,	1,	1,	1,	1,	1,	1,	
0.5,0.5,	1,5.10113e-240,	1,7.04547e-163,	1,7.59813e-92,	1,6.53949e-55,	1,4.10183e-35,	1,1.54731e-25,	1,3.39184e-15,	1,1.07108e-07,	0.98941,0.0105905,	0.081338,0.918662,	1,	1,	1,	1,	1,	1,	1,	1,	1,	1,	1,	
0.5,0.5,	1,5.54843e-242,	1,3.25635e-164,	1,1.34809e-92,	1,2.31424e-55,	1,2.10288e-35,	1,9.4034e-26,	1,2.50404e-15,	1,9.11669e-08,	0.989899,0.0101009,	0.0802703,0.91973,	1,	1,	1,	1,	1,	1,	1,	1,	1,	1,	1,	
0.5,0.5,	1,6.03495e-244,	1,1.50506e-165,	1,2.39182e-93,	1,8.18982e-56,	1,1.07808e-35,	1,5.71469e-26,	1,1.84861e-15,	1,7.75986e-08,	0.990337,0.00966326,	0.0792216,0.920778,	1,	1,	1,	1,	1,	1,	1,	1,	1,	1,	1,	
0.5,0.5,	1,6.56414e-246,	1,6.95623e-167,	1,4.24365e-94,	1,2.89828e-56,	1,5.527e-36,	1,3.47297e-26,	1,1.36475e-15,	1,6.60497e-08,	0.990769,0.0092305,	0.0781813,0.921819,	1,	1,	1,	1,	1,	1,	1,	1,	1,	1,	1,	
0.5,0.5,	1,7.13973e-248,	1,3.21511e-168,	1,7.52923e-95,	1,1.02566e-56,	1,2.83353e-36,	1,2.11061e-26,	1,1.00753e-15,	1,5.62196e-08,	0.991168,0.00883196,	0.0772305,0.92277,	1,	1,	1,	1,	1,	1,	1,	1,	1,	1,	1,	
0.5,0.5,	1,7.76579e-250,	1,1.48599e-169,	1,1.33586e-95,	1,3.6297e-57,	1,1.45266e-36,	1,1.28268e-26,	1,7.43811e-16,	1,4.78525e-08,	0.991573,0.00842669,	0.076452,0.923548,	1,	1,	1,	1,	1,	1,	1,	1,	1,	1,	1,	
0.5,0.5,	1,8.44674e-252,	1,6.86813e-171,	1,2.37013e-96,	1,1.28451e-57,	1,7.44735e-37,	1,7.79515e-27,	1,5.49121e-16,	1,4.07306e-08,	0.991961,0.00803864,	0.0754366,0.924563,	1,	1,	1,	1,	1,	1,	1,	1,	1,	1,	1,	
0.5,0.5,	1,9.18741e-254,	1,3.17438e-172,	1,4.20516e-97,	1,4.54571e-58,	1,3.81803e-37,	1,4.73732e-27,	1,4.05391e-16,	1,3.46687e-08,	0.992331,0.00766935,	0.0743884,0.925612,	1,	1,	1,	1,	1,	1,	1,	1,	1,	1,	1,	
0.5,0.5,	1,9.99303e-256,	1,1.46717e-173,	1,7.46094e-98,	1,1.60867e-58,	1,1.95739e-37,	1,2.87899e-27,	1,2.99281e-16,	1,2.9509e-08,	0.992689,0.00731081,	0.0734005,0.9266,	1,	1,	1,	1,	1,	1,	1,	1,	1,	1,	1,	
0.5,0.5,	1,1.08693e-257,	1,6.78113e-175,	1,1.32375e-98,	1,5.69289e-59,	1,1.00349e-37,	1,1.74964e-27,	1,2.20945e-16,	1,2.51172e-08,	0.993028,0.00697179,	0.0724704,0.92753,	1,	1,	1,	1,	1,	1,	1,	1,	1,	1,	1,	
0.5,0.5,	1,1.18224e-259,	1,3.13418e-176,	1,2.34863e-99,	1,2.01464e-59,	1,5.1446e-38,	1,1.0633e-27,	1,1.63114e-16,	1,2.1379e-08,	0.993337,0.0066626,	0.0712683,0.928732,	1,	1,	1,	1,	1,	1,	1,	1,	1,	1,	1,	
0.5,0.5,	1,1.2859e-261,	1,1.44859e-177,	1,4.16703e-100,	1,7.12957e-60,	1,2.63748e-38,	1,6.46197e-28,	1,1.20419e-16,	1,1.81972e-08,	0.993637,0.00636272,	0.0703632,0.929637,	1,	1,	1,	1,	1,	1,	1,	1,	1,	1,	1,	
0.5,0.5,	1,1.39866e-263,	1,6.69524e-179,	1,7.39328e-101,	1,2.52307e-60,	1,1.35216e-38,	1,3.92711e-28,	1,8.88999e-17,	1,1.54889e-08,	0.993937,0.00606281,	0.0694202,0.93058,	1,	1,	1,	1,	1,	1,	1,	1,	1,	1,	1,	
0.5,0.5,	1,1.52131e-265,	1,3.09448e-180,	1,1.31174e-101,	1,8.92882e-61,	1,6.93209e-39,	1,2.38661e-28,	1,6.56307e-17,	1,1.31837e-08,	0.994218,0.0057819,	0.0685192,0.931481,	1,	1,	1,	1,	1,	1,	1,	1,	1,	1,	1,	
0.5,0.5,	1,1.6547e-267,	1,1.43024e-181,	1,2.32733e-102,	1,3.1598e-61,	1,3.55387e-39,	1,1.4504e-28,	1,4.84521e-17,	1,1.12216e-08,	0.994485,0.00551456,	0.067659,0.932341,	1,	1,	1,	1,	1,	1,	1,	1,	1,	1,	1,	
0.5,0.5,	1,1.7998e-269,	1,6.61044e-183,	1,4.12923e-103,	1,1.11821e-61,	1,1.82196e-39,	1,8.81448e-29,	1,3.57699e-17,	1,9.5515e-09,	0.994739,0.00526126,	0.0666919,0.933308,	1,	1,	1,	1,	1,	1,	1,	1,	1,	1,	1,	
0.5,0.5,	1,1.95762e-271,	1,3.05528e-184,	1,7.32623e-104,	1,3.95722e-62,	1,9.34065e-40,	1,5.35679e-29,	1,2.64073e-17,	1,8.12996e-09,	0.994978,0.00502168,	0.0658445,0.934156,	1,	1,	1,	1,	1,	1,	1,	1,	1,	1,	1,	
0.5,0.5,	1,2.12928e-273,	1,1.41212e-185,	1,1.29984e-104,	1,1.40041e-62,	1,4.78866e-40,	1,3.25546e-29,	1,1.94953e-17,	1,6.91998e-09,	0.995213,0.00478735,	0.0649739,0.935026,	1,	1,	1,	1,	1,	1,	1,	1,	1,	1,	1,	
0.5,0.5,	1,2.31599e-275,	1,6.52671e-187,	1,2.30623e-105,	1,4.95589e-63,	1,2.455e-40,	1,1.97843e-29,	1,1.43924e-17,	1,5.89009e-09,	0.995436,0.00456354,	0.0639458,0.936054,	1,	1,	1,	1,	1,	1,	1,	1,	1,	1,	1,	
0.5,0.5,	1,2.51907e-277,	1,3.01659e-188,	1,4.09179e-106,	1,1.75383e-63,	1,1.2586e-40,	1,1.20234e-29,	1,1.06253e-17,	1,5.01347e-09,	0.99565,0.00435012,	0.0630511,0.936949,	1,	1,	1,	1,	1,	1,	1,	1,	1,	1,	1,	
0.5,0.5,	1,2.73996e-279,	1,1.39424e-189,	1,7.25978e-107,	1,6.20658e-64,	1,6.45248e-41,	1,7.30696e-30,	1,7.84415e-18,	1,4.26732e-09,	0.995856,0.00414448,	0.0620519,0.937948,	1,	1,	1,	1,	1,	1,	1,	1,	1,	1,	1,	
0.5,0.5,	1,2.98022e-281,	1,6.44404e-191,	1,1.28806e-107,	1,2.19643e-64,	1,3.30799e-41,	1,4.44063e-30,	1,5.79097e-18,	1,3.63222e-09,	0.996054,0.00394581,	0.0613415,0.938658,	1,	1,	1,	1,	1,	1,	1,	1,	1,	1,	1,	
0.5,0.5,	1,3.24154e-283,	1,2.97838e-192,	1,2.28531e-108,	1,7.7729e-65,	1,1.69591e-41,	1,2.69869e-30,	1,4.2752e-18,	1,3.09164e-09,	0.996244,0.00375622,	0.0604797,0.93952,	1,	1,	1,	1,	1,	1,	1,	1,	1,	1,	1,	
0.5,0.5,	1,3.52578e-285,	1,1.37658e-193,	1,4.05468e-109,	1,2.75073e-65,	1,8.69439e-42,	1,1.64006e-30,	1,3.15618e-18,	1,2.63151e-09,	0.996422,0.00357792,	0.0596742,0.940326,	1,	1,	1,	1,	1,	1,	1,	1,	1,	1,	1,	
0.5,0.5,	1,3.83495e-287,	1,6.36242e-195,	1,7.19394e-110,	1,9.7345e-66,	1,4.45735e-42,	1,9.96709e-31,	1,2.33006e-18,	1,2.23987e-09,	0.996589,0.00341135,	0.0588299,0.94117,	1,	1,	1,	1,	1,	1,	1,	1,	1,	1,	1,	
0.5,0.5,	1,4.17122e-289,	1,2.94065e-196,	1,1.27637e-110,	1,3.44492e-66,	1,2.28515e-42,	1,6.05726e-31,	1,1.72018e-18,	1,1.90651e-09,	0.996746,0.00325394,	0.0578907,0.942109,	1,	1,	1,	1,	1,	1,	1,	1,	1,	1,	1,	
0.5,0.5,	1,4.53698e-291,	1,1.35914e-197,	1,2.26459e-111,	1,1.21911e-66,	1,1.17153e-42,	1,3.68116e-31,	1,1.26993e-18,	1,1.62276e-09,	0.996896,0.00310352,	0.0569939,0.943006,	1,	1,	1,	1,	1,	1,	1,	1,	1,	1,	1,	
0.5,0.5,	1,4.93482e-293,	1,6.28183e-199,	1,4.0179e-112,	1,4.3143e-67,	1,6.00605e-43,	1,2.23714e-31,	1,9.37528e-19,	1,1.38125e-09,	0.99704,0.00296,	0.0561497,0.94385,	1,	1,	1,	1,	1,	1,	1,	1,	1,	1,	1,	
0.5,0.5,	1,5.36754e-295,	1,2.90341e-200,	1,7.1287e-113,	1,1.52678e-67,	1,3.07912e-43,	1,1.35957e-31,	1,6.92134e-19,	1,1.17568e-09,	0.997175,0.00282471,	0.0554523,0.944548,	1,	1,	1,	1,	1,	1,	1,	1,	1,	1,	1,	
0.5,0.5,	1,5.8382e-297,	1,1.34193e-201,	1,1.2648e-113,	1,5.40307e-68,	1,1.57857e-43,	1,8.26244e-32,	1,5.1097e-19,	1,1.0007e-09,	0.997302,0.00269842,	0.0547899,0.94521,	1,	1,	1,	1,	1,	1,	1,	1,	1,	1,	1,	
0.5,0.5,	1,6.35013e-299,	1,6.20227e-203,	1,2.24405e-114,	1,1.91208e-68,	1,8.09285e-44,	1,5.0213e-32,	1,3.77226e-19,	1,8.5177e-10,	0.997422,0.00257768,	0.0540774,0.945923,	1,	1,	1,	1,	1,	1,	1,	1,	1,	1,	1,	
0.5,0.5,	1,6.90696e-301,	1,2.86663e-204,	1,3.98147e-115,	1,6.76662e-69,	1,4.14896e-44,	1,3.05158e-32,	1,2.78488e-19,	1,7.25001e-10,	0.997539,0.00246095,	0.0534473,0.946553,	1,	1,	1,	1,	1,	1,	1,	1,	1,	1,	1,	
0.5,0.5,	1,7.51261e-303,	1,1.32493e-205,	1,7.06405e-116,	1,2.39462e-69,	1,2.12704e-44,	1,1.85452e-32,	1,2.05595e-19,	1,6.171e-10,	0.99765,0.00235014,	0.0528012,0.947199,	1,	1,	1,	1,	1,	1,	1,	1,	1,	1,	1,	
0.5,0.5,	1,8.17137e-305,	1,6.12371e-207,	1,1.25333e-116,	1,8.47427e-70,	1,1.09047e-44,	1,1.12704e-32,	1,1.51781e-19,	1,5.25258e-10,	0.997757,0.00224298,	0.0523164,0.947684,	1,	1,	1,	1,	1,	1,	1,	1,	1,	1,	1,	
0.5,0.5,	1,8.88789e-307,	1,2.83032e-208,	1,2.2237e-117,	1,2.99894e-70,	1,5.59051e-45,	1,6.84933e-33,	1,1.12053e-19,	1,4.47084e-10,	0.997859,0.00214106,	0.0516121,0.948388,	1,	1,	1,	1,	1,	1,	1,	1,	1,	1,	1,	
0.5,0.5,	1,0,	1,1.30815e-209,	1,3.94536e-118,	1,1.06129e-70,	1,2.86609e-45,	1,4.16252e-33,	1,8.27235e-20,	1,3.80545e-10,	0.997955,0.00204518,	0.0508518,0.949148,	1,	1,	1,	1,	1,	1,	1,	1,	1,	1,	1,	
0.5,0.5,	1,0,	1,6.04614e-211,	1,6.99999e-119,	1,3.75577e-71,	1,1.46935e-45,	1,2.52967e-33,	1,6.10709e-20,	1,3.23909e-10,	0.998046,0.00195353,	0.0502414,0.949759,	1,	1,	1,	1,	1,	1,	1,	1,	1,	1,	1,	
0.5,0.5,	1,0,	1,2.79447e-212,	1,1.24196e-119,	1,1.32912e-71,	1,7.53293e-46,	1,1.53735e-33,	1,4.50858e-20,	1,2.75702e-10,	0.998134,0.00186557,	0.0494807,0.950519,	1,	1,	1,	1,	1,	1,	1,	1,	1,	1,	1,	
0.5,0.5,	1,0,	1,1.29158e-213,	1,2.20353e-120,	1,4.70359e-72,	1,3.8619e-46,	1,9.34287e-34,	1,3.32848e-20,	1,2.34669e-10,	0.998219,0.00178106,	0.0488274,0.951173,	1,	1,	1,	1,	1,	1,	1,	1,	1,	1,	1,	
0.5,0.5,	1,0,	1,5.96956e-215,	1,3.90958e-121,	1,1.66454e-72,	1,1.97988e-46,	1,5.67791e-34,	1,2.45726e-20,	1,1.99743e-10,	0.9983,0.00170006,	0.0482568,0.951743,	1,	1,	1,	1,	1,	1,	1,	1,	1,	1,	1,	
0.5,0.5,	1,0,	1,2.75908e-216,	1,6.9365e-122,	1,5.89061e-73,	1,1.01502e-46,	1,3.45061e-34,	1,1.81408e-20,	1,1.70016e-10,	0.998378,0.0016225,	0.0475027,0.952497,	1,	1,	1,	1,	1,	1,	1,	1,	1,	1,	1,	
0.5,0.5,	1,0,	1,1.27522e-217,	1,1.2307e-122,	1,2.08461e-73,	1,5.20372e-47,	1,2.09703e-34,	1,1.33925e-20,	1,1.44712e-10,	0.998452,0.00154825,	0.0468032,0.953197,	1,	1,	1,	1,	1,	1,	1,	1,	1,	1,	1,	
0.5,0.5,	1,0,	1,5.89395e-219,	1,2.18355e-123,	1,7.37719e-74,	1,2.66779e-47,	1,1.27442e-34,	1,9.88707e-21,	1,1.23175e-10,	0.998523,0.00147733,	0.0462045,0.953796,	1,	1,	1,	1,	1,	1,	1,	1,	1,	1,	1,	
0.5,0.5,	1,0,	1,2.72413e-220,	1,3.87412e-124,	1,2.6107e-74,	1,1.36769e-47,	1,7.74498e-35,	1,7.29916e-21,	1,1.04843e-10,	0.99859,0.00140973,	0.0454683,0.954532,	1,	1,	1,	1,	1,	1,	1,	1,	1,	1,	1,	
0.5,0.5,	1,0,	1,1.25907e-221,	1,6.87359e-125,	1,9.23894e-75,	1,7.01175e-48,	1,4.70683e-35,	1,5.38863e-21,	1,8.92393e-11,	0.998655,0.00134453,	0.0449147,0.955085,	1,	1,	1,	1,	1,	1,	1,	1,	1,	1,	1,	
0.5,0.5,	1,0,	1,5.8193e-223,	1,1.21954e-125,	1,3.26955e-75,	1,3.59471e-48,	1,2.86046e-35,	1,3.97818e-21,	1,7.59579e-11,	0.998718,0.00128246,	0.0442715,0.955729,	1,	1,	1,	1,	1,	1,	1,	1,	1,	1,	1,	
0.5,0.5,	1,0,	1,2.68963e-224,	1,2.16374e-126,	1,1.15705e-75,	1,1.8429e-48,	1,1.73838e-35,	1,2.9369e-21,	1,6.46531e-11,	0.998777,0.00122324,	0.0436292,0.956371,	1,	1,	1,	1,	1,	1,	1,	1,	1,	1,	1,	
0.5,0.5,	1,0,	1,1.24312e-225,	1,3.83898e-127,	1,4.09466e-76,	1,9.44798e-49,	1,1.05646e-35,	1,2.16818e-21,	1,5.50309e-11,	0.998833,0.00116664,	0.0430604,0.95694,	1,	1,	1,	1,	1,	1,	1,	1,	1,	1,	1,	
0.5,0.5,	1,0,	1,5.74559e-227,	1,6.81126e-128,	1,1.44905e-76,	1,4.84369e-49,	1,6.42037e-36,	1,1.60067e-21,	1,4.68407e-11,	0.998888,0.00111243,	0.0423757,0.957624,	1,	1,	1,	1,	1,	1,	1,	1,	1,	1,	1,	
0.5,0.5,	1,0,	1,2.65556e-228,	1,1.20848e-128,	1,5.12801e-77,	1,2.48321e-49,	1,3.90183e-36,	1,1.1817e-21,	1,3.98694e-11,	0.998939,0.00106062,	0.0418678,0.958132,	1,	1,	1,	1,	1,	1,	1,	1,	1,	1,	1,	
0.5,0.5,	1,0,	1,1.22738e-229,	1,2.14412e-129,	1,1.81474e-77,	1,1.27307e-49,	1,2.37124e-36,	1,8.72392e-22,	1,3.39357e-11,	0.998988,0.00101151,	0.0413398,0.95866,	1,	1,	1,	1,	1,	1,	1,	1,	1,	1,	1,	
0.5,0.5,	1,0,	1,5.67282e-231,	1,3.80417e-130,	1,6.42214e-78,	1,6.52663e-50,	1,1.44107e-36,	1,6.44047e-22,	1,2.8885e-11,	0.999035,0.000964892,	0.0407772,0.959223,	1,	1,	1,	1,	1,	1,	1,	1,	1,	1,	1,	
0.5,0.5,	1,0,	1,2.62192e-232,	1,6.74948e-131,	1,2.27272e-78,	1,3.346e-50,	1,8.75774e-37,	1,4.7547e-22,	1,2.45861e-11,	0.99908,0.000920419,	0.0402642,0.959736,	1,	1,	1,	1,	1,	1,	1,	1,	1,	1,	1,	
0.5,0.5,	1,0,	1,1.21183e-233,	1,1.19752e-131,	1,8.04286e-79,	1,1.71539e-50,	1,5.32231e-37,	1,3.51017e-22,	1,2.0927e-11,	0.999122,0.000877881,	0.039816,0.960184,	1,	1,	1,	1,	1,	1,	1,	1,	1,	1,	1,	
0.5,0.5,	1,0,	1,5.60096e-235,	1,2.12467e-132,	1,2.84627e-79,	1,8.7943e-51,	1,3.23451e-37,	1,2.5914e-22,	1,1.78124e-11,	0.999163,0.000837405,	0.0393263,0.960674,	1,	1,	1,	1,	1,	1,	1,	1,	1,	1,	1,	
0.5,0.5,	1,0,	1,2.58871e-236,	1,3.76967e-133,	1,1.00726e-79,	1,4.50857e-51,	1,1.96569e-37,	1,1.91311e-22,	1,1.51614e-11,	0.999201,0.000798975,	0.0387623,0.961238,	1,	1,	1,	1,	1,	1,	1,	1,	1,	1,	1,	
0.5,0.5,	1,0,	1,1.19648e-237,	1,6.68827e-134,	1,3.56457e-80,	1,2.31141e-51,	1,1.1946e-37,	1,1.41236e-22,	1,1.2905e-11,	0.999238,0.00076233,	0.0382815,0.961718,	1,	1,	1,	1,	1,	1,	1,	1,	1,	1,	1,	
0.5,0.5,	1,0,	1,5.53002e-239,	1,1.18666e-134,	1,1.26146e-80,	1,1.18499e-51,	1,7.25992e-38,	1,1.04268e-22,	1,1.09843e-11,	0.999273,0.000727303,	0.0378134,0.962187,	1,	1,	1,	1,	1,	1,	1,	1,	1,	1,	1,	
0.5,0.5,	1,0,	1,2.55592e-240,	1,2.1054e-135,	1,4.46414e-81,	1,6.07507e-52,	1,4.41204e-38,	1,7.69761e-23,	1,9.34954e-12,	0.999306,0.000693786,	0.0372973,0.962703,	1,	1,	1,	1,	1,	1,	1,	1,	1,	1,	1,	
0.5,0.5,	1,0,	1,1.18132e-241,	1,3.73548e-136,	1,1.5798e-81,	1,3.1145e-52,	1,2.68131e-38,	1,5.68279e-23,	1,7.95805e-12,	0.999338,0.000662051,	0.0367414,0.963259,	1,	1,	1,	1,	1,	1,	1,	1,	1,	1,	1,	
0.5,0.5,	1,0,	1,5.45998e-243,	1,6.62761e-137,	1,5.59073e-82,	1,1.59671e-52,	1,1.62951e-38,	1,4.19534e-23,	1,6.77366e-12,	0.999368,0.000631794,	0.0362103,0.96379,	1,	1,	1,	1,	1,	1,	1,	1,	1,	1,	1,	
0.5,0.5,	1,0,	1,2.52355e-244,	1,1.17589e-137,	1,1.97849e-82,	1,8.18585e-53,	1,9.90293e-39,	1,3.09722e-23,	1,5.76554e-12,	0.999397,0.000602941,	0.0357346,0.964265,	1,	1,	1,	1,	1,	1,	1,	1,	1,	1,	1,	
0.5,0.5,	1,0,	1,1.16636e-245,	1,2.08631e-138,	1,7.00163e-83,	1,4.19664e-53,	1,6.01827e-39,	1,2.28654e-23,	1,4.90746e-12,	0.999425,0.000575444,	0.0352143,0.964786,	1,	1,	1,	1,	1,	1,	1,	1,	1,	1,	1,	
0.5,0.5,	1,0,	1,5.39082e-247,	1,3.7016e-139,	1,2.47779e-83,	1,2.15149e-53,	1,3.65746e-39,	1,1.68804e-23,	1,4.17709e-12,	0.999451,0.000549029,	0.0347571,0.965243,	1,	1,	1,	1,	1,	1,	1,	1,	1,	1,	1,	
0.5,0.5,	1,0,	1,2.49159e-248,	1,6.56751e-140,	1,8.7686e-84,	1,1.103e-53,	1,2.22274e-39,	1,1.2462e-23,	1,3.55542e-12,	0.999476,0.000523713,	0.0343196,0.96568,	1,	1,	1,	1,	1,	1,	1,	1,	1,	1,	1,	
0.5,0.5,	1,0,	1,1.15159e-249,	1,1.16523e-140,	1,3.1031e-84,	1,5.65475e-54,	1,1.35081e-39,	1,9.20015e-24,	1,3.02627e-12,	0.9995,0.000499579,	0.033899,0.966101,	1,	1,	1,	1,	1,	1,	1,	1,	1,	1,	1,	
0.5,0.5,	1,0,	1,5.32254e-251,	1,2.06739e-141,	1,1.09815e-84,	1,2.89902e-54,	1,8.20925e-40,	1,6.79204e-24,	1,2.57587e-12,	0.999523,0.000476535,	0.0334564,0.966544,	1,	1,	1,	1,	1,	1,	1,	1,	1,	1,	1,	
0.5,0.5,	1,0,	1,2.46003e-252,	1,3.66803e-142,	1,3.88621e-85,	1,1.48624e-54,	1,4.98898e-40,	1,5.01425e-24,	1,2.1925e-12,	0.999546,0.000454487,	0.0330281,0.966972,	1,	1,	1,	1,	1,	1,	1,	1,	1,	1,	1,	
0.5,0.5,	1,0,	1,1.137e-253,	1,6.50795e-143,	1,1.37528e-85,	1,7.61949e-55,	1,3.03193e-40,	1,3.70179e-24,	1,1.8662e-12,	0.999567,0.000433445,	0.0325003,0.9675,	1,	1,	1,	1,	1,	1,	1,	1,	1,	1,	1,	
0.5,0.5,	1,0,	1,5.25512e-255,	1,1.15466e-143,	1,4.86695e-86,	1,3.90628e-55,	1,1.84259e-40,	1,2.73286e-24,	1,1.58845e-12,	0.999587,0.000413306,	0.0320918,0.967908,	1,	1,	1,	1,	1,	1,	1,	1,	1,	1,	1,	
0.5,0.5,	1,0,	1,2.42887e-256,	1,2.04864e-144,	1,1.72236e-86,	1,2.00263e-55,	1,1.11979e-40,	1,2.01754e-24,	1,1.35204e-12,	0.999606,0.000394065,	0.0316809,0.968319,	1,	1,	1,	1,	1,	1,	1,	1,	1,	1,	1,	
0.5,0.5,	1,0,	1,1.1226e-257,	1,3.63477e-145,	1,6.0952e-87,	1,1.02669e-55,	1,6.80524e-41,	1,1.48946e-24,	1,1.15082e-12,	0.999624,0.000375735,	0.0312042,0.968796,	1,	1,	1,	1,	1,	1,	1,	1,	1,	1,	1,	
0.5,0.5,	1,0,	1,5.18856e-259,	1,6.44892e-146,	1,2.15702e-87,	1,5.26352e-56,	1,4.13572e-41,	1,1.0996e-24,	1,9.79544e-13,	0.999642,0.000358318,	0.0307531,0.969247,	1,	1,	1,	1,	1,	1,	1,	1,	1,	1,	1,	
0.5,0.5,	1,0,	1,2.3981e-260,	1,1.14419e-146,	1,7.63342e-88,	1,2.69844e-56,	1,2.51339e-41,	1,8.11781e-25,	1,8.33759e-13,	0.999658,0.000341748,	0.0303767,0.969623,	1,	1,	1,	1,	1,	1,	1,	1,	1,	1,	1,	
0.5,0.5,	1,0,	1,1.10838e-261,	1,2.03006e-147,	1,2.70137e-88,	1,1.38341e-56,	1,1.52745e-41,	1,5.993e-25,	1,7.09672e-13,	0.999674,0.00032592,	0.0299887,0.970011,	1,	1,	1,	1,	1,	1,	1,	1,	1,	1,	1,	
0.5,0.5,	1,0,	1,5.12284e-263,	1,3.6018e-148,	1,9.55982e-89,	1,7.09232e-57,	1,9.28273e-42,	1,4.42436e-25,	1,6.04052e-13,	0.999689,0.000310812,	0.0296002,0.9704,	1,	1,	1,	1,	1,	1,	1,	1,	1,	1,	1,	
0.5,0.5,	1,0,	1,2.36773e-264,	1,6.39044e-149,	1,3.3831e-89,	1,3.63602e-57,	1,5.64136e-42,	1,3.2663e-25,	1,5.14151e-13,	0.999704,0.00029642,	0.0291788,0.970821,	1,	1,	1,	1,	1,	1,	1,	1,	1,	1,	1,	
0.5,0.5,	1,0,	1,1.09438e-265,	1,1.13383e-149,	1,1.19725e-89,	1,1.86409e-57,	1,3.42842e-42,	1,2.41136e-25,	1,4.37631e-13,	0.999717,0.000282672,	0.0287517,0.971248,	1,	1,	1,	1,	1,	1,	1,	1,	1,	1,	1,	
