accept,reject,	accept,reject,	accept,reject,	accept,reject,	accept,reject,	accept,reject,	accept,reject,	accept,reject,	accept,reject,	accept,reject,	accept,reject,	wait,	wait,	wait,	wait,	wait,	wait,	wait,	wait,	wait,	wait,	wait,	
0.5,0.5,	0.877797,0.122203,	0.918052,0.0819479,	0.933674,0.066326,	0.878679,0.121321,	0.744238,0.255762,	0.731737,0.268263,	0.604671,0.395329,	0.524602,0.475398,	0.402893,0.597107,	0.510958,0.489042,	1,	1,	1,	1,	1,	1,	1,	1,	1,	1,	1,	
0.5,0.5,	0.878265,0.121735,	0.91846,0.0815399,	0.933867,0.0661333,	0.879123,0.120877,	0.744899,0.255101,	0.73211,0.26789,	0.60519,0.39481,	0.513716,0.486284,	0.403275,0.596725,	0.511006,0.488994,	1,	1,	1,	1,	1,	1,	1,	1,	1,	1,	1,	
0.5,0.5,	0.878468,0.121532,	0.91847,0.0815305,	0.934145,0.065855,	0.879552,0.120448,	0.745683,0.254317,	0.732792,0.267208,	0.605821,0.394179,	0.514126,0.485874,	0.3895,0.6105,	0.510986,0.489014,	1,	1,	1,	1,	1,	1,	1,	1,	1,	1,	1,	
0.5,0.5,	0.879235,0.120765,	0.918809,0.0811914,	0.934418,0.0655825,	0.880075,0.119925,	0.746472,0.253528,	0.733432,0.266568,	0.606466,0.393534,	0.514643,0.485357,	0.390048,0.609952,	0.511029,0.488971,	1,	1,	1,	1,	1,	1,	1,	1,	1,	1,	1,	
0.5,0.5,	0.879079,0.120921,	0.919303,0.0806967,	0.934691,0.0653087,	0.880803,0.119197,	0.747608,0.252392,	0.734187,0.265813,	0.607015,0.392985,	0.515577,0.484423,	0.3903,0.6097,	0.510974,0.489026,	1,	1,	1,	1,	1,	1,	1,	1,	1,	1,	1,	
0.5,0.5,	0.878976,0.121024,	0.919617,0.0803831,	0.934938,0.065062,	0.881292,0.118708,	0.748543,0.251457,	0.734781,0.265219,	0.607722,0.392278,	0.516142,0.483858,	0.390508,0.609492,	0.510882,0.489118,	1,	1,	1,	1,	1,	1,	1,	1,	1,	1,	1,	
0.5,0.5,	0.879543,0.120457,	0.919748,0.080252,	0.935257,0.064743,	0.881774,0.118226,	0.749321,0.250679,	0.735484,0.264516,	0.608416,0.391584,	0.516612,0.483388,	0.376948,0.623052,	0.510882,0.489118,	1,	1,	1,	1,	1,	1,	1,	1,	1,	1,	1,	
0.5,0.5,	0.880192,0.119808,	0.920013,0.0799872,	0.935345,0.0646547,	0.882084,0.117916,	0.750038,0.249962,	0.736084,0.263916,	0.609146,0.390854,	0.517222,0.482778,	0.377108,0.622892,	0.510913,0.489087,	1,	1,	1,	1,	1,	1,	1,	1,	1,	1,	1,	
0.5,0.5,	0.880201,0.119799,	0.920173,0.0798271,	0.935535,0.0644652,	0.882444,0.117556,	0.751247,0.248753,	0.736623,0.263377,	0.610029,0.389971,	0.517679,0.482321,	0.363554,0.636446,	0.510915,0.489085,	1,	1,	1,	1,	1,	1,	1,	1,	1,	1,	1,	
0.5,0.5,	0.88048,0.11952,	0.920269,0.0797309,	0.935858,0.0641416,	0.88289,0.11711,	0.752231,0.247769,	0.737248,0.262752,	0.610882,0.389118,	0.517986,0.482014,	0.363968,0.636032,	0.510868,0.489132,	1,	1,	1,	1,	1,	1,	1,	1,	1,	1,	1,	
0.5,0.5,	0.881225,0.118775,	0.92046,0.0795399,	0.93607,0.0639298,	0.883096,0.116904,	0.7533,0.2467,	0.737893,0.262107,	0.611484,0.388516,	0.518491,0.481509,	0.364712,0.635288,	0.510951,0.489049,	1,	1,	1,	1,	1,	1,	1,	1,	1,	1,	1,	
0.5,0.5,	0.881487,0.118513,	0.920641,0.079359,	0.936223,0.0637771,	0.883599,0.116401,	0.754364,0.245636,	0.738459,0.261541,	0.612192,0.387808,	0.519219,0.480781,	0.365148,0.634852,	0.510925,0.489075,	1,	1,	1,	1,	1,	1,	1,	1,	1,	1,	1,	
0.5,0.5,	0.881996,0.118004,	0.920961,0.0790393,	0.93637,0.0636296,	0.884074,0.115926,	0.755143,0.244857,	0.738978,0.261022,	0.61279,0.38721,	0.508439,0.491561,	0.365638,0.634362,	0.51091,0.48909,	1,	1,	1,	1,	1,	1,	1,	1,	1,	1,	1,	
0.5,0.5,	0.882584,0.117416,	0.921305,0.0786952,	0.936625,0.063375,	0.884417,0.115583,	0.755914,0.244086,	0.73952,0.26048,	0.613681,0.386319,	0.509151,0.490849,	0.366064,0.633936,	0.510935,0.489065,	1,	1,	1,	1,	1,	1,	1,	1,	1,	1,	1,	
0.5,0.5,	0.882927,0.117073,	0.921324,0.0786761,	0.936834,0.063166,	0.884819,0.115181,	0.756662,0.243338,	0.740212,0.259788,	0.614433,0.385567,	0.509686,0.490314,	0.366344,0.633656,	0.51093,0.48907,	1,	1,	1,	1,	1,	1,	1,	1,	1,	1,	1,	
0.5,0.5,	0.883753,0.116247,	0.922045,0.0779547,	0.936972,0.0630282,	0.885076,0.114924,	0.757559,0.242441,	0.741128,0.258872,	0.615384,0.384616,	0.510448,0.489552,	0.366753,0.633247,	0.510981,0.489019,	1,	1,	1,	1,	1,	1,	1,	1,	1,	1,	1,	
0.5,0.5,	0.884035,0.115965,	0.922286,0.0777136,	0.937262,0.0627379,	0.885426,0.114574,	0.758235,0.241765,	0.741729,0.258271,	0.616031,0.383969,	0.511037,0.488963,	0.367252,0.632748,	0.510931,0.489069,	1,	1,	1,	1,	1,	1,	1,	1,	1,	1,	1,	
0.5,0.5,	0.884445,0.115555,	0.922799,0.0772013,	0.937379,0.0626213,	0.885864,0.114136,	0.759144,0.240856,	0.742163,0.257837,	0.616505,0.383495,	0.511466,0.488534,	0.367981,0.632019,	0.510867,0.489133,	1,	1,	1,	1,	1,	1,	1,	1,	1,	1,	1,	
0.5,0.5,	0.885318,0.114682,	0.922948,0.0770517,	0.937499,0.0625007,	0.886224,0.113776,	0.759923,0.240077,	0.742538,0.257462,	0.617003,0.382997,	0.512002,0.487998,	0.36871,0.63129,	0.510826,0.489174,	1,	1,	1,	1,	1,	1,	1,	1,	1,	1,	1,	
0.5,0.5,	0.885393,0.114607,	0.923335,0.0766652,	0.937645,0.0623547,	0.886495,0.113505,	0.76057,0.23943,	0.743059,0.256941,	0.617405,0.382595,	0.512374,0.487626,	0.369054,0.630946,	0.510843,0.489157,	1,	1,	1,	1,	1,	1,	1,	1,	1,	1,	1,	
0.5,0.5,	0.886233,0.113767,	0.923853,0.0761473,	0.937991,0.0620088,	0.887006,0.112994,	0.761515,0.238485,	0.743644,0.256356,	0.617965,0.382035,	0.51277,0.48723,	0.369257,0.630743,	0.510829,0.489171,	1,	1,	1,	1,	1,	1,	1,	1,	1,	1,	1,	
0.5,0.5,	0.886422,0.113578,	0.924137,0.0758627,	0.938241,0.0617593,	0.887457,0.112543,	0.762125,0.237875,	0.744231,0.255769,	0.618547,0.381453,	0.513267,0.486733,	0.36948,0.63052,	0.51082,0.48918,	1,	1,	1,	1,	1,	1,	1,	1,	1,	1,	1,	
0.5,0.5,	0.887063,0.112937,	0.924385,0.0756146,	0.9384,0.0616001,	0.887795,0.112205,	0.762914,0.237086,	0.744789,0.255211,	0.619159,0.380841,	0.513793,0.486207,	0.36984,0.63016,	0.510787,0.489213,	1,	1,	1,	1,	1,	1,	1,	1,	1,	1,	1,	
0.5,0.5,	0.887342,0.112658,	0.9245,0.0755002,	0.938475,0.0615253,	0.888025,0.111975,	0.763514,0.236486,	0.745389,0.254611,	0.619804,0.380196,	0.514241,0.485759,	0.370131,0.629869,	0.510806,0.489194,	1,	1,	1,	1,	1,	1,	1,	1,	1,	1,	1,	
0.5,0.5,	0.888334,0.111666,	0.924664,0.0753357,	0.938762,0.0612381,	0.888449,0.111551,	0.76442,0.23558,	0.746083,0.253917,	0.62061,0.37939,	0.514758,0.485242,	0.370373,0.629627,	0.510817,0.489183,	1,	1,	1,	1,	1,	1,	1,	1,	1,	1,	1,	
0.5,0.5,	0.888726,0.111274,	0.924913,0.0750875,	0.938904,0.0610958,	0.888847,0.111153,	0.765333,0.234667,	0.746586,0.253414,	0.621349,0.378651,	0.515368,0.484632,	0.370681,0.629319,	0.510851,0.489149,	1,	1,	1,	1,	1,	1,	1,	1,	1,	1,	1,	
0.5,0.5,	0.889561,0.110439,	0.925816,0.0741842,	0.939136,0.0608643,	0.889393,0.110607,	0.766301,0.233699,	0.747399,0.252601,	0.622144,0.377856,	0.515989,0.484011,	0.370971,0.629029,	0.510862,0.489138,	1,	1,	1,	1,	1,	1,	1,	1,	1,	1,	1,	
0.5,0.5,	0.889926,0.110074,	0.926041,0.0739589,	0.939274,0.0607257,	0.889782,0.110218,	0.766971,0.233029,	0.747812,0.252188,	0.622663,0.377337,	0.516488,0.483512,	0.371216,0.628784,	0.510862,0.489138,	1,	1,	1,	1,	1,	1,	1,	1,	1,	1,	1,	
0.5,0.5,	0.890301,0.109699,	0.926258,0.0737418,	0.939484,0.0605159,	0.890069,0.109931,	0.768516,0.231484,	0.748682,0.251318,	0.623441,0.376559,	0.516969,0.483031,	0.371492,0.628508,	0.510776,0.489224,	1,	1,	1,	1,	1,	1,	1,	1,	1,	1,	1,	
0.5,0.5,	0.890409,0.109591,	0.92647,0.0735296,	0.939902,0.0600981,	0.890478,0.109522,	0.769514,0.230486,	0.749408,0.250592,	0.624313,0.375687,	0.517521,0.482479,	0.371803,0.628197,	0.510795,0.489205,	1,	1,	1,	1,	1,	1,	1,	1,	1,	1,	1,	
0.5,0.5,	0.890769,0.109231,	0.926741,0.073259,	0.940112,0.0598879,	0.89075,0.10925,	0.770794,0.229206,	0.750303,0.249697,	0.625039,0.374961,	0.51822,0.48178,	0.372077,0.627923,	0.510792,0.489208,	1,	1,	1,	1,	1,	1,	1,	1,	1,	1,	1,	
0.5,0.5,	0.890791,0.109209,	0.926847,0.0731528,	0.940484,0.0595161,	0.891187,0.108813,	0.772077,0.227923,	0.751238,0.248762,	0.625905,0.374095,	0.518854,0.481146,	0.372373,0.627627,	0.498729,0.501271,	1,	1,	1,	1,	1,	1,	1,	1,	1,	1,	1,	
0.5,0.5,	0.89086,0.10914,	0.927143,0.072857,	0.940633,0.0593672,	0.891506,0.108494,	0.772778,0.227222,	0.751913,0.248087,	0.626629,0.373371,	0.519396,0.480604,	0.37258,0.62742,	0.498729,0.501271,	1,	1,	1,	1,	1,	1,	1,	1,	1,	1,	1,	
0.5,0.5,	0.890939,0.109061,	0.92723,0.0727703,	0.94083,0.05917,	0.892025,0.107975,	0.773442,0.226558,	0.752479,0.247521,	0.62725,0.37275,	0.520007,0.479993,	0.372665,0.627335,	0.498762,0.501238,	1,	1,	1,	1,	1,	1,	1,	1,	1,	1,	1,	
0.5,0.5,	0.890877,0.109123,	0.927401,0.0725987,	0.941027,0.0589733,	0.892407,0.107593,	0.774052,0.225948,	0.75296,0.24704,	0.627853,0.372147,	0.520447,0.479553,	0.372971,0.627029,	0.498728,0.501272,	1,	1,	1,	1,	1,	1,	1,	1,	1,	1,	1,	
0.5,0.5,	0.891122,0.108878,	0.927666,0.0723339,	0.941079,0.058921,	0.89274,0.10726,	0.774702,0.225298,	0.753489,0.246511,	0.628525,0.371475,	0.520792,0.479208,	0.37327,0.62673,	0.498697,0.501303,	1,	1,	1,	1,	1,	1,	1,	1,	1,	1,	1,	
0.5,0.5,	0.891088,0.108912,	0.92796,0.07204,	0.941122,0.0588779,	0.89292,0.10708,	0.775491,0.224509,	0.753877,0.246123,	0.628986,0.371014,	0.521221,0.478779,	0.373181,0.626819,	0.49869,0.50131,	1,	1,	1,	1,	1,	1,	1,	1,	1,	1,	1,	
0.5,0.5,	0.891239,0.108761,	0.928126,0.0718737,	0.941432,0.0585679,	0.89322,0.10678,	0.776196,0.223804,	0.754204,0.245796,	0.629584,0.370416,	0.521581,0.478419,	0.373333,0.626667,	0.498704,0.501296,	1,	1,	1,	1,	1,	1,	1,	1,	1,	1,	1,	
0.5,0.5,	0.891666,0.108334,	0.928274,0.0717261,	0.941651,0.0583486,	0.892607,0.107393,	0.776899,0.223101,	0.750207,0.249793,	0.629936,0.370064,	0.522154,0.477846,	0.373669,0.626331,	0.498749,0.501251,	1,	1,	1,	1,	1,	1,	1,	1,	1,	1,	1,	
0.5,0.5,	0.891749,0.108251,	0.92843,0.0715697,	0.941834,0.0581664,	0.892862,0.107138,	0.7773,0.2227,	0.750531,0.249469,	0.63056,0.36944,	0.522757,0.477243,	0.374053,0.625947,	0.498823,0.501177,	1,	1,	1,	1,	1,	1,	1,	1,	1,	1,	1,	
0.5,0.5,	0.891689,0.108311,	0.928762,0.0712375,	0.941889,0.0581105,	0.893091,0.106909,	0.777703,0.222297,	0.750979,0.249021,	0.631023,0.368977,	0.523187,0.476813,	0.374513,0.625487,	0.498866,0.501134,	1,	1,	1,	1,	1,	1,	1,	1,	1,	1,	1,	
0.5,0.5,	0.891725,0.108275,	0.929333,0.0706671,	0.94208,0.0579196,	0.893425,0.106575,	0.778322,0.221678,	0.751465,0.248535,	0.631433,0.368567,	0.523602,0.476398,	0.374957,0.625043,	0.498769,0.501231,	1,	1,	1,	1,	1,	1,	1,	1,	1,	1,	1,	
0.5,0.5,	0.892069,0.107931,	0.929515,0.0704848,	0.942282,0.0577185,	0.893667,0.106333,	0.778907,0.221093,	0.751936,0.248064,	0.632033,0.367967,	0.524033,0.475967,	0.375267,0.624733,	0.498741,0.501259,	1,	1,	1,	1,	1,	1,	1,	1,	1,	1,	1,	
0.5,0.5,	0.892239,0.107761,	0.929586,0.0704136,	0.942464,0.0575362,	0.893962,0.106038,	0.779677,0.220323,	0.752402,0.247598,	0.632426,0.367574,	0.52485,0.47515,	0.376521,0.623479,	0.498722,0.501278,	1,	1,	1,	1,	1,	1,	1,	1,	1,	1,	1,	
0.5,0.5,	0.892797,0.107203,	0.929678,0.0703222,	0.942748,0.0572523,	0.894227,0.105773,	0.780325,0.219675,	0.75286,0.24714,	0.63294,0.36706,	0.525373,0.474627,	0.376758,0.623242,	0.49877,0.50123,	1,	1,	1,	1,	1,	1,	1,	1,	1,	1,	1,	
0.5,0.5,	0.893099,0.106901,	0.929933,0.0700674,	0.942839,0.0571606,	0.894617,0.105383,	0.781093,0.218907,	0.753528,0.246472,	0.633527,0.366473,	0.525773,0.474227,	0.377255,0.622745,	0.498802,0.501198,	1,	1,	1,	1,	1,	1,	1,	1,	1,	1,	1,	
0.5,0.5,	0.893601,0.106399,	0.930227,0.0697734,	0.94304,0.0569598,	0.894923,0.105077,	0.781516,0.218484,	0.754085,0.245915,	0.634078,0.365922,	0.526241,0.473759,	0.363362,0.636638,	0.498737,0.501263,	1,	1,	1,	1,	1,	1,	1,	1,	1,	1,	1,	
0.5,0.5,	0.893862,0.106138,	0.930346,0.0696541,	0.943185,0.0568152,	0.895211,0.104789,	0.782116,0.217884,	0.75454,0.24546,	0.634597,0.365403,	0.526533,0.473467,	0.363518,0.636482,	0.498716,0.501284,	1,	1,	1,	1,	1,	1,	1,	1,	1,	1,	1,	
0.5,0.5,	0.89432,0.10568,	0.930591,0.0694086,	0.943443,0.0565566,	0.895578,0.104422,	0.782618,0.217382,	0.754973,0.245027,	0.634997,0.365003,	0.526769,0.473231,	0.36337,0.63663,	0.49875,0.50125,	1,	1,	1,	1,	1,	1,	1,	1,	1,	1,	1,	
0.5,0.5,	0.894301,0.105699,	0.930746,0.0692538,	0.943543,0.0564575,	0.895907,0.104093,	0.783146,0.216854,	0.755407,0.244593,	0.635427,0.364573,	0.526844,0.473156,	0.363468,0.636532,	0.498843,0.501157,	1,	1,	1,	1,	1,	1,	1,	1,	1,	1,	1,	
0.5,0.5,	0.894509,0.105491,	0.930956,0.069044,	0.943826,0.0561741,	0.89615,0.10385,	0.783902,0.216098,	0.755852,0.244148,	0.635984,0.364016,	0.527179,0.472821,	0.363824,0.636176,	0.498822,0.501178,	1,	1,	1,	1,	1,	1,	1,	1,	1,	1,	1,	
0.5,0.5,	0.894932,0.105068,	0.931363,0.0686368,	0.94404,0.0559597,	0.896339,0.103661,	0.784607,0.215393,	0.75636,0.24364,	0.63652,0.36348,	0.527407,0.472593,	0.364385,0.635615,	0.498842,0.501158,	1,	1,	1,	1,	1,	1,	1,	1,	1,	1,	1,	
0.5,0.5,	0.895648,0.104352,	0.931503,0.0684968,	0.944289,0.0557112,	0.896648,0.103352,	0.78526,0.21474,	0.756863,0.243137,	0.637014,0.362986,	0.51616,0.48384,	0.36495,0.63505,	0.498881,0.501119,	1,	1,	1,	1,	1,	1,	1,	1,	1,	1,	1,	
0.5,0.5,	0.896512,0.103488,	0.931864,0.0681362,	0.944367,0.0556331,	0.896872,0.103128,	0.785902,0.214098,	0.757241,0.242759,	0.637411,0.362589,	0.516899,0.483101,	0.365283,0.634717,	0.498871,0.501129,	1,	1,	1,	1,	1,	1,	1,	1,	1,	1,	1,	
0.5,0.5,	0.896706,0.103294,	0.932007,0.0679933,	0.944597,0.0554027,	0.896996,0.103004,	0.786411,0.213589,	0.757617,0.242383,	0.637771,0.362229,	0.517378,0.482622,	0.365661,0.634339,	0.498804,0.501196,	1,	1,	1,	1,	1,	1,	1,	1,	1,	1,	1,	
0.5,0.5,	0.896859,0.103141,	0.932219,0.0677805,	0.944799,0.0552013,	0.897291,0.102709,	0.787044,0.212956,	0.75813,0.24187,	0.638309,0.361691,	0.517754,0.482246,	0.351611,0.648389,	0.498815,0.501185,	1,	1,	1,	1,	1,	1,	1,	1,	1,	1,	1,	
0.5,0.5,	0.896838,0.103162,	0.93243,0.0675705,	0.944891,0.055109,	0.897471,0.102529,	0.787492,0.212508,	0.758717,0.241283,	0.638804,0.361196,	0.518072,0.481928,	0.351912,0.648088,	0.498726,0.501274,	1,	1,	1,	1,	1,	1,	1,	1,	1,	1,	1,	
0.5,0.5,	0.897984,0.102016,	0.932893,0.0671074,	0.944976,0.0550242,	0.897658,0.102342,	0.788187,0.211813,	0.759405,0.240595,	0.639269,0.360731,	0.518401,0.481599,	0.35227,0.64773,	0.498746,0.501254,	1,	1,	1,	1,	1,	1,	1,	1,	1,	1,	1,	
0.5,0.5,	0.897943,0.102057,	0.93331,0.0666895,	0.945105,0.0548952,	0.898072,0.101928,	0.78864,0.21136,	0.759874,0.240126,	0.639694,0.360306,	0.518794,0.481206,	0.352937,0.647063,	0.498789,0.501211,	1,	1,	1,	1,	1,	1,	1,	1,	1,	1,	1,	
0.5,0.5,	0.899047,0.100953,	0.93355,0.0664497,	0.945239,0.054761,	0.898345,0.101655,	0.789202,0.210798,	0.756154,0.243846,	0.640172,0.359828,	0.519578,0.480422,	0.353671,0.646329,	0.498793,0.501207,	1,	1,	1,	1,	1,	1,	1,	1,	1,	1,	1,	
0.5,0.5,	0.899667,0.100333,	0.933662,0.066338,	0.94557,0.0544303,	0.898632,0.101368,	0.78975,0.21025,	0.756504,0.243496,	0.640681,0.359319,	0.519985,0.480015,	0.354059,0.645941,	0.498821,0.501179,	1,	1,	1,	1,	1,	1,	1,	1,	1,	1,	1,	
0.5,0.5,	0.900526,0.0994742,	0.93376,0.0662399,	0.945873,0.0541274,	0.898774,0.101226,	0.790258,0.209742,	0.756946,0.243054,	0.641557,0.358443,	0.520888,0.479112,	0.354461,0.645539,	0.498761,0.501239,	1,	1,	1,	1,	1,	1,	1,	1,	1,	1,	1,	
0.5,0.5,	0.9008,0.0991995,	0.933862,0.0661377,	0.945965,0.0540349,	0.898948,0.101052,	0.790927,0.209073,	0.757334,0.242666,	0.642022,0.357978,	0.521479,0.478521,	0.354773,0.645227,	0.498719,0.501281,	1,	1,	1,	1,	1,	1,	1,	1,	1,	1,	1,	
0.5,0.5,	0.901059,0.0989415,	0.93394,0.0660604,	0.946092,0.0539082,	0.899214,0.100786,	0.791554,0.208446,	0.757982,0.242018,	0.642492,0.357508,	0.522286,0.477714,	0.355273,0.644727,	0.498733,0.501267,	1,	1,	1,	1,	1,	1,	1,	1,	1,	1,	1,	
0.5,0.5,	0.901065,0.0989354,	0.934175,0.0658248,	0.946277,0.0537225,	0.899427,0.100573,	0.792082,0.207918,	0.758448,0.241552,	0.643041,0.356959,	0.522901,0.477099,	0.35558,0.64442,	0.498776,0.501224,	1,	1,	1,	1,	1,	1,	1,	1,	1,	1,	1,	
0.5,0.5,	0.901048,0.098952,	0.934202,0.0657984,	0.946318,0.0536822,	0.899713,0.100287,	0.792558,0.207442,	0.758946,0.241054,	0.643497,0.356503,	0.523691,0.476309,	0.356022,0.643978,	0.498767,0.501233,	1,	1,	1,	1,	1,	1,	1,	1,	1,	1,	1,	
0.5,0.5,	0.901257,0.098743,	0.934362,0.0656385,	0.946448,0.0535525,	0.900083,0.0999169,	0.792882,0.207118,	0.759221,0.240779,	0.64396,0.35604,	0.524561,0.475439,	0.356346,0.643654,	0.498781,0.501219,	1,	1,	1,	1,	1,	1,	1,	1,	1,	1,	1,	
0.5,0.5,	0.902026,0.0979745,	0.934639,0.0653615,	0.946601,0.0533992,	0.900318,0.0996815,	0.793359,0.206641,	0.759599,0.240401,	0.644583,0.355417,	0.524951,0.475049,	0.356716,0.643284,	0.498787,0.501213,	1,	1,	1,	1,	1,	1,	1,	1,	1,	1,	1,	
0.5,0.5,	0.902011,0.0979886,	0.934752,0.0652476,	0.946723,0.0532771,	0.900561,0.0994395,	0.794,0.206,	0.76007,0.23993,	0.645195,0.354805,	0.525284,0.474716,	0.356676,0.643324,	0.498852,0.501148,	1,	1,	1,	1,	1,	1,	1,	1,	1,	1,	1,	
0.5,0.5,	0.90232,0.09768,	0.935001,0.0649991,	0.94697,0.0530299,	0.900726,0.0992739,	0.79451,0.20549,	0.760422,0.239578,	0.645603,0.354397,	0.525513,0.474487,	0.35682,0.64318,	0.498877,0.501123,	1,	1,	1,	1,	1,	1,	1,	1,	1,	1,	1,	
0.5,0.5,	0.902788,0.0972122,	0.935163,0.0648365,	0.94706,0.0529397,	0.900822,0.099178,	0.794996,0.205004,	0.760977,0.239023,	0.646213,0.353787,	0.525976,0.474024,	0.356954,0.643046,	0.498863,0.501137,	1,	1,	1,	1,	1,	1,	1,	1,	1,	1,	1,	
0.5,0.5,	0.903026,0.0969744,	0.935293,0.0647068,	0.947209,0.0527909,	0.901123,0.0988773,	0.795546,0.204454,	0.761449,0.238551,	0.646533,0.353467,	0.526244,0.473756,	0.357507,0.642493,	0.498932,0.501068,	1,	1,	1,	1,	1,	1,	1,	1,	1,	1,	1,	
0.5,0.5,	0.903201,0.0967992,	0.935694,0.0643059,	0.947437,0.0525625,	0.90146,0.0985403,	0.796049,0.203951,	0.76188,0.23812,	0.646961,0.353039,	0.5267,0.4733,	0.357706,0.642294,	0.498958,0.501042,	1,	1,	1,	1,	1,	1,	1,	1,	1,	1,	1,	
0.5,0.5,	0.903653,0.0963472,	0.935859,0.064141,	0.947541,0.0524595,	0.90165,0.09835,	0.796463,0.203537,	0.762432,0.237568,	0.647579,0.352421,	0.527285,0.472715,	0.357893,0.642107,	0.498957,0.501043,	1,	1,	1,	1,	1,	1,	1,	1,	1,	1,	1,	
0.5,0.5,	0.903627,0.0963729,	0.935981,0.0640185,	0.94779,0.0522102,	0.901953,0.0980474,	0.797053,0.202947,	0.762831,0.237169,	0.648066,0.351934,	0.528166,0.471834,	0.358202,0.641798,	0.498938,0.501062,	1,	1,	1,	1,	1,	1,	1,	1,	1,	1,	1,	
0.5,0.5,	0.903733,0.0962667,	0.936324,0.0636763,	0.947974,0.0520265,	0.902168,0.0978323,	0.794431,0.205569,	0.763344,0.236656,	0.648608,0.351392,	0.529606,0.470394,	0.358523,0.641477,	0.498853,0.501147,	1,	1,	1,	1,	1,	1,	1,	1,	1,	1,	1,	
0.5,0.5,	0.904498,0.0955015,	0.936405,0.0635953,	0.948059,0.0519406,	0.902272,0.0977284,	0.794896,0.205104,	0.763588,0.236412,	0.64895,0.35105,	0.53026,0.46974,	0.358832,0.641168,	0.498851,0.501149,	1,	1,	1,	1,	1,	1,	1,	1,	1,	1,	1,	
0.5,0.5,	0.904665,0.0953355,	0.936588,0.0634124,	0.948183,0.0518167,	0.902552,0.0974478,	0.795349,0.204651,	0.764169,0.235831,	0.64951,0.35049,	0.530811,0.469189,	0.359513,0.640487,	0.498877,0.501123,	1,	1,	1,	1,	1,	1,	1,	1,	1,	1,	1,	
0.5,0.5,	0.904814,0.0951861,	0.936868,0.0631323,	0.948296,0.0517039,	0.902798,0.0972024,	0.796014,0.203986,	0.764598,0.235402,	0.650066,0.349934,	0.531198,0.468802,	0.35974,0.64026,	0.49891,0.50109,	1,	1,	1,	1,	1,	1,	1,	1,	1,	1,	1,	
0.5,0.5,	0.905042,0.0949578,	0.937078,0.0629223,	0.948499,0.0515007,	0.903159,0.0968406,	0.796602,0.203398,	0.765136,0.234864,	0.650732,0.349268,	0.531648,0.468352,	0.360064,0.639936,	0.498912,0.501088,	1,	1,	1,	1,	1,	1,	1,	1,	1,	1,	1,	
0.5,0.5,	0.905038,0.0949616,	0.93716,0.0628402,	0.948643,0.0513574,	0.903352,0.0966482,	0.797237,0.202763,	0.765467,0.234533,	0.651139,0.348861,	0.532117,0.467883,	0.360342,0.639658,	0.498903,0.501097,	1,	1,	1,	1,	1,	1,	1,	1,	1,	1,	1,	
0.5,0.5,	0.905358,0.0946424,	0.937282,0.0627183,	0.948881,0.0511187,	0.903627,0.0963729,	0.797955,0.202045,	0.765949,0.234051,	0.651823,0.348177,	0.53253,0.46747,	0.360514,0.639486,	0.498962,0.501038,	1,	1,	1,	1,	1,	1,	1,	1,	1,	1,	1,	
0.5,0.5,	0.9057,0.0942999,	0.937366,0.0626341,	0.949035,0.0509651,	0.904007,0.0959934,	0.798872,0.201128,	0.766539,0.233461,	0.65244,0.34756,	0.533113,0.466887,	0.360762,0.639238,	0.498989,0.501011,	1,	1,	1,	1,	1,	1,	1,	1,	1,	1,	1,	
0.5,0.5,	0.906387,0.0936127,	0.937973,0.0620274,	0.949297,0.0507029,	0.9043,0.0957002,	0.799527,0.200473,	0.766989,0.233011,	0.653356,0.346644,	0.52291,0.47709,	0.361313,0.638687,	0.499074,0.500926,	1,	1,	1,	1,	1,	1,	1,	1,	1,	1,	1,	
0.5,0.5,	0.906359,0.0936414,	0.938063,0.0619367,	0.949388,0.0506115,	0.904526,0.0954737,	0.8,0.2,	0.767566,0.232434,	0.654122,0.345878,	0.523613,0.476387,	0.362283,0.637717,	0.499025,0.500975,	1,	1,	1,	1,	1,	1,	1,	1,	1,	1,	1,	
0.5,0.5,	0.906802,0.0931978,	0.938199,0.0618014,	0.949534,0.0504661,	0.904791,0.0952089,	0.800451,0.199549,	0.768175,0.231825,	0.654602,0.345398,	0.524008,0.475992,	0.36297,0.63703,	0.498978,0.501022,	1,	1,	1,	1,	1,	1,	1,	1,	1,	1,	1,	
0.5,0.5,	0.906758,0.0932418,	0.938441,0.0615591,	0.949726,0.0502738,	0.905055,0.0949451,	0.801037,0.198963,	0.768595,0.231405,	0.655064,0.344936,	0.524379,0.475621,	0.36317,0.63683,	0.499021,0.500979,	1,	1,	1,	1,	1,	1,	1,	1,	1,	1,	1,	
0.5,0.5,	0.907164,0.0928357,	0.938633,0.0613675,	0.949992,0.0500081,	0.905502,0.0944981,	0.80152,0.19848,	0.769261,0.230739,	0.655769,0.344231,	0.52488,0.47512,	0.363461,0.636539,	0.499046,0.500954,	1,	1,	1,	1,	1,	1,	1,	1,	1,	1,	1,	
0.5,0.5,	0.907158,0.0928417,	0.938698,0.0613016,	0.950057,0.0499432,	0.905676,0.0943239,	0.802132,0.197868,	0.769735,0.230265,	0.656346,0.343654,	0.525472,0.474528,	0.36382,0.63618,	0.499102,0.500898,	1,	1,	1,	1,	1,	1,	1,	1,	1,	1,	1,	
0.5,0.5,	0.907314,0.0926861,	0.938966,0.0610338,	0.950347,0.0496531,	0.905966,0.0940343,	0.802678,0.197322,	0.77037,0.22963,	0.656984,0.343016,	0.526064,0.473936,	0.364111,0.635889,	0.499102,0.500898,	1,	1,	1,	1,	1,	1,	1,	1,	1,	1,	1,	
0.5,0.5,	0.907658,0.092342,	0.939059,0.0609411,	0.950455,0.0495446,	0.906214,0.0937862,	0.803178,0.196822,	0.77072,0.22928,	0.657387,0.342613,	0.52614,0.47386,	0.364843,0.635157,	0.49919,0.50081,	1,	1,	1,	1,	1,	1,	1,	1,	1,	1,	1,	
0.5,0.5,	0.907774,0.0922257,	0.939364,0.0606357,	0.950642,0.0493576,	0.906493,0.0935068,	0.804035,0.195965,	0.771119,0.228881,	0.657737,0.342263,	0.526762,0.473238,	0.364794,0.635206,	0.499101,0.500899,	1,	1,	1,	1,	1,	1,	1,	1,	1,	1,	1,	
0.5,0.5,	0.907908,0.0920916,	0.939788,0.0602121,	0.95085,0.0491497,	0.906822,0.0931776,	0.804823,0.195177,	0.771515,0.228485,	0.658082,0.341918,	0.527165,0.472835,	0.365336,0.634664,	0.499136,0.500864,	1,	1,	1,	1,	1,	1,	1,	1,	1,	1,	1,	
0.5,0.5,	0.908191,0.0918085,	0.939853,0.0601475,	0.951002,0.0489982,	0.907051,0.0929488,	0.805313,0.194687,	0.772081,0.227919,	0.658548,0.341452,	0.527733,0.472267,	0.365895,0.634105,	0.499105,0.500895,	1,	1,	1,	1,	1,	1,	1,	1,	1,	1,	1,	
0.5,0.5,	0.908994,0.0910056,	0.940092,0.0599079,	0.951196,0.0488044,	0.907358,0.0926421,	0.805766,0.194234,	0.772415,0.227585,	0.659187,0.340813,	0.528006,0.471994,	0.366268,0.633732,	0.499048,0.500952,	1,	1,	1,	1,	1,	1,	1,	1,	1,	1,	1,	
0.5,0.5,	0.909298,0.0907022,	0.94011,0.0598898,	0.951228,0.0487721,	0.907602,0.0923984,	0.80618,0.19382,	0.772992,0.227008,	0.659885,0.340115,	0.528405,0.471595,	0.366676,0.633324,	0.499134,0.500866,	1,	1,	1,	1,	1,	1,	1,	1,	1,	1,	1,	
0.5,0.5,	0.909292,0.0907081,	0.940171,0.0598294,	0.951333,0.0486669,	0.907863,0.0921371,	0.806591,0.193409,	0.773502,0.226498,	0.660508,0.339492,	0.528994,0.471006,	0.367053,0.632947,	0.499173,0.500827,	1,	1,	1,	1,	1,	1,	1,	1,	1,	1,	1,	
0.5,0.5,	0.909284,0.0907164,	0.940318,0.0596819,	0.951394,0.0486063,	0.908027,0.0919729,	0.807056,0.192944,	0.773801,0.226199,	0.661041,0.338959,	0.529397,0.470603,	0.367458,0.632542,	0.499183,0.500817,	1,	1,	1,	1,	1,	1,	1,	1,	1,	1,	1,	
0.5,0.5,	0.909677,0.0903231,	0.940554,0.0594459,	0.951443,0.0485571,	0.908397,0.0916034,	0.807766,0.192234,	0.774148,0.225852,	0.661427,0.338573,	0.529653,0.470347,	0.36733,0.63267,	0.499318,0.500682,	1,	1,	1,	1,	1,	1,	1,	1,	1,	1,	1,	
0.5,0.5,	0.909822,0.0901784,	0.940668,0.0593325,	0.951531,0.0484692,	0.908566,0.091434,	0.808282,0.191718,	0.774664,0.225336,	0.6621,0.3379,	0.529942,0.470058,	0.367479,0.632521,	0.499326,0.500674,	1,	1,	1,	1,	1,	1,	1,	1,	1,	1,	1,	
0.5,0.5,	0.910355,0.0896446,	0.940923,0.0590772,	0.951657,0.0483432,	0.908732,0.0912676,	0.808699,0.191301,	0.774996,0.225004,	0.662574,0.337426,	0.53035,0.46965,	0.367699,0.632301,	0.499324,0.500676,	1,	1,	1,	1,	1,	1,	1,	1,	1,	1,	1,	
0.5,0.5,	0.910795,0.089205,	0.941018,0.0589825,	0.951801,0.0481993,	0.908947,0.0910529,	0.809135,0.190865,	0.77542,0.22458,	0.663006,0.336994,	0.530846,0.469154,	0.36836,0.63164,	0.499288,0.500712,	1,	1,	1,	1,	1,	1,	1,	1,	1,	1,	1,	
0.5,0.5,	0.91129,0.0887097,	0.941225,0.0587752,	0.951889,0.0481112,	0.909162,0.0908381,	0.809483,0.190517,	0.775779,0.224221,	0.663384,0.336616,	0.531283,0.468717,	0.368733,0.631267,	0.499229,0.500771,	1,	1,	1,	1,	1,	1,	1,	1,	1,	1,	1,	
0.5,0.5,	0.911777,0.0882231,	0.941408,0.0585922,	0.951993,0.0480067,	0.909441,0.0905593,	0.80988,0.19012,	0.772262,0.227738,	0.663687,0.336313,	0.531885,0.468115,	0.369047,0.630953,	0.49928,0.50072,	1,	1,	1,	1,	1,	1,	1,	1,	1,	1,	1,	
0.5,0.5,	0.912462,0.0875378,	0.941426,0.0585744,	0.952093,0.0479074,	0.909717,0.0902832,	0.810545,0.189455,	0.772609,0.227391,	0.664347,0.335653,	0.532517,0.467483,	0.369667,0.630333,	0.499355,0.500645,	1,	1,	1,	1,	1,	1,	1,	1,	1,	1,	1,	
0.5,0.5,	0.912462,0.0875384,	0.94155,0.0584496,	0.95228,0.0477205,	0.909968,0.0900316,	0.811178,0.188822,	0.773257,0.226743,	0.665157,0.334843,	0.533319,0.466681,	0.370047,0.629953,	0.499361,0.500639,	1,	1,	1,	1,	1,	1,	1,	1,	1,	1,	1,	
0.5,0.5,	0.912464,0.0875357,	0.941737,0.0582626,	0.95243,0.0475698,	0.910398,0.0896022,	0.811699,0.188301,	0.773622,0.226378,	0.665773,0.334227,	0.534002,0.465998,	0.370428,0.629572,	0.499412,0.500588,	1,	1,	1,	1,	1,	1,	1,	1,	1,	1,	1,	
0.5,0.5,	0.912936,0.0870641,	0.942013,0.0579874,	0.952543,0.0474574,	0.910518,0.0894821,	0.812127,0.187873,	0.774144,0.225856,	0.666572,0.333428,	0.535261,0.464739,	0.371084,0.628916,	0.499404,0.500596,	1,	1,	1,	1,	1,	1,	1,	1,	1,	1,	1,	
0.5,0.5,	0.913068,0.0869319,	0.942195,0.0578053,	0.95259,0.0474103,	0.910724,0.0892761,	0.812622,0.187378,	0.774731,0.225269,	0.667327,0.332673,	0.535828,0.464172,	0.371452,0.628548,	0.499424,0.500576,	1,	1,	1,	1,	1,	1,	1,	1,	1,	1,	1,	
0.5,0.5,	0.91321,0.0867902,	0.942372,0.0576276,	0.952666,0.0473338,	0.91091,0.0890897,	0.813083,0.186917,	0.775147,0.224853,	0.667881,0.332119,	0.536357,0.463643,	0.357342,0.642658,	0.499451,0.500549,	1,	1,	1,	1,	1,	1,	1,	1,	1,	1,	1,	
0.5,0.5,	0.913276,0.0867237,	0.942536,0.0574644,	0.952697,0.0473032,	0.911064,0.0889362,	0.813662,0.186338,	0.775896,0.224104,	0.668441,0.331559,	0.536786,0.463214,	0.357672,0.642328,	0.499396,0.500604,	1,	1,	1,	1,	1,	1,	1,	1,	1,	1,	1,	
0.5,0.5,	0.913269,0.0867312,	0.942861,0.057139,	0.952783,0.0472172,	0.911574,0.088426,	0.814068,0.185932,	0.776504,0.223496,	0.668898,0.331102,	0.536989,0.463011,	0.358304,0.641696,	0.499433,0.500567,	1,	1,	1,	1,	1,	1,	1,	1,	1,	1,	1,	
0.5,0.5,	0.913431,0.0865686,	0.943116,0.0568844,	0.953015,0.0469848,	0.91188,0.0881196,	0.814646,0.185354,	0.776943,0.223057,	0.669353,0.330647,	0.525979,0.474021,	0.358871,0.641129,	0.499354,0.500646,	1,	1,	1,	1,	1,	1,	1,	1,	1,	1,	1,	
0.5,0.5,	0.913426,0.0865736,	0.943231,0.0567688,	0.953203,0.0467971,	0.912105,0.0878949,	0.814982,0.185018,	0.777273,0.222727,	0.669908,0.330092,	0.52644,0.47356,	0.359113,0.640887,	0.499412,0.500588,	1,	1,	1,	1,	1,	1,	1,	1,	1,	1,	1,	
0.5,0.5,	0.913428,0.0865715,	0.943372,0.0566281,	0.953305,0.0466952,	0.912315,0.0876846,	0.815406,0.184594,	0.777704,0.222296,	0.670308,0.329692,	0.526992,0.473008,	0.359392,0.640608,	0.499437,0.500563,	1,	1,	1,	1,	1,	1,	1,	1,	1,	1,	1,	
0.5,0.5,	0.913427,0.0865731,	0.943497,0.0565033,	0.953398,0.0466017,	0.912453,0.0875472,	0.815832,0.184168,	0.778039,0.221961,	0.670952,0.329048,	0.527699,0.472301,	0.359753,0.640247,	0.499491,0.500509,	1,	1,	1,	1,	1,	1,	1,	1,	1,	1,	1,	
0.5,0.5,	0.913596,0.0864038,	0.943503,0.0564973,	0.953458,0.0465417,	0.912574,0.0874264,	0.816309,0.183691,	0.778377,0.221623,	0.671424,0.328576,	0.528336,0.471664,	0.36014,0.63986,	0.499487,0.500513,	1,	1,	1,	1,	1,	1,	1,	1,	1,	1,	1,	
0.5,0.5,	0.913592,0.0864082,	0.943602,0.0563981,	0.953623,0.0463772,	0.912748,0.087252,	0.816747,0.183253,	0.778784,0.221216,	0.672199,0.327801,	0.528963,0.471037,	0.360488,0.639512,	0.499521,0.500479,	1,	1,	1,	1,	1,	1,	1,	1,	1,	1,	1,	
0.5,0.5,	0.913592,0.0864085,	0.943686,0.0563136,	0.953719,0.046281,	0.912923,0.0870771,	0.817058,0.182942,	0.77904,0.22096,	0.672713,0.327287,	0.529497,0.470503,	0.360768,0.639232,	0.499517,0.500483,	1,	1,	1,	1,	1,	1,	1,	1,	1,	1,	1,	
0.5,0.5,	0.913595,0.0864047,	0.943697,0.0563027,	0.953819,0.0461809,	0.913188,0.0868117,	0.817525,0.182475,	0.77937,0.22063,	0.673257,0.326743,	0.530095,0.469905,	0.36115,0.63885,	0.499461,0.500539,	1,	1,	1,	1,	1,	1,	1,	1,	1,	1,	1,	
0.5,0.5,	0.9136,0.0864004,	0.943788,0.0562124,	0.953929,0.0460714,	0.913417,0.0865834,	0.817917,0.182083,	0.779838,0.220162,	0.673532,0.326468,	0.530549,0.469451,	0.361407,0.638593,	0.499513,0.500487,	1,	1,	1,	1,	1,	1,	1,	1,	1,	1,	1,	
0.5,0.5,	0.913597,0.0864033,	0.943976,0.0560243,	0.954031,0.0459692,	0.913574,0.0864258,	0.818314,0.181686,	0.780146,0.219854,	0.673785,0.326215,	0.530859,0.469141,	0.361766,0.638234,	0.499528,0.500472,	1,	1,	1,	1,	1,	1,	1,	1,	1,	1,	1,	
0.5,0.5,	0.913593,0.086407,	0.944001,0.0559989,	0.95421,0.0457904,	0.913892,0.0861084,	0.818718,0.181282,	0.780494,0.219506,	0.674206,0.325794,	0.531134,0.468866,	0.362176,0.637824,	0.499513,0.500487,	1,	1,	1,	1,	1,	1,	1,	1,	1,	1,	1,	
0.5,0.5,	0.913974,0.0860263,	0.944264,0.0557359,	0.954378,0.0456224,	0.914212,0.0857875,	0.81922,0.18078,	0.780774,0.219226,	0.674538,0.325462,	0.531508,0.468492,	0.362478,0.637522,	0.499546,0.500454,	1,	1,	1,	1,	1,	1,	1,	1,	1,	1,	1,	
0.5,0.5,	0.914308,0.0856919,	0.944333,0.055667,	0.954469,0.0455314,	0.914373,0.0856266,	0.819738,0.180262,	0.78104,0.21896,	0.674843,0.325157,	0.532198,0.467802,	0.362814,0.637186,	0.499582,0.500418,	1,	1,	1,	1,	1,	1,	1,	1,	1,	1,	1,	
0.5,0.5,	0.914309,0.0856915,	0.944465,0.0555345,	0.954542,0.0454581,	0.914525,0.085475,	0.820203,0.179797,	0.781344,0.218656,	0.675227,0.324773,	0.532661,0.467339,	0.362869,0.637131,	0.499593,0.500407,	1,	1,	1,	1,	1,	1,	1,	1,	1,	1,	1,	
0.5,0.5,	0.914469,0.0855312,	0.944626,0.0553743,	0.954664,0.0453357,	0.914702,0.085298,	0.820465,0.179535,	0.781594,0.218406,	0.675522,0.324478,	0.532723,0.467277,	0.363839,0.636161,	0.499689,0.500311,	1,	1,	1,	1,	1,	1,	1,	1,	1,	1,	1,	
0.5,0.5,	0.914471,0.0855293,	0.944809,0.055191,	0.954834,0.0451655,	0.914859,0.0851411,	0.820997,0.179003,	0.781991,0.218009,	0.675921,0.324079,	0.532945,0.467055,	0.364194,0.635806,	0.499697,0.500303,	1,	1,	1,	1,	1,	1,	1,	1,	1,	1,	1,	
0.5,0.5,	0.914704,0.0852957,	0.944979,0.0550208,	0.955013,0.0449875,	0.915012,0.0849885,	0.821403,0.178597,	0.782363,0.217637,	0.676266,0.323734,	0.53321,0.46679,	0.350774,0.649226,	0.499686,0.500314,	1,	1,	1,	1,	1,	1,	1,	1,	1,	1,	1,	
0.5,0.5,	0.914859,0.0851413,	0.945058,0.054942,	0.95503,0.0449696,	0.915088,0.0849123,	0.821705,0.178295,	0.782619,0.217381,	0.676726,0.323274,	0.533464,0.466536,	0.350853,0.649147,	0.499662,0.500338,	1,	1,	1,	1,	1,	1,	1,	1,	1,	1,	1,	
0.5,0.5,	0.915144,0.0848559,	0.945125,0.0548754,	0.955157,0.0448434,	0.915229,0.0847709,	0.822057,0.177943,	0.782933,0.217067,	0.67713,0.32287,	0.533976,0.466024,	0.351032,0.648968,	0.499665,0.500335,	1,	1,	1,	1,	1,	1,	1,	1,	1,	1,	1,	
0.5,0.5,	0.915721,0.0842793,	0.945288,0.0547122,	0.955338,0.0446617,	0.915485,0.0845149,	0.822477,0.177523,	0.783243,0.216757,	0.677647,0.322353,	0.534442,0.465558,	0.351241,0.648759,	0.49966,0.50034,	1,	1,	1,	1,	1,	1,	1,	1,	1,	1,	1,	
0.5,0.5,	0.915888,0.0841123,	0.945656,0.0543436,	0.955555,0.0444445,	0.91563,0.0843697,	0.822933,0.177067,	0.783542,0.216458,	0.678216,0.321784,	0.534953,0.465047,	0.351481,0.648519,	0.499611,0.500389,	1,	1,	1,	1,	1,	1,	1,	1,	1,	1,	1,	
0.5,0.5,	0.916206,0.0837944,	0.945939,0.0540612,	0.955614,0.044386,	0.915879,0.0841211,	0.823377,0.176623,	0.783874,0.216126,	0.678892,0.321108,	0.535497,0.464503,	0.351795,0.648205,	0.49963,0.50037,	1,	1,	1,	1,	1,	1,	1,	1,	1,	1,	1,	
0.5,0.5,	0.916179,0.0838209,	0.946211,0.053789,	0.955745,0.0442546,	0.916011,0.0839891,	0.823748,0.176252,	0.784147,0.215853,	0.679348,0.320652,	0.5363,0.4637,	0.352153,0.647847,	0.499578,0.500422,	1,	1,	1,	1,	1,	1,	1,	1,	1,	1,	1,	
0.5,0.5,	0.916181,0.0838189,	0.946329,0.0536711,	0.955831,0.0441694,	0.916108,0.0838918,	0.824008,0.175992,	0.7843,0.2157,	0.680013,0.319987,	0.537079,0.462921,	0.352565,0.647435,	0.49967,0.50033,	1,	1,	1,	1,	1,	1,	1,	1,	1,	1,	1,	
0.5,0.5,	0.916573,0.0834269,	0.946439,0.0535609,	0.955935,0.0440646,	0.91614,0.0838597,	0.824532,0.175468,	0.784599,0.215401,	0.680493,0.319507,	0.537749,0.462251,	0.352951,0.647049,	0.499682,0.500318,	1,	1,	1,	1,	1,	1,	1,	1,	1,	1,	1,	
0.5,0.5,	0.917216,0.0827838,	0.946482,0.053518,	0.956069,0.0439313,	0.916282,0.0837177,	0.824904,0.175096,	0.784863,0.215137,	0.68094,0.31906,	0.538283,0.461717,	0.353332,0.646668,	0.499701,0.500299,	1,	1,	1,	1,	1,	1,	1,	1,	1,	1,	1,	
0.5,0.5,	0.917404,0.082596,	0.946632,0.0533676,	0.956189,0.0438114,	0.916596,0.0834036,	0.825309,0.174691,	0.785156,0.214844,	0.681462,0.318538,	0.538842,0.461158,	0.353612,0.646388,	0.499686,0.500314,	1,	1,	1,	1,	1,	1,	1,	1,	1,	1,	1,	
0.5,0.5,	0.917569,0.0824312,	0.946912,0.0530877,	0.956306,0.0436941,	0.916842,0.0831581,	0.825741,0.174259,	0.78544,0.21456,	0.681937,0.318063,	0.528175,0.471825,	0.353908,0.646092,	0.499686,0.500314,	1,	1,	1,	1,	1,	1,	1,	1,	1,	1,	1,	
0.5,0.5,	0.917669,0.0823307,	0.947051,0.0529493,	0.956605,0.043395,	0.917,0.0829995,	0.826208,0.173792,	0.785756,0.214244,	0.682439,0.317561,	0.528915,0.471085,	0.35428,0.64572,	0.487381,0.512619,	1,	1,	1,	1,	1,	1,	1,	1,	1,	1,	1,	
0.5,0.5,	0.91767,0.0823296,	0.947243,0.0527568,	0.956779,0.0432213,	0.917281,0.0827193,	0.826936,0.173064,	0.786144,0.213856,	0.68293,0.31707,	0.529525,0.470475,	0.354788,0.645212,	0.487333,0.512667,	1,	1,	1,	1,	1,	1,	1,	1,	1,	1,	1,	
0.5,0.5,	0.917669,0.0823307,	0.947322,0.0526777,	0.956963,0.0430371,	0.917461,0.0825392,	0.827399,0.172601,	0.786519,0.213481,	0.683366,0.316634,	0.529853,0.470147,	0.35557,0.64443,	0.487422,0.512578,	1,	1,	1,	1,	1,	1,	1,	1,	1,	1,	1,	
0.5,0.5,	0.917942,0.0820583,	0.947377,0.0526234,	0.957094,0.0429056,	0.917665,0.0823353,	0.827761,0.172239,	0.786734,0.213266,	0.68371,0.31629,	0.530443,0.469557,	0.356039,0.643961,	0.487428,0.512572,	1,	1,	1,	1,	1,	1,	1,	1,	1,	1,	1,	
0.5,0.5,	0.918535,0.081465,	0.94739,0.0526102,	0.957213,0.0427874,	0.917923,0.0820775,	0.828282,0.171718,	0.787104,0.212896,	0.684015,0.315985,	0.531352,0.468648,	0.356509,0.643491,	0.487432,0.512568,	1,	1,	1,	1,	1,	1,	1,	1,	1,	1,	1,	
0.5,0.5,	0.918534,0.0814663,	0.947583,0.0524173,	0.957252,0.0427483,	0.918002,0.0819983,	0.828685,0.171315,	0.787388,0.212612,	0.684321,0.315679,	0.531806,0.468194,	0.35673,0.64327,	0.487465,0.512535,	1,	1,	1,	1,	1,	1,	1,	1,	1,	1,	1,	
0.5,0.5,	0.918889,0.0811106,	0.947719,0.0522813,	0.957333,0.0426668,	0.918127,0.0818726,	0.829013,0.170987,	0.787727,0.212273,	0.684758,0.315242,	0.532262,0.467738,	0.356953,0.643047,	0.48744,0.51256,	1,	1,	1,	1,	1,	1,	1,	1,	1,	1,	1,	
0.5,0.5,	0.918886,0.0811145,	0.94779,0.0522102,	0.957513,0.0424872,	0.918358,0.0816417,	0.829509,0.170491,	0.788111,0.211889,	0.685149,0.314851,	0.532769,0.467231,	0.35752,0.64248,	0.487415,0.512585,	1,	1,	1,	1,	1,	1,	1,	1,	1,	1,	1,	
0.5,0.5,	0.919316,0.0806839,	0.948006,0.0519939,	0.957607,0.0423935,	0.91863,0.0813696,	0.829912,0.170088,	0.788426,0.211574,	0.685515,0.314485,	0.533347,0.466653,	0.357776,0.642224,	0.487393,0.512607,	1,	1,	1,	1,	1,	1,	1,	1,	1,	1,	1,	
0.5,0.5,	0.919302,0.0806976,	0.948122,0.0518782,	0.957744,0.0422556,	0.918787,0.0812131,	0.830423,0.169577,	0.788777,0.211223,	0.685987,0.314013,	0.533985,0.466015,	0.358044,0.641956,	0.487378,0.512622,	1,	1,	1,	1,	1,	1,	1,	1,	1,	1,	1,	
0.5,0.5,	0.919508,0.0804915,	0.948309,0.0516908,	0.957879,0.0421206,	0.918898,0.0811016,	0.83072,0.16928,	0.78916,0.21084,	0.686492,0.313508,	0.534528,0.465472,	0.358326,0.641674,	0.487359,0.512641,	1,	1,	1,	1,	1,	1,	1,	1,	1,	1,	1,	
0.5,0.5,	0.919514,0.0804864,	0.948479,0.0515213,	0.957991,0.042009,	0.919023,0.0809774,	0.831218,0.168782,	0.789425,0.210575,	0.686908,0.313092,	0.534986,0.465014,	0.358869,0.641131,	0.487342,0.512658,	1,	1,	1,	1,	1,	1,	1,	1,	1,	1,	1,	
0.5,0.5,	0.919739,0.0802608,	0.94854,0.0514602,	0.95816,0.0418402,	0.919204,0.0807959,	0.831582,0.168418,	0.789696,0.210304,	0.687269,0.312731,	0.535302,0.464698,	0.359152,0.640848,	0.487425,0.512575,	1,	1,	1,	1,	1,	1,	1,	1,	1,	1,	1,	
0.5,0.5,	0.920001,0.0799986,	0.948601,0.0513987,	0.958228,0.041772,	0.919384,0.0806158,	0.831891,0.168109,	0.789902,0.210098,	0.687644,0.312356,	0.535725,0.464275,	0.359471,0.640529,	0.487357,0.512643,	1,	1,	1,	1,	1,	1,	1,	1,	1,	1,	1,	
0.5,0.5,	0.920008,0.0799919,	0.948684,0.0513161,	0.958338,0.0416623,	0.919595,0.0804047,	0.832343,0.167657,	0.79038,0.20962,	0.68817,0.31183,	0.536139,0.463861,	0.359778,0.640222,	0.487347,0.512653,	1,	1,	1,	1,	1,	1,	1,	1,	1,	1,	1,	
0.5,0.5,	0.920183,0.0798168,	0.948717,0.0512833,	0.958511,0.041489,	0.919785,0.0802145,	0.832623,0.167377,	0.790745,0.209255,	0.688587,0.311413,	0.536685,0.463315,	0.360188,0.639812,	0.487328,0.512672,	1,	1,	1,	1,	1,	1,	1,	1,	1,	1,	1,	
0.5,0.5,	0.920221,0.0797793,	0.948776,0.0512239,	0.958657,0.0413427,	0.920078,0.0799222,	0.832984,0.167016,	0.791084,0.208916,	0.688977,0.311023,	0.537189,0.462811,	0.360571,0.639429,	0.487301,0.512699,	1,	1,	1,	1,	1,	1,	1,	1,	1,	1,	1,	
0.5,0.5,	0.920761,0.0792386,	0.948832,0.0511676,	0.958884,0.0411161,	0.920204,0.079796,	0.833525,0.166475,	0.791397,0.208603,	0.689384,0.310616,	0.537695,0.462305,	0.360871,0.639129,	0.487273,0.512727,	1,	1,	1,	1,	1,	1,	1,	1,	1,	1,	1,	
0.5,0.5,	0.920899,0.0791006,	0.949048,0.0509524,	0.959013,0.0409872,	0.920333,0.079667,	0.833856,0.166144,	0.791687,0.208313,	0.68974,0.31026,	0.538206,0.461794,	0.361563,0.638437,	0.487307,0.512693,	1,	1,	1,	1,	1,	1,	1,	1,	1,	1,	1,	
0.5,0.5,	0.921235,0.0787651,	0.9491,0.0509003,	0.959067,0.0409332,	0.920622,0.0793777,	0.834256,0.165744,	0.792025,0.207975,	0.690137,0.309863,	0.538475,0.461525,	0.34766,0.65234,	0.474836,0.525164,	1,	1,	1,	1,	1,	1,	1,	1,	1,	1,	1,	
0.5,0.5,	0.921348,0.0786517,	0.949146,0.0508543,	0.959136,0.0408636,	0.920962,0.0790384,	0.834585,0.165415,	0.792322,0.207678,	0.690611,0.309389,	0.538675,0.461325,	0.348135,0.651865,	0.474799,0.525201,	1,	1,	1,	1,	1,	1,	1,	1,	1,	1,	1,	
0.5,0.5,	0.921354,0.0786455,	0.949254,0.0507465,	0.959202,0.0407982,	0.921113,0.0788865,	0.835063,0.164937,	0.79268,0.20732,	0.691183,0.308817,	0.539069,0.460931,	0.348369,0.651631,	0.474879,0.525121,	1,	1,	1,	1,	1,	1,	1,	1,	1,	1,	1,	
0.5,0.5,	0.921339,0.0786612,	0.949417,0.0505829,	0.959244,0.0407565,	0.921307,0.0786928,	0.83549,0.16451,	0.792926,0.207074,	0.691636,0.308364,	0.539451,0.460549,	0.348975,0.651025,	0.474866,0.525134,	1,	1,	1,	1,	1,	1,	1,	1,	1,	1,	1,	
0.5,0.5,	0.921717,0.0782825,	0.949668,0.0503316,	0.959339,0.0406606,	0.921479,0.0785212,	0.835791,0.164209,	0.793315,0.206685,	0.691942,0.308058,	0.540292,0.459708,	0.335579,0.664421,	0.474984,0.525016,	1,	1,	1,	1,	1,	1,	1,	1,	1,	1,	1,	
0.5,0.5,	0.921726,0.0782744,	0.949738,0.0502624,	0.959344,0.0406564,	0.921658,0.0783417,	0.836182,0.163818,	0.793712,0.206288,	0.692415,0.307585,	0.540664,0.459336,	0.33585,0.66415,	0.474982,0.525018,	1,	1,	1,	1,	1,	1,	1,	1,	1,	1,	1,	
0.5,0.5,	0.922041,0.077959,	0.949853,0.0501472,	0.959406,0.0405936,	0.921777,0.0782231,	0.836541,0.163459,	0.793993,0.206007,	0.692764,0.307236,	0.541276,0.458724,	0.336151,0.663849,	0.475014,0.524986,	1,	1,	1,	1,	1,	1,	1,	1,	1,	1,	1,	
0.5,0.5,	0.922465,0.0775348,	0.949862,0.0501382,	0.959463,0.0405369,	0.922007,0.0779934,	0.837131,0.162869,	0.794374,0.205626,	0.693085,0.306915,	0.541831,0.458169,	0.336339,0.663661,	0.47493,0.52507,	1,	1,	1,	1,	1,	1,	1,	1,	1,	1,	1,	
0.5,0.5,	0.922596,0.0774044,	0.949949,0.050051,	0.959602,0.0403982,	0.922151,0.0778493,	0.837478,0.162522,	0.794669,0.205331,	0.693499,0.306501,	0.542302,0.457698,	0.336497,0.663503,	0.474954,0.525046,	1,	1,	1,	1,	1,	1,	1,	1,	1,	1,	1,	
0.5,0.5,	0.922886,0.0771136,	0.950046,0.0499537,	0.959789,0.0402105,	0.92233,0.0776698,	0.837749,0.162251,	0.79504,0.20496,	0.693843,0.306157,	0.542792,0.457208,	0.336673,0.663327,	0.474917,0.525083,	1,	1,	1,	1,	1,	1,	1,	1,	1,	1,	1,	
0.5,0.5,	0.923273,0.0767269,	0.950206,0.0497944,	0.959888,0.0401115,	0.922472,0.0775283,	0.838326,0.161674,	0.79534,0.20466,	0.69427,0.30573,	0.543261,0.456739,	0.337539,0.662461,	0.474964,0.525036,	1,	1,	1,	1,	1,	1,	1,	1,	1,	1,	1,	
0.5,0.5,	0.923267,0.0767327,	0.950318,0.0496822,	0.959979,0.0400207,	0.922539,0.0774608,	0.838694,0.161306,	0.795616,0.204384,	0.694645,0.305355,	0.543653,0.456347,	0.337907,0.662093,	0.475062,0.524938,	1,	1,	1,	1,	1,	1,	1,	1,	1,	1,	1,	
0.5,0.5,	0.923253,0.0767471,	0.950682,0.0493185,	0.960008,0.0399923,	0.922718,0.0772822,	0.83905,0.16095,	0.795881,0.204119,	0.695067,0.304933,	0.544135,0.455865,	0.338245,0.661755,	0.475007,0.524993,	1,	1,	1,	1,	1,	1,	1,	1,	1,	1,	1,	
0.5,0.5,	0.92351,0.0764901,	0.950847,0.0491529,	0.960089,0.0399108,	0.922866,0.0771337,	0.839401,0.160599,	0.796194,0.203806,	0.695702,0.304298,	0.544642,0.455358,	0.338678,0.661322,	0.475337,0.524663,	1,	1,	1,	1,	1,	1,	1,	1,	1,	1,	1,	
0.5,0.5,	0.923794,0.0762055,	0.950964,0.0490362,	0.960176,0.0398244,	0.923002,0.0769979,	0.839746,0.160254,	0.796521,0.203479,	0.696261,0.303739,	0.545151,0.454849,	0.339124,0.660876,	0.47536,0.52464,	1,	1,	1,	1,	1,	1,	1,	1,	1,	1,	1,	
0.5,0.5,	0.924035,0.0759649,	0.95111,0.0488902,	0.960268,0.0397321,	0.923168,0.0768317,	0.840062,0.159938,	0.796986,0.203014,	0.696792,0.303208,	0.545685,0.454315,	0.339603,0.660397,	0.475658,0.524342,	1,	1,	1,	1,	1,	1,	1,	1,	1,	1,	1,	
0.5,0.5,	0.924355,0.0756453,	0.951122,0.0488784,	0.960345,0.0396554,	0.923318,0.0766823,	0.84035,0.15965,	0.797185,0.202815,	0.697422,0.302578,	0.546273,0.453727,	0.339999,0.660001,	0.475738,0.524262,	1,	1,	1,	1,	1,	1,	1,	1,	1,	1,	1,	
0.5,0.5,	0.924552,0.0754483,	0.951216,0.0487835,	0.960449,0.0395508,	0.923559,0.0764413,	0.8407,0.1593,	0.797511,0.202489,	0.697969,0.302031,	0.546862,0.453138,	0.340704,0.659296,	0.475795,0.524205,	1,	1,	1,	1,	1,	1,	1,	1,	1,	1,	1,	
0.5,0.5,	0.924549,0.0754513,	0.951223,0.0487772,	0.960499,0.0395014,	0.923839,0.0761612,	0.841153,0.158847,	0.797784,0.202216,	0.698566,0.301434,	0.547496,0.452504,	0.341038,0.658962,	0.475784,0.524216,	1,	1,	1,	1,	1,	1,	1,	1,	1,	1,	1,	
0.5,0.5,	0.924555,0.0754455,	0.951276,0.0487239,	0.960629,0.0393707,	0.924057,0.0759431,	0.841503,0.158497,	0.798022,0.201978,	0.699074,0.300926,	0.54794,0.45206,	0.341727,0.658273,	0.475761,0.524239,	1,	1,	1,	1,	1,	1,	1,	1,	1,	1,	1,	
0.5,0.5,	0.924559,0.0754409,	0.951331,0.0486691,	0.960658,0.0393424,	0.92433,0.0756703,	0.841761,0.158239,	0.798238,0.201762,	0.699456,0.300544,	0.548341,0.451659,	0.342155,0.657845,	0.475714,0.524286,	1,	1,	1,	1,	1,	1,	1,	1,	1,	1,	1,	
0.5,0.5,	0.924894,0.0751063,	0.951462,0.0485385,	0.96071,0.0392899,	0.924439,0.0755612,	0.84226,0.15774,	0.798482,0.201518,	0.699881,0.300119,	0.549136,0.450864,	0.342498,0.657502,	0.475699,0.524301,	1,	1,	1,	1,	1,	1,	1,	1,	1,	1,	1,	
0.5,0.5,	0.925062,0.0749382,	0.95159,0.0484096,	0.96078,0.03922,	0.924548,0.0754523,	0.842434,0.157566,	0.798907,0.201093,	0.700223,0.299777,	0.549611,0.450389,	0.342815,0.657185,	0.475677,0.524323,	1,	1,	1,	1,	1,	1,	1,	1,	1,	1,	1,	
0.5,0.5,	0.925277,0.074723,	0.951598,0.0484017,	0.960806,0.0391937,	0.92467,0.0753298,	0.842713,0.157287,	0.799197,0.200803,	0.700509,0.299491,	0.550206,0.449794,	0.342963,0.657037,	0.475775,0.524225,	1,	1,	1,	1,	1,	1,	1,	1,	1,	1,	1,	
0.5,0.5,	0.925812,0.0741885,	0.951776,0.0482236,	0.960909,0.0390915,	0.924707,0.0752927,	0.842953,0.157047,	0.799378,0.200622,	0.700842,0.299158,	0.550919,0.449081,	0.343181,0.656819,	0.475801,0.524199,	1,	1,	1,	1,	1,	1,	1,	1,	1,	1,	1,	
0.5,0.5,	0.926298,0.073702,	0.951825,0.0481751,	0.961051,0.0389494,	0.924956,0.0750444,	0.843244,0.156756,	0.799678,0.200322,	0.701016,0.298984,	0.551414,0.448586,	0.343502,0.656498,	0.475762,0.524238,	1,	1,	1,	1,	1,	1,	1,	1,	1,	1,	1,	
0.5,0.5,	0.926567,0.0734326,	0.951924,0.0480764,	0.961102,0.0388976,	0.925156,0.0748438,	0.843662,0.156338,	0.800021,0.199979,	0.701396,0.298604,	0.551855,0.448145,	0.343741,0.656259,	0.475807,0.524193,	1,	1,	1,	1,	1,	1,	1,	1,	1,	1,	1,	
0.5,0.5,	0.926586,0.0734138,	0.951931,0.0480685,	0.961157,0.0388434,	0.925358,0.0746424,	0.844076,0.155924,	0.800272,0.199728,	0.701754,0.298246,	0.552418,0.447582,	0.343927,0.656073,	0.475772,0.524228,	1,	1,	1,	1,	1,	1,	1,	1,	1,	1,	1,	
0.5,0.5,	0.926858,0.0731421,	0.95203,0.0479702,	0.961274,0.038726,	0.92546,0.07454,	0.844486,0.155514,	0.800552,0.199448,	0.702049,0.297951,	0.552701,0.447299,	0.344019,0.655981,	0.475841,0.524159,	1,	1,	1,	1,	1,	1,	1,	1,	1,	1,	1,	
0.5,0.5,	0.926854,0.073146,	0.952094,0.047906,	0.961367,0.0386332,	0.92563,0.0743697,	0.844847,0.155153,	0.800788,0.199212,	0.702414,0.297586,	0.553138,0.446862,	0.344308,0.655692,	0.475848,0.524152,	1,	1,	1,	1,	1,	1,	1,	1,	1,	1,	1,	
0.5,0.5,	0.92716,0.0728398,	0.952199,0.0478013,	0.961401,0.0385994,	0.925856,0.0741442,	0.845161,0.154839,	0.80107,0.19893,	0.702902,0.297098,	0.553548,0.446452,	0.344622,0.655378,	0.475843,0.524157,	1,	1,	1,	1,	1,	1,	1,	1,	1,	1,	1,	
0.5,0.5,	0.927315,0.0726852,	0.952348,0.0476517,	0.96153,0.0384697,	0.926001,0.0739988,	0.8455,0.1545,	0.801477,0.198523,	0.703367,0.296633,	0.554006,0.445994,	0.345519,0.654481,	0.475909,0.524091,	1,	1,	1,	1,	1,	1,	1,	1,	1,	1,	1,	
0.5,0.5,	0.927316,0.0726844,	0.952354,0.0476465,	0.961724,0.0382765,	0.926118,0.0738824,	0.845862,0.154138,	0.801717,0.198283,	0.703817,0.296183,	0.554504,0.445496,	0.345748,0.654252,	0.475942,0.524058,	1,	1,	1,	1,	1,	1,	1,	1,	1,	1,	1,	
0.5,0.5,	0.927399,0.072601,	0.952439,0.0475608,	0.961728,0.0382719,	0.92622,0.0737805,	0.846012,0.153988,	0.80197,0.19803,	0.704293,0.295707,	0.554981,0.445019,	0.346129,0.653871,	0.47593,0.52407,	1,	1,	1,	1,	1,	1,	1,	1,	1,	1,	1,	
0.5,0.5,	0.927686,0.0723143,	0.952581,0.0474193,	0.961836,0.038164,	0.926373,0.0736273,	0.846288,0.153712,	0.802249,0.197751,	0.70464,0.29536,	0.544724,0.455276,	0.346198,0.653802,	0.475911,0.524089,	1,	1,	1,	1,	1,	1,	1,	1,	1,	1,	1,	
0.5,0.5,	0.927689,0.0723106,	0.952707,0.047293,	0.961956,0.0380439,	0.926602,0.0733979,	0.846499,0.153501,	0.802473,0.197527,	0.705023,0.294977,	0.545237,0.454763,	0.346504,0.653496,	0.475886,0.524114,	1,	1,	1,	1,	1,	1,	1,	1,	1,	1,	1,	
0.5,0.5,	0.927689,0.0723115,	0.952759,0.0472411,	0.962036,0.037964,	0.926817,0.073183,	0.846831,0.153169,	0.80289,0.19711,	0.705283,0.294717,	0.545704,0.454296,	0.346892,0.653108,	0.475778,0.524222,	1,	1,	1,	1,	1,	1,	1,	1,	1,	1,	1,	
0.5,0.5,	0.927844,0.0721559,	0.952835,0.0471653,	0.962109,0.0378905,	0.927039,0.0729606,	0.847049,0.152951,	0.803205,0.196795,	0.705622,0.294378,	0.546099,0.453901,	0.333017,0.666983,	0.475782,0.524218,	1,	1,	1,	1,	1,	1,	1,	1,	1,	1,	1,	
0.5,0.5,	0.928235,0.0717645,	0.952883,0.0471168,	0.962217,0.0377829,	0.927209,0.0727914,	0.847386,0.152614,	0.803519,0.196481,	0.705921,0.294079,	0.546489,0.453511,	0.333239,0.666761,	0.475823,0.524177,	1,	1,	1,	1,	1,	1,	1,	1,	1,	1,	1,	
0.5,0.5,	0.928494,0.0715064,	0.95294,0.0470596,	0.962277,0.0377234,	0.927354,0.0726461,	0.847593,0.152407,	0.803825,0.196175,	0.706349,0.293651,	0.546908,0.453092,	0.333353,0.666647,	0.475809,0.524191,	1,	1,	1,	1,	1,	1,	1,	1,	1,	1,	1,	
0.5,0.5,	0.928793,0.0712068,	0.953024,0.0469765,	0.962347,0.0376534,	0.927479,0.072521,	0.847826,0.152174,	0.804072,0.195928,	0.706685,0.293315,	0.536384,0.463616,	0.333499,0.666501,	0.475739,0.524261,	1,	1,	1,	1,	1,	1,	1,	1,	1,	1,	1,	
0.5,0.5,	0.928797,0.0712033,	0.953098,0.0469021,	0.962465,0.0375352,	0.927621,0.0723794,	0.848244,0.151756,	0.804312,0.195688,	0.707032,0.292968,	0.536797,0.463203,	0.334191,0.665809,	0.475783,0.524217,	1,	1,	1,	1,	1,	1,	1,	1,	1,	1,	1,	
