accept,reject,	accept,reject,	accept,reject,	accept,reject,	accept,reject,	accept,reject,	accept,reject,	accept,reject,	accept,reject,	accept,reject,	accept,reject,	wait,	wait,	wait,	wait,	wait,	wait,	wait,	wait,	wait,	wait,	wait,	
0.5,0.5,	0.895459,0.104541,	0.908366,0.0916342,	0.895056,0.104944,	0.857373,0.142627,	0.81039,0.18961,	0.76617,0.23383,	0.718741,0.281259,	0.575818,0.424182,	0.408376,0.591624,	0.485389,0.514611,	1,	1,	1,	1,	1,	1,	1,	1,	1,	1,	1,	
0.5,0.5,	0.895457,0.104543,	0.908393,0.0916066,	0.895164,0.104836,	0.857484,0.142516,	0.810693,0.189307,	0.766615,0.233385,	0.719085,0.280915,	0.576528,0.423472,	0.408791,0.591209,	0.485334,0.514666,	1,	1,	1,	1,	1,	1,	1,	1,	1,	1,	1,	
0.5,0.5,	0.895955,0.104045,	0.908462,0.0915379,	0.895463,0.104537,	0.85772,0.14228,	0.811072,0.188928,	0.766881,0.233119,	0.719245,0.280755,	0.577075,0.422925,	0.395155,0.604845,	0.485251,0.514749,	1,	1,	1,	1,	1,	1,	1,	1,	1,	1,	1,	
0.5,0.5,	0.896079,0.103921,	0.908559,0.0914415,	0.895619,0.104381,	0.858049,0.141951,	0.811423,0.188577,	0.767064,0.232936,	0.719379,0.280621,	0.577499,0.422501,	0.39578,0.60422,	0.485229,0.514771,	1,	1,	1,	1,	1,	1,	1,	1,	1,	1,	1,	
0.5,0.5,	0.896443,0.103557,	0.908912,0.0910876,	0.895984,0.104016,	0.858308,0.141692,	0.811671,0.188329,	0.767538,0.232462,	0.719525,0.280475,	0.578229,0.421771,	0.397069,0.602931,	0.485244,0.514756,	1,	1,	1,	1,	1,	1,	1,	1,	1,	1,	1,	
0.5,0.5,	0.897202,0.102798,	0.909084,0.0909156,	0.896242,0.103758,	0.858545,0.141455,	0.811951,0.188049,	0.767963,0.232037,	0.719853,0.280147,	0.578712,0.421288,	0.397409,0.602591,	0.485264,0.514736,	1,	1,	1,	1,	1,	1,	1,	1,	1,	1,	1,	
0.5,0.5,	0.898149,0.101851,	0.909475,0.0905252,	0.896399,0.103601,	0.858812,0.141188,	0.812291,0.187709,	0.768252,0.231748,	0.714922,0.285078,	0.579161,0.420839,	0.397448,0.602552,	0.485249,0.514751,	1,	1,	1,	1,	1,	1,	1,	1,	1,	1,	1,	
0.5,0.5,	0.898133,0.101867,	0.909736,0.0902643,	0.896553,0.103447,	0.859149,0.140851,	0.812728,0.187272,	0.768748,0.231252,	0.715346,0.284654,	0.579778,0.420222,	0.397614,0.602386,	0.485201,0.514799,	1,	1,	1,	1,	1,	1,	1,	1,	1,	1,	1,	
0.5,0.5,	0.898131,0.101869,	0.909786,0.0902138,	0.896735,0.103265,	0.859444,0.140556,	0.812985,0.187015,	0.769124,0.230876,	0.71565,0.28435,	0.580484,0.419516,	0.397621,0.602379,	0.485122,0.514878,	1,	1,	1,	1,	1,	1,	1,	1,	1,	1,	1,	
0.5,0.5,	0.898142,0.101858,	0.909888,0.0901124,	0.896965,0.103035,	0.859793,0.140207,	0.813284,0.186716,	0.769482,0.230518,	0.715955,0.284045,	0.581603,0.418397,	0.398166,0.601834,	0.485094,0.514906,	1,	1,	1,	1,	1,	1,	1,	1,	1,	1,	1,	
0.5,0.5,	0.898317,0.101683,	0.910103,0.0898974,	0.897172,0.102828,	0.860033,0.139967,	0.813411,0.186589,	0.769666,0.230334,	0.716104,0.283896,	0.582343,0.417657,	0.398617,0.601383,	0.485138,0.514862,	1,	1,	1,	1,	1,	1,	1,	1,	1,	1,	1,	
0.5,0.5,	0.898335,0.101665,	0.910114,0.0898858,	0.897465,0.102535,	0.860458,0.139542,	0.813614,0.186386,	0.769939,0.230061,	0.71642,0.28358,	0.583177,0.416823,	0.39911,0.60089,	0.485224,0.514776,	1,	1,	1,	1,	1,	1,	1,	1,	1,	1,	1,	
0.5,0.5,	0.898333,0.101667,	0.910209,0.0897915,	0.897586,0.102414,	0.860639,0.139361,	0.813922,0.186078,	0.770319,0.229681,	0.716825,0.283175,	0.583765,0.416235,	0.400058,0.599942,	0.485149,0.514851,	1,	1,	1,	1,	1,	1,	1,	1,	1,	1,	1,	
0.5,0.5,	0.898683,0.101317,	0.910449,0.0895514,	0.897655,0.102345,	0.860793,0.139207,	0.814085,0.185915,	0.770617,0.229383,	0.71755,0.28245,	0.584526,0.415474,	0.400712,0.599288,	0.485218,0.514782,	1,	1,	1,	1,	1,	1,	1,	1,	1,	1,	1,	
0.5,0.5,	0.898884,0.101116,	0.91061,0.0893901,	0.897933,0.102067,	0.861155,0.138845,	0.81427,0.18573,	0.77082,0.22918,	0.717819,0.282181,	0.584926,0.415074,	0.401781,0.598219,	0.485123,0.514877,	1,	1,	1,	1,	1,	1,	1,	1,	1,	1,	1,	
0.5,0.5,	0.899789,0.100211,	0.910631,0.0893687,	0.898191,0.101809,	0.861467,0.138533,	0.814459,0.185541,	0.771156,0.228844,	0.718219,0.281781,	0.585439,0.414561,	0.40223,0.59777,	0.485132,0.514868,	1,	1,	1,	1,	1,	1,	1,	1,	1,	1,	1,	
0.5,0.5,	0.900577,0.0994227,	0.910795,0.0892049,	0.898354,0.101646,	0.861658,0.138342,	0.814767,0.185233,	0.771501,0.228499,	0.71857,0.28143,	0.576216,0.423784,	0.389001,0.610999,	0.485094,0.514906,	1,	1,	1,	1,	1,	1,	1,	1,	1,	1,	1,	
0.5,0.5,	0.900904,0.0990963,	0.910943,0.0890573,	0.898557,0.101443,	0.8619,0.1381,	0.815185,0.184815,	0.771757,0.228243,	0.718834,0.281166,	0.576778,0.423222,	0.389299,0.610701,	0.485012,0.514988,	1,	1,	1,	1,	1,	1,	1,	1,	1,	1,	1,	
0.5,0.5,	0.900984,0.0990164,	0.911018,0.088982,	0.898907,0.101093,	0.862225,0.137775,	0.815424,0.184576,	0.772051,0.227949,	0.719106,0.280894,	0.576927,0.423073,	0.389631,0.610369,	0.484999,0.515001,	1,	1,	1,	1,	1,	1,	1,	1,	1,	1,	1,	
0.5,0.5,	0.901146,0.0988539,	0.911242,0.0887581,	0.899049,0.100951,	0.862488,0.137512,	0.815657,0.184343,	0.772484,0.227516,	0.719486,0.280514,	0.577314,0.422686,	0.389573,0.610427,	0.484948,0.515052,	1,	1,	1,	1,	1,	1,	1,	1,	1,	1,	1,	
0.5,0.5,	0.901377,0.0986231,	0.911398,0.0886016,	0.899112,0.100888,	0.862658,0.137342,	0.81595,0.18405,	0.772947,0.227053,	0.719891,0.280109,	0.577731,0.422269,	0.390038,0.609962,	0.484971,0.515029,	1,	1,	1,	1,	1,	1,	1,	1,	1,	1,	1,	
0.5,0.5,	0.9016,0.0984001,	0.911504,0.0884964,	0.899419,0.100581,	0.862977,0.137023,	0.816325,0.183675,	0.773395,0.226605,	0.720285,0.279715,	0.578261,0.421739,	0.390599,0.609401,	0.484901,0.515099,	1,	1,	1,	1,	1,	1,	1,	1,	1,	1,	1,	
0.5,0.5,	0.901788,0.0982123,	0.911594,0.0884059,	0.899497,0.100503,	0.863225,0.136775,	0.816612,0.183388,	0.773797,0.226203,	0.720817,0.279183,	0.578722,0.421278,	0.390942,0.609058,	0.484888,0.515112,	1,	1,	1,	1,	1,	1,	1,	1,	1,	1,	1,	
0.5,0.5,	0.901792,0.0982075,	0.911754,0.0882464,	0.899687,0.100313,	0.863472,0.136528,	0.816935,0.183065,	0.77421,0.22579,	0.721032,0.278968,	0.579157,0.420843,	0.377693,0.622307,	0.485124,0.514876,	1,	1,	1,	1,	1,	1,	1,	1,	1,	1,	1,	
0.5,0.5,	0.901847,0.098153,	0.911999,0.0880006,	0.899919,0.100081,	0.863702,0.136298,	0.817278,0.182722,	0.774568,0.225432,	0.721366,0.278634,	0.579479,0.420521,	0.378014,0.621986,	0.48518,0.51482,	1,	1,	1,	1,	1,	1,	1,	1,	1,	1,	1,	
0.5,0.5,	0.901831,0.0981687,	0.912188,0.0878118,	0.900114,0.0998855,	0.86405,0.13595,	0.817555,0.182445,	0.77479,0.22521,	0.721991,0.278009,	0.580212,0.419788,	0.378511,0.621489,	0.485226,0.514774,	1,	1,	1,	1,	1,	1,	1,	1,	1,	1,	1,	
0.5,0.5,	0.902252,0.0977481,	0.912305,0.0876945,	0.900348,0.0996521,	0.86435,0.13565,	0.817938,0.182062,	0.775158,0.224842,	0.722308,0.277692,	0.580741,0.419259,	0.378874,0.621126,	0.485226,0.514774,	1,	1,	1,	1,	1,	1,	1,	1,	1,	1,	1,	
0.5,0.5,	0.902263,0.0977373,	0.912465,0.0875353,	0.900592,0.0994082,	0.864596,0.135404,	0.818336,0.181664,	0.775375,0.224625,	0.722627,0.277373,	0.581261,0.418739,	0.379081,0.620919,	0.48527,0.51473,	1,	1,	1,	1,	1,	1,	1,	1,	1,	1,	1,	
0.5,0.5,	0.902454,0.0975463,	0.912487,0.0875132,	0.900784,0.0992158,	0.864777,0.135223,	0.818747,0.181253,	0.77568,0.22432,	0.723038,0.276962,	0.581539,0.418461,	0.379506,0.620494,	0.485333,0.514667,	1,	1,	1,	1,	1,	1,	1,	1,	1,	1,	1,	
0.5,0.5,	0.90246,0.0975403,	0.912683,0.0873172,	0.900879,0.0991207,	0.865104,0.134896,	0.818891,0.181109,	0.77595,0.22405,	0.723673,0.276327,	0.58214,0.41786,	0.379973,0.620027,	0.485334,0.514666,	1,	1,	1,	1,	1,	1,	1,	1,	1,	1,	1,	
0.5,0.5,	0.903097,0.0969025,	0.912774,0.0872265,	0.901001,0.0989992,	0.865311,0.134689,	0.819169,0.180831,	0.776195,0.223805,	0.723983,0.276017,	0.583306,0.416694,	0.380577,0.619423,	0.485262,0.514738,	1,	1,	1,	1,	1,	1,	1,	1,	1,	1,	1,	
0.5,0.5,	0.903086,0.0969144,	0.913177,0.0868232,	0.901163,0.0988373,	0.865423,0.134577,	0.81952,0.18048,	0.776435,0.223565,	0.72433,0.27567,	0.584221,0.415779,	0.367121,0.632879,	0.485333,0.514667,	1,	1,	1,	1,	1,	1,	1,	1,	1,	1,	1,	
0.5,0.5,	0.903088,0.0969122,	0.913258,0.0867422,	0.901329,0.0986714,	0.865581,0.134419,	0.819769,0.180231,	0.7769,0.2231,	0.724661,0.275339,	0.574747,0.425253,	0.368037,0.631963,	0.485377,0.514623,	1,	1,	1,	1,	1,	1,	1,	1,	1,	1,	1,	
0.5,0.5,	0.903216,0.0967843,	0.913815,0.0861847,	0.901611,0.098389,	0.865681,0.134319,	0.819899,0.180101,	0.777136,0.222864,	0.724764,0.275236,	0.57491,0.42509,	0.368858,0.631142,	0.485392,0.514608,	1,	1,	1,	1,	1,	1,	1,	1,	1,	1,	1,	
0.5,0.5,	0.903392,0.0966078,	0.913904,0.0860958,	0.901811,0.0981886,	0.86582,0.13418,	0.820246,0.179754,	0.777321,0.222679,	0.724933,0.275067,	0.575036,0.424964,	0.369672,0.630328,	0.485282,0.514718,	1,	1,	1,	1,	1,	1,	1,	1,	1,	1,	1,	
0.5,0.5,	0.903402,0.0965975,	0.913931,0.0860695,	0.90191,0.09809,	0.865978,0.134022,	0.820448,0.179552,	0.777537,0.222463,	0.725211,0.274789,	0.575469,0.424531,	0.369946,0.630054,	0.485188,0.514812,	1,	1,	1,	1,	1,	1,	1,	1,	1,	1,	1,	
0.5,0.5,	0.90341,0.0965896,	0.914132,0.0858681,	0.901991,0.0980085,	0.866311,0.133689,	0.820789,0.179211,	0.777782,0.222218,	0.725636,0.274364,	0.575963,0.424037,	0.370235,0.629765,	0.485279,0.514721,	1,	1,	1,	1,	1,	1,	1,	1,	1,	1,	1,	
0.5,0.5,	0.903409,0.0965907,	0.914217,0.0857828,	0.902147,0.0978535,	0.86653,0.13347,	0.821149,0.178851,	0.778118,0.221882,	0.726106,0.273894,	0.576544,0.423456,	0.370535,0.629465,	0.485318,0.514682,	1,	1,	1,	1,	1,	1,	1,	1,	1,	1,	1,	
0.5,0.5,	0.90343,0.0965699,	0.914291,0.0857087,	0.902317,0.0976829,	0.866615,0.133385,	0.821401,0.178599,	0.778506,0.221494,	0.726491,0.273509,	0.577148,0.422852,	0.370985,0.629015,	0.485412,0.514588,	1,	1,	1,	1,	1,	1,	1,	1,	1,	1,	1,	
0.5,0.5,	0.903435,0.096565,	0.914459,0.0855409,	0.902462,0.0975378,	0.866943,0.133057,	0.821502,0.178498,	0.77883,0.22117,	0.726676,0.273324,	0.577932,0.422068,	0.371768,0.628232,	0.48552,0.51448,	1,	1,	1,	1,	1,	1,	1,	1,	1,	1,	1,	
0.5,0.5,	0.903425,0.0965748,	0.914542,0.0854576,	0.902849,0.0971513,	0.86725,0.13275,	0.821818,0.178182,	0.779172,0.220828,	0.727047,0.272953,	0.578543,0.421457,	0.372209,0.627791,	0.485504,0.514496,	1,	1,	1,	1,	1,	1,	1,	1,	1,	1,	1,	
0.5,0.5,	0.903821,0.0961789,	0.914615,0.0853852,	0.903134,0.0968658,	0.867402,0.132598,	0.822134,0.177866,	0.779479,0.220521,	0.727502,0.272498,	0.578992,0.421008,	0.372479,0.627521,	0.48554,0.51446,	1,	1,	1,	1,	1,	1,	1,	1,	1,	1,	1,	
0.5,0.5,	0.903829,0.0961713,	0.914635,0.085365,	0.903428,0.0965721,	0.867846,0.132154,	0.82246,0.17754,	0.779903,0.220097,	0.727995,0.272005,	0.579277,0.420723,	0.372825,0.627175,	0.485416,0.514584,	1,	1,	1,	1,	1,	1,	1,	1,	1,	1,	1,	
0.5,0.5,	0.903958,0.0960419,	0.914964,0.0850362,	0.903738,0.0962618,	0.867992,0.132008,	0.822671,0.177329,	0.780168,0.219832,	0.728253,0.271747,	0.579677,0.420323,	0.373013,0.626987,	0.485394,0.514606,	1,	1,	1,	1,	1,	1,	1,	1,	1,	1,	1,	
0.5,0.5,	0.9041,0.0959,	0.915102,0.0848979,	0.903854,0.0961458,	0.868179,0.131821,	0.822974,0.177026,	0.780476,0.219524,	0.728577,0.271423,	0.570353,0.429647,	0.373369,0.626631,	0.485433,0.514567,	1,	1,	1,	1,	1,	1,	1,	1,	1,	1,	1,	
0.5,0.5,	0.904183,0.0958173,	0.915181,0.0848192,	0.904094,0.0959059,	0.868365,0.131635,	0.823269,0.176731,	0.780678,0.219322,	0.728793,0.271207,	0.570765,0.429235,	0.373624,0.626376,	0.485449,0.514551,	1,	1,	1,	1,	1,	1,	1,	1,	1,	1,	1,	
0.5,0.5,	0.904493,0.0955068,	0.915331,0.0846695,	0.904155,0.0958449,	0.86863,0.13137,	0.823637,0.176363,	0.780921,0.219079,	0.729069,0.270931,	0.571207,0.428793,	0.373899,0.626101,	0.485388,0.514612,	1,	1,	1,	1,	1,	1,	1,	1,	1,	1,	1,	
0.5,0.5,	0.904558,0.0954418,	0.915476,0.084524,	0.90442,0.0955803,	0.868813,0.131187,	0.823875,0.176125,	0.78111,0.21889,	0.729385,0.270615,	0.571633,0.428367,	0.374555,0.625445,	0.485364,0.514636,	1,	1,	1,	1,	1,	1,	1,	1,	1,	1,	1,	
0.5,0.5,	0.904737,0.0952626,	0.91578,0.0842199,	0.904593,0.0954074,	0.868957,0.131043,	0.82422,0.17578,	0.781408,0.218592,	0.729638,0.270362,	0.572383,0.427617,	0.37538,0.62462,	0.485309,0.514691,	1,	1,	1,	1,	1,	1,	1,	1,	1,	1,	1,	
0.5,0.5,	0.905177,0.094823,	0.915859,0.0841414,	0.905031,0.0949691,	0.869083,0.130917,	0.824459,0.175541,	0.781915,0.218085,	0.73018,0.26982,	0.572664,0.427336,	0.375472,0.624528,	0.485361,0.514639,	1,	1,	1,	1,	1,	1,	1,	1,	1,	1,	1,	
0.5,0.5,	0.905352,0.0946482,	0.916214,0.0837855,	0.905207,0.0947926,	0.869396,0.130604,	0.824727,0.175273,	0.782317,0.217683,	0.730722,0.269278,	0.573228,0.426772,	0.375937,0.624063,	0.485363,0.514637,	1,	1,	1,	1,	1,	1,	1,	1,	1,	1,	1,	
0.5,0.5,	0.905312,0.0946879,	0.91676,0.0832399,	0.90564,0.0943604,	0.869847,0.130153,	0.825168,0.174832,	0.78273,0.21727,	0.731123,0.268877,	0.573782,0.426218,	0.376342,0.623658,	0.485375,0.514625,	1,	1,	1,	1,	1,	1,	1,	1,	1,	1,	1,	
0.5,0.5,	0.905329,0.0946706,	0.917049,0.0829507,	0.905921,0.0940793,	0.870131,0.129869,	0.825644,0.174356,	0.783391,0.216609,	0.731804,0.268196,	0.563945,0.436055,	0.376835,0.623165,	0.485268,0.514732,	1,	1,	1,	1,	1,	1,	1,	1,	1,	1,	1,	
0.5,0.5,	0.905504,0.0944963,	0.91737,0.0826302,	0.905932,0.0940685,	0.8704,0.1296,	0.825844,0.174156,	0.783646,0.216354,	0.732027,0.267973,	0.564327,0.435673,	0.377084,0.622916,	0.485234,0.514766,	1,	1,	1,	1,	1,	1,	1,	1,	1,	1,	1,	
0.5,0.5,	0.905495,0.094505,	0.917705,0.0822949,	0.906003,0.0939968,	0.870589,0.129411,	0.826055,0.173945,	0.784084,0.215916,	0.732387,0.267613,	0.565098,0.434902,	0.377616,0.622384,	0.485214,0.514786,	1,	1,	1,	1,	1,	1,	1,	1,	1,	1,	1,	
0.5,0.5,	0.9057,0.0943004,	0.917794,0.0822063,	0.906107,0.0938928,	0.870747,0.129253,	0.826455,0.173545,	0.784553,0.215447,	0.732741,0.267259,	0.55531,0.44469,	0.377614,0.622386,	0.48532,0.51468,	1,	1,	1,	1,	1,	1,	1,	1,	1,	1,	1,	
0.5,0.5,	0.906099,0.0939005,	0.918081,0.0819188,	0.906136,0.0938641,	0.869674,0.130326,	0.826736,0.173264,	0.784865,0.215135,	0.733029,0.266971,	0.555225,0.444775,	0.363793,0.636207,	0.485331,0.514669,	1,	1,	1,	1,	1,	1,	1,	1,	1,	1,	1,	
0.5,0.5,	0.906103,0.0938973,	0.918363,0.0816372,	0.906276,0.0937238,	0.869849,0.130151,	0.82709,0.17291,	0.785073,0.214927,	0.733177,0.266823,	0.555134,0.444866,	0.364637,0.635363,	0.485266,0.514734,	1,	1,	1,	1,	1,	1,	1,	1,	1,	1,	1,	
0.5,0.5,	0.906456,0.0935445,	0.918734,0.0812661,	0.906483,0.0935175,	0.870046,0.129954,	0.827215,0.172785,	0.785274,0.214726,	0.73348,0.26652,	0.555496,0.444504,	0.364733,0.635267,	0.485321,0.514679,	1,	1,	1,	1,	1,	1,	1,	1,	1,	1,	1,	
0.5,0.5,	0.906618,0.0933819,	0.918978,0.0810225,	0.906635,0.0933646,	0.870321,0.129679,	0.827537,0.172463,	0.785541,0.214459,	0.733734,0.266266,	0.556125,0.443875,	0.36487,0.63513,	0.485375,0.514625,	1,	1,	1,	1,	1,	1,	1,	1,	1,	1,	1,	
0.5,0.5,	0.906762,0.0932381,	0.919157,0.0808431,	0.906689,0.093311,	0.870589,0.129411,	0.827776,0.172224,	0.785762,0.214238,	0.734121,0.265879,	0.556433,0.443567,	0.365441,0.634559,	0.485352,0.514648,	1,	1,	1,	1,	1,	1,	1,	1,	1,	1,	1,	
0.5,0.5,	0.906923,0.0930769,	0.919329,0.0806714,	0.906799,0.0932006,	0.870925,0.129075,	0.82808,0.17192,	0.78624,0.21376,	0.734471,0.265529,	0.556982,0.443018,	0.365753,0.634247,	0.485342,0.514658,	1,	1,	1,	1,	1,	1,	1,	1,	1,	1,	1,	
0.5,0.5,	0.907121,0.0928787,	0.919331,0.0806685,	0.907018,0.0929823,	0.871402,0.128598,	0.82835,0.17165,	0.786598,0.213402,	0.735016,0.264984,	0.557753,0.442247,	0.366173,0.633827,	0.485282,0.514718,	1,	1,	1,	1,	1,	1,	1,	1,	1,	1,	1,	
0.5,0.5,	0.907746,0.0922541,	0.919571,0.0804292,	0.907139,0.0928611,	0.871726,0.128274,	0.82863,0.17137,	0.787055,0.212945,	0.735514,0.264486,	0.558536,0.441464,	0.366682,0.633318,	0.48514,0.51486,	1,	1,	1,	1,	1,	1,	1,	1,	1,	1,	1,	
0.5,0.5,	0.908305,0.0916952,	0.919803,0.0801974,	0.907455,0.0925454,	0.872005,0.127995,	0.828792,0.171208,	0.787363,0.212637,	0.730853,0.269147,	0.558669,0.441331,	0.36727,0.63273,	0.485058,0.514942,	1,	1,	1,	1,	1,	1,	1,	1,	1,	1,	1,	
0.5,0.5,	0.908304,0.0916957,	0.919883,0.0801171,	0.907545,0.0924552,	0.872343,0.127657,	0.829095,0.170905,	0.78766,0.21234,	0.731184,0.268816,	0.559061,0.440939,	0.367424,0.632576,	0.485038,0.514962,	1,	1,	1,	1,	1,	1,	1,	1,	1,	1,	1,	
0.5,0.5,	0.908297,0.0917034,	0.920087,0.0799133,	0.907668,0.0923318,	0.872566,0.127434,	0.829296,0.170704,	0.787876,0.212124,	0.731394,0.268606,	0.55973,0.44027,	0.367802,0.632198,	0.485044,0.514956,	1,	1,	1,	1,	1,	1,	1,	1,	1,	1,	1,	
0.5,0.5,	0.908575,0.0914249,	0.920229,0.0797713,	0.907799,0.0922006,	0.872831,0.127169,	0.82967,0.17033,	0.788159,0.211841,	0.73181,0.26819,	0.560229,0.439771,	0.367736,0.632264,	0.485067,0.514933,	1,	1,	1,	1,	1,	1,	1,	1,	1,	1,	1,	
0.5,0.5,	0.908572,0.0914277,	0.920433,0.0795669,	0.907807,0.0921931,	0.873118,0.126882,	0.829918,0.170082,	0.788294,0.211706,	0.732116,0.267884,	0.560846,0.439154,	0.367968,0.632032,	0.485052,0.514948,	1,	1,	1,	1,	1,	1,	1,	1,	1,	1,	1,	
0.5,0.5,	0.908622,0.0913784,	0.920691,0.079309,	0.908042,0.0919576,	0.873361,0.126639,	0.830217,0.169783,	0.78851,0.21149,	0.732457,0.267543,	0.561344,0.438656,	0.368333,0.631667,	0.485315,0.514685,	1,	1,	1,	1,	1,	1,	1,	1,	1,	1,	1,	
0.5,0.5,	0.908777,0.0912234,	0.920909,0.0790913,	0.908221,0.0917791,	0.873604,0.126396,	0.830464,0.169536,	0.788715,0.211285,	0.732729,0.267271,	0.561728,0.438272,	0.368926,0.631074,	0.485251,0.514749,	1,	1,	1,	1,	1,	1,	1,	1,	1,	1,	1,	
0.5,0.5,	0.908976,0.0910243,	0.920921,0.0790793,	0.908301,0.0916991,	0.873753,0.126247,	0.830707,0.169293,	0.788886,0.211114,	0.733229,0.266771,	0.562203,0.437797,	0.369274,0.630726,	0.485243,0.514757,	1,	1,	1,	1,	1,	1,	1,	1,	1,	1,	1,	
0.5,0.5,	0.909153,0.0908474,	0.920942,0.0790583,	0.908356,0.0916442,	0.873826,0.126174,	0.831019,0.168981,	0.78921,0.21079,	0.733453,0.266547,	0.562402,0.437598,	0.369301,0.630699,	0.485234,0.514766,	1,	1,	1,	1,	1,	1,	1,	1,	1,	1,	1,	
0.5,0.5,	0.909436,0.0905637,	0.921369,0.0786314,	0.908531,0.0914694,	0.874125,0.125875,	0.831376,0.168624,	0.789575,0.210425,	0.733814,0.266186,	0.562853,0.437147,	0.369196,0.630804,	0.485335,0.514665,	1,	1,	1,	1,	1,	1,	1,	1,	1,	1,	1,	
0.5,0.5,	0.909424,0.0905758,	0.921497,0.0785028,	0.90862,0.0913805,	0.874261,0.125739,	0.831629,0.168371,	0.789792,0.210208,	0.734262,0.265738,	0.563001,0.436999,	0.369792,0.630208,	0.485304,0.514696,	1,	1,	1,	1,	1,	1,	1,	1,	1,	1,	1,	
0.5,0.5,	0.909866,0.0901338,	0.921731,0.0782693,	0.908762,0.0912383,	0.874542,0.125458,	0.83183,0.16817,	0.790162,0.209838,	0.734655,0.265345,	0.563456,0.436544,	0.370207,0.629793,	0.485307,0.514693,	1,	1,	1,	1,	1,	1,	1,	1,	1,	1,	1,	
0.5,0.5,	0.909874,0.0901265,	0.921745,0.0782551,	0.908812,0.0911883,	0.874745,0.125255,	0.832021,0.167979,	0.790492,0.209508,	0.735017,0.264983,	0.563868,0.436132,	0.370532,0.629468,	0.485265,0.514735,	1,	1,	1,	1,	1,	1,	1,	1,	1,	1,	1,	
0.5,0.5,	0.909879,0.0901213,	0.921763,0.0782371,	0.909082,0.0909182,	0.874973,0.125027,	0.832326,0.167674,	0.791052,0.208948,	0.735497,0.264503,	0.564465,0.435535,	0.370926,0.629074,	0.485333,0.514667,	1,	1,	1,	1,	1,	1,	1,	1,	1,	1,	1,	
0.5,0.5,	0.910052,0.0899482,	0.921904,0.0780962,	0.909169,0.0908314,	0.875068,0.124932,	0.832565,0.167435,	0.791453,0.208547,	0.735973,0.264027,	0.564999,0.435001,	0.371384,0.628616,	0.485304,0.514696,	1,	1,	1,	1,	1,	1,	1,	1,	1,	1,	1,	
0.5,0.5,	0.910318,0.0896816,	0.922235,0.0777652,	0.909496,0.090504,	0.875203,0.124797,	0.832754,0.167246,	0.791798,0.208202,	0.736318,0.263682,	0.565308,0.434692,	0.371238,0.628762,	0.485355,0.514645,	1,	1,	1,	1,	1,	1,	1,	1,	1,	1,	1,	
0.5,0.5,	0.910464,0.089536,	0.922494,0.0775059,	0.909676,0.0903241,	0.875324,0.124676,	0.83295,0.16705,	0.792084,0.207916,	0.736708,0.263292,	0.565782,0.434218,	0.371416,0.628584,	0.485371,0.514629,	1,	1,	1,	1,	1,	1,	1,	1,	1,	1,	1,	
0.5,0.5,	0.910477,0.0895226,	0.922601,0.077399,	0.909734,0.0902663,	0.875522,0.124478,	0.83336,0.16664,	0.792452,0.207548,	0.737091,0.262909,	0.566267,0.433733,	0.371677,0.628323,	0.4854,0.5146,	1,	1,	1,	1,	1,	1,	1,	1,	1,	1,	1,	
0.5,0.5,	0.91086,0.0891405,	0.922622,0.077378,	0.909877,0.0901226,	0.875794,0.124206,	0.833579,0.166421,	0.792758,0.207242,	0.737346,0.262654,	0.566605,0.433395,	0.371648,0.628352,	0.485385,0.514615,	1,	1,	1,	1,	1,	1,	1,	1,	1,	1,	1,	
0.5,0.5,	0.91085,0.0891502,	0.922872,0.0771276,	0.909947,0.0900533,	0.875959,0.124041,	0.833872,0.166128,	0.793125,0.206875,	0.737739,0.262261,	0.566986,0.433014,	0.371857,0.628143,	0.485434,0.514566,	1,	1,	1,	1,	1,	1,	1,	1,	1,	1,	1,	
0.5,0.5,	0.910949,0.0890512,	0.92312,0.0768795,	0.910041,0.0899594,	0.876117,0.123883,	0.834155,0.165845,	0.793508,0.206492,	0.738188,0.261812,	0.567691,0.432309,	0.372074,0.627926,	0.485367,0.514633,	1,	1,	1,	1,	1,	1,	1,	1,	1,	1,	1,	
0.5,0.5,	0.911033,0.0889673,	0.923294,0.076706,	0.910112,0.0898876,	0.876239,0.123761,	0.834397,0.165603,	0.793793,0.206207,	0.738585,0.261415,	0.568245,0.431755,	0.358355,0.641645,	0.485386,0.514614,	1,	1,	1,	1,	1,	1,	1,	1,	1,	1,	1,	
0.5,0.5,	0.911042,0.0889577,	0.92342,0.0765803,	0.910252,0.0897479,	0.87635,0.12365,	0.834567,0.165433,	0.793887,0.206113,	0.739059,0.260941,	0.56872,0.43128,	0.344598,0.655402,	0.485417,0.514583,	1,	1,	1,	1,	1,	1,	1,	1,	1,	1,	1,	
0.5,0.5,	0.911045,0.0889546,	0.923791,0.0762086,	0.910371,0.0896287,	0.876586,0.123414,	0.83482,0.16518,	0.794277,0.205723,	0.739377,0.260623,	0.568921,0.431079,	0.344444,0.655556,	0.485447,0.514553,	1,	1,	1,	1,	1,	1,	1,	1,	1,	1,	1,	
0.5,0.5,	0.911052,0.0889479,	0.923853,0.0761469,	0.910518,0.0894822,	0.876859,0.123141,	0.83504,0.16496,	0.794628,0.205372,	0.739721,0.260279,	0.569805,0.430195,	0.344947,0.655053,	0.485557,0.514443,	1,	1,	1,	1,	1,	1,	1,	1,	1,	1,	1,	
0.5,0.5,	0.911063,0.0889365,	0.923859,0.0761414,	0.910759,0.0892406,	0.877047,0.122953,	0.835324,0.164676,	0.794954,0.205046,	0.739951,0.260049,	0.570257,0.429743,	0.345639,0.654361,	0.485506,0.514494,	1,	1,	1,	1,	1,	1,	1,	1,	1,	1,	1,	
0.5,0.5,	0.911062,0.0889383,	0.924061,0.0759395,	0.911057,0.0889431,	0.877269,0.122731,	0.835563,0.164437,	0.795151,0.204849,	0.740279,0.259721,	0.571138,0.428862,	0.346046,0.653954,	0.485383,0.514617,	1,	1,	1,	1,	1,	1,	1,	1,	1,	1,	1,	
0.5,0.5,	0.91139,0.0886101,	0.924146,0.0758535,	0.911214,0.0887858,	0.87745,0.12255,	0.835763,0.164237,	0.795423,0.204577,	0.740519,0.259481,	0.571261,0.428739,	0.345545,0.654455,	0.485291,0.514709,	1,	1,	1,	1,	1,	1,	1,	1,	1,	1,	1,	
0.5,0.5,	0.911547,0.088453,	0.924217,0.0757829,	0.911376,0.0886237,	0.877572,0.122428,	0.83593,0.16407,	0.795725,0.204275,	0.740717,0.259283,	0.571532,0.428468,	0.34557,0.65443,	0.485296,0.514704,	1,	1,	1,	1,	1,	1,	1,	1,	1,	1,	1,	
0.5,0.5,	0.912143,0.0878573,	0.924353,0.075647,	0.911594,0.0884059,	0.877872,0.122128,	0.83625,0.16375,	0.796273,0.203727,	0.741018,0.258982,	0.572123,0.427877,	0.345999,0.654001,	0.485451,0.514549,	1,	1,	1,	1,	1,	1,	1,	1,	1,	1,	1,	
0.5,0.5,	0.91248,0.0875197,	0.924418,0.0755819,	0.911613,0.0883866,	0.878023,0.121977,	0.836497,0.163503,	0.79659,0.20341,	0.741334,0.258666,	0.572511,0.427489,	0.346565,0.653435,	0.485539,0.514461,	1,	1,	1,	1,	1,	1,	1,	1,	1,	1,	1,	
0.5,0.5,	0.912644,0.0873558,	0.924715,0.0752846,	0.911744,0.0882561,	0.87813,0.12187,	0.836772,0.163228,	0.796869,0.203131,	0.741633,0.258367,	0.57294,0.42706,	0.346794,0.653206,	0.485467,0.514533,	1,	1,	1,	1,	1,	1,	1,	1,	1,	1,	1,	
0.5,0.5,	0.912645,0.0873553,	0.924797,0.0752025,	0.911838,0.088162,	0.878372,0.121628,	0.837062,0.162938,	0.797313,0.202687,	0.742025,0.257975,	0.573413,0.426587,	0.347091,0.652909,	0.485368,0.514632,	1,	1,	1,	1,	1,	1,	1,	1,	1,	1,	1,	
0.5,0.5,	0.912656,0.0873439,	0.924822,0.0751782,	0.911978,0.088022,	0.878586,0.121414,	0.837319,0.162681,	0.797561,0.202439,	0.742344,0.257656,	0.573761,0.426239,	0.347625,0.652375,	0.485357,0.514643,	1,	1,	1,	1,	1,	1,	1,	1,	1,	1,	1,	
0.5,0.5,	0.912678,0.0873219,	0.924903,0.0750969,	0.912121,0.0878786,	0.878824,0.121176,	0.837575,0.162425,	0.79786,0.20214,	0.74259,0.25741,	0.574325,0.425675,	0.348056,0.651944,	0.485309,0.514691,	1,	1,	1,	1,	1,	1,	1,	1,	1,	1,	1,	
0.5,0.5,	0.912667,0.0873326,	0.925059,0.074941,	0.912278,0.0877225,	0.878987,0.121013,	0.837835,0.162165,	0.798029,0.201971,	0.742819,0.257181,	0.574517,0.425483,	0.348577,0.651423,	0.485321,0.514679,	1,	1,	1,	1,	1,	1,	1,	1,	1,	1,	1,	
0.5,0.5,	0.912761,0.087239,	0.925096,0.0749041,	0.912418,0.0875815,	0.879114,0.120886,	0.838092,0.161908,	0.798202,0.201798,	0.743151,0.256849,	0.574696,0.425304,	0.348468,0.651532,	0.485334,0.514666,	1,	1,	1,	1,	1,	1,	1,	1,	1,	1,	1,	
0.5,0.5,	0.912837,0.0871627,	0.925287,0.0747129,	0.912572,0.0874277,	0.879321,0.120679,	0.838279,0.161721,	0.798407,0.201593,	0.743343,0.256657,	0.565282,0.434718,	0.348451,0.651549,	0.485396,0.514604,	1,	1,	1,	1,	1,	1,	1,	1,	1,	1,	1,	
0.5,0.5,	0.913124,0.0868762,	0.925308,0.0746924,	0.912688,0.0873117,	0.879515,0.120485,	0.838389,0.161611,	0.798531,0.201469,	0.743417,0.256583,	0.56581,0.43419,	0.348841,0.651159,	0.485466,0.514534,	1,	1,	1,	1,	1,	1,	1,	1,	1,	1,	1,	
0.5,0.5,	0.913294,0.0867058,	0.925327,0.0746733,	0.912757,0.0872431,	0.879644,0.120356,	0.838497,0.161503,	0.798673,0.201327,	0.743597,0.256403,	0.566139,0.433861,	0.349281,0.650719,	0.485481,0.514519,	1,	1,	1,	1,	1,	1,	1,	1,	1,	1,	1,	
0.5,0.5,	0.91353,0.0864697,	0.925344,0.0746558,	0.912777,0.0872229,	0.879753,0.120247,	0.83864,0.16136,	0.7988,0.2012,	0.74396,0.25604,	0.567072,0.432928,	0.349728,0.650272,	0.485512,0.514488,	1,	1,	1,	1,	1,	1,	1,	1,	1,	1,	1,	
0.5,0.5,	0.913539,0.0864611,	0.925368,0.0746318,	0.912832,0.0871682,	0.879924,0.120076,	0.838835,0.161165,	0.798999,0.201001,	0.744117,0.255883,	0.567919,0.432081,	0.350996,0.649004,	0.485578,0.514422,	1,	1,	1,	1,	1,	1,	1,	1,	1,	1,	1,	
0.5,0.5,	0.913553,0.0864465,	0.925386,0.0746139,	0.91292,0.0870804,	0.880066,0.119934,	0.839113,0.160887,	0.799366,0.200634,	0.744399,0.255601,	0.568412,0.431588,	0.35135,0.64865,	0.485624,0.514376,	1,	1,	1,	1,	1,	1,	1,	1,	1,	1,	1,	
0.5,0.5,	0.91356,0.0864397,	0.925452,0.074548,	0.913023,0.0869767,	0.880219,0.119781,	0.839223,0.160777,	0.799732,0.200268,	0.744748,0.255252,	0.568835,0.431165,	0.351719,0.648281,	0.485555,0.514445,	1,	1,	1,	1,	1,	1,	1,	1,	1,	1,	1,	
0.5,0.5,	0.913565,0.0864349,	0.925536,0.0744643,	0.913089,0.0869106,	0.880429,0.119571,	0.839495,0.160505,	0.80014,0.19986,	0.745188,0.254812,	0.569383,0.430617,	0.352014,0.647986,	0.485457,0.514543,	1,	1,	1,	1,	1,	1,	1,	1,	1,	1,	1,	
0.5,0.5,	0.913723,0.0862769,	0.925654,0.0743464,	0.913283,0.0867171,	0.880562,0.119438,	0.83967,0.16033,	0.800318,0.199682,	0.745444,0.254556,	0.570112,0.429888,	0.352297,0.647703,	0.485472,0.514528,	1,	1,	1,	1,	1,	1,	1,	1,	1,	1,	1,	
0.5,0.5,	0.913991,0.0860091,	0.926026,0.073974,	0.913333,0.0866671,	0.880694,0.119306,	0.839885,0.160115,	0.800582,0.199418,	0.745716,0.254284,	0.570482,0.429518,	0.352627,0.647373,	0.485455,0.514545,	1,	1,	1,	1,	1,	1,	1,	1,	1,	1,	1,	
0.5,0.5,	0.913997,0.086003,	0.926083,0.073917,	0.913364,0.0866361,	0.880845,0.119155,	0.840024,0.159976,	0.80085,0.19915,	0.745903,0.254097,	0.57074,0.42926,	0.352718,0.647282,	0.485362,0.514638,	1,	1,	1,	1,	1,	1,	1,	1,	1,	1,	1,	
0.5,0.5,	0.914352,0.0856481,	0.92613,0.0738701,	0.913474,0.0865262,	0.880984,0.119016,	0.840166,0.159834,	0.801122,0.198878,	0.74605,0.25395,	0.571193,0.428807,	0.338601,0.661399,	0.485368,0.514632,	1,	1,	1,	1,	1,	1,	1,	1,	1,	1,	1,	
0.5,0.5,	0.914457,0.0855427,	0.926382,0.0736177,	0.913492,0.0865076,	0.881085,0.118915,	0.840353,0.159647,	0.801272,0.198728,	0.7463,0.2537,	0.571582,0.428418,	0.338943,0.661057,	0.485414,0.514586,	1,	1,	1,	1,	1,	1,	1,	1,	1,	1,	1,	
0.5,0.5,	0.914814,0.0851864,	0.926399,0.0736009,	0.913549,0.0864512,	0.88134,0.11866,	0.84072,0.15928,	0.80144,0.19856,	0.746566,0.253434,	0.572033,0.427967,	0.339223,0.660777,	0.485385,0.514615,	1,	1,	1,	1,	1,	1,	1,	1,	1,	1,	1,	
0.5,0.5,	0.915527,0.0844731,	0.926409,0.0735913,	0.913627,0.0863729,	0.881453,0.118547,	0.840898,0.159102,	0.801648,0.198352,	0.74675,0.25325,	0.572602,0.427398,	0.339709,0.660291,	0.485475,0.514525,	1,	1,	1,	1,	1,	1,	1,	1,	1,	1,	1,	
0.5,0.5,	0.915739,0.0842609,	0.926481,0.073519,	0.913737,0.0862626,	0.881584,0.118416,	0.841036,0.158964,	0.801881,0.198119,	0.747012,0.252988,	0.572928,0.427072,	0.340062,0.659938,	0.48547,0.51453,	1,	1,	1,	1,	1,	1,	1,	1,	1,	1,	1,	
0.5,0.5,	0.915938,0.0840617,	0.926502,0.073498,	0.913881,0.0861194,	0.881742,0.118258,	0.841197,0.158803,	0.802104,0.197896,	0.747198,0.252802,	0.573559,0.426441,	0.340495,0.659505,	0.485524,0.514476,	1,	1,	1,	1,	1,	1,	1,	1,	1,	1,	1,	
0.5,0.5,	0.91621,0.08379,	0.926562,0.0734376,	0.914146,0.0858545,	0.88198,0.11802,	0.84137,0.15863,	0.802279,0.197721,	0.747309,0.252691,	0.574101,0.425899,	0.326836,0.673164,	0.485496,0.514504,	1,	1,	1,	1,	1,	1,	1,	1,	1,	1,	1,	
0.5,0.5,	0.916213,0.0837866,	0.926622,0.0733783,	0.914179,0.0858213,	0.882138,0.117862,	0.841545,0.158455,	0.802463,0.197537,	0.747517,0.252483,	0.574448,0.425552,	0.32737,0.67263,	0.48535,0.51465,	1,	1,	1,	1,	1,	1,	1,	1,	1,	1,	1,	
0.5,0.5,	0.916324,0.083676,	0.926641,0.0733588,	0.914399,0.0856012,	0.882267,0.117733,	0.841726,0.158274,	0.802624,0.197376,	0.747794,0.252206,	0.574857,0.425143,	0.327576,0.672424,	0.485357,0.514643,	1,	1,	1,	1,	1,	1,	1,	1,	1,	1,	1,	
0.5,0.5,	0.916358,0.0836415,	0.926649,0.0733512,	0.914631,0.0853689,	0.88255,0.11745,	0.84203,0.15797,	0.802882,0.197118,	0.748048,0.251952,	0.575103,0.424897,	0.328116,0.671884,	0.485422,0.514578,	1,	1,	1,	1,	1,	1,	1,	1,	1,	1,	1,	
0.5,0.5,	0.916542,0.083458,	0.926669,0.0733312,	0.914764,0.0852358,	0.882687,0.117313,	0.842217,0.157783,	0.803058,0.196942,	0.743671,0.256329,	0.575563,0.424437,	0.328539,0.671461,	0.485402,0.514598,	1,	1,	1,	1,	1,	1,	1,	1,	1,	1,	1,	
0.5,0.5,	0.916553,0.0834473,	0.926675,0.0733252,	0.914829,0.0851712,	0.882822,0.117178,	0.842404,0.157596,	0.803265,0.196735,	0.743853,0.256147,	0.575824,0.424176,	0.314249,0.685751,	0.485377,0.514623,	1,	1,	1,	1,	1,	1,	1,	1,	1,	1,	1,	
0.5,0.5,	0.916704,0.0832955,	0.926781,0.0732193,	0.914996,0.0850043,	0.882927,0.117073,	0.84272,0.15728,	0.803512,0.196488,	0.744084,0.255916,	0.576114,0.423886,	0.314074,0.685926,	0.485304,0.514696,	1,	1,	1,	1,	1,	1,	1,	1,	1,	1,	1,	
0.5,0.5,	0.916705,0.0832954,	0.926842,0.0731579,	0.915068,0.084932,	0.883101,0.116899,	0.842856,0.157144,	0.803692,0.196308,	0.744274,0.255726,	0.576288,0.423712,	0.314132,0.685868,	0.485338,0.514662,	1,	1,	1,	1,	1,	1,	1,	1,	1,	1,	1,	
0.5,0.5,	0.916721,0.0832792,	0.926945,0.0730553,	0.915115,0.0848845,	0.883328,0.116672,	0.843042,0.156958,	0.803923,0.196077,	0.744501,0.255499,	0.576633,0.423367,	0.314472,0.685528,	0.485346,0.514654,	1,	1,	1,	1,	1,	1,	1,	1,	1,	1,	1,	
0.5,0.5,	0.916878,0.083122,	0.927093,0.0729074,	0.915214,0.0847863,	0.883429,0.116571,	0.843178,0.156822,	0.804055,0.195945,	0.744723,0.255277,	0.57706,0.42294,	0.314917,0.685083,	0.485334,0.514666,	1,	1,	1,	1,	1,	1,	1,	1,	1,	1,	1,	
0.5,0.5,	0.917013,0.0829874,	0.927227,0.0727733,	0.915281,0.0847188,	0.883754,0.116246,	0.843357,0.156643,	0.804293,0.195707,	0.744964,0.255036,	0.577323,0.422677,	0.315555,0.684445,	0.485336,0.514664,	1,	1,	1,	1,	1,	1,	1,	1,	1,	1,	1,	
0.5,0.5,	0.917015,0.0829854,	0.927377,0.0726232,	0.91534,0.0846602,	0.883828,0.116172,	0.843545,0.156455,	0.804475,0.195525,	0.745297,0.254703,	0.577986,0.422014,	0.315973,0.684027,	0.485305,0.514695,	1,	1,	1,	1,	1,	1,	1,	1,	1,	1,	1,	
0.5,0.5,	0.917154,0.0828464,	0.9275,0.0725002,	0.915454,0.0845461,	0.883995,0.116005,	0.843754,0.156246,	0.804676,0.195324,	0.745752,0.254248,	0.578607,0.421393,	0.316096,0.683904,	0.485342,0.514658,	1,	1,	1,	1,	1,	1,	1,	1,	1,	1,	1,	
0.5,0.5,	0.917152,0.0828484,	0.927557,0.0724429,	0.915554,0.0844457,	0.884126,0.115874,	0.843935,0.156065,	0.804852,0.195148,	0.746118,0.253882,	0.579372,0.420628,	0.316401,0.683599,	0.485359,0.514641,	1,	1,	1,	1,	1,	1,	1,	1,	1,	1,	1,	
0.5,0.5,	0.917444,0.0825562,	0.927574,0.0724255,	0.915612,0.0843885,	0.884233,0.115767,	0.844073,0.155927,	0.805047,0.194953,	0.746508,0.253492,	0.579951,0.420049,	0.302593,0.697407,	0.48532,0.51468,	1,	1,	1,	1,	1,	1,	1,	1,	1,	1,	1,	
0.5,0.5,	0.91745,0.0825498,	0.927692,0.0723077,	0.915742,0.0842576,	0.884273,0.115727,	0.844257,0.155743,	0.805272,0.194728,	0.746745,0.253255,	0.580605,0.419395,	0.302948,0.697052,	0.485315,0.514685,	1,	1,	1,	1,	1,	1,	1,	1,	1,	1,	1,	
0.5,0.5,	0.917455,0.0825446,	0.92792,0.0720797,	0.915784,0.0842159,	0.884452,0.115548,	0.844448,0.155552,	0.805543,0.194457,	0.747016,0.252984,	0.581164,0.418836,	0.303352,0.696648,	0.48535,0.51465,	1,	1,	1,	1,	1,	1,	1,	1,	1,	1,	1,	
0.5,0.5,	0.917602,0.0823978,	0.927931,0.0720686,	0.915831,0.0841694,	0.884566,0.115434,	0.844652,0.155348,	0.805775,0.194225,	0.74724,0.25276,	0.581627,0.418373,	0.303746,0.696254,	0.485311,0.514689,	1,	1,	1,	1,	1,	1,	1,	1,	1,	1,	1,	
0.5,0.5,	0.917606,0.0823937,	0.928187,0.0718126,	0.915935,0.0840645,	0.884709,0.115291,	0.84482,0.15518,	0.806099,0.193901,	0.747591,0.252409,	0.582088,0.417912,	0.289828,0.710172,	0.485338,0.514662,	1,	1,	1,	1,	1,	1,	1,	1,	1,	1,	1,	
0.5,0.5,	0.917612,0.0823884,	0.928369,0.0716305,	0.916002,0.0839983,	0.884892,0.115108,	0.845062,0.154938,	0.806336,0.193664,	0.747957,0.252043,	0.582501,0.417499,	0.289874,0.710126,	0.485323,0.514677,	1,	1,	1,	1,	1,	1,	1,	1,	1,	1,	1,	
0.5,0.5,	0.917613,0.0823866,	0.928443,0.0715565,	0.916125,0.0838753,	0.885013,0.114987,	0.845395,0.154605,	0.806584,0.193416,	0.74834,0.25166,	0.582895,0.417105,	0.290038,0.709962,	0.485352,0.514648,	1,	1,	1,	1,	1,	1,	1,	1,	1,	1,	1,	
0.5,0.5,	0.917612,0.0823879,	0.928553,0.0714474,	0.916247,0.0837526,	0.88516,0.11484,	0.845499,0.154501,	0.806815,0.193185,	0.748614,0.251386,	0.583265,0.416735,	0.290272,0.709728,	0.485354,0.514646,	1,	1,	1,	1,	1,	1,	1,	1,	1,	1,	1,	
0.5,0.5,	0.917817,0.082183,	0.928563,0.0714365,	0.916308,0.0836916,	0.8853,0.1147,	0.845789,0.154211,	0.807101,0.192899,	0.748958,0.251042,	0.583641,0.416359,	0.290844,0.709156,	0.485379,0.514621,	1,	1,	1,	1,	1,	1,	1,	1,	1,	1,	1,	
0.5,0.5,	0.917857,0.082143,	0.928625,0.0713749,	0.916542,0.0834579,	0.885473,0.114527,	0.845971,0.154029,	0.807282,0.192718,	0.749187,0.250813,	0.583882,0.416118,	0.29142,0.70858,	0.485322,0.514678,	1,	1,	1,	1,	1,	1,	1,	1,	1,	1,	1,	
0.5,0.5,	0.918002,0.0819982,	0.928636,0.0713638,	0.916723,0.0832773,	0.885613,0.114387,	0.846149,0.153851,	0.807611,0.192389,	0.749426,0.250574,	0.584109,0.415891,	0.291978,0.708022,	0.485278,0.514722,	1,	1,	1,	1,	1,	1,	1,	1,	1,	1,	1,	
0.5,0.5,	0.918012,0.0819883,	0.92865,0.0713497,	0.916991,0.083009,	0.885797,0.114203,	0.846418,0.153582,	0.807863,0.192137,	0.749789,0.250211,	0.584386,0.415614,	0.292141,0.707859,	0.485278,0.514722,	1,	1,	1,	1,	1,	1,	1,	1,	1,	1,	1,	
0.5,0.5,	0.918171,0.0818288,	0.928655,0.0713455,	0.917052,0.0829477,	0.88591,0.11409,	0.84661,0.15339,	0.808056,0.191944,	0.750115,0.249885,	0.584832,0.415168,	0.292327,0.707673,	0.485239,0.514761,	1,	1,	1,	1,	1,	1,	1,	1,	1,	1,	1,	
0.5,0.5,	0.918331,0.0816686,	0.92867,0.0713304,	0.917097,0.0829028,	0.886068,0.113932,	0.846861,0.153139,	0.808281,0.191719,	0.750435,0.249565,	0.585109,0.414891,	0.292251,0.707749,	0.485263,0.514737,	1,	1,	1,	1,	1,	1,	1,	1,	1,	1,	1,	
0.5,0.5,	0.918341,0.0816595,	0.928745,0.0712554,	0.917151,0.0828485,	0.886129,0.113871,	0.847197,0.152803,	0.808461,0.191539,	0.750758,0.249242,	0.585397,0.414603,	0.292645,0.707355,	0.485168,0.514832,	1,	1,	1,	1,	1,	1,	1,	1,	1,	1,	1,	
0.5,0.5,	0.918355,0.0816455,	0.928757,0.0712431,	0.917284,0.0827165,	0.886291,0.113709,	0.847344,0.152656,	0.808737,0.191263,	0.751053,0.248947,	0.585691,0.414309,	0.292649,0.707351,	0.485172,0.514828,	1,	1,	1,	1,	1,	1,	1,	1,	1,	1,	1,	
0.5,0.5,	0.918487,0.0815128,	0.928837,0.0711635,	0.917334,0.0826661,	0.886433,0.113567,	0.847603,0.152397,	0.809,0.191,	0.751362,0.248638,	0.586099,0.413901,	0.292796,0.707204,	0.485174,0.514826,	1,	1,	1,	1,	1,	1,	1,	1,	1,	1,	1,	
0.5,0.5,	0.918614,0.081386,	0.929021,0.0709788,	0.917528,0.0824721,	0.88665,0.11335,	0.847816,0.152184,	0.809295,0.190705,	0.751696,0.248304,	0.586786,0.413214,	0.293065,0.706935,	0.48514,0.51486,	1,	1,	1,	1,	1,	1,	1,	1,	1,	1,	1,	
0.5,0.5,	0.919028,0.0809721,	0.929098,0.0709024,	0.917828,0.0821721,	0.886778,0.113222,	0.848055,0.151945,	0.809524,0.190476,	0.752039,0.247961,	0.587433,0.412567,	0.29341,0.70659,	0.48511,0.51489,	1,	1,	1,	1,	1,	1,	1,	1,	1,	1,	1,	
0.5,0.5,	0.919084,0.0809157,	0.929328,0.0706719,	0.917906,0.0820935,	0.88697,0.11303,	0.848175,0.151825,	0.809771,0.190229,	0.75231,0.24769,	0.58803,0.41197,	0.293787,0.706213,	0.485118,0.514882,	1,	1,	1,	1,	1,	1,	1,	1,	1,	1,	1,	
0.5,0.5,	0.919508,0.0804924,	0.929464,0.0705358,	0.91796,0.0820398,	0.887012,0.112988,	0.848286,0.151714,	0.809923,0.190077,	0.75257,0.24743,	0.588392,0.411608,	0.294242,0.705758,	0.485153,0.514847,	1,	1,	1,	1,	1,	1,	1,	1,	1,	1,	1,	
0.5,0.5,	0.919639,0.0803607,	0.929523,0.0704772,	0.918056,0.0819442,	0.887112,0.112888,	0.848546,0.151454,	0.810194,0.189806,	0.752929,0.247071,	0.588764,0.411236,	0.294436,0.705564,	0.485165,0.514835,	1,	1,	1,	1,	1,	1,	1,	1,	1,	1,	1,	
0.5,0.5,	0.920086,0.0799138,	0.929774,0.0702257,	0.918277,0.0817233,	0.887378,0.112622,	0.848762,0.151238,	0.810474,0.189526,	0.753175,0.246825,	0.589333,0.410667,	0.294725,0.705275,	0.485117,0.514883,	1,	1,	1,	1,	1,	1,	1,	1,	1,	1,	1,	
0.5,0.5,	0.920528,0.0794723,	0.930026,0.0699743,	0.918407,0.0815928,	0.887558,0.112442,	0.849012,0.150988,	0.810636,0.189364,	0.753401,0.246599,	0.589789,0.410211,	0.281145,0.718855,	0.485127,0.514873,	1,	1,	1,	1,	1,	1,	1,	1,	1,	1,	1,	
0.5,0.5,	0.920529,0.0794708,	0.930113,0.0698873,	0.918548,0.0814515,	0.887648,0.112352,	0.849147,0.150853,	0.810856,0.189144,	0.753712,0.246288,	0.590265,0.409735,	0.281408,0.718592,	0.485083,0.514917,	1,	1,	1,	1,	1,	1,	1,	1,	1,	1,	1,	
0.5,0.5,	0.920629,0.0793708,	0.930277,0.0697234,	0.918653,0.0813471,	0.887773,0.112227,	0.849289,0.150711,	0.811031,0.188969,	0.75397,0.24603,	0.590559,0.409441,	0.267551,0.732449,	0.485084,0.514916,	1,	1,	1,	1,	1,	1,	1,	1,	1,	1,	1,	
0.5,0.5,	0.920642,0.0793578,	0.93035,0.0696495,	0.91872,0.0812797,	0.887923,0.112077,	0.849478,0.150522,	0.811201,0.188799,	0.754245,0.245755,	0.590786,0.409214,	0.267613,0.732387,	0.485065,0.514935,	1,	1,	1,	1,	1,	1,	1,	1,	1,	1,	1,	
0.5,0.5,	0.920784,0.0792161,	0.930405,0.0695955,	0.918815,0.0811849,	0.888106,0.111894,	0.849697,0.150303,	0.811353,0.188647,	0.754488,0.245512,	0.591161,0.408839,	0.267772,0.732228,	0.485035,0.514965,	1,	1,	1,	1,	1,	1,	1,	1,	1,	1,	1,	
0.5,0.5,	0.920794,0.0792058,	0.930418,0.0695822,	0.918828,0.0811717,	0.888251,0.111749,	0.849891,0.150109,	0.81152,0.18848,	0.754854,0.245146,	0.591661,0.408339,	0.267985,0.732015,	0.485035,0.514965,	1,	1,	1,	1,	1,	1,	1,	1,	1,	1,	1,	
0.5,0.5,	0.920803,0.079197,	0.930553,0.0694469,	0.919076,0.0809242,	0.888346,0.111654,	0.850094,0.149906,	0.811761,0.188239,	0.755135,0.244865,	0.592263,0.407737,	0.268284,0.731716,	0.484993,0.515007,	1,	1,	1,	1,	1,	1,	1,	1,	1,	1,	1,	
0.5,0.5,	0.920804,0.0791955,	0.930605,0.0693948,	0.9191,0.0808996,	0.888523,0.111477,	0.850355,0.149645,	0.811956,0.188044,	0.755451,0.244549,	0.592709,0.407291,	0.268572,0.731428,	0.485004,0.514996,	1,	1,	1,	1,	1,	1,	1,	1,	1,	1,	1,	
0.5,0.5,	0.920945,0.0790551,	0.930675,0.069325,	0.91912,0.0808804,	0.888623,0.111377,	0.850556,0.149444,	0.812172,0.187828,	0.75567,0.24433,	0.593145,0.406855,	0.268847,0.731153,	0.484989,0.515011,	1,	1,	1,	1,	1,	1,	1,	1,	1,	1,	1,	
0.5,0.5,	0.920949,0.0790506,	0.93073,0.0692697,	0.919252,0.0807477,	0.888817,0.111183,	0.850768,0.149232,	0.812411,0.187589,	0.75593,0.24407,	0.593829,0.406171,	0.269139,0.730861,	0.484922,0.515078,	1,	1,	1,	1,	1,	1,	1,	1,	1,	1,	1,	
0.5,0.5,	0.920957,0.0790429,	0.930758,0.0692416,	0.919351,0.080649,	0.889025,0.110975,	0.850934,0.149066,	0.81266,0.18734,	0.756176,0.243824,	0.594479,0.405521,	0.269522,0.730478,	0.484928,0.515072,	1,	1,	1,	1,	1,	1,	1,	1,	1,	1,	1,	
0.5,0.5,	0.921664,0.0783357,	0.930891,0.0691089,	0.91938,0.0806197,	0.889311,0.110689,	0.851259,0.148741,	0.812903,0.187097,	0.75643,0.24357,	0.595,0.405,	0.269946,0.730054,	0.484836,0.515164,	1,	1,	1,	1,	1,	1,	1,	1,	1,	1,	1,	
0.5,0.5,	0.921718,0.0782818,	0.93103,0.0689701,	0.919566,0.0804335,	0.889388,0.110612,	0.851405,0.148595,	0.813137,0.186863,	0.756698,0.243302,	0.595495,0.404505,	0.256535,0.743465,	0.484869,0.515131,	1,	1,	1,	1,	1,	1,	1,	1,	1,	1,	1,	
0.5,0.5,	0.921936,0.0780641,	0.931108,0.0688918,	0.919573,0.080427,	0.88952,0.11048,	0.851517,0.148483,	0.813448,0.186552,	0.756993,0.243007,	0.596003,0.403997,	0.256952,0.743048,	0.484901,0.515099,	1,	1,	1,	1,	1,	1,	1,	1,	1,	1,	1,	
0.5,0.5,	0.922235,0.0777646,	0.931113,0.0688866,	0.919608,0.0803921,	0.889693,0.110307,	0.851684,0.148316,	0.813656,0.186344,	0.757191,0.242809,	0.596345,0.403655,	0.257277,0.742723,	0.48486,0.51514,	1,	1,	1,	1,	1,	1,	1,	1,	1,	1,	1,	
0.5,0.5,	0.922241,0.0777589,	0.931219,0.0687813,	0.919657,0.0803427,	0.889992,0.110008,	0.851928,0.148072,	0.813899,0.186101,	0.757453,0.242547,	0.596744,0.403256,	0.257345,0.742655,	0.484839,0.515161,	1,	1,	1,	1,	1,	1,	1,	1,	1,	1,	1,	
0.5,0.5,	0.922386,0.0776138,	0.931334,0.0686665,	0.919772,0.0802275,	0.890213,0.109787,	0.852018,0.147982,	0.814087,0.185913,	0.75764,0.24236,	0.587587,0.412413,	0.257587,0.742413,	0.484785,0.515215,	1,	1,	1,	1,	1,	1,	1,	1,	1,	1,	1,	
0.5,0.5,	0.922398,0.077602,	0.931402,0.0685979,	0.919872,0.0801276,	0.890295,0.109705,	0.852232,0.147768,	0.814311,0.185689,	0.757923,0.242077,	0.588082,0.411918,	0.257727,0.742273,	0.484827,0.515173,	1,	1,	1,	1,	1,	1,	1,	1,	1,	1,	1,	
0.5,0.5,	0.922688,0.0773116,	0.931478,0.0685216,	0.91994,0.0800602,	0.890473,0.109527,	0.852377,0.147623,	0.81449,0.18551,	0.758125,0.241875,	0.588847,0.411153,	0.258122,0.741878,	0.48485,0.51515,	1,	1,	1,	1,	1,	1,	1,	1,	1,	1,	1,	
0.5,0.5,	0.922664,0.0773356,	0.931852,0.0681483,	0.919985,0.0800148,	0.890682,0.109318,	0.852524,0.147476,	0.814686,0.185314,	0.758302,0.241698,	0.589359,0.410641,	0.25851,0.74149,	0.484838,0.515162,	1,	1,	1,	1,	1,	1,	1,	1,	1,	1,	1,	
0.5,0.5,	0.922677,0.0773229,	0.931864,0.0681362,	0.920144,0.0798565,	0.890762,0.109238,	0.852709,0.147291,	0.814967,0.185033,	0.758486,0.241514,	0.589815,0.410185,	0.258849,0.741151,	0.484825,0.515175,	1,	1,	1,	1,	1,	1,	1,	1,	1,	1,	1,	
0.5,0.5,	0.923351,0.0766486,	0.931993,0.0680074,	0.920245,0.0797551,	0.890951,0.109049,	0.852936,0.147064,	0.815234,0.184766,	0.758623,0.241377,	0.590054,0.409946,	0.259226,0.740774,	0.484734,0.515266,	1,	1,	1,	1,	1,	1,	1,	1,	1,	1,	1,	
0.5,0.5,	0.923731,0.0762689,	0.932322,0.0676783,	0.920389,0.0796108,	0.891081,0.108919,	0.853118,0.146882,	0.815502,0.184498,	0.75887,0.24113,	0.590365,0.409635,	0.259571,0.740429,	0.484704,0.515296,	1,	1,	1,	1,	1,	1,	1,	1,	1,	1,	1,	
0.5,0.5,	0.923738,0.0762623,	0.932337,0.0676629,	0.920455,0.0795451,	0.891171,0.108829,	0.853323,0.146677,	0.815825,0.184175,	0.759208,0.240792,	0.590669,0.409331,	0.259733,0.740267,	0.484714,0.515286,	1,	1,	1,	1,	1,	1,	1,	1,	1,	1,	1,	
0.5,0.5,	0.923967,0.0760328,	0.932543,0.0674574,	0.920526,0.0794737,	0.891298,0.108702,	0.853617,0.146383,	0.816106,0.183894,	0.759564,0.240436,	0.591088,0.408912,	0.259968,0.740032,	0.484752,0.515248,	1,	1,	1,	1,	1,	1,	1,	1,	1,	1,	1,	
0.5,0.5,	0.923973,0.0760275,	0.932551,0.0674488,	0.920583,0.0794166,	0.891448,0.108552,	0.853895,0.146105,	0.816336,0.183664,	0.759899,0.240101,	0.591536,0.408464,	0.260274,0.739726,	0.484815,0.515185,	1,	1,	1,	1,	1,	1,	1,	1,	1,	1,	1,	
0.5,0.5,	0.923978,0.0760223,	0.932601,0.0673992,	0.920657,0.0793426,	0.89163,0.10837,	0.854135,0.145865,	0.816589,0.183411,	0.760345,0.239655,	0.591758,0.408242,	0.260855,0.739145,	0.48488,0.51512,	1,	1,	1,	1,	1,	1,	1,	1,	1,	1,	1,	
0.5,0.5,	0.924129,0.075871,	0.932614,0.0673864,	0.920693,0.0793067,	0.891825,0.108175,	0.85431,0.14569,	0.816815,0.183185,	0.760736,0.239264,	0.592124,0.407876,	0.261022,0.738978,	0.484895,0.515105,	1,	1,	1,	1,	1,	1,	1,	1,	1,	1,	1,	
0.5,0.5,	0.924138,0.0758618,	0.932647,0.0673529,	0.920919,0.0790805,	0.891926,0.108074,	0.854486,0.145514,	0.817026,0.182974,	0.761133,0.238867,	0.592561,0.407439,	0.261737,0.738263,	0.484859,0.515141,	1,	1,	1,	1,	1,	1,	1,	1,	1,	1,	1,	
0.5,0.5,	0.924145,0.0758553,	0.932653,0.0673468,	0.920947,0.0790527,	0.892147,0.107853,	0.854654,0.145346,	0.817226,0.182774,	0.761405,0.238595,	0.592872,0.407128,	0.262425,0.737575,	0.484885,0.515115,	1,	1,	1,	1,	1,	1,	1,	1,	1,	1,	1,	
0.5,0.5,	0.924452,0.0755484,	0.932872,0.0671278,	0.921029,0.0789706,	0.892205,0.107795,	0.854756,0.145244,	0.817423,0.182577,	0.761638,0.238362,	0.593139,0.406861,	0.263081,0.736919,	0.484896,0.515104,	1,	1,	1,	1,	1,	1,	1,	1,	1,	1,	1,	
0.5,0.5,	0.92461,0.0753899,	0.932971,0.0670293,	0.921123,0.0788772,	0.892333,0.107667,	0.854962,0.145038,	0.817586,0.182414,	0.761929,0.238071,	0.583791,0.416209,	0.26318,0.73682,	0.4849,0.5151,	1,	1,	1,	1,	1,	1,	1,	1,	1,	1,	1,	
0.5,0.5,	0.924943,0.0750572,	0.933054,0.0669459,	0.921221,0.0787793,	0.892552,0.107448,	0.855321,0.144679,	0.817801,0.182199,	0.762166,0.237834,	0.584299,0.415701,	0.263241,0.736759,	0.484814,0.515186,	1,	1,	1,	1,	1,	1,	1,	1,	1,	1,	1,	
0.5,0.5,	0.925169,0.0748306,	0.93312,0.0668804,	0.921246,0.0787539,	0.892672,0.107328,	0.855551,0.144449,	0.817957,0.182043,	0.762396,0.237604,	0.584776,0.415224,	0.26336,0.73664,	0.484797,0.515203,	1,	1,	1,	1,	1,	1,	1,	1,	1,	1,	1,	
0.5,0.5,	0.925309,0.074691,	0.933252,0.0667481,	0.921325,0.078675,	0.892817,0.107183,	0.855846,0.144154,	0.818124,0.181876,	0.762663,0.237337,	0.585324,0.414676,	0.263534,0.736466,	0.484838,0.515162,	1,	1,	1,	1,	1,	1,	1,	1,	1,	1,	1,	
0.5,0.5,	0.925314,0.0746857,	0.933328,0.0666722,	0.921366,0.0786343,	0.892976,0.107024,	0.856023,0.143977,	0.818283,0.181717,	0.762883,0.237117,	0.585727,0.414273,	0.263691,0.736309,	0.484858,0.515142,	1,	1,	1,	1,	1,	1,	1,	1,	1,	1,	1,	
0.5,0.5,	0.92549,0.0745104,	0.933343,0.0666574,	0.92144,0.0785601,	0.89309,0.10691,	0.856252,0.143748,	0.818412,0.181588,	0.763194,0.236806,	0.58619,0.41381,	0.263867,0.736133,	0.484809,0.515191,	1,	1,	1,	1,	1,	1,	1,	1,	1,	1,	1,	
0.5,0.5,	0.92584,0.0741597,	0.933418,0.0665822,	0.921459,0.0785413,	0.893342,0.106658,	0.856347,0.143653,	0.818557,0.181443,	0.763412,0.236588,	0.586507,0.413493,	0.263981,0.736019,	0.484816,0.515184,	1,	1,	1,	1,	1,	1,	1,	1,	1,	1,	1,	
0.5,0.5,	0.926164,0.0738358,	0.933627,0.0663727,	0.921582,0.0784178,	0.893433,0.106567,	0.85651,0.14349,	0.818747,0.181253,	0.763669,0.236331,	0.586763,0.413237,	0.264118,0.735882,	0.484809,0.515191,	1,	1,	1,	1,	1,	1,	1,	1,	1,	1,	1,	
0.5,0.5,	0.926448,0.0735524,	0.933743,0.0662566,	0.921755,0.0782447,	0.893516,0.106484,	0.856656,0.143344,	0.81899,0.18101,	0.763845,0.236155,	0.587105,0.412895,	0.264584,0.735416,	0.48476,0.51524,	1,	1,	1,	1,	1,	1,	1,	1,	1,	1,	1,	
0.5,0.5,	0.926452,0.0735476,	0.933746,0.0662544,	0.92198,0.0780203,	0.893639,0.106361,	0.856743,0.143257,	0.819277,0.180723,	0.764054,0.235946,	0.577632,0.422368,	0.264625,0.735375,	0.484734,0.515266,	1,	1,	1,	1,	1,	1,	1,	1,	1,	1,	1,	
0.5,0.5,	0.926732,0.0732681,	0.933872,0.0661279,	0.922174,0.0778264,	0.893723,0.106277,	0.856879,0.143121,	0.819603,0.180397,	0.764288,0.235712,	0.578071,0.421929,	0.264953,0.735047,	0.484701,0.515299,	1,	1,	1,	1,	1,	1,	1,	1,	1,	1,	1,	
0.5,0.5,	0.926736,0.0732642,	0.933878,0.066122,	0.92235,0.0776501,	0.893802,0.106198,	0.857022,0.142978,	0.819812,0.180188,	0.764499,0.235501,	0.57853,0.42147,	0.26523,0.73477,	0.484753,0.515247,	1,	1,	1,	1,	1,	1,	1,	1,	1,	1,	1,	
0.5,0.5,	0.927019,0.0729812,	0.934005,0.0659947,	0.922455,0.077545,	0.894069,0.105931,	0.857201,0.142799,	0.819982,0.180018,	0.764722,0.235278,	0.57911,0.42089,	0.265503,0.734497,	0.484755,0.515245,	1,	1,	1,	1,	1,	1,	1,	1,	1,	1,	1,	
0.5,0.5,	0.927211,0.0727888,	0.934128,0.0658722,	0.92276,0.07724,	0.8943,0.1057,	0.857436,0.142564,	0.820171,0.179829,	0.765039,0.234961,	0.57947,0.42053,	0.265824,0.734176,	0.484849,0.515151,	1,	1,	1,	1,	1,	1,	1,	1,	1,	1,	1,	
0.5,0.5,	0.927365,0.0726353,	0.934146,0.0658543,	0.922839,0.0771614,	0.894378,0.105622,	0.857628,0.142372,	0.820324,0.179676,	0.76538,0.23462,	0.57993,0.42007,	0.266445,0.733555,	0.484866,0.515134,	1,	1,	1,	1,	1,	1,	1,	1,	1,	1,	1,	
