accept,reject,	accept,reject,	accept,reject,	accept,reject,	accept,reject,	accept,reject,	accept,reject,	accept,reject,	accept,reject,	accept,reject,	accept,reject,	wait,	wait,	wait,	wait,	wait,	wait,	wait,	wait,	wait,	wait,	wait,	
0.5,0.5,	0.5,0.5,	0.5,0.5,	0.5,0.5,	0.5,0.5,	0.5,0.5,	0.5,0.5,	0.5,0.5,	0.5,0.5,	0.5,0.5,	0.5,0.5,	1,	1,	1,	1,	1,	1,	1,	1,	1,	1,	1,	
0.5,0.5,	0.505034,0.494966,	0.509801,0.490199,	0.508755,0.491245,	0.508681,0.491319,	0.507011,0.492989,	0.504118,0.495882,	0.500979,0.499021,	0.497965,0.502035,	0.496976,0.503024,	0.500987,0.499013,	1,	1,	1,	1,	1,	1,	1,	1,	1,	1,	1,	
0.5,0.5,	0.518052,0.481948,	0.530746,0.469254,	0.525367,0.474633,	0.522222,0.477778,	0.516552,0.483448,	0.50895,0.49105,	0.502346,0.497654,	0.494327,0.505673,	0.492111,0.507889,	0.500677,0.499323,	1,	1,	1,	1,	1,	1,	1,	1,	1,	1,	1,	
0.5,0.5,	0.534748,0.465252,	0.551107,0.448893,	0.545189,0.454811,	0.537771,0.462229,	0.527886,0.472114,	0.515969,0.484031,	0.504937,0.495063,	0.491856,0.508144,	0.489935,0.510065,	0.500386,0.499614,	1,	1,	1,	1,	1,	1,	1,	1,	1,	1,	1,	
0.5,0.5,	0.552342,0.447658,	0.572842,0.427158,	0.564791,0.435209,	0.55561,0.44439,	0.540572,0.459428,	0.523823,0.476177,	0.507846,0.492154,	0.492129,0.507871,	0.489164,0.510836,	0.5001,0.4999,	1,	1,	1,	1,	1,	1,	1,	1,	1,	1,	1,	
0.5,0.5,	0.572931,0.427069,	0.597458,0.402542,	0.587019,0.412981,	0.574045,0.425955,	0.554428,0.445572,	0.532704,0.467296,	0.513345,0.486655,	0.493807,0.506193,	0.489814,0.510186,	0.499992,0.500008,	1,	1,	1,	1,	1,	1,	1,	1,	1,	1,	1,	
0.5,0.5,	0.595464,0.404536,	0.62407,0.37593,	0.609053,0.390947,	0.591566,0.408434,	0.568887,0.431113,	0.542172,0.457828,	0.519587,0.480413,	0.495382,0.504618,	0.491063,0.508937,	0.500187,0.499813,	1,	1,	1,	1,	1,	1,	1,	1,	1,	1,	1,	
0.5,0.5,	0.620197,0.379803,	0.650933,0.349067,	0.630669,0.369331,	0.610105,0.389895,	0.582773,0.417227,	0.551935,0.448065,	0.525816,0.474184,	0.498038,0.501962,	0.49215,0.50785,	0.500158,0.499842,	1,	1,	1,	1,	1,	1,	1,	1,	1,	1,	1,	
0.5,0.5,	0.644954,0.355046,	0.676093,0.323907,	0.653038,0.346962,	0.627723,0.372277,	0.596489,0.403511,	0.562258,0.437742,	0.53222,0.46778,	0.501104,0.498896,	0.49342,0.50658,	0.50063,0.49937,	1,	1,	1,	1,	1,	1,	1,	1,	1,	1,	1,	
0.5,0.5,	0.671989,0.328011,	0.701479,0.298521,	0.672847,0.327153,	0.645305,0.354695,	0.610108,0.389892,	0.571482,0.428518,	0.537887,0.462113,	0.503521,0.496479,	0.493777,0.506223,	0.500432,0.499568,	1,	1,	1,	1,	1,	1,	1,	1,	1,	1,	1,	
0.5,0.5,	0.700102,0.299898,	0.726475,0.273525,	0.692042,0.307958,	0.66227,0.33773,	0.622091,0.377909,	0.580108,0.419892,	0.543184,0.456816,	0.506295,0.493705,	0.495539,0.504461,	0.499899,0.500101,	1,	1,	1,	1,	1,	1,	1,	1,	1,	1,	1,	
0.5,0.5,	0.728885,0.271115,	0.750889,0.249111,	0.712821,0.287179,	0.678374,0.321626,	0.635323,0.364677,	0.589609,0.410391,	0.548998,0.451002,	0.509378,0.490622,	0.496888,0.503112,	0.499959,0.500041,	1,	1,	1,	1,	1,	1,	1,	1,	1,	1,	1,	
0.5,0.5,	0.757085,0.242915,	0.774934,0.225066,	0.733433,0.266567,	0.694378,0.305622,	0.64743,0.35257,	0.598814,0.401186,	0.55455,0.44545,	0.511844,0.488156,	0.498849,0.501151,	0.500177,0.499823,	1,	1,	1,	1,	1,	1,	1,	1,	1,	1,	1,	
0.5,0.5,	0.784822,0.215178,	0.796945,0.203055,	0.751952,0.248048,	0.70887,0.29113,	0.658827,0.341173,	0.607709,0.392291,	0.560355,0.439645,	0.515172,0.484828,	0.500034,0.499966,	0.5005,0.4995,	1,	1,	1,	1,	1,	1,	1,	1,	1,	1,	1,	
0.5,0.5,	0.810815,0.189185,	0.817373,0.182627,	0.770153,0.229847,	0.723139,0.276861,	0.669842,0.330158,	0.61573,0.38427,	0.566303,0.433697,	0.518365,0.481635,	0.501563,0.498437,	0.500806,0.499194,	1,	1,	1,	1,	1,	1,	1,	1,	1,	1,	1,	
0.5,0.5,	0.835216,0.164784,	0.836893,0.163107,	0.787482,0.212518,	0.736654,0.263346,	0.680171,0.319829,	0.62262,0.37738,	0.570919,0.429081,	0.520044,0.479956,	0.503021,0.496979,	0.500911,0.499089,	1,	1,	1,	1,	1,	1,	1,	1,	1,	1,	1,	
0.5,0.5,	0.857567,0.142433,	0.854903,0.145097,	0.802142,0.197858,	0.749929,0.250071,	0.689999,0.310001,	0.630425,0.369575,	0.57566,0.42434,	0.522129,0.477871,	0.504374,0.495626,	0.501332,0.498668,	1,	1,	1,	1,	1,	1,	1,	1,	1,	1,	1,	
0.5,0.5,	0.877566,0.122434,	0.871769,0.128231,	0.816923,0.183077,	0.762817,0.237183,	0.69931,0.30069,	0.637175,0.362825,	0.579945,0.420055,	0.524086,0.475914,	0.506125,0.493875,	0.501323,0.498677,	1,	1,	1,	1,	1,	1,	1,	1,	1,	1,	1,	
0.5,0.5,	0.894965,0.105035,	0.886828,0.113172,	0.830675,0.169325,	0.774454,0.225546,	0.708685,0.291315,	0.64417,0.35583,	0.583732,0.416268,	0.525377,0.474623,	0.507655,0.492345,	0.501503,0.498497,	1,	1,	1,	1,	1,	1,	1,	1,	1,	1,	1,	
0.5,0.5,	0.910047,0.0899528,	0.900017,0.0999827,	0.843388,0.156612,	0.785456,0.214544,	0.717305,0.282695,	0.650743,0.349257,	0.588093,0.411907,	0.527698,0.472302,	0.510005,0.489995,	0.501561,0.498439,	1,	1,	1,	1,	1,	1,	1,	1,	1,	1,	1,	
0.5,0.5,	0.923477,0.0765229,	0.912108,0.0878917,	0.855441,0.144559,	0.796282,0.203718,	0.726413,0.273587,	0.657476,0.342524,	0.592222,0.407778,	0.529129,0.470871,	0.512067,0.487933,	0.501332,0.498668,	1,	1,	1,	1,	1,	1,	1,	1,	1,	1,	1,	
0.5,0.5,	0.935128,0.0648724,	0.922715,0.0772847,	0.867424,0.132576,	0.806174,0.193826,	0.734749,0.265251,	0.663717,0.336283,	0.597624,0.402376,	0.531107,0.468893,	0.514608,0.485392,	0.501016,0.498984,	1,	1,	1,	1,	1,	1,	1,	1,	1,	1,	1,	
0.5,0.5,	0.94504,0.0549598,	0.932225,0.0677746,	0.878543,0.121457,	0.816618,0.183382,	0.742372,0.257628,	0.669917,0.330083,	0.602933,0.397067,	0.533639,0.466361,	0.51713,0.48287,	0.500968,0.499032,	1,	1,	1,	1,	1,	1,	1,	1,	1,	1,	1,	
0.5,0.5,	0.953558,0.0464422,	0.940792,0.0592084,	0.888758,0.111242,	0.826647,0.173353,	0.749626,0.250374,	0.675503,0.324497,	0.607425,0.392575,	0.534763,0.465237,	0.518826,0.481174,	0.50138,0.49862,	1,	1,	1,	1,	1,	1,	1,	1,	1,	1,	1,	
0.5,0.5,	0.9609,0.0390997,	0.948229,0.0517708,	0.897883,0.102117,	0.835918,0.164082,	0.757323,0.242677,	0.680496,0.319504,	0.611177,0.388823,	0.53694,0.46306,	0.520872,0.479128,	0.501658,0.498342,	1,	1,	1,	1,	1,	1,	1,	1,	1,	1,	1,	
0.5,0.5,	0.9672,0.0327998,	0.954851,0.0451491,	0.906718,0.0932817,	0.844748,0.155252,	0.764962,0.235038,	0.685598,0.314402,	0.614894,0.385106,	0.538877,0.461123,	0.522919,0.477081,	0.501973,0.498027,	1,	1,	1,	1,	1,	1,	1,	1,	1,	1,	1,	
0.5,0.5,	0.97248,0.0275199,	0.96058,0.0394204,	0.91441,0.0855898,	0.852848,0.147152,	0.771923,0.228077,	0.690912,0.309088,	0.619069,0.380931,	0.541761,0.458239,	0.525851,0.474149,	0.501821,0.498179,	1,	1,	1,	1,	1,	1,	1,	1,	1,	1,	1,	
0.5,0.5,	0.976997,0.0230031,	0.965632,0.0343681,	0.92154,0.0784599,	0.860965,0.139035,	0.779605,0.220395,	0.696951,0.303049,	0.623699,0.376301,	0.544094,0.455906,	0.528671,0.471329,	0.501519,0.498481,	1,	1,	1,	1,	1,	1,	1,	1,	1,	1,	1,	
0.5,0.5,	0.980801,0.0191993,	0.970058,0.0299418,	0.928028,0.0719717,	0.868452,0.131548,	0.786251,0.213749,	0.703554,0.296446,	0.628763,0.371237,	0.545178,0.454822,	0.530684,0.469316,	0.50129,0.49871,	1,	1,	1,	1,	1,	1,	1,	1,	1,	1,	1,	
0.5,0.5,	0.984012,0.0159883,	0.973976,0.0260238,	0.934356,0.0656444,	0.876197,0.123803,	0.793205,0.206795,	0.7098,0.2902,	0.632228,0.367772,	0.546563,0.453437,	0.532863,0.467137,	0.5009,0.4991,	1,	1,	1,	1,	1,	1,	1,	1,	1,	1,	1,	
0.5,0.5,	0.986662,0.0133376,	0.977355,0.0226453,	0.940276,0.0597245,	0.882731,0.117269,	0.799954,0.200046,	0.715232,0.284768,	0.636071,0.363929,	0.547458,0.452542,	0.535094,0.464906,	0.501037,0.498963,	1,	1,	1,	1,	1,	1,	1,	1,	1,	1,	1,	
0.5,0.5,	0.988869,0.0111312,	0.980343,0.0196565,	0.945559,0.0544413,	0.888601,0.111399,	0.806624,0.193376,	0.719824,0.280176,	0.639184,0.360816,	0.54876,0.45124,	0.537168,0.462832,	0.501283,0.498717,	1,	1,	1,	1,	1,	1,	1,	1,	1,	1,	1,	
0.5,0.5,	0.990733,0.00926664,	0.98299,0.0170104,	0.950488,0.0495119,	0.894442,0.105558,	0.813117,0.186883,	0.724459,0.275541,	0.642416,0.357584,	0.549552,0.450448,	0.539991,0.460009,	0.501045,0.498955,	1,	1,	1,	1,	1,	1,	1,	1,	1,	1,	1,	
0.5,0.5,	0.992307,0.0076925,	0.98531,0.0146903,	0.955117,0.0448826,	0.900144,0.0998559,	0.819197,0.180803,	0.729809,0.270191,	0.645782,0.354218,	0.551518,0.448482,	0.542203,0.457797,	0.500505,0.499495,	1,	1,	1,	1,	1,	1,	1,	1,	1,	1,	1,	
0.5,0.5,	0.993603,0.00639671,	0.987296,0.0127037,	0.959212,0.0407884,	0.90558,0.0944205,	0.824984,0.175016,	0.734599,0.265401,	0.649559,0.350441,	0.553907,0.446093,	0.545046,0.454954,	0.500404,0.499596,	1,	1,	1,	1,	1,	1,	1,	1,	1,	1,	1,	
0.5,0.5,	0.994698,0.00530212,	0.989039,0.0109614,	0.963081,0.0369188,	0.911259,0.0887406,	0.831317,0.168683,	0.741246,0.258754,	0.653544,0.346456,	0.555821,0.444179,	0.547535,0.452465,	0.500332,0.499668,	1,	1,	1,	1,	1,	1,	1,	1,	1,	1,	1,	
0.5,0.5,	0.995602,0.00439797,	0.990544,0.00945605,	0.96658,0.0334203,	0.917013,0.082987,	0.837201,0.162799,	0.746764,0.253236,	0.656835,0.343165,	0.557471,0.442529,	0.54992,0.45008,	0.499955,0.500045,	1,	1,	1,	1,	1,	1,	1,	1,	1,	1,	1,	
0.5,0.5,	0.996353,0.00364734,	0.991845,0.00815507,	0.969699,0.0303013,	0.922294,0.0777059,	0.842156,0.157844,	0.750129,0.249871,	0.659047,0.340953,	0.558569,0.441431,	0.552419,0.447581,	0.499736,0.500264,	1,	1,	1,	1,	1,	1,	1,	1,	1,	1,	1,	
0.5,0.5,	0.99698,0.00302026,	0.992976,0.00702434,	0.972591,0.0274091,	0.927203,0.0727969,	0.847076,0.152924,	0.753955,0.246045,	0.661745,0.338255,	0.561242,0.438758,	0.555185,0.444815,	0.499252,0.500748,	1,	1,	1,	1,	1,	1,	1,	1,	1,	1,	1,	
0.5,0.5,	0.997496,0.00250416,	0.993951,0.00604859,	0.975176,0.0248244,	0.931981,0.0680191,	0.852421,0.147579,	0.758344,0.241656,	0.664789,0.335211,	0.563307,0.436693,	0.557611,0.442389,	0.499241,0.500759,	1,	1,	1,	1,	1,	1,	1,	1,	1,	1,	1,	
0.5,0.5,	0.997924,0.00207577,	0.994794,0.00520611,	0.977585,0.0224151,	0.936555,0.063445,	0.857756,0.142244,	0.763363,0.236637,	0.668177,0.331823,	0.565645,0.434355,	0.559853,0.440147,	0.499375,0.500625,	1,	1,	1,	1,	1,	1,	1,	1,	1,	1,	1,	
0.5,0.5,	0.998282,0.00171838,	0.995525,0.00447488,	0.979788,0.0202123,	0.940778,0.059222,	0.862798,0.137202,	0.767679,0.232321,	0.671873,0.328127,	0.568359,0.431641,	0.562618,0.437382,	0.499362,0.500638,	1,	1,	1,	1,	1,	1,	1,	1,	1,	1,	1,	
0.5,0.5,	0.998576,0.00142404,	0.996152,0.00384815,	0.981772,0.0182284,	0.944579,0.0554207,	0.866951,0.133049,	0.772137,0.227863,	0.676081,0.323919,	0.570058,0.429942,	0.565228,0.434772,	0.49932,0.50068,	1,	1,	1,	1,	1,	1,	1,	1,	1,	1,	1,	
0.5,0.5,	0.998821,0.00117884,	0.996692,0.00330833,	0.983574,0.016426,	0.948084,0.0519165,	0.87124,0.12876,	0.776502,0.223498,	0.679923,0.320077,	0.572474,0.427526,	0.568057,0.431943,	0.499487,0.500513,	1,	1,	1,	1,	1,	1,	1,	1,	1,	1,	1,	
0.5,0.5,	0.999022,0.000978365,	0.99715,0.0028498,	0.985172,0.014828,	0.951538,0.0484616,	0.875855,0.124145,	0.780698,0.219302,	0.683571,0.316429,	0.575338,0.424662,	0.570542,0.429458,	0.499285,0.500715,	1,	1,	1,	1,	1,	1,	1,	1,	1,	1,	1,	
0.5,0.5,	0.999189,0.000810917,	0.99755,0.00245044,	0.986692,0.0133081,	0.95469,0.0453096,	0.880265,0.119735,	0.784826,0.215174,	0.685697,0.314303,	0.5773,0.4227,	0.57256,0.42744,	0.498945,0.501055,	1,	1,	1,	1,	1,	1,	1,	1,	1,	1,	1,	
0.5,0.5,	0.999329,0.000671322,	0.997896,0.00210383,	0.988089,0.0119106,	0.957494,0.042506,	0.884617,0.115383,	0.789476,0.210524,	0.689697,0.310303,	0.580712,0.419288,	0.575113,0.424887,	0.499042,0.500958,	1,	1,	1,	1,	1,	1,	1,	1,	1,	1,	1,	
0.5,0.5,	0.999445,0.000555368,	0.998195,0.00180514,	0.989359,0.0106414,	0.960026,0.0399743,	0.88869,0.11131,	0.79484,0.20516,	0.693787,0.306213,	0.582981,0.417019,	0.577593,0.422407,	0.499249,0.500751,	1,	1,	1,	1,	1,	1,	1,	1,	1,	1,	1,	
0.5,0.5,	0.99954,0.000459671,	0.998451,0.00154944,	0.990498,0.00950243,	0.962264,0.0377356,	0.892447,0.107553,	0.800486,0.199514,	0.697081,0.302919,	0.584326,0.415674,	0.579777,0.420223,	0.499214,0.500786,	1,	1,	1,	1,	1,	1,	1,	1,	1,	1,	1,	
0.5,0.5,	0.99962,0.00038023,	0.998671,0.00132926,	0.991513,0.00848706,	0.964358,0.0356416,	0.896481,0.103519,	0.805596,0.194404,	0.700979,0.299021,	0.586234,0.413766,	0.582813,0.417187,	0.499607,0.500393,	1,	1,	1,	1,	1,	1,	1,	1,	1,	1,	1,	
0.5,0.5,	0.999686,0.000314091,	0.998861,0.00113906,	0.992421,0.00757937,	0.966471,0.0335288,	0.900827,0.0991728,	0.810373,0.189627,	0.704681,0.295319,	0.588642,0.411358,	0.585683,0.414317,	0.499623,0.500377,	1,	1,	1,	1,	1,	1,	1,	1,	1,	1,	1,	
0.5,0.5,	0.99974,0.000259871,	0.999023,0.000977294,	0.993218,0.00678173,	0.968545,0.0314548,	0.904737,0.0952633,	0.81382,0.18618,	0.706957,0.293043,	0.590231,0.409769,	0.58821,0.41179,	0.498952,0.501048,	1,	1,	1,	1,	1,	1,	1,	1,	1,	1,	1,	
0.5,0.5,	0.999785,0.000214635,	0.999163,0.000837308,	0.99394,0.00605982,	0.970567,0.0294328,	0.908414,0.0915857,	0.816968,0.183032,	0.709969,0.290031,	0.5922,0.4078,	0.591271,0.408729,	0.499197,0.500803,	1,	1,	1,	1,	1,	1,	1,	1,	1,	1,	1,	
0.5,0.5,	0.999823,0.000177299,	0.999283,0.000717445,	0.994584,0.00541584,	0.97242,0.0275799,	0.911977,0.0880229,	0.821028,0.178972,	0.712843,0.287157,	0.594946,0.405054,	0.593692,0.406308,	0.499143,0.500857,	1,	1,	1,	1,	1,	1,	1,	1,	1,	1,	1,	
0.5,0.5,	0.999853,0.000146615,	0.999385,0.000615257,	0.995152,0.00484777,	0.974121,0.0258793,	0.915509,0.084491,	0.824361,0.175639,	0.716974,0.283026,	0.59858,0.40142,	0.596423,0.403577,	0.499478,0.500522,	1,	1,	1,	1,	1,	1,	1,	1,	1,	1,	1,	
0.5,0.5,	0.999879,0.000120921,	0.999474,0.000526487,	0.995664,0.00433596,	0.975749,0.024251,	0.918806,0.0811944,	0.827721,0.172279,	0.722134,0.277866,	0.601711,0.398289,	0.599134,0.400866,	0.499635,0.500365,	1,	1,	1,	1,	1,	1,	1,	1,	1,	1,	1,	
0.5,0.5,	0.9999,9.99449e-05,	0.999549,0.000451308,	0.996114,0.00388551,	0.977218,0.0227822,	0.921842,0.0781579,	0.829883,0.170117,	0.724549,0.275451,	0.603006,0.396994,	0.601019,0.398981,	0.499219,0.500781,	1,	1,	1,	1,	1,	1,	1,	1,	1,	1,	1,	
0.5,0.5,	0.999918,8.24741e-05,	0.999614,0.000386357,	0.996519,0.00348087,	0.978571,0.0214292,	0.924502,0.0754984,	0.831222,0.168778,	0.727241,0.272759,	0.605487,0.394513,	0.603343,0.396657,	0.49887,0.50113,	1,	1,	1,	1,	1,	1,	1,	1,	1,	1,	1,	
0.5,0.5,	0.999932,6.80871e-05,	0.999669,0.00033087,	0.996878,0.00312187,	0.979881,0.020119,	0.926979,0.0730215,	0.833799,0.166201,	0.730545,0.269455,	0.608037,0.391963,	0.606776,0.393224,	0.49862,0.50138,	1,	1,	1,	1,	1,	1,	1,	1,	1,	1,	1,	
0.5,0.5,	0.999944,5.6182e-05,	0.999717,0.000283236,	0.997199,0.00280087,	0.981102,0.0188984,	0.929587,0.0704127,	0.836548,0.163452,	0.735794,0.264206,	0.611365,0.388635,	0.609768,0.390232,	0.498901,0.501099,	1,	1,	1,	1,	1,	1,	1,	1,	1,	1,	1,	
0.5,0.5,	0.999954,4.62653e-05,	0.999758,0.000242064,	0.997489,0.00251123,	0.982245,0.0177552,	0.932132,0.0678678,	0.839847,0.160153,	0.738805,0.261195,	0.613382,0.386618,	0.612823,0.387177,	0.499092,0.500908,	1,	1,	1,	1,	1,	1,	1,	1,	1,	1,	1,	
0.5,0.5,	0.999962,3.80814e-05,	0.999793,0.000206798,	0.997749,0.0022513,	0.983301,0.0166991,	0.934735,0.0652652,	0.842943,0.157057,	0.742444,0.257556,	0.614872,0.385128,	0.615217,0.384783,	0.498968,0.501032,	1,	1,	1,	1,	1,	1,	1,	1,	1,	1,	1,	
0.5,0.5,	0.999969,3.13969e-05,	0.999823,0.000176905,	0.99798,0.00202005,	0.984309,0.0156906,	0.937061,0.0629385,	0.846001,0.153999,	0.745467,0.254533,	0.616764,0.383236,	0.617507,0.382493,	0.498734,0.501266,	1,	1,	1,	1,	1,	1,	1,	1,	1,	1,	1,	
0.5,0.5,	0.999974,2.59055e-05,	0.999849,0.000151425,	0.998187,0.00181342,	0.985232,0.0147681,	0.939269,0.0607314,	0.848562,0.151438,	0.748194,0.251806,	0.618972,0.381028,	0.620412,0.379588,	0.498731,0.501269,	1,	1,	1,	1,	1,	1,	1,	1,	1,	1,	1,	
0.5,0.5,	0.999979,2.12992e-05,	0.999871,0.000129245,	0.998375,0.00162508,	0.986097,0.0139032,	0.941375,0.0586247,	0.851084,0.148916,	0.751751,0.248249,	0.621121,0.378879,	0.623288,0.376712,	0.498562,0.501438,	1,	1,	1,	1,	1,	1,	1,	1,	1,	1,	1,	
0.5,0.5,	0.999982,1.75466e-05,	0.99989,0.00011049,	0.998541,0.00145863,	0.986887,0.0131131,	0.943404,0.0565956,	0.853486,0.146514,	0.754279,0.245721,	0.623039,0.376961,	0.62623,0.37377,	0.498821,0.501179,	1,	1,	1,	1,	1,	1,	1,	1,	1,	1,	1,	
0.5,0.5,	0.999986,1.4462e-05,	0.999906,9.44928e-05,	0.99869,0.00130964,	0.987604,0.0123962,	0.94534,0.0546601,	0.855602,0.144398,	0.756829,0.243171,	0.624479,0.375521,	0.629116,0.370884,	0.498818,0.501182,	1,	1,	1,	1,	1,	1,	1,	1,	1,	1,	1,	
0.5,0.5,	0.999988,1.1934e-05,	0.999919,8.08896e-05,	0.998823,0.00117678,	0.988266,0.0117342,	0.947217,0.052783,	0.858146,0.141854,	0.760459,0.239541,	0.627215,0.372785,	0.63151,0.36849,	0.498367,0.501633,	1,	1,	1,	1,	1,	1,	1,	1,	1,	1,	1,	
0.5,0.5,	0.99999,9.83755e-06,	0.999931,6.92005e-05,	0.998943,0.00105745,	0.988902,0.0110982,	0.949184,0.0508163,	0.860616,0.139384,	0.764241,0.235759,	0.629436,0.370564,	0.633651,0.366349,	0.498671,0.501329,	1,	1,	1,	1,	1,	1,	1,	1,	1,	1,	1,	
0.5,0.5,	0.999992,8.08888e-06,	0.999941,5.90817e-05,	0.999051,0.000949347,	0.989528,0.0104716,	0.951154,0.0488455,	0.863423,0.136577,	0.767769,0.232231,	0.632601,0.367399,	0.636117,0.363883,	0.498852,0.501148,	1,	1,	1,	1,	1,	1,	1,	1,	1,	1,	1,	
0.5,0.5,	0.999993,6.66124e-06,	0.999949,5.05089e-05,	0.999147,0.000853426,	0.990112,0.00988816,	0.953183,0.0468171,	0.865391,0.134609,	0.769251,0.230749,	0.634571,0.365429,	0.638488,0.361512,	0.498652,0.501348,	1,	1,	1,	1,	1,	1,	1,	1,	1,	1,	1,	
0.5,0.5,	0.999995,5.48244e-06,	0.999957,4.3167e-05,	0.999233,0.000767104,	0.990659,0.00934069,	0.955334,0.0446664,	0.867326,0.132674,	0.77204,0.22796,	0.636304,0.363696,	0.641472,0.358528,	0.49891,0.50109,	1,	1,	1,	1,	1,	1,	1,	1,	1,	1,	1,	
0.5,0.5,	0.999995,4.50674e-06,	0.999963,3.68559e-05,	0.999311,0.000689046,	0.991172,0.00882787,	0.957447,0.0425534,	0.869082,0.130918,	0.773861,0.226139,	0.639115,0.360885,	0.644236,0.355764,	0.499152,0.500848,	1,	1,	1,	1,	1,	1,	1,	1,	1,	1,	1,	
0.5,0.5,	0.999996,3.70427e-06,	0.999969,3.14646e-05,	0.999381,0.000618843,	0.991648,0.00835164,	0.959525,0.0404749,	0.871985,0.128015,	0.775528,0.224472,	0.642176,0.357824,	0.646686,0.353314,	0.49916,0.50084,	1,	1,	1,	1,	1,	1,	1,	1,	1,	1,	1,	
0.5,0.5,	0.999997,3.04059e-06,	0.999973,2.68328e-05,	0.999445,0.000554746,	0.992097,0.00790349,	0.961633,0.038367,	0.873682,0.126318,	0.777236,0.222764,	0.644522,0.355478,	0.649983,0.350017,	0.499619,0.500381,	1,	1,	1,	1,	1,	1,	1,	1,	1,	1,	1,	
0.5,0.5,	0.999998,2.49622e-06,	0.999977,2.28858e-05,	0.999503,0.000497329,	0.992521,0.00747871,	0.963676,0.036324,	0.875632,0.124368,	0.779334,0.220666,	0.646463,0.353537,	0.652747,0.347253,	0.499891,0.500109,	1,	1,	1,	1,	1,	1,	1,	1,	1,	1,	1,	
0.5,0.5,	0.999998,2.04614e-06,	0.999981,1.9495e-05,	0.999554,0.00044568,	0.992934,0.00706578,	0.965645,0.0343549,	0.878306,0.121694,	0.781461,0.218539,	0.648023,0.351977,	0.656036,0.343964,	0.4997,0.5003,	1,	1,	1,	1,	1,	1,	1,	1,	1,	1,	1,	
0.5,0.5,	0.999998,1.67742e-06,	0.999983,1.66082e-05,	0.999601,0.000399485,	0.993326,0.00667381,	0.967438,0.0325622,	0.880792,0.119208,	0.78357,0.21643,	0.649647,0.350353,	0.658069,0.341931,	0.499706,0.500294,	1,	1,	1,	1,	1,	1,	1,	1,	1,	1,	1,	
0.5,0.5,	0.999999,1.37698e-06,	0.999986,1.41642e-05,	0.999642,0.000358341,	0.993691,0.00630911,	0.969113,0.030887,	0.883231,0.116769,	0.786772,0.213228,	0.651381,0.348619,	0.660536,0.339464,	0.499664,0.500336,	1,	1,	1,	1,	1,	1,	1,	1,	1,	1,	1,	
0.5,0.5,	0.999999,1.13018e-06,	0.999988,1.20783e-05,	0.999679,0.000321406,	0.994034,0.00596583,	0.970717,0.0292828,	0.885958,0.114042,	0.7896,0.2104,	0.653662,0.346338,	0.66247,0.33753,	0.500074,0.499926,	1,	1,	1,	1,	1,	1,	1,	1,	1,	1,	1,	
0.5,0.5,	0.999999,9.26068e-07,	0.99999,1.02857e-05,	0.999712,0.000288012,	0.99436,0.00563963,	0.972198,0.0278022,	0.888868,0.111132,	0.792277,0.207723,	0.655786,0.344214,	0.66464,0.33536,	0.500022,0.499978,	1,	1,	1,	1,	1,	1,	1,	1,	1,	1,	1,	
0.5,0.5,	0.999999,7.58443e-07,	0.999991,8.75571e-06,	0.999742,0.000258016,	0.994666,0.00533426,	0.973639,0.0263608,	0.892272,0.107728,	0.795024,0.204976,	0.657528,0.342472,	0.667546,0.332454,	0.499658,0.500342,	1,	1,	1,	1,	1,	1,	1,	1,	1,	1,	1,	
0.5,0.5,	0.999999,6.20352e-07,	0.999993,7.44547e-06,	0.999769,0.000230977,	0.994961,0.00503859,	0.974973,0.0250272,	0.895614,0.104386,	0.79691,0.20309,	0.658811,0.341189,	0.66977,0.33023,	0.499762,0.500238,	1,	1,	1,	1,	1,	1,	1,	1,	1,	1,	1,	
0.5,0.5,	0.999999,5.09168e-07,	0.999994,6.34905e-06,	0.999793,0.000207167,	0.995235,0.00476548,	0.976222,0.023778,	0.898312,0.101688,	0.79961,0.20039,	0.660524,0.339476,	0.671871,0.328129,	0.499854,0.500146,	1,	1,	1,	1,	1,	1,	1,	1,	1,	1,	1,	
0.5,0.5,	1,4.19003e-07,	0.999995,5.42549e-06,	0.999814,0.000186077,	0.995489,0.00451075,	0.977406,0.022594,	0.900603,0.0993967,	0.803037,0.196963,	0.66254,0.33746,	0.674053,0.325947,	0.499991,0.500009,	1,	1,	1,	1,	1,	1,	1,	1,	1,	1,	1,	
0.5,0.5,	1,3.43111e-07,	0.999995,4.61789e-06,	0.999833,0.000166681,	0.995736,0.00426405,	0.978521,0.0214791,	0.903085,0.0969151,	0.806155,0.193845,	0.664326,0.335674,	0.676498,0.323502,	0.499765,0.500235,	1,	1,	1,	1,	1,	1,	1,	1,	1,	1,	1,	
0.5,0.5,	1,2.80709e-07,	0.999996,3.92763e-06,	0.999851,0.000149232,	0.995969,0.00403093,	0.979645,0.0203555,	0.905272,0.0947279,	0.809105,0.190895,	0.665849,0.334151,	0.67839,0.32161,	0.499594,0.500406,	1,	1,	1,	1,	1,	1,	1,	1,	1,	1,	1,	
0.5,0.5,	1,2.29645e-07,	0.999997,3.3404e-06,	0.999866,0.000133606,	0.996188,0.00381178,	0.980726,0.0192738,	0.906819,0.0931806,	0.811122,0.188878,	0.668073,0.331927,	0.681297,0.318703,	0.499675,0.500325,	1,	1,	1,	1,	1,	1,	1,	1,	1,	1,	1,	
0.5,0.5,	1,1.8769e-07,	0.999997,2.83879e-06,	0.99988,0.000119553,	0.996397,0.00360277,	0.981733,0.0182669,	0.90874,0.0912601,	0.814957,0.185043,	0.67135,0.32865,	0.684393,0.315607,	0.499751,0.500249,	1,	1,	1,	1,	1,	1,	1,	1,	1,	1,	1,	
0.5,0.5,	1,1.5344e-07,	0.999998,2.413e-06,	0.999893,0.000106993,	0.996604,0.00339649,	0.982651,0.017349,	0.911628,0.0883723,	0.818051,0.181949,	0.674037,0.325963,	0.686712,0.313288,	0.500119,0.499881,	1,	1,	1,	1,	1,	1,	1,	1,	1,	1,	1,	
0.5,0.5,	1,1.25388e-07,	0.999998,2.05038e-06,	0.999904,9.57307e-05,	0.996804,0.00319611,	0.983475,0.0165246,	0.914664,0.0853355,	0.821396,0.178604,	0.676804,0.323196,	0.689632,0.310368,	0.499786,0.500214,	1,	1,	1,	1,	1,	1,	1,	1,	1,	1,	1,	
0.5,0.5,	1,1.02496e-07,	0.999998,1.7427e-06,	0.999914,8.56684e-05,	0.996991,0.00300881,	0.98428,0.0157204,	0.917019,0.0829809,	0.824197,0.175803,	0.678272,0.321728,	0.691504,0.308496,	0.499627,0.500373,	1,	1,	1,	1,	1,	1,	1,	1,	1,	1,	1,	
0.5,0.5,	1,8.37527e-08,	0.999999,1.48075e-06,	0.999923,7.66483e-05,	0.997167,0.00283326,	0.985012,0.0149876,	0.918999,0.0810009,	0.826497,0.173503,	0.680701,0.319299,	0.693911,0.306089,	0.499604,0.500396,	1,	1,	1,	1,	1,	1,	1,	1,	1,	1,	1,	
0.5,0.5,	1,6.83342e-08,	0.999999,1.25665e-06,	0.999931,6.8521e-05,	0.997333,0.0026672,	0.985688,0.0143117,	0.921159,0.0788408,	0.828655,0.171345,	0.681061,0.318939,	0.694951,0.305049,	0.499424,0.500576,	1,	1,	1,	1,	1,	1,	1,	1,	1,	1,	1,	
0.5,0.5,	1,5.58603e-08,	0.999999,1.0681e-06,	0.999939,6.13197e-05,	0.997487,0.00251283,	0.986315,0.0136846,	0.922797,0.0772032,	0.829833,0.170167,	0.682742,0.317258,	0.696923,0.303077,	0.499601,0.500399,	1,	1,	1,	1,	1,	1,	1,	1,	1,	1,	1,	
0.5,0.5,	1,4.56048e-08,	0.999999,9.06903e-07,	0.999945,5.48363e-05,	0.997633,0.00236679,	0.98689,0.0131095,	0.924047,0.0759535,	0.831027,0.168973,	0.684619,0.315381,	0.699161,0.300839,	0.499394,0.500606,	1,	1,	1,	1,	1,	1,	1,	1,	1,	1,	1,	
0.5,0.5,	1,3.72889e-08,	0.999999,7.7098e-07,	0.999951,4.90796e-05,	0.997768,0.00223177,	0.98742,0.0125804,	0.925045,0.0749549,	0.831985,0.168015,	0.685466,0.314534,	0.700848,0.299152,	0.49977,0.50023,	1,	1,	1,	1,	1,	1,	1,	1,	1,	1,	1,	
0.5,0.5,	1,3.0482e-08,	0.999999,6.553e-07,	0.999956,4.39215e-05,	0.997897,0.00210271,	0.987917,0.0120833,	0.925961,0.0740388,	0.832657,0.167343,	0.687284,0.312716,	0.703279,0.296721,	0.499748,0.500252,	1,	1,	1,	1,	1,	1,	1,	1,	1,	1,	1,	
0.5,0.5,	1,2.48684e-08,	0.999999,5.56088e-07,	0.999961,3.92625e-05,	0.998025,0.00197494,	0.988376,0.0116236,	0.927142,0.0728585,	0.835008,0.164992,	0.689921,0.310079,	0.706127,0.293873,	0.499901,0.500099,	1,	1,	1,	1,	1,	1,	1,	1,	1,	1,	1,	
0.5,0.5,	1,2.02636e-08,	1,4.7143e-07,	0.999965,3.5074e-05,	0.998145,0.0018548,	0.988833,0.0111667,	0.928599,0.0714015,	0.838047,0.161953,	0.692422,0.307578,	0.709121,0.290879,	0.500057,0.499943,	1,	1,	1,	1,	1,	1,	1,	1,	1,	1,	1,	
0.5,0.5,	1,1.64701e-08,	1,3.98849e-07,	0.999969,3.12889e-05,	0.998259,0.00174052,	0.989293,0.0107072,	0.930522,0.0694777,	0.839976,0.160024,	0.694386,0.305614,	0.711761,0.288239,	0.500077,0.499923,	1,	1,	1,	1,	1,	1,	1,	1,	1,	1,	1,	
0.5,0.5,	1,1.3404e-08,	1,3.37796e-07,	0.999972,2.79323e-05,	0.998368,0.00163212,	0.989734,0.0102665,	0.932683,0.0673166,	0.842411,0.157589,	0.696463,0.303537,	0.714338,0.285662,	0.500035,0.499965,	1,	1,	1,	1,	1,	1,	1,	1,	1,	1,	1,	
0.5,0.5,	1,1.0939e-08,	1,2.86727e-07,	0.999975,2.49737e-05,	0.998468,0.00153195,	0.990152,0.00984761,	0.934537,0.0654633,	0.844569,0.155431,	0.697776,0.302224,	0.716634,0.283366,	0.500135,0.499865,	1,	1,	1,	1,	1,	1,	1,	1,	1,	1,	1,	
0.5,0.5,	1,8.90316e-09,	1,2.42849e-07,	0.999978,2.22953e-05,	0.998563,0.00143719,	0.990549,0.00945109,	0.936327,0.063673,	0.847338,0.152662,	0.699381,0.300619,	0.71862,0.28138,	0.49996,0.50004,	1,	1,	1,	1,	1,	1,	1,	1,	1,	1,	1,	
0.5,0.5,	1,7.27116e-09,	1,2.06257e-07,	0.99998,1.99418e-05,	0.99865,0.00134987,	0.990949,0.00905142,	0.937862,0.0621384,	0.849985,0.150015,	0.701167,0.298833,	0.720863,0.279137,	0.500382,0.499618,	1,	1,	1,	1,	1,	1,	1,	1,	1,	1,	1,	
0.5,0.5,	1,5.92984e-09,	1,1.74976e-07,	0.999982,1.78228e-05,	0.998733,0.00126735,	0.991346,0.00865359,	0.939584,0.0604159,	0.852443,0.147557,	0.7033,0.2967,	0.72312,0.27688,	0.500552,0.499448,	1,	1,	1,	1,	1,	1,	1,	1,	1,	1,	1,	
0.5,0.5,	1,4.83082e-09,	1,1.48312e-07,	0.999984,1.59195e-05,	0.99881,0.00118965,	0.991741,0.00825886,	0.941174,0.0588264,	0.854604,0.145396,	0.706203,0.293797,	0.725671,0.274329,	0.50055,0.49945,	1,	1,	1,	1,	1,	1,	1,	1,	1,	1,	1,	
0.5,0.5,	1,3.93013e-09,	1,1.25574e-07,	0.999986,1.42089e-05,	0.998885,0.00111532,	0.992121,0.0078791,	0.942717,0.0572831,	0.854862,0.145138,	0.707585,0.292415,	0.728088,0.271912,	0.501025,0.498975,	1,	1,	1,	1,	1,	1,	1,	1,	1,	1,	1,	
0.5,0.5,	1,3.20115e-09,	1,1.06423e-07,	0.999987,1.26903e-05,	0.998954,0.00104553,	0.99247,0.00753008,	0.944204,0.055796,	0.85596,0.14404,	0.710933,0.289067,	0.730508,0.269492,	0.500918,0.499082,	1,	1,	1,	1,	1,	1,	1,	1,	1,	1,	1,	
0.5,0.5,	1,2.60322e-09,	1,9.00761e-08,	0.999989,1.13241e-05,	0.99902,0.000979748,	0.992798,0.00720233,	0.945517,0.0544827,	0.857825,0.142175,	0.713297,0.286703,	0.732191,0.267809,	0.501014,0.498986,	1,	1,	1,	1,	1,	1,	1,	1,	1,	1,	1,	
0.5,0.5,	1,2.11544e-09,	1,7.61956e-08,	0.99999,1.01009e-05,	0.999082,0.000917906,	0.993112,0.00688757,	0.946855,0.0531448,	0.860167,0.139833,	0.715071,0.284929,	0.734314,0.265686,	0.501154,0.498846,	1,	1,	1,	1,	1,	1,	1,	1,	1,	1,	1,	
0.5,0.5,	1,1.72074e-09,	1,6.4505e-08,	0.999991,9.01464e-06,	0.99914,0.000860235,	0.993415,0.00658509,	0.948222,0.0517781,	0.862057,0.137943,	0.71629,0.28371,	0.735993,0.264007,	0.501259,0.498741,	1,	1,	1,	1,	1,	1,	1,	1,	1,	1,	1,	
0.5,0.5,	1,1.39942e-09,	1,5.45998e-08,	0.999992,8.0444e-06,	0.999194,0.00080614,	0.9937,0.00629971,	0.949581,0.0504194,	0.864179,0.135821,	0.718562,0.281438,	0.737896,0.262104,	0.500852,0.499148,	1,	1,	1,	1,	1,	1,	1,	1,	1,	1,	1,	
0.5,0.5,	1,1.13718e-09,	1,4.61857e-08,	0.999993,7.17541e-06,	0.999245,0.00075535,	0.993971,0.00602905,	0.950947,0.0490529,	0.866465,0.133535,	0.720566,0.279434,	0.740018,0.259982,	0.50102,0.49898,	1,	1,	1,	1,	1,	1,	1,	1,	1,	1,	1,	
0.5,0.5,	1,9.22996e-10,	1,3.90309e-08,	0.999994,6.3961e-06,	0.999292,0.000707611,	0.994224,0.00577639,	0.952448,0.0475516,	0.8678,0.1322,	0.721903,0.278097,	0.741856,0.258144,	0.500788,0.499212,	1,	1,	1,	1,	1,	1,	1,	1,	1,	1,	1,	
0.5,0.5,	1,7.50639e-10,	1,3.30373e-08,	0.999994,5.70769e-06,	0.999337,0.000663334,	0.994466,0.00553429,	0.953993,0.0460068,	0.868613,0.131387,	0.722887,0.277113,	0.743663,0.256337,	0.500814,0.499186,	1,	1,	1,	1,	1,	1,	1,	1,	1,	1,	1,	
0.5,0.5,	1,6.10103e-10,	1,2.79507e-08,	0.999995,5.09168e-06,	0.999378,0.000621714,	0.994698,0.00530174,	0.955336,0.0446638,	0.870592,0.129408,	0.725349,0.274651,	0.745228,0.254772,	0.50045,0.49955,	1,	1,	1,	1,	1,	1,	1,	1,	1,	1,	1,	
0.5,0.5,	1,4.96278e-10,	1,2.36626e-08,	0.999995,4.54418e-06,	0.999417,0.000582971,	0.994918,0.00508184,	0.956497,0.0435034,	0.872873,0.127127,	0.727625,0.272375,	0.747392,0.252608,	0.500772,0.499228,	1,	1,	1,	1,	1,	1,	1,	1,	1,	1,	1,	
0.5,0.5,	1,4.02971e-10,	1,2.00036e-08,	0.999996,4.05157e-06,	0.999454,0.000546363,	0.995129,0.00487088,	0.957567,0.0424327,	0.875102,0.124898,	0.7287,0.2713,	0.749177,0.250823,	0.500657,0.499343,	1,	1,	1,	1,	1,	1,	1,	1,	1,	1,	1,	
0.5,0.5,	1,3.27153e-10,	1,1.69081e-08,	0.999996,3.61204e-06,	0.999488,0.000512025,	0.995344,0.00465604,	0.958702,0.0412981,	0.876684,0.123316,	0.72929,0.27071,	0.751018,0.248982,	0.500991,0.499009,	1,	1,	1,	1,	1,	1,	1,	1,	1,	1,	1,	
0.5,0.5,	1,2.66383e-10,	1,1.43257e-08,	0.999997,3.22541e-06,	0.99952,0.000480335,	0.995556,0.00444438,	0.959992,0.0400078,	0.877646,0.122354,	0.731083,0.268917,	0.753649,0.246351,	0.501177,0.498823,	1,	1,	1,	1,	1,	1,	1,	1,	1,	1,	1,	
0.5,0.5,	1,2.15821e-10,	1,1.20889e-08,	0.999997,2.87226e-06,	0.99955,0.000449934,	0.995762,0.00423803,	0.961598,0.0384022,	0.879735,0.120265,	0.732896,0.267104,	0.755678,0.244322,	0.501197,0.498803,	1,	1,	1,	1,	1,	1,	1,	1,	1,	1,	1,	
0.5,0.5,	1,1.74764e-10,	1,1.0197e-08,	0.999997,2.55703e-06,	0.999579,0.00042147,	0.995956,0.00404409,	0.963013,0.036987,	0.881601,0.118399,	0.734885,0.265115,	0.757673,0.242327,	0.501377,0.498623,	1,	1,	1,	1,	1,	1,	1,	1,	1,	1,	1,	
0.5,0.5,	1,1.41919e-10,	1,8.62086e-09,	0.999998,2.27995e-06,	0.999605,0.000395217,	0.996136,0.00386403,	0.96421,0.0357904,	0.883048,0.116952,	0.737099,0.262901,	0.75949,0.24051,	0.501646,0.498354,	1,	1,	1,	1,	1,	1,	1,	1,	1,	1,	1,	
0.5,0.5,	1,1.14992e-10,	1,7.27535e-09,	0.999998,2.03042e-06,	0.99963,0.000370346,	0.996313,0.00368748,	0.965354,0.034646,	0.884787,0.115213,	0.738517,0.261483,	0.761194,0.238806,	0.501622,0.498378,	1,	1,	1,	1,	1,	1,	1,	1,	1,	1,	1,	
0.5,0.5,	1,9.31879e-11,	1,6.14056e-09,	0.999998,1.80835e-06,	0.999653,0.000347052,	0.996486,0.00351362,	0.966449,0.0335511,	0.886393,0.113607,	0.740295,0.259705,	0.762883,0.237117,	0.501556,0.498444,	1,	1,	1,	1,	1,	1,	1,	1,	1,	1,	1,	
0.5,0.5,	1,7.54404e-11,	1,5.17848e-09,	0.999998,1.60965e-06,	0.999675,0.00032512,	0.996654,0.00334563,	0.96748,0.0325205,	0.888196,0.111804,	0.742705,0.257295,	0.764837,0.235163,	0.501418,0.498582,	1,	1,	1,	1,	1,	1,	1,	1,	1,	1,	1,	
0.5,0.5,	1,6.11838e-11,	1,4.37353e-09,	0.999999,1.43422e-06,	0.999695,0.000304783,	0.996812,0.00318783,	0.968628,0.0313723,	0.88939,0.11061,	0.745148,0.254852,	0.766742,0.233258,	0.501467,0.498533,	1,	1,	1,	1,	1,	1,	1,	1,	1,	1,	1,	
0.5,0.5,	1,4.94735e-11,	1,3.68481e-09,	0.999999,1.27581e-06,	0.999715,0.000285454,	0.996963,0.00303731,	0.969835,0.0301651,	0.891529,0.108471,	0.747727,0.252273,	0.768186,0.231814,	0.501546,0.498454,	1,	1,	1,	1,	1,	1,	1,	1,	1,	1,	1,	
0.5,0.5,	1,4.00276e-11,	1,3.106e-09,	0.999999,1.13525e-06,	0.999733,0.0002674,	0.997111,0.00288887,	0.971073,0.0289268,	0.893067,0.106933,	0.750804,0.249196,	0.770098,0.229902,	0.501956,0.498044,	1,	1,	1,	1,	1,	1,	1,	1,	1,	1,	1,	
0.5,0.5,	1,3.23889e-11,	1,2.61835e-09,	0.999999,1.01025e-06,	0.99975,0.000250498,	0.997252,0.00274842,	0.972219,0.0277813,	0.894779,0.105221,	0.752896,0.247104,	0.771998,0.228002,	0.502184,0.497816,	1,	1,	1,	1,	1,	1,	1,	1,	1,	1,	1,	
0.5,0.5,	1,2.62096e-11,	1,2.20738e-09,	0.999999,8.99036e-07,	0.999765,0.000234669,	0.997385,0.00261535,	0.973226,0.0267742,	0.896116,0.103884,	0.755544,0.244456,	0.773993,0.226007,	0.502312,0.497688,	1,	1,	1,	1,	1,	1,	1,	1,	1,	1,	1,	
0.5,0.5,	1,2.11993e-11,	1,1.86021e-09,	0.999999,7.99864e-07,	0.99978,0.000219808,	0.99751,0.00248983,	0.974145,0.0258546,	0.897726,0.102274,	0.756307,0.243693,	0.775488,0.224512,	0.502151,0.497849,	1,	1,	1,	1,	1,	1,	1,	1,	1,	1,	1,	
0.5,0.5,	1,1.71361e-11,	1,1.56685e-09,	0.999999,7.11385e-07,	0.999794,0.000205863,	0.997628,0.00237155,	0.975088,0.0249117,	0.899415,0.100585,	0.758484,0.241516,	0.777218,0.222782,	0.502239,0.497761,	1,	1,	1,	1,	1,	1,	1,	1,	1,	1,	1,	
0.5,0.5,	1,1.38435e-11,	1,1.31913e-09,	0.999999,6.32488e-07,	0.999807,0.000192822,	0.997741,0.00225908,	0.975894,0.0241062,	0.900718,0.0992823,	0.760739,0.239261,	0.779204,0.220796,	0.502252,0.497748,	1,	1,	1,	1,	1,	1,	1,	1,	1,	1,	1,	
0.5,0.5,	1,1.11814e-11,	1,1.1104e-09,	0.999999,5.62282e-07,	0.999819,0.000180611,	0.997847,0.00215271,	0.976745,0.0232546,	0.90196,0.0980397,	0.762475,0.237525,	0.781498,0.218502,	0.501691,0.498309,	1,	1,	1,	1,	1,	1,	1,	1,	1,	1,	1,	
0.5,0.5,	1,9.03085e-12,	1,9.3467e-10,	1,4.99857e-07,	0.999831,0.000169205,	0.997948,0.0020518,	0.977579,0.0224214,	0.903562,0.0964376,	0.762893,0.237107,	0.783512,0.216488,	0.501818,0.498182,	1,	1,	1,	1,	1,	1,	1,	1,	1,	1,	1,	
0.5,0.5,	1,7.30753e-12,	1,7.87933e-10,	1,4.4482e-07,	0.999841,0.000158667,	0.998043,0.00195684,	0.978287,0.0217132,	0.905596,0.0944042,	0.764685,0.235315,	0.785992,0.214008,	0.501788,0.498212,	1,	1,	1,	1,	1,	1,	1,	1,	1,	1,	1,	
0.5,0.5,	1,5.89576e-12,	1,6.62664e-10,	1,3.95203e-07,	0.999851,0.000148652,	0.998134,0.00186618,	0.978979,0.0210214,	0.908083,0.0919173,	0.76748,0.23252,	0.78827,0.21173,	0.501653,0.498347,	1,	1,	1,	1,	1,	1,	1,	1,	1,	1,	1,	
0.5,0.5,	1,4.75542e-12,	1,5.57187e-10,	1,3.51068e-07,	0.999861,0.000139258,	0.99822,0.00177996,	0.979686,0.0203142,	0.910168,0.0898317,	0.769475,0.230525,	0.79034,0.20966,	0.502227,0.497773,	1,	1,	1,	1,	1,	1,	1,	1,	1,	1,	1,	
0.5,0.5,	1,3.83954e-12,	1,4.68882e-10,	1,3.12036e-07,	0.99987,0.000130498,	0.998302,0.00169846,	0.98036,0.0196398,	0.911497,0.0885031,	0.770809,0.229191,	0.792464,0.207536,	0.502369,0.497631,	1,	1,	1,	1,	1,	1,	1,	1,	1,	1,	1,	
0.5,0.5,	1,3.09423e-12,	1,3.93975e-10,	1,2.77056e-07,	0.999878,0.00012222,	0.998379,0.00162096,	0.981049,0.0189506,	0.912954,0.0870462,	0.773147,0.226853,	0.794063,0.205937,	0.502245,0.497755,	1,	1,	1,	1,	1,	1,	1,	1,	1,	1,	1,	
0.5,0.5,	1,2.49478e-12,	1,3.31161e-10,	1,2.46062e-07,	0.999886,0.000114483,	0.998454,0.00154588,	0.981719,0.0182807,	0.914197,0.0858027,	0.774609,0.225391,	0.796061,0.203939,	0.50235,0.49765,	1,	1,	1,	1,	1,	1,	1,	1,	1,	1,	1,	
0.5,0.5,	1,2.01927e-12,	1,2.79233e-10,	1,2.19003e-07,	0.999893,0.000107362,	0.998525,0.00147478,	0.98238,0.0176197,	0.915387,0.0846132,	0.777112,0.222888,	0.798318,0.201682,	0.502147,0.497853,	1,	1,	1,	1,	1,	1,	1,	1,	1,	1,	1,	
0.5,0.5,	1,1.62571e-12,	1,2.34438e-10,	1,1.94347e-07,	0.999899,0.000100522,	0.998595,0.00140542,	0.982983,0.0170171,	0.916393,0.0836072,	0.778717,0.221283,	0.799974,0.200026,	0.502429,0.497571,	1,	1,	1,	1,	1,	1,	1,	1,	1,	1,	1,	
0.5,0.5,	1,1.30853e-12,	1,1.9679e-10,	1,1.72444e-07,	0.999906,9.41099e-05,	0.998661,0.00133936,	0.983607,0.0163933,	0.918147,0.0818529,	0.780111,0.219889,	0.801379,0.198621,	0.502403,0.497597,	1,	1,	1,	1,	1,	1,	1,	1,	1,	1,	1,	
0.5,0.5,	1,1.05492e-12,	1,1.65401e-10,	1,1.53145e-07,	0.999912,8.81501e-05,	0.998723,0.00127686,	0.984234,0.0157659,	0.919773,0.0802274,	0.781238,0.218762,	0.802908,0.197092,	0.502542,0.497458,	1,	1,	1,	1,	1,	1,	1,	1,	1,	1,	1,	
0.5,0.5,	1,8.50076e-13,	1,1.38968e-10,	1,1.35971e-07,	0.999917,8.25562e-05,	0.998783,0.00121722,	0.9848,0.0151999,	0.921448,0.0785522,	0.782336,0.217664,	0.804369,0.195631,	0.502819,0.497181,	1,	1,	1,	1,	1,	1,	1,	1,	1,	1,	1,	
0.5,0.5,	1,6.85197e-13,	1,1.16785e-10,	1,1.20741e-07,	0.999923,7.73239e-05,	0.998839,0.00116116,	0.985302,0.0146978,	0.922766,0.0772343,	0.783525,0.216475,	0.805841,0.194159,	0.502922,0.497078,	1,	1,	1,	1,	1,	1,	1,	1,	1,	1,	1,	
0.5,0.5,	1,5.51947e-13,	1,9.80926e-11,	1,1.0718e-07,	0.999928,7.24094e-05,	0.998892,0.00110779,	0.985757,0.0142431,	0.923682,0.0763179,	0.784507,0.215493,	0.807472,0.192528,	0.502906,0.497094,	1,	1,	1,	1,	1,	1,	1,	1,	1,	1,	1,	
0.5,0.5,	1,4.45206e-13,	1,8.24813e-11,	1,9.52122e-08,	0.999932,6.78347e-05,	0.998942,0.00105763,	0.986219,0.0137809,	0.925226,0.0747737,	0.786874,0.213126,	0.808832,0.191168,	0.503543,0.496457,	1,	1,	1,	1,	1,	1,	1,	1,	1,	1,	1,	
0.5,0.5,	1,3.57919e-13,	1,6.91693e-11,	1,8.44263e-08,	0.999937,6.34851e-05,	0.998991,0.00100925,	0.986665,0.0133355,	0.926721,0.0732793,	0.789166,0.210834,	0.810623,0.189377,	0.503387,0.496613,	1,	1,	1,	1,	1,	1,	1,	1,	1,	1,	1,	
0.5,0.5,	1,2.88751e-13,	1,5.81692e-11,	1,7.50063e-08,	0.999941,5.94773e-05,	0.999036,0.000963793,	0.987105,0.0128949,	0.928194,0.0718063,	0.791115,0.208885,	0.812146,0.187854,	0.503369,0.496631,	1,	1,	1,	1,	1,	1,	1,	1,	1,	1,	1,	
0.5,0.5,	1,2.32581e-13,	1,4.88559e-11,	1,6.65792e-08,	0.999944,5.56957e-05,	0.99908,0.00092009,	0.987526,0.0124742,	0.929446,0.0705538,	0.79177,0.20823,	0.812733,0.187267,	0.503489,0.496511,	1,	1,	1,	1,	1,	1,	1,	1,	1,	1,	1,	
0.5,0.5,	1,1.87044e-13,	1,4.09819e-11,	1,5.90478e-08,	0.999948,5.21299e-05,	0.999122,0.000878111,	0.987906,0.0120943,	0.930486,0.0695144,	0.792978,0.207022,	0.814474,0.185526,	0.503893,0.496107,	1,	1,	1,	1,	1,	1,	1,	1,	1,	1,	1,	
0.5,0.5,	1,1.50721e-13,	1,3.4432e-11,	1,5.24256e-08,	0.999951,4.88218e-05,	0.999162,0.000838406,	0.988255,0.0117454,	0.931946,0.0680541,	0.795092,0.204908,	0.816046,0.183954,	0.50398,0.49602,	1,	1,	1,	1,	1,	1,	1,	1,	1,	1,	1,	
0.5,0.5,	1,1.21452e-13,	1,2.8929e-11,	1,4.65462e-08,	0.999954,4.57236e-05,	0.999199,0.000800535,	0.988591,0.0114091,	0.933334,0.066666,	0.796771,0.203229,	0.817351,0.182649,	0.503974,0.496026,	1,	1,	1,	1,	1,	1,	1,	1,	1,	1,	1,	
0.5,0.5,	1,9.77012e-14,	1,2.42722e-11,	1,4.12875e-08,	0.999957,4.28e-05,	0.999236,0.000764099,	0.988931,0.0110693,	0.934373,0.0656274,	0.797827,0.202173,	0.818513,0.181487,	0.504072,0.495928,	1,	1,	1,	1,	1,	1,	1,	1,	1,	1,	1,	
0.5,0.5,	1,7.85123e-14,	1,2.03477e-11,	1,3.66017e-08,	0.99996,4.00505e-05,	0.999271,0.000729173,	0.989233,0.0107675,	0.934909,0.0650912,	0.799146,0.200854,	0.820189,0.179811,	0.50437,0.49563,	1,	1,	1,	1,	1,	1,	1,	1,	1,	1,	1,	
0.5,0.5,	1,6.31421e-14,	1,1.70687e-11,	1,3.24619e-08,	0.999963,3.74867e-05,	0.999304,0.00069598,	0.989527,0.0104728,	0.936145,0.0638553,	0.801208,0.198792,	0.821664,0.178336,	0.504189,0.495811,	1,	1,	1,	1,	1,	1,	1,	1,	1,	1,	1,	
0.5,0.5,	1,5.07855e-14,	1,1.43192e-11,	1,2.87917e-08,	0.999965,3.5088e-05,	0.999336,0.000664309,	0.989849,0.0101514,	0.937346,0.0626542,	0.80275,0.19725,	0.822517,0.177483,	0.504077,0.495923,	1,	1,	1,	1,	1,	1,	1,	1,	1,	1,	1,	
0.5,0.5,	1,4.087e-14,	1,1.2018e-11,	1,2.55444e-08,	0.999967,3.28484e-05,	0.999366,0.000634154,	0.990156,0.00984446,	0.938121,0.0618789,	0.80417,0.19583,	0.823927,0.176073,	0.503954,0.496046,	1,	1,	1,	1,	1,	1,	1,	1,	1,	1,	1,	
0.5,0.5,	1,3.2881e-14,	1,1.00843e-11,	1,2.26597e-08,	0.999969,3.0749e-05,	0.999395,0.00060533,	0.990442,0.00955804,	0.938901,0.0610994,	0.805392,0.194608,	0.824584,0.175416,	0.503713,0.496287,	1,	1,	1,	1,	1,	1,	1,	1,	1,	1,	1,	
0.5,0.5,	1,2.6475e-14,	1,8.46719e-12,	1,2.01098e-08,	0.999971,2.87909e-05,	0.999422,0.000577902,	0.990722,0.00927821,	0.939991,0.0600091,	0.805729,0.194271,	0.8255,0.1745,	0.50385,0.49615,	1,	1,	1,	1,	1,	1,	1,	1,	1,	1,	1,	
0.5,0.5,	1,2.12648e-14,	1,7.0954e-12,	1,1.78227e-08,	0.999973,2.69373e-05,	0.999449,0.000551426,	0.990993,0.00900673,	0.94104,0.0589603,	0.806654,0.193346,	0.826796,0.173204,	0.503709,0.496291,	1,	1,	1,	1,	1,	1,	1,	1,	1,	1,	1,	
0.5,0.5,	1,1.70962e-14,	1,5.95039e-12,	1,1.5804e-08,	0.999975,2.52104e-05,	0.999474,0.000526278,	0.991264,0.00873564,	0.942006,0.0579936,	0.807425,0.192575,	0.827439,0.172561,	0.503713,0.496287,	1,	1,	1,	1,	1,	1,	1,	1,	1,	1,	1,	
0.5,0.5,	1,1.37556e-14,	1,4.99332e-12,	1,1.402e-08,	0.999976,2.35998e-05,	0.999498,0.000502382,	0.991533,0.0084674,	0.94281,0.0571904,	0.808493,0.191507,	0.828523,0.171477,	0.504113,0.495887,	1,	1,	1,	1,	1,	1,	1,	1,	1,	1,	1,	
0.5,0.5,	1,1.10422e-14,	1,4.18242e-12,	1,1.24216e-08,	0.999978,2.20766e-05,	0.999521,0.000479353,	0.991798,0.00820175,	0.943495,0.0565051,	0.809646,0.190354,	0.829537,0.170463,	0.504333,0.495667,	1,	1,	1,	1,	1,	1,	1,	1,	1,	1,	1,	
0.5,0.5,	1,8.88792e-15,	1,3.51078e-12,	1,1.10217e-08,	0.999979,2.06686e-05,	0.999542,0.000457739,	0.992058,0.00794216,	0.943913,0.0560866,	0.810825,0.189175,	0.830491,0.169509,	0.503988,0.496012,	1,	1,	1,	1,	1,	1,	1,	1,	1,	1,	1,	
0.5,0.5,	1,7.1377e-15,	1,2.94161e-12,	1,9.76737e-09,	0.999981,1.93371e-05,	0.999563,0.000436899,	0.992308,0.00769245,	0.9446,0.0554004,	0.811821,0.188179,	0.832122,0.167878,	0.504077,0.495923,	1,	1,	1,	1,	1,	1,	1,	1,	1,	1,	1,	
0.5,0.5,	1,5.72626e-15,	1,2.46269e-12,	1,8.65089e-09,	0.999982,1.80857e-05,	0.999583,0.000416913,	0.992572,0.00742793,	0.945341,0.0546588,	0.813282,0.186718,	0.834002,0.165998,	0.504547,0.495453,	1,	1,	1,	1,	1,	1,	1,	1,	1,	1,	1,	
0.5,0.5,	1,4.58297e-15,	1,2.05776e-12,	1,7.65197e-09,	0.999983,1.6903e-05,	0.999602,0.000397637,	0.992827,0.0071733,	0.946145,0.053855,	0.814279,0.185721,	0.834969,0.165031,	0.505119,0.494881,	1,	1,	1,	1,	1,	1,	1,	1,	1,	1,	1,	
0.5,0.5,	1,3.67563e-15,	1,1.72233e-12,	1,6.77619e-09,	0.999984,1.58077e-05,	0.999621,0.000379438,	0.993065,0.00693512,	0.947024,0.0529764,	0.816191,0.183809,	0.836402,0.163598,	0.505542,0.494458,	1,	1,	1,	1,	1,	1,	1,	1,	1,	1,	1,	
0.5,0.5,	1,2.94842e-15,	1,1.44176e-12,	1,6.00121e-09,	0.999985,1.47842e-05,	0.999638,0.000362095,	0.993299,0.00670137,	0.947817,0.0521826,	0.817739,0.182261,	0.837627,0.162373,	0.505597,0.494403,	1,	1,	1,	1,	1,	1,	1,	1,	1,	1,	1,	
0.5,0.5,	1,2.36391e-15,	1,1.20642e-12,	1,5.3134e-09,	0.999986,1.38248e-05,	0.999654,0.000345513,	0.99351,0.00648983,	0.948497,0.0515031,	0.818734,0.181266,	0.839151,0.160849,	0.505601,0.494399,	1,	1,	1,	1,	1,	1,	1,	1,	1,	1,	1,	
0.5,0.5,	1,1.89804e-15,	1,1.01068e-12,	1,4.70821e-09,	0.999987,1.29334e-05,	0.99967,0.000329795,	0.993707,0.00629251,	0.949167,0.0508333,	0.819119,0.180881,	0.840359,0.159641,	0.505854,0.494146,	1,	1,	1,	1,	1,	1,	1,	1,	1,	1,	1,	
0.5,0.5,	1,1.52217e-15,	1,8.45885e-13,	1,4.16921e-09,	0.999988,1.20951e-05,	0.999685,0.000314713,	0.993895,0.0061053,	0.949769,0.0502313,	0.82027,0.17973,	0.841923,0.158077,	0.506258,0.493742,	1,	1,	1,	1,	1,	1,	1,	1,	1,	1,	1,	
0.5,0.5,	1,1.21979e-15,	1,7.0752e-13,	1,3.69034e-09,	0.999989,1.13085e-05,	0.9997,0.000300266,	0.994075,0.00592485,	0.950467,0.0495328,	0.821423,0.178577,	0.843424,0.156576,	0.506291,0.493709,	1,	1,	1,	1,	1,	1,	1,	1,	1,	1,	1,	
0.5,0.5,	1,9.78212e-16,	1,5.92144e-13,	1,3.26782e-09,	0.999989,1.05755e-05,	0.999713,0.000286509,	0.994248,0.00575225,	0.951228,0.0487719,	0.823102,0.176898,	0.844872,0.155128,	0.50646,0.49354,	1,	1,	1,	1,	1,	1,	1,	1,	1,	1,	1,	
0.5,0.5,	1,7.85261e-16,	1,4.95983e-13,	1,2.89527e-09,	0.99999,9.89294e-06,	0.999727,0.000273438,	0.994421,0.0055791,	0.952064,0.0479356,	0.82389,0.17611,	0.845637,0.154363,	0.506428,0.493572,	1,	1,	1,	1,	1,	1,	1,	1,	1,	1,	1,	
0.5,0.5,	1,6.29594e-16,	1,4.15026e-13,	1,2.56346e-09,	0.999991,9.251e-06,	0.999739,0.000260899,	0.994587,0.00541255,	0.952655,0.047345,	0.825579,0.174421,	0.847269,0.152731,	0.506211,0.493789,	1,	1,	1,	1,	1,	1,	1,	1,	1,	1,	1,	
0.5,0.5,	1,5.03499e-16,	1,3.46568e-13,	1,2.26648e-09,	0.999991,8.64401e-06,	0.999751,0.000248802,	0.994757,0.00524274,	0.9534,0.0465998,	0.828184,0.171816,	0.848936,0.151064,	0.505566,0.494434,	1,	1,	1,	1,	1,	1,	1,	1,	1,	1,	1,	
0.5,0.5,	1,4.03157e-16,	1,2.89692e-13,	1,2.00528e-09,	0.999992,8.07988e-06,	0.999763,0.000237327,	0.994926,0.0050737,	0.954361,0.0456387,	0.830504,0.169496,	0.85068,0.14932,	0.506181,0.493819,	1,	1,	1,	1,	1,	1,	1,	1,	1,	1,	1,	
0.5,0.5,	1,3.23717e-16,	1,2.42697e-13,	1,1.77691e-09,	0.999992,7.55899e-06,	0.999773,0.000226516,	0.995097,0.00490309,	0.955162,0.044838,	0.832374,0.167626,	0.852239,0.147761,	0.506398,0.493602,	1,	1,	1,	1,	1,	1,	1,	1,	1,	1,	1,	
0.5,0.5,	1,2.59685e-16,	1,2.03171e-13,	1,1.57374e-09,	0.999993,7.06966e-06,	0.999784,0.000216157,	0.995268,0.00473217,	0.955705,0.0442953,	0.832488,0.167512,	0.85347,0.14653,	0.506296,0.493704,	1,	1,	1,	1,	1,	1,	1,	1,	1,	1,	1,	
0.5,0.5,	1,2.08342e-16,	1,1.70098e-13,	1,1.39388e-09,	0.999993,6.61223e-06,	0.999794,0.00020628,	0.995428,0.00457208,	0.956171,0.0438291,	0.833222,0.166778,	0.85439,0.14561,	0.50666,0.49334,	1,	1,	1,	1,	1,	1,	1,	1,	1,	1,	1,	
0.5,0.5,	1,1.6715e-16,	1,1.42409e-13,	1,1.23458e-09,	0.999994,6.18439e-06,	0.999803,0.000196854,	0.995584,0.00441618,	0.956888,0.0431124,	0.83409,0.16591,	0.85551,0.14449,	0.506544,0.493456,	1,	1,	1,	1,	1,	1,	1,	1,	1,	1,	1,	
0.5,0.5,	1,1.33759e-16,	1,1.1898e-13,	1,1.09194e-09,	0.999994,5.77974e-06,	0.999812,0.000187758,	0.995735,0.0042647,	0.957556,0.0424444,	0.835539,0.164461,	0.856674,0.143326,	0.506077,0.493923,	1,	1,	1,	1,	1,	1,	1,	1,	1,	1,	1,	
0.5,0.5,	1,1.07161e-16,	1,9.94979e-14,	1,9.66385e-10,	0.999995,5.40344e-06,	0.999821,0.000179125,	0.995885,0.00411509,	0.958187,0.0418134,	0.83617,0.16383,	0.857796,0.142204,	0.506254,0.493746,	1,	1,	1,	1,	1,	1,	1,	1,	1,	1,	1,	
0.5,0.5,	1,8.57781e-17,	1,8.31481e-14,	1,8.54866e-10,	0.999995,5.05032e-06,	0.999829,0.000170889,	0.996029,0.00397055,	0.958903,0.0410971,	0.83749,0.16251,	0.858209,0.141791,	0.5064,0.4936,	1,	1,	1,	1,	1,	1,	1,	1,	1,	1,	1,	
0.5,0.5,	1,6.86925e-17,	1,6.95098e-14,	1,7.564e-10,	0.999995,4.72091e-06,	0.999837,0.000163059,	0.996166,0.00383365,	0.95935,0.04065,	0.838535,0.161465,	0.858872,0.141128,	0.506297,0.493703,	1,	1,	1,	1,	1,	1,	1,	1,	1,	1,	1,	
0.5,0.5,	1,5.49924e-17,	1,5.80935e-14,	1,6.69157e-10,	0.999996,4.41256e-06,	0.999844,0.000155578,	0.996298,0.00370248,	0.959839,0.0401612,	0.840006,0.159994,	0.859685,0.140315,	0.506441,0.493559,	1,	1,	1,	1,	1,	1,	1,	1,	1,	1,	1,	
0.5,0.5,	1,4.39982e-17,	1,4.85287e-14,	1,5.91781e-10,	0.999996,4.1236e-06,	0.999852,0.00014842,	0.996424,0.00357566,	0.960389,0.0396107,	0.841018,0.158982,	0.8606,0.1394,	0.506567,0.493433,	1,	1,	1,	1,	1,	1,	1,	1,	1,	1,	1,	
0.5,0.5,	1,3.51865e-17,	1,4.05243e-14,	1,5.23226e-10,	0.999996,3.85305e-06,	0.999858,0.00014158,	0.996545,0.00345487,	0.960847,0.0391534,	0.842289,0.157711,	0.861845,0.138155,	0.506439,0.493561,	1,	1,	1,	1,	1,	1,	1,	1,	1,	1,	1,	
0.5,0.5,	1,2.81691e-17,	1,3.38688e-14,	1,4.6288e-10,	0.999996,3.60139e-06,	0.999865,0.000135094,	0.996659,0.00334073,	0.961178,0.0388216,	0.843836,0.156164,	0.863088,0.136912,	0.506546,0.493454,	1,	1,	1,	1,	1,	1,	1,	1,	1,	1,	1,	
0.5,0.5,	1,2.25332e-17,	1,2.82881e-14,	1,4.09313e-10,	0.999997,3.36536e-06,	0.999871,0.000128883,	0.996769,0.00323077,	0.961709,0.0382906,	0.844993,0.155007,	0.864702,0.135298,	0.506834,0.493166,	1,	1,	1,	1,	1,	1,	1,	1,	1,	1,	1,	
0.5,0.5,	1,1.80287e-17,	1,2.3631e-14,	1,3.61987e-10,	0.999997,3.14499e-06,	0.999877,0.000122963,	0.996884,0.00311627,	0.962334,0.0376665,	0.845476,0.154524,	0.865642,0.134358,	0.507009,0.492991,	1,	1,	1,	1,	1,	1,	1,	1,	1,	1,	1,	
0.5,0.5,	1,1.4422e-17,	1,1.97377e-14,	1,3.20102e-10,	0.999997,2.93889e-06,	0.999883,0.000117316,	0.996996,0.00300436,	0.962984,0.0370156,	0.846579,0.153421,	0.866885,0.133115,	0.506751,0.493249,	1,	1,	1,	1,	1,	1,	1,	1,	1,	1,	1,	
0.5,0.5,	1,1.15406e-17,	1,1.64901e-14,	1,2.83112e-10,	0.999997,2.74657e-06,	0.999888,0.000111942,	0.997103,0.00289656,	0.963442,0.0365577,	0.847547,0.152453,	0.867455,0.132545,	0.506379,0.493621,	1,	1,	1,	1,	1,	1,	1,	1,	1,	1,	1,	
0.5,0.5,	1,9.24426e-18,	1,1.37882e-14,	1,2.50538e-10,	0.999997,2.56762e-06,	0.999893,0.000106837,	0.997207,0.00279308,	0.96403,0.03597,	0.848447,0.151553,	0.86819,0.13181,	0.506546,0.493454,	1,	1,	1,	1,	1,	1,	1,	1,	1,	1,	1,	
0.5,0.5,	1,7.3748e-18,	1,1.14912e-14,	1,2.21216e-10,	0.999998,2.39737e-06,	0.999898,0.000101878,	0.997306,0.0026941,	0.964562,0.035438,	0.849892,0.150108,	0.86955,0.13045,	0.506834,0.493166,	1,	1,	1,	1,	1,	1,	1,	1,	1,	1,	1,	
