Prob_forager_death	Prob_recipients_death	Prob_gamma_stop		Av_return_0		Av_return_1	
0	0	0	0	0	
0.000611	0	0.003527	2.13581	2.13581	
3.8e-05	0	0.00353	0.226457	0.226457	
0.000136	0	0.003612	0.419424	0.419424	
0.000285	0	0.003644	0.658437	0.658437	
0.000399	0	0.003575	0.920483	0.920483	
0.000404	0	0.003755	0.897812	0.897812	
0.000367	0	0.003489	0.904824	0.904824	
0.000399	0	0.003607	0.884923	0.884923	
0.000411	0	0.003539	0.909114	0.909114	
0.00044	0	0.003598	0.887568	0.887568	
0.000462	0	0.003576	0.926944	0.926944	
0.000445	0	0.003691	0.904739	0.904739	
0.000422	0	0.00354	0.90005	0.90005	
0.000408	0	0.00369	0.871645	0.871645	
0.000439	0	0.003685	0.8887	0.8887	
0.000398	0	0.003621	0.860662	0.860662	
0.000384	0	0.003503	0.899408	0.899408	
0.000392	0	0.003687	0.874969	0.874969	
0.000411	0	0.003593	0.855145	0.855145	
0.000421	0	0.003571	0.882766	0.882766	
