Prob_forager_death	Prob_recipients_death	Prob_gamma_stop		Av_return_0		Av_return_1	
0	0	0	0	0	
0.003206	0.001655	0.006744	29.9123	29.9123	
0.002774	0.000664	0.006687	35.5028	35.5028	
0.003274	0.000682	0.006886	33.4801	33.4801	
0.003227	0.00068	0.006767	34.0055	34.0055	
0.00334	0.000692	0.006828	33.4326	33.4326	
0.003336	0.000718	0.006862	33.3032	33.3032	
0.003179	0.000662	0.006669	34.464	34.464	
0.003261	0.000674	0.006723	34.0223	34.0223	
0.003159	0.000692	0.006674	34.4124	34.4124	
0.003359	0.000701	0.006764	33.5618	33.5618	
0.003297	0.000732	0.006723	33.7151	33.7151	
0.00331	0.000734	0.006896	33.3012	33.3012	
0.003276	0.000696	0.006714	34.0084	34.0084	
0.003396	0.000769	0.006874	32.9489	32.9489	
0.003334	0.000675	0.006885	33.4098	33.4098	
0.003301	0.00073	0.006818	33.4489	33.4489	
0.003405	0.000685	0.006717	33.6662	33.6662	
0.003429	0.000741	0.006952	32.766	32.766	
0.003218	0.000714	0.006674	34.1566	34.1566	
0.003352	0.000682001	0.00677901	33.6228	33.6228	
