Prob_forager_death	Prob_recipients_death	Prob_gamma_stop		Av_return_0		Av_return_1	
0	0	0	0	0	
0.004219	0.002119	0.012849	18.5982	18.5982	
0.004265	0.001103	0.012681	20.9437	20.9437	
0.005112	0.001157	0.0129	20.0071	20.0071	
0.005441	0.001222	0.012872	19.7027	19.7027	
0.005592	0.00124	0.012942	19.5624	19.5624	
0.005453	0.001216	0.012832	19.7878	19.7878	
0.005562	0.001224	0.012732	19.7734	19.7734	
0.005517	0.001215	0.012885	19.6432	19.6432	
0.005574	0.001104	0.012784	19.8445	19.8445	
0.00572	0.001201	0.012831	19.5626	19.5626	
0.005652	0.001211	0.012799	19.6731	19.6731	
0.005491	0.001215	0.012873	19.729	19.729	
0.005613	0.001197	0.012749	19.7432	19.7432	
0.005618	0.001263	0.012967	19.4466	19.4466	
0.005547	0.001305	0.012915	19.5289	19.5289	
0.005463	0.001224	0.012803	19.7684	19.7684	
0.005573	0.00121	0.012847	19.6939	19.6939	
0.005719	0.001246	0.0129	19.4984	19.4984	
0.005562	0.001286	0.01271	19.7277	19.7277	
0.00572401	0.001249	0.012803	19.5776	19.5776	
