Prob_forager_death	Prob_recipients_death	Prob_gamma_stop		Av_return_0		Av_return_1	
0	0	0	0	0	
0.020895	0.007029	0.085376	3.87509	3.87509	
0.019429	0.005517	0.085395	4.68708	4.68708	
0.018274	0.00564	0.086022	4.75238	4.75238	
0.01778	0.005472	0.085747	4.78905	4.78905	
0.017523	0.005614	0.08553	4.80435	4.80435	
0.017359	0.005688	0.086127	4.799	4.799	
0.017138	0.005664	0.085875	4.80982	4.80982	
0.016853	0.005698	0.08597	4.81661	4.81661	
0.016851	0.005685	0.086439	4.79002	4.79002	
0.016523	0.005589	0.085497	4.83568	4.83568	
0.016561	0.005592	0.08607	4.81521	4.81521	
0.016595	0.005722	0.086378	4.80521	4.80521	
0.016364	0.005686	0.085909	4.81588	4.81588	
0.016547	0.005622	0.086163	4.8229	4.8229	
0.016563	0.005786	0.086195	4.80097	4.80097	
0.016658	0.00574	0.086379	4.80416	4.80416	
0.016632	0.005676	0.08638	4.80979	4.80979	
0.016702	0.005685	0.08626	4.80827	4.80827	
0.016524	0.005821	0.085935	4.80722	4.80722	
0.016526	0.00575401	0.0859651	4.82495	4.82495	
