Prob_forager_death	Prob_recipients_death	Prob_gamma_stop		Av_return_0		Av_return_1	
0	0	0	0	0	
0.009603	0.003989	0.012767	17.1392	17.1392	
0.008671	0.001988	0.012608	20.8995	20.8995	
0.009681	0.002047	0.01283	20.1059	20.1059	
0.009909	0.002013	0.012809	20.0194	20.0194	
0.01025	0.002001	0.012879	19.7903	19.7903	
0.009713	0.00215	0.012788	20.0329	20.0329	
0.010092	0.002147	0.01265	19.9143	19.9143	
0.010113	0.002066	0.012829	19.8395	19.8395	
0.00999	0.002005	0.012698	20.0661	20.0661	
0.010072	0.002099	0.012755	19.902	19.902	
0.009945	0.002057	0.01271	20.0745	20.0745	
0.010105	0.002101	0.0128	19.8498	19.8498	
0.009977	0.002136	0.012655	19.9949	19.9949	
0.010311	0.00205	0.01292	19.6667	19.6667	
0.01026	0.002134	0.012837	19.6875	19.6875	
0.010074	0.002147	0.01274	19.8818	19.8818	
0.009859	0.002137	0.012766	20.0128	20.0128	
0.010464	0.002116	0.012841	19.5947	19.5947	
0.010045	0.002074	0.012633	20.0095	20.0095	
0.010191	0.002166	0.012719	19.77	19.77	
