Prob_forager_death	Prob_recipients_death	Prob_gamma_stop		Av_return_0		Av_return_1	
0	0	0	0	0	
0.032046	0.010909	0.001748	13.5188	13.5188	
0.024871	0.00498	0.001773	19.8138	19.8138	
0.026133	0.004875	0.00183	19.5116	19.5116	
0.028975	0.004882	0.001852	18.2661	18.2661	
0.029644	0.00479	0.001859	18.0333	18.0333	
0.028609	0.004509	0.001921	18.5869	18.5869	
0.027817	0.00432	0.001796	19.0297	19.0297	
0.026351	0.004356	0.001797	19.7517	19.7517	
0.027934	0.004624	0.00177	19.2338	19.2338	
0.028264	0.004544	0.001845	19.2135	19.2135	
0.028267	0.004615	0.001804	19.1822	19.1822	
0.02868	0.004683	0.001856	18.8821	18.8821	
0.031033	0.005025	0.001799	17.7306	17.7306	
0.034411	0.005526	0.001884	16.2796	16.2796	
0.036005	0.005673	0.001881	15.7442	15.7442	
0.036003	0.005733	0.001837	15.7411	15.7411	
0.035932	0.005761	0.001844	15.7629	15.7629	
0.036561	0.005682	0.001947	15.5757	15.5757	
0.036059	0.005769	0.001766	15.7446	15.7446	
0.036005	0.00564501	0.00181	15.7956	15.7956	
