Prob_forager_death	Prob_recipients_death	Prob_gamma_stop		Av_return_0		Av_return_1	
0	0	0	0	0	
0.069655	0.024294	0.000877	7.62797	7.62797	
0.077124	0.014945	0.000859	8.63826	8.63826	
0.076713	0.015074	0.000902	8.65971	8.65971	
0.076215	0.015162	0.000909	8.68011	8.68011	
0.075775	0.015154	0.000938	8.70577	8.70577	
0.075617	0.015011	0.00095	8.73312	8.73312	
0.075661	0.015241	0.000888	8.70936	8.70936	
0.075764	0.015307	0.000898	8.69839	8.69839	
0.075913	0.015251	0.000845	8.69956	8.69956	
0.075719	0.015405	0.000929	8.68614	8.68614	
0.075665	0.015264	0.00087	8.70881	8.70881	
0.075688	0.015211	0.000921	8.70901	8.70901	
0.075645	0.014986	0.000891	8.73452	8.73452	
0.075699	0.015236	0.000924	8.70641	8.70641	
0.075585	0.015062	0.000915	8.73038	8.73038	
0.075797	0.015381	0.000901	8.68929	8.68929	
0.075615	0.015076	0.000907	8.73383	8.73383	
0.075642	0.01518	0.00101	8.70911	8.70911	
0.07552	0.015189	0.000885	8.72482	8.72482	
0.0756691	0.015181	0.000895001	8.71582	8.71582	
