Prob_forager_death	Prob_recipients_death	Prob_gamma_stop		Av_return_0		Av_return_1	
0	0	0	0	0	
0.06925	0.024541	0.00167	7.55936	7.55936	
0.076993	0.014888	0.001642	8.58408	8.58408	
0.076258	0.015104	0.001733	8.61283	8.61283	
0.075838	0.015349	0.001743	8.61604	8.61604	
0.075681	0.015506	0.001738	8.60526	8.60526	
0.075376	0.015437	0.001811	8.62296	8.62296	
0.075469	0.015056	0.001706	8.6665	8.6665	
0.075481	0.015202	0.001683	8.65538	8.65538	
0.07545	0.015486	0.001662	8.63136	8.63136	
0.075473	0.01535	0.001716	8.6364	8.6364	
0.075352	0.015276	0.001712	8.65448	8.65448	
0.075357	0.015256	0.001751	8.65593	8.65593	
0.075523	0.015075	0.001705	8.66206	8.66206	
0.075356	0.015244	0.001775	8.65054	8.65054	
0.075161	0.01548	0.001781	8.64024	8.64024	
0.075449	0.015226	0.001743	8.64754	8.64754	
0.075554	0.015377	0.001731	8.62963	8.62963	
0.075452	0.015388	0.001852	8.62382	8.62382	
0.075289	0.015156	0.001698	8.66994	8.66994	
0.0753301	0.015212	0.001722	8.65831	8.65831	
