gather,share,	gather,share,	gather,share,	gather,share,	gather,share,	gather,share,	gather,share,	gather,share,	gather,share,	gather,share,	gather,share,	wait,	wait,	wait,	wait,	wait,	wait,	wait,	wait,	wait,	wait,	wait,	
0.5,0.5,	0.5,0.5,	0.5,0.5,	0.5,0.5,	0.5,0.5,	0.5,0.5,	0.5,0.5,	0.5,0.5,	0.5,0.5,	0.5,0.5,	0.5,0.5,	1,	1,	1,	1,	1,	1,	1,	1,	1,	1,	1,	
0.5,0.5,	0.497131,0.502869,	0.496917,0.503083,	0.496925,0.503075,	0.496867,0.503133,	0.496774,0.503226,	0.496526,0.503474,	0.496484,0.503516,	0.495877,0.504123,	0.495364,0.504636,	0.495224,0.504776,	1,	1,	1,	1,	1,	1,	1,	1,	1,	1,	1,	
0.5,0.5,	0.487696,0.512304,	0.485566,0.514434,	0.485629,0.514371,	0.485384,0.514616,	0.485639,0.514361,	0.484823,0.515177,	0.484653,0.515347,	0.48368,0.51632,	0.483933,0.516067,	0.489476,0.510524,	1,	1,	1,	1,	1,	1,	1,	1,	1,	1,	1,	
0.5,0.5,	0.474581,0.525419,	0.468906,0.531094,	0.468544,0.531456,	0.468268,0.531732,	0.469439,0.530561,	0.468334,0.531666,	0.468772,0.531228,	0.468917,0.531083,	0.472015,0.527985,	0.484504,0.515496,	1,	1,	1,	1,	1,	1,	1,	1,	1,	1,	1,	
0.5,0.5,	0.461026,0.538974,	0.450329,0.549671,	0.449107,0.550893,	0.448868,0.551132,	0.45109,0.54891,	0.45011,0.54989,	0.452103,0.547897,	0.454699,0.545301,	0.461485,0.538515,	0.480008,0.519992,	1,	1,	1,	1,	1,	1,	1,	1,	1,	1,	1,	
0.5,0.5,	0.449992,0.550008,	0.432483,0.567517,	0.430065,0.569935,	0.429842,0.570158,	0.432855,0.567145,	0.432669,0.567331,	0.43667,0.56333,	0.442041,0.557959,	0.452593,0.547407,	0.475764,0.524236,	1,	1,	1,	1,	1,	1,	1,	1,	1,	1,	1,	
0.5,0.5,	0.442508,0.557492,	0.416873,0.583127,	0.412716,0.587284,	0.41247,0.58753,	0.416224,0.583776,	0.417047,0.582953,	0.423125,0.576875,	0.430995,0.569005,	0.444875,0.555125,	0.471843,0.528157,	1,	1,	1,	1,	1,	1,	1,	1,	1,	1,	1,	
0.5,0.5,	0.438388,0.561612,	0.404156,0.595844,	0.397843,0.602157,	0.397356,0.602644,	0.401736,0.598264,	0.403477,0.596523,	0.411359,0.588641,	0.421229,0.578771,	0.437936,0.562064,	0.468032,0.531968,	1,	1,	1,	1,	1,	1,	1,	1,	1,	1,	1,	
0.5,0.5,	0.437528,0.562472,	0.39448,0.60552,	0.385758,0.614242,	0.384738,0.615262,	0.389426,0.610574,	0.392032,0.607968,	0.401304,0.598696,	0.412728,0.587272,	0.431581,0.568419,	0.464183,0.535817,	1,	1,	1,	1,	1,	1,	1,	1,	1,	1,	1,	
0.5,0.5,	0.439271,0.560729,	0.387523,0.612477,	0.376335,0.623665,	0.374334,0.625666,	0.379261,0.620739,	0.382558,0.617442,	0.392761,0.607239,	0.405189,0.594811,	0.425612,0.574388,	0.460479,0.539521,	1,	1,	1,	1,	1,	1,	1,	1,	1,	1,	1,	
0.5,0.5,	0.443157,0.556843,	0.38292,0.61708,	0.369084,0.630916,	0.365865,0.634135,	0.370833,0.629167,	0.374526,0.625474,	0.385344,0.614656,	0.398574,0.601426,	0.420037,0.579963,	0.456875,0.543125,	1,	1,	1,	1,	1,	1,	1,	1,	1,	1,	1,	
0.5,0.5,	0.448657,0.551343,	0.380266,0.619734,	0.36378,0.63622,	0.35912,0.64088,	0.363802,0.636198,	0.367681,0.632319,	0.378771,0.621229,	0.392515,0.607485,	0.414812,0.585188,	0.453243,0.546757,	1,	1,	1,	1,	1,	1,	1,	1,	1,	1,	1,	
0.5,0.5,	0.455282,0.544718,	0.379178,0.620822,	0.360001,0.639999,	0.353775,0.646225,	0.357948,0.642052,	0.36173,0.63827,	0.373063,0.626937,	0.387037,0.612963,	0.409932,0.590068,	0.449551,0.550449,	1,	1,	1,	1,	1,	1,	1,	1,	1,	1,	1,	
0.5,0.5,	0.462708,0.537292,	0.379263,0.620737,	0.357373,0.642627,	0.349469,0.650531,	0.352957,0.647043,	0.356536,0.643464,	0.367988,0.632012,	0.381907,0.618093,	0.405233,0.594767,	0.445987,0.554013,	1,	1,	1,	1,	1,	1,	1,	1,	1,	1,	1,	
0.5,0.5,	0.470692,0.529308,	0.380161,0.619839,	0.355694,0.644306,	0.346063,0.653937,	0.348657,0.651343,	0.351866,0.648134,	0.363268,0.636732,	0.377081,0.622919,	0.40066,0.59934,	0.442372,0.557628,	1,	1,	1,	1,	1,	1,	1,	1,	1,	1,	1,	
0.5,0.5,	0.479155,0.520845,	0.381791,0.618209,	0.354819,0.645181,	0.343509,0.656491,	0.345075,0.654925,	0.347723,0.652277,	0.358829,0.641171,	0.37249,0.62751,	0.396073,0.603927,	0.438691,0.561309,	1,	1,	1,	1,	1,	1,	1,	1,	1,	1,	1,	
0.5,0.5,	0.487961,0.512039,	0.384033,0.615967,	0.354606,0.645394,	0.341575,0.658425,	0.342042,0.657958,	0.344022,0.655978,	0.354645,0.645355,	0.368084,0.631916,	0.391458,0.608542,	0.43499,0.56501,	1,	1,	1,	1,	1,	1,	1,	1,	1,	1,	1,	
0.5,0.5,	0.497152,0.502848,	0.386653,0.613347,	0.354765,0.645235,	0.33996,0.66004,	0.339322,0.660678,	0.340515,0.659485,	0.350627,0.649373,	0.363815,0.636185,	0.386902,0.613098,	0.431315,0.568685,	1,	1,	1,	1,	1,	1,	1,	1,	1,	1,	1,	
0.5,0.5,	0.506458,0.493542,	0.389593,0.610407,	0.355206,0.644794,	0.33861,0.66139,	0.336841,0.663159,	0.337208,0.662792,	0.346784,0.653216,	0.359599,0.640401,	0.38249,0.61751,	0.427616,0.572384,	1,	1,	1,	1,	1,	1,	1,	1,	1,	1,	1,	
0.5,0.5,	0.515856,0.484144,	0.392842,0.607158,	0.355868,0.644132,	0.337437,0.662563,	0.334611,0.665389,	0.33412,0.66588,	0.343006,0.656994,	0.355439,0.644561,	0.378047,0.621953,	0.423891,0.576109,	1,	1,	1,	1,	1,	1,	1,	1,	1,	1,	1,	
0.5,0.5,	0.525367,0.474633,	0.396404,0.603596,	0.35674,0.64326,	0.336524,0.663476,	0.3326,0.6674,	0.331144,0.668856,	0.339259,0.660741,	0.351298,0.648702,	0.373643,0.626357,	0.420049,0.579951,	1,	1,	1,	1,	1,	1,	1,	1,	1,	1,	1,	
0.5,0.5,	0.535026,0.464974,	0.400223,0.599777,	0.357776,0.642224,	0.335903,0.664097,	0.330768,0.669232,	0.32828,0.67172,	0.335678,0.664322,	0.34729,0.65271,	0.369285,0.630715,	0.416165,0.583835,	1,	1,	1,	1,	1,	1,	1,	1,	1,	1,	1,	
0.5,0.5,	0.544917,0.455083,	0.404353,0.595647,	0.358989,0.641011,	0.335423,0.664577,	0.329013,0.670987,	0.32556,0.67444,	0.332233,0.667767,	0.343391,0.656609,	0.364932,0.635068,	0.41214,0.58786,	1,	1,	1,	1,	1,	1,	1,	1,	1,	1,	1,	
0.5,0.5,	0.555009,0.444991,	0.408816,0.591184,	0.36042,0.63958,	0.335066,0.664934,	0.327365,0.672635,	0.323085,0.676915,	0.3289,0.6711,	0.339582,0.660418,	0.360664,0.639336,	0.408291,0.591709,	1,	1,	1,	1,	1,	1,	1,	1,	1,	1,	1,	
0.5,0.5,	0.565236,0.434764,	0.4136,0.5864,	0.362045,0.637955,	0.334911,0.665089,	0.325795,0.674205,	0.320709,0.679291,	0.325652,0.674348,	0.335838,0.664162,	0.356366,0.643634,	0.404343,0.595657,	1,	1,	1,	1,	1,	1,	1,	1,	1,	1,	1,	
0.5,0.5,	0.575532,0.424468,	0.41864,0.58136,	0.363906,0.636094,	0.334879,0.665121,	0.324293,0.675707,	0.318378,0.681622,	0.32252,0.67748,	0.332092,0.667908,	0.352021,0.647979,	0.400396,0.599604,	1,	1,	1,	1,	1,	1,	1,	1,	1,	1,	1,	
0.5,0.5,	0.585903,0.414097,	0.423836,0.576164,	0.365921,0.634079,	0.334876,0.665124,	0.322842,0.677158,	0.316079,0.683921,	0.319342,0.680658,	0.328352,0.671648,	0.347716,0.652284,	0.396407,0.603593,	1,	1,	1,	1,	1,	1,	1,	1,	1,	1,	1,	
0.5,0.5,	0.596364,0.403636,	0.429303,0.570697,	0.368137,0.631863,	0.33496,0.66504,	0.321504,0.678496,	0.313833,0.686167,	0.316169,0.683831,	0.324561,0.675439,	0.343307,0.656693,	0.39234,0.60766,	1,	1,	1,	1,	1,	1,	1,	1,	1,	1,	1,	
0.5,0.5,	0.60699,0.39301,	0.435153,0.564847,	0.370686,0.629314,	0.335305,0.664695,	0.32033,0.67967,	0.311671,0.688329,	0.313125,0.686875,	0.320695,0.679305,	0.33881,0.66119,	0.388227,0.611773,	1,	1,	1,	1,	1,	1,	1,	1,	1,	1,	1,	
0.5,0.5,	0.617824,0.382176,	0.441427,0.558573,	0.373574,0.626426,	0.335945,0.664055,	0.319414,0.680586,	0.309646,0.690354,	0.31025,0.68975,	0.31708,0.68292,	0.334523,0.665477,	0.384294,0.615706,	1,	1,	1,	1,	1,	1,	1,	1,	1,	1,	1,	
0.5,0.5,	0.62874,0.37126,	0.448028,0.551972,	0.376728,0.623272,	0.336824,0.663176,	0.318679,0.681321,	0.30774,0.69226,	0.307454,0.692546,	0.31351,0.68649,	0.330357,0.669643,	0.380196,0.619804,	1,	1,	1,	1,	1,	1,	1,	1,	1,	1,	1,	
0.5,0.5,	0.6397,0.3603,	0.454905,0.545095,	0.380069,0.619931,	0.337929,0.662071,	0.318112,0.681888,	0.30592,0.69408,	0.30484,0.69516,	0.309964,0.690036,	0.326191,0.673809,	0.37606,0.62394,	1,	1,	1,	1,	1,	1,	1,	1,	1,	1,	1,	
0.5,0.5,	0.650682,0.349318,	0.462064,0.537936,	0.383545,0.616455,	0.339158,0.660842,	0.317688,0.682312,	0.304119,0.695881,	0.302302,0.697698,	0.306544,0.693456,	0.322129,0.677871,	0.372234,0.627766,	1,	1,	1,	1,	1,	1,	1,	1,	1,	1,	1,	
0.5,0.5,	0.661562,0.338438,	0.469317,0.530683,	0.387065,0.612935,	0.340416,0.659584,	0.31728,0.68272,	0.302286,0.697714,	0.299678,0.700322,	0.303126,0.696874,	0.31805,0.68195,	0.368241,0.631759,	1,	1,	1,	1,	1,	1,	1,	1,	1,	1,	1,	
0.5,0.5,	0.67235,0.32765,	0.476723,0.523277,	0.390769,0.609231,	0.341731,0.658269,	0.316918,0.683082,	0.300514,0.699486,	0.296943,0.703057,	0.299695,0.700305,	0.313954,0.686046,	0.364143,0.635857,	1,	1,	1,	1,	1,	1,	1,	1,	1,	1,	1,	
0.5,0.5,	0.683133,0.316867,	0.484374,0.515626,	0.394692,0.605308,	0.343157,0.656843,	0.316714,0.683286,	0.298932,0.701068,	0.294267,0.705733,	0.296228,0.703772,	0.309802,0.690198,	0.360041,0.639959,	1,	1,	1,	1,	1,	1,	1,	1,	1,	1,	1,	
0.5,0.5,	0.693922,0.306078,	0.492249,0.507751,	0.398833,0.601167,	0.34469,0.65531,	0.316686,0.683314,	0.297445,0.702555,	0.291693,0.708307,	0.29285,0.70715,	0.305677,0.694323,	0.356062,0.643938,	1,	1,	1,	1,	1,	1,	1,	1,	1,	1,	1,	
0.5,0.5,	0.704636,0.295364,	0.500313,0.499687,	0.403111,0.596889,	0.346273,0.653727,	0.316583,0.683417,	0.295941,0.704059,	0.289173,0.710827,	0.28949,0.71051,	0.301574,0.698426,	0.352032,0.647968,	1,	1,	1,	1,	1,	1,	1,	1,	1,	1,	1,	
0.5,0.5,	0.715183,0.284817,	0.508555,0.491445,	0.40748,0.59252,	0.347935,0.652065,	0.316389,0.683611,	0.294361,0.705639,	0.2866,0.7134,	0.286146,0.713854,	0.297496,0.702504,	0.347943,0.652057,	1,	1,	1,	1,	1,	1,	1,	1,	1,	1,	1,	
0.5,0.5,	0.725609,0.274391,	0.517007,0.482993,	0.412058,0.587942,	0.349707,0.650293,	0.316235,0.683765,	0.292848,0.707152,	0.284044,0.715956,	0.282798,0.717202,	0.293484,0.706516,	0.34396,0.65604,	1,	1,	1,	1,	1,	1,	1,	1,	1,	1,	1,	
0.5,0.5,	0.735919,0.264081,	0.525678,0.474322,	0.416727,0.583273,	0.351526,0.648474,	0.316092,0.683908,	0.291392,0.708608,	0.281522,0.718478,	0.279397,0.720603,	0.289406,0.710594,	0.339924,0.660076,	1,	1,	1,	1,	1,	1,	1,	1,	1,	1,	1,	
0.5,0.5,	0.746158,0.253842,	0.534641,0.465359,	0.421808,0.578192,	0.353697,0.646303,	0.316173,0.683827,	0.290066,0.709934,	0.279137,0.720863,	0.276078,0.723922,	0.285443,0.714557,	0.335925,0.664075,	1,	1,	1,	1,	1,	1,	1,	1,	1,	1,	1,	
0.5,0.5,	0.756245,0.243755,	0.543866,0.456134,	0.427258,0.572742,	0.356276,0.643724,	0.31665,0.68335,	0.288976,0.711024,	0.276874,0.723126,	0.27298,0.72702,	0.281646,0.718354,	0.332174,0.667826,	1,	1,	1,	1,	1,	1,	1,	1,	1,	1,	1,	
0.5,0.5,	0.76615,0.23385,	0.553225,0.446775,	0.432822,0.567178,	0.35896,0.64104,	0.317217,0.682783,	0.288036,0.711964,	0.274695,0.725305,	0.269995,0.730005,	0.277943,0.722057,	0.32834,0.67166,	1,	1,	1,	1,	1,	1,	1,	1,	1,	1,	1,	
0.5,0.5,	0.775803,0.224197,	0.562616,0.437384,	0.438421,0.561579,	0.361671,0.638329,	0.317758,0.682242,	0.287175,0.712825,	0.272552,0.727448,	0.26707,0.73293,	0.274259,0.725741,	0.324406,0.675594,	1,	1,	1,	1,	1,	1,	1,	1,	1,	1,	1,	
0.5,0.5,	0.785186,0.214814,	0.572079,0.427921,	0.444065,0.555935,	0.36436,0.63564,	0.318278,0.681722,	0.286283,0.713717,	0.270413,0.729587,	0.26413,0.73587,	0.270585,0.729415,	0.320535,0.679465,	1,	1,	1,	1,	1,	1,	1,	1,	1,	1,	1,	
0.5,0.5,	0.794333,0.205667,	0.581569,0.418431,	0.449858,0.550142,	0.367026,0.632974,	0.318756,0.681244,	0.285379,0.714621,	0.268269,0.731731,	0.261149,0.738851,	0.266877,0.733123,	0.31669,0.68331,	1,	1,	1,	1,	1,	1,	1,	1,	1,	1,	1,	
0.5,0.5,	0.803221,0.196779,	0.591071,0.408929,	0.455833,0.544167,	0.369845,0.630155,	0.319366,0.680634,	0.28462,0.71538,	0.266225,0.733775,	0.258186,0.741814,	0.263236,0.736764,	0.312846,0.687154,	1,	1,	1,	1,	1,	1,	1,	1,	1,	1,	1,	
0.5,0.5,	0.811852,0.188148,	0.600625,0.399375,	0.461909,0.538091,	0.372797,0.627203,	0.320073,0.679927,	0.283972,0.716028,	0.264307,0.735693,	0.255321,0.744679,	0.259711,0.740289,	0.30922,0.69078,	1,	1,	1,	1,	1,	1,	1,	1,	1,	1,	1,	
0.5,0.5,	0.82025,0.17975,	0.610138,0.389862,	0.467999,0.532001,	0.375732,0.624268,	0.320708,0.679292,	0.283362,0.716638,	0.26248,0.73752,	0.252611,0.747389,	0.256277,0.743723,	0.305596,0.694404,	1,	1,	1,	1,	1,	1,	1,	1,	1,	1,	1,	
0.5,0.5,	0.828399,0.171601,	0.619617,0.380383,	0.474189,0.525811,	0.37872,0.62128,	0.321355,0.678645,	0.282682,0.717318,	0.260621,0.739379,	0.249964,0.750036,	0.252922,0.747078,	0.301842,0.698158,	1,	1,	1,	1,	1,	1,	1,	1,	1,	1,	1,	
0.5,0.5,	0.836301,0.163699,	0.629076,0.370924,	0.480447,0.519553,	0.381754,0.618246,	0.322086,0.677914,	0.282047,0.717953,	0.258869,0.741131,	0.247374,0.752626,	0.249563,0.750437,	0.298095,0.701905,	1,	1,	1,	1,	1,	1,	1,	1,	1,	1,	1,	
0.5,0.5,	0.843983,0.156017,	0.638648,0.361352,	0.486909,0.513091,	0.384932,0.615068,	0.322959,0.677041,	0.281498,0.718502,	0.257307,0.742693,	0.244922,0.755078,	0.246297,0.753703,	0.294406,0.705594,	1,	1,	1,	1,	1,	1,	1,	1,	1,	1,	1,	
0.5,0.5,	0.851441,0.148559,	0.648307,0.351693,	0.493514,0.506486,	0.388196,0.611804,	0.323979,0.676021,	0.281046,0.718954,	0.25576,0.74424,	0.242563,0.757437,	0.243108,0.756892,	0.290771,0.709229,	1,	1,	1,	1,	1,	1,	1,	1,	1,	1,	1,	
0.5,0.5,	0.858635,0.141365,	0.657875,0.342125,	0.500106,0.499894,	0.391459,0.608541,	0.324954,0.675046,	0.28052,0.71948,	0.254124,0.745876,	0.240164,0.759836,	0.239908,0.760092,	0.287106,0.712894,	1,	1,	1,	1,	1,	1,	1,	1,	1,	1,	1,	
0.5,0.5,	0.865549,0.134451,	0.667372,0.332628,	0.506743,0.493257,	0.394757,0.605243,	0.326022,0.673978,	0.279979,0.720021,	0.252426,0.747574,	0.237769,0.762231,	0.236735,0.763265,	0.283605,0.716395,	1,	1,	1,	1,	1,	1,	1,	1,	1,	1,	1,	
0.5,0.5,	0.872216,0.127784,	0.676895,0.323105,	0.513518,0.486482,	0.398285,0.601715,	0.327161,0.672839,	0.279514,0.720486,	0.250787,0.749213,	0.235313,0.764687,	0.233597,0.766403,	0.28014,0.71986,	1,	1,	1,	1,	1,	1,	1,	1,	1,	1,	1,	
0.5,0.5,	0.878639,0.121361,	0.686375,0.313625,	0.520356,0.479644,	0.401936,0.598064,	0.328409,0.671591,	0.279118,0.720882,	0.249212,0.750788,	0.232873,0.767127,	0.230425,0.769575,	0.276633,0.723367,	1,	1,	1,	1,	1,	1,	1,	1,	1,	1,	1,	
0.5,0.5,	0.884805,0.115195,	0.69575,0.30425,	0.527182,0.472818,	0.405563,0.594437,	0.329671,0.670329,	0.278758,0.721242,	0.247714,0.752286,	0.230489,0.769511,	0.227282,0.772718,	0.273162,0.726838,	1,	1,	1,	1,	1,	1,	1,	1,	1,	1,	1,	
0.5,0.5,	0.890692,0.109308,	0.705075,0.294925,	0.534034,0.465966,	0.409202,0.590798,	0.330948,0.669052,	0.278355,0.721645,	0.246321,0.753679,	0.228188,0.771812,	0.224213,0.775787,	0.269702,0.730298,	1,	1,	1,	1,	1,	1,	1,	1,	1,	1,	1,	
0.5,0.5,	0.896334,0.103666,	0.714308,0.285692,	0.540922,0.459078,	0.412931,0.587069,	0.33219,0.66781,	0.277888,0.722112,	0.244958,0.755042,	0.225924,0.774076,	0.221151,0.778849,	0.266163,0.733837,	1,	1,	1,	1,	1,	1,	1,	1,	1,	1,	1,	
0.5,0.5,	0.901763,0.0982373,	0.723504,0.276496,	0.547976,0.452024,	0.416789,0.583211,	0.333608,0.666392,	0.277524,0.722476,	0.243696,0.756304,	0.223752,0.776248,	0.218151,0.781849,	0.26286,0.73714,	1,	1,	1,	1,	1,	1,	1,	1,	1,	1,	1,	
0.5,0.5,	0.906994,0.0930059,	0.732619,0.267381,	0.555166,0.444834,	0.420713,0.579287,	0.335158,0.664842,	0.277318,0.722682,	0.242451,0.757549,	0.221627,0.778373,	0.215267,0.784733,	0.259558,0.740442,	1,	1,	1,	1,	1,	1,	1,	1,	1,	1,	1,	
0.5,0.5,	0.911988,0.0880124,	0.741523,0.258477,	0.562355,0.437645,	0.424659,0.575341,	0.336678,0.663322,	0.27707,0.72293,	0.241142,0.758858,	0.219485,0.780515,	0.212383,0.787617,	0.256136,0.743864,	1,	1,	1,	1,	1,	1,	1,	1,	1,	1,	1,	
0.5,0.5,	0.91676,0.0832397,	0.75028,0.24972,	0.56961,0.43039,	0.428684,0.571316,	0.338289,0.661711,	0.276905,0.723095,	0.239867,0.760133,	0.217339,0.782661,	0.209442,0.790558,	0.252736,0.747264,	1,	1,	1,	1,	1,	1,	1,	1,	1,	1,	1,	
0.5,0.5,	0.921327,0.0786731,	0.758943,0.241057,	0.576909,0.423091,	0.432775,0.567225,	0.339953,0.660047,	0.276888,0.723112,	0.2387,0.7613,	0.215202,0.784798,	0.206513,0.793487,	0.249294,0.750706,	1,	1,	1,	1,	1,	1,	1,	1,	1,	1,	1,	
0.5,0.5,	0.925677,0.0743231,	0.767451,0.232549,	0.58435,0.41565,	0.437026,0.562974,	0.341691,0.658309,	0.276965,0.723035,	0.237573,0.762427,	0.213133,0.786867,	0.203664,0.796336,	0.246107,0.753893,	1,	1,	1,	1,	1,	1,	1,	1,	1,	1,	1,	
0.5,0.5,	0.929819,0.0701805,	0.77575,0.22425,	0.591756,0.408244,	0.44122,0.55878,	0.343381,0.656619,	0.276961,0.723039,	0.23639,0.76361,	0.211051,0.788949,	0.200897,0.799103,	0.242946,0.757054,	1,	1,	1,	1,	1,	1,	1,	1,	1,	1,	1,	
0.5,0.5,	0.933752,0.0662476,	0.783806,0.216194,	0.599057,0.400943,	0.445287,0.554713,	0.344957,0.655043,	0.276815,0.723185,	0.235102,0.764898,	0.208907,0.791093,	0.198091,0.801909,	0.239741,0.760259,	1,	1,	1,	1,	1,	1,	1,	1,	1,	1,	1,	
0.5,0.5,	0.937484,0.062516,	0.791684,0.208316,	0.606333,0.393667,	0.449361,0.550639,	0.346624,0.653376,	0.276656,0.723344,	0.23379,0.76621,	0.206786,0.793214,	0.195296,0.804704,	0.236667,0.763333,	1,	1,	1,	1,	1,	1,	1,	1,	1,	1,	1,	
0.5,0.5,	0.941036,0.0589643,	0.799411,0.200589,	0.613691,0.386309,	0.453582,0.546418,	0.348372,0.651628,	0.276523,0.723477,	0.232496,0.767504,	0.204693,0.795307,	0.192578,0.807422,	0.233656,0.766344,	1,	1,	1,	1,	1,	1,	1,	1,	1,	1,	1,	
0.5,0.5,	0.944416,0.0555844,	0.80699,0.19301,	0.621074,0.378926,	0.457876,0.542124,	0.350205,0.649795,	0.276426,0.723574,	0.231219,0.768781,	0.202635,0.797365,	0.189868,0.810132,	0.230634,0.769366,	1,	1,	1,	1,	1,	1,	1,	1,	1,	1,	1,	
0.5,0.5,	0.94762,0.0523804,	0.814387,0.185613,	0.628427,0.371573,	0.462275,0.537725,	0.35212,0.64788,	0.276354,0.723646,	0.230004,0.769996,	0.200597,0.799403,	0.187212,0.812788,	0.227669,0.772331,	1,	1,	1,	1,	1,	1,	1,	1,	1,	1,	1,	
0.5,0.5,	0.95065,0.0493496,	0.821576,0.178424,	0.635708,0.364292,	0.466677,0.533323,	0.354016,0.645984,	0.276338,0.723662,	0.228821,0.771179,	0.198559,0.801441,	0.184549,0.815451,	0.224732,0.775268,	1,	1,	1,	1,	1,	1,	1,	1,	1,	1,	1,	
0.5,0.5,	0.953524,0.046476,	0.828579,0.171421,	0.643011,0.356989,	0.471167,0.528833,	0.355917,0.644083,	0.27644,0.72356,	0.227693,0.772307,	0.196591,0.803409,	0.181985,0.818015,	0.221849,0.778151,	1,	1,	1,	1,	1,	1,	1,	1,	1,	1,	1,	
0.5,0.5,	0.956245,0.0437552,	0.835389,0.164611,	0.650323,0.349677,	0.475741,0.524259,	0.357891,0.642109,	0.276572,0.723428,	0.226548,0.773452,	0.194644,0.805356,	0.17945,0.82055,	0.218995,0.781005,	1,	1,	1,	1,	1,	1,	1,	1,	1,	1,	1,	
0.5,0.5,	0.958821,0.0411793,	0.842035,0.157965,	0.657623,0.342377,	0.480456,0.519544,	0.36003,0.63997,	0.276772,0.723228,	0.225444,0.774556,	0.192772,0.807228,	0.176961,0.823039,	0.216263,0.783737,	1,	1,	1,	1,	1,	1,	1,	1,	1,	1,	1,	
0.5,0.5,	0.961257,0.0387427,	0.848502,0.151498,	0.664857,0.335143,	0.485192,0.514808,	0.362154,0.637846,	0.276934,0.723066,	0.224355,0.775645,	0.190988,0.809012,	0.174548,0.825452,	0.213384,0.786616,	1,	1,	1,	1,	1,	1,	1,	1,	1,	1,	1,	
0.5,0.5,	0.963563,0.0364368,	0.854743,0.145257,	0.671957,0.328043,	0.489873,0.510127,	0.364085,0.635915,	0.276986,0.723014,	0.223237,0.776763,	0.18919,0.81081,	0.172128,0.827872,	0.210554,0.789446,	1,	1,	1,	1,	1,	1,	1,	1,	1,	1,	1,	
0.5,0.5,	0.965741,0.0342589,	0.860774,0.139226,	0.678925,0.321075,	0.494504,0.505496,	0.365924,0.634076,	0.276936,0.723064,	0.222062,0.777938,	0.187411,0.812589,	0.169721,0.830279,	0.207707,0.792293,	1,	1,	1,	1,	1,	1,	1,	1,	1,	1,	1,	
0.5,0.5,	0.967799,0.0322013,	0.866634,0.133366,	0.685946,0.314054,	0.499282,0.500718,	0.367851,0.632149,	0.276952,0.723048,	0.22095,0.77905,	0.185677,0.814323,	0.167324,0.832676,	0.204876,0.795124,	1,	1,	1,	1,	1,	1,	1,	1,	1,	1,	1,	
0.5,0.5,	0.96974,0.0302597,	0.872306,0.127694,	0.693008,0.306992,	0.504174,0.495826,	0.369849,0.630151,	0.276995,0.723005,	0.219842,0.780158,	0.183949,0.816051,	0.164996,0.835004,	0.202114,0.797886,	1,	1,	1,	1,	1,	1,	1,	1,	1,	1,	1,	
0.5,0.5,	0.971571,0.0284295,	0.877774,0.122226,	0.699978,0.300022,	0.508986,0.491014,	0.371824,0.628176,	0.277062,0.722938,	0.218699,0.781301,	0.182178,0.817822,	0.162637,0.837363,	0.19915,0.80085,	1,	1,	1,	1,	1,	1,	1,	1,	1,	1,	1,	
0.5,0.5,	0.973297,0.0267035,	0.883083,0.116917,	0.706935,0.293065,	0.513879,0.486121,	0.373954,0.626046,	0.277287,0.722713,	0.217642,0.782358,	0.180399,0.819601,	0.160338,0.839662,	0.196408,0.803592,	1,	1,	1,	1,	1,	1,	1,	1,	1,	1,	1,	
0.5,0.5,	0.974924,0.0250764,	0.888217,0.111783,	0.713835,0.286165,	0.518858,0.481142,	0.376214,0.623786,	0.277576,0.722424,	0.216644,0.783356,	0.178615,0.821385,	0.158056,0.841944,	0.193741,0.806259,	1,	1,	1,	1,	1,	1,	1,	1,	1,	1,	1,	
0.5,0.5,	0.976457,0.0235428,	0.893188,0.106812,	0.720712,0.279288,	0.523965,0.476035,	0.378605,0.621395,	0.277995,0.722005,	0.215736,0.784264,	0.176899,0.823101,	0.155858,0.844142,	0.191206,0.808794,	1,	1,	1,	1,	1,	1,	1,	1,	1,	1,	1,	
0.5,0.5,	0.977902,0.0220978,	0.897983,0.102017,	0.727502,0.272498,	0.52906,0.47094,	0.38098,0.61902,	0.278445,0.721555,	0.214858,0.785142,	0.175237,0.824763,	0.153719,0.846281,	0.18861,0.81139,	1,	1,	1,	1,	1,	1,	1,	1,	1,	1,	1,	
0.5,0.5,	0.979262,0.0207379,	0.902602,0.0973982,	0.734227,0.265773,	0.534188,0.465812,	0.383366,0.616634,	0.278913,0.721087,	0.214008,0.785992,	0.173631,0.826369,	0.151614,0.848386,	0.186035,0.813965,	1,	1,	1,	1,	1,	1,	1,	1,	1,	1,	1,	
0.5,0.5,	0.980541,0.0194587,	0.90704,0.0929601,	0.740844,0.259156,	0.539281,0.460719,	0.385714,0.614286,	0.279269,0.720731,	0.213146,0.786854,	0.172015,0.827985,	0.149537,0.850463,	0.183488,0.816512,	1,	1,	1,	1,	1,	1,	1,	1,	1,	1,	1,	
0.5,0.5,	0.981745,0.018255,	0.911304,0.0886955,	0.747359,0.252641,	0.544304,0.455696,	0.38799,0.61201,	0.279515,0.720485,	0.212252,0.787748,	0.170394,0.829606,	0.147482,0.852518,	0.181089,0.818911,	1,	1,	1,	1,	1,	1,	1,	1,	1,	1,	1,	
0.5,0.5,	0.982877,0.0171228,	0.915407,0.0845929,	0.753761,0.246239,	0.549249,0.450751,	0.390186,0.609814,	0.279757,0.720243,	0.211344,0.788656,	0.168778,0.831222,	0.145449,0.854551,	0.178582,0.821418,	1,	1,	1,	1,	1,	1,	1,	1,	1,	1,	1,	
0.5,0.5,	0.983941,0.0160587,	0.919341,0.0806594,	0.760039,0.239961,	0.554233,0.445767,	0.392375,0.607625,	0.279989,0.720011,	0.2104,0.7896,	0.167178,0.832822,	0.143456,0.856544,	0.17607,0.82393,	1,	1,	1,	1,	1,	1,	1,	1,	1,	1,	1,	
0.5,0.5,	0.984942,0.0150584,	0.92311,0.07689,	0.766213,0.233787,	0.559257,0.440743,	0.394621,0.605379,	0.280199,0.719801,	0.209409,0.790591,	0.165605,0.834395,	0.141485,0.858515,	0.173601,0.826399,	1,	1,	1,	1,	1,	1,	1,	1,	1,	1,	1,	
0.5,0.5,	0.985881,0.0141186,	0.926725,0.0732753,	0.772328,0.227672,	0.564319,0.435681,	0.396878,0.603122,	0.280388,0.719612,	0.208396,0.791604,	0.164008,0.835992,	0.139522,0.860478,	0.171122,0.828878,	1,	1,	1,	1,	1,	1,	1,	1,	1,	1,	1,	
0.5,0.5,	0.986765,0.0132353,	0.930194,0.0698061,	0.778394,0.221606,	0.569473,0.430527,	0.399134,0.600866,	0.280592,0.719408,	0.20746,0.79254,	0.162431,0.837569,	0.13758,0.86242,	0.168713,0.831287,	1,	1,	1,	1,	1,	1,	1,	1,	1,	1,	1,	
0.5,0.5,	0.987594,0.0124062,	0.933517,0.0664833,	0.784365,0.215635,	0.574649,0.425351,	0.401462,0.598538,	0.280847,0.719153,	0.206573,0.793427,	0.160884,0.839116,	0.135656,0.864344,	0.166368,0.833632,	1,	1,	1,	1,	1,	1,	1,	1,	1,	1,	1,	
0.5,0.5,	0.988372,0.0116276,	0.936705,0.0632946,	0.790246,0.209754,	0.579931,0.420069,	0.403903,0.596097,	0.281247,0.718753,	0.205791,0.794209,	0.159386,0.840614,	0.133767,0.866233,	0.164095,0.835905,	1,	1,	1,	1,	1,	1,	1,	1,	1,	1,	1,	
0.5,0.5,	0.989104,0.0108965,	0.939761,0.0602392,	0.796065,0.203935,	0.58521,0.41479,	0.406441,0.593559,	0.281668,0.718332,	0.205017,0.794983,	0.157924,0.842076,	0.131937,0.868063,	0.161849,0.838151,	1,	1,	1,	1,	1,	1,	1,	1,	1,	1,	1,	
0.5,0.5,	0.98979,0.0102101,	0.942684,0.0573161,	0.801773,0.198227,	0.590456,0.409544,	0.408957,0.591043,	0.282017,0.717983,	0.204189,0.795811,	0.156449,0.843551,	0.130116,0.869884,	0.159602,0.840398,	1,	1,	1,	1,	1,	1,	1,	1,	1,	1,	1,	
0.5,0.5,	0.990434,0.00956579,	0.945487,0.0545126,	0.807407,0.192593,	0.595767,0.404233,	0.411589,0.588411,	0.282413,0.717587,	0.203374,0.796626,	0.155002,0.844998,	0.128294,0.871706,	0.157347,0.842653,	1,	1,	1,	1,	1,	1,	1,	1,	1,	1,	1,	
0.5,0.5,	0.991039,0.008961,	0.948172,0.051828,	0.812968,0.187032,	0.601211,0.398789,	0.414366,0.585634,	0.282915,0.717085,	0.20262,0.79738,	0.153591,0.846409,	0.126499,0.873501,	0.15524,0.84476,	1,	1,	1,	1,	1,	1,	1,	1,	1,	1,	1,	
0.5,0.5,	0.991606,0.00839361,	0.950735,0.0492654,	0.818397,0.181603,	0.606561,0.393439,	0.417118,0.582882,	0.283413,0.716587,	0.201886,0.798114,	0.152179,0.847821,	0.124706,0.875294,	0.153058,0.846942,	1,	1,	1,	1,	1,	1,	1,	1,	1,	1,	1,	
0.5,0.5,	0.992139,0.00786136,	0.953176,0.0468244,	0.823691,0.176309,	0.611821,0.388179,	0.41979,0.58021,	0.283881,0.716119,	0.201127,0.798873,	0.150789,0.849211,	0.122931,0.877069,	0.150918,0.849082,	1,	1,	1,	1,	1,	1,	1,	1,	1,	1,	1,	
0.5,0.5,	0.992638,0.0073621,	0.955504,0.0444961,	0.828838,0.171162,	0.616951,0.383049,	0.422363,0.577637,	0.284383,0.715617,	0.200349,0.799651,	0.149405,0.850595,	0.121178,0.878822,	0.148821,0.851179,	1,	1,	1,	1,	1,	1,	1,	1,	1,	1,	1,	
0.5,0.5,	0.993106,0.00689394,	0.957723,0.0422769,	0.833845,0.166155,	0.621928,0.378072,	0.424761,0.575239,	0.284782,0.715218,	0.199545,0.800455,	0.148001,0.851999,	0.119443,0.880557,	0.146788,0.853212,	1,	1,	1,	1,	1,	1,	1,	1,	1,	1,	1,	
0.5,0.5,	0.993545,0.00645502,	0.959839,0.0401615,	0.83872,0.16128,	0.626878,0.373122,	0.427083,0.572917,	0.285143,0.714857,	0.198727,0.801273,	0.146576,0.853424,	0.117726,0.882274,	0.144787,0.855213,	1,	1,	1,	1,	1,	1,	1,	1,	1,	1,	1,	
0.5,0.5,	0.993956,0.0060436,	0.961856,0.0381439,	0.843503,0.156497,	0.631935,0.368065,	0.429576,0.570424,	0.285543,0.714457,	0.197965,0.802035,	0.145184,0.854816,	0.116026,0.883974,	0.142756,0.857244,	1,	1,	1,	1,	1,	1,	1,	1,	1,	1,	1,	
0.5,0.5,	0.994342,0.00565789,	0.963782,0.0362178,	0.848242,0.151758,	0.637183,0.362817,	0.432308,0.567692,	0.286099,0.713901,	0.197278,0.802722,	0.143834,0.856166,	0.114375,0.885625,	0.140668,0.859332,	1,	1,	1,	1,	1,	1,	1,	1,	1,	1,	1,	
0.5,0.5,	0.994704,0.00529643,	0.965616,0.034384,	0.852849,0.147151,	0.642354,0.357646,	0.435009,0.564991,	0.286561,0.713439,	0.196535,0.803465,	0.142473,0.857527,	0.112725,0.887275,	0.138622,0.861378,	1,	1,	1,	1,	1,	1,	1,	1,	1,	1,	1,	
0.5,0.5,	0.995042,0.00495776,	0.967364,0.032636,	0.85735,0.14265,	0.647429,0.352571,	0.437749,0.562251,	0.28706,0.71294,	0.195847,0.804153,	0.141161,0.858839,	0.111093,0.888907,	0.136717,0.863283,	1,	1,	1,	1,	1,	1,	1,	1,	1,	1,	1,	
0.5,0.5,	0.99536,0.00464049,	0.969029,0.0309709,	0.861753,0.138247,	0.652505,0.347495,	0.440502,0.559498,	0.287613,0.712387,	0.195189,0.804811,	0.139893,0.860107,	0.109505,0.890495,	0.134862,0.865138,	1,	1,	1,	1,	1,	1,	1,	1,	1,	1,	1,	
0.5,0.5,	0.995657,0.00434327,	0.970613,0.0293871,	0.866034,0.133966,	0.657525,0.342475,	0.443173,0.556827,	0.288095,0.711905,	0.194463,0.805537,	0.138634,0.861366,	0.107935,0.892065,	0.133019,0.866981,	1,	1,	1,	1,	1,	1,	1,	1,	1,	1,	1,	
0.5,0.5,	0.995935,0.00406494,	0.972118,0.0278819,	0.870183,0.129817,	0.662417,0.337583,	0.445713,0.554287,	0.288492,0.711508,	0.193693,0.806307,	0.137373,0.862627,	0.106379,0.893621,	0.131124,0.868876,	1,	1,	1,	1,	1,	1,	1,	1,	1,	1,	1,	
0.5,0.5,	0.996196,0.00380428,	0.97355,0.02645,	0.874238,0.125762,	0.667306,0.332694,	0.448363,0.551637,	0.288907,0.711093,	0.192919,0.807081,	0.136097,0.863903,	0.104829,0.895171,	0.129261,0.870739,	1,	1,	1,	1,	1,	1,	1,	1,	1,	1,	1,	
0.5,0.5,	0.99644,0.00356016,	0.974913,0.025087,	0.878213,0.121787,	0.672256,0.327744,	0.451193,0.548807,	0.289413,0.710587,	0.19216,0.80784,	0.134818,0.865182,	0.103291,0.896709,	0.127488,0.872512,	1,	1,	1,	1,	1,	1,	1,	1,	1,	1,	1,	
0.5,0.5,	0.996668,0.00333152,	0.97621,0.0237899,	0.88211,0.11789,	0.677195,0.322805,	0.454106,0.545894,	0.289987,0.710013,	0.191461,0.808539,	0.133568,0.866432,	0.101779,0.898221,	0.12574,0.87426,	1,	1,	1,	1,	1,	1,	1,	1,	1,	1,	1,	
0.5,0.5,	0.996883,0.00311739,	0.977444,0.0225565,	0.885913,0.114087,	0.682082,0.317918,	0.456939,0.543061,	0.290545,0.709455,	0.190814,0.809186,	0.132346,0.867654,	0.100315,0.899685,	0.124037,0.875963,	1,	1,	1,	1,	1,	1,	1,	1,	1,	1,	1,	
0.5,0.5,	0.997083,0.00291692,	0.978616,0.0213842,	0.889625,0.110375,	0.686966,0.313034,	0.459831,0.540169,	0.291147,0.708853,	0.190155,0.809845,	0.131145,0.868855,	0.0989006,0.901099,	0.122353,0.877647,	1,	1,	1,	1,	1,	1,	1,	1,	1,	1,	1,	
0.5,0.5,	0.997271,0.00272926,	0.979731,0.0202694,	0.893258,0.106742,	0.691928,0.308072,	0.46284,0.53716,	0.291746,0.708254,	0.189452,0.810548,	0.129958,0.870042,	0.0975072,0.902493,	0.120729,0.879271,	1,	1,	1,	1,	1,	1,	1,	1,	1,	1,	1,	
0.5,0.5,	0.997446,0.00255362,	0.98079,0.0192096,	0.896796,0.103204,	0.696866,0.303134,	0.465846,0.534154,	0.292361,0.707639,	0.18876,0.81124,	0.128773,0.871227,	0.0961424,0.903858,	0.11909,0.88091,	1,	1,	1,	1,	1,	1,	1,	1,	1,	1,	1,	
0.5,0.5,	0.997611,0.00238918,	0.981797,0.0182028,	0.900249,0.0997511,	0.701796,0.298204,	0.468785,0.531215,	0.29297,0.70703,	0.188059,0.811941,	0.127578,0.872422,	0.0947919,0.905208,	0.117412,0.882588,	1,	1,	1,	1,	1,	1,	1,	1,	1,	1,	1,	
0.5,0.5,	0.997765,0.00223525,	0.982754,0.0172463,	0.903612,0.0963882,	0.706735,0.293265,	0.471722,0.528278,	0.293623,0.706377,	0.187411,0.812589,	0.126423,0.873577,	0.0934629,0.906537,	0.115741,0.884259,	1,	1,	1,	1,	1,	1,	1,	1,	1,	1,	1,	
0.5,0.5,	0.997909,0.0020911,	0.983662,0.0163377,	0.906895,0.093105,	0.711655,0.288345,	0.474676,0.525324,	0.294296,0.705704,	0.186828,0.813172,	0.125308,0.874692,	0.0921559,0.907844,	0.11411,0.88589,	1,	1,	1,	1,	1,	1,	1,	1,	1,	1,	1,	
0.5,0.5,	0.998044,0.00195618,	0.984525,0.015475,	0.910093,0.0899066,	0.716596,0.283404,	0.477752,0.522248,	0.295022,0.704978,	0.186276,0.813724,	0.124211,0.875789,	0.0908706,0.909129,	0.112559,0.887441,	1,	1,	1,	1,	1,	1,	1,	1,	1,	1,	1,	
0.5,0.5,	0.99817,0.00182991,	0.985344,0.0146561,	0.913195,0.0868049,	0.721542,0.278458,	0.480966,0.519034,	0.295879,0.704121,	0.185776,0.814224,	0.123147,0.876853,	0.089615,0.910385,	0.111014,0.888986,	1,	1,	1,	1,	1,	1,	1,	1,	1,	1,	1,	
0.5,0.5,	0.998288,0.00171174,	0.986121,0.0138788,	0.916199,0.0838012,	0.726398,0.273602,	0.484232,0.515768,	0.296751,0.703249,	0.185279,0.814721,	0.122081,0.877919,	0.0883884,0.911612,	0.109419,0.890581,	1,	1,	1,	1,	1,	1,	1,	1,	1,	1,	1,	
0.5,0.5,	0.998399,0.00160116,	0.986859,0.0131411,	0.91911,0.0808899,	0.731201,0.268799,	0.487502,0.512498,	0.297635,0.702365,	0.184817,0.815183,	0.121015,0.878985,	0.0871583,0.912842,	0.10788,0.89212,	1,	1,	1,	1,	1,	1,	1,	1,	1,	1,	1,	
0.5,0.5,	0.998502,0.00149769,	0.987558,0.0124415,	0.921936,0.0780638,	0.735949,0.264051,	0.490716,0.509284,	0.29841,0.70159,	0.184354,0.815646,	0.119967,0.880033,	0.0859256,0.914074,	0.106333,0.893667,	1,	1,	1,	1,	1,	1,	1,	1,	1,	1,	1,	
0.5,0.5,	0.998599,0.00140089,	0.988222,0.011778,	0.924678,0.0753218,	0.740674,0.259326,	0.494,0.506,	0.299157,0.700843,	0.183859,0.816141,	0.118917,0.881083,	0.0847211,0.915279,	0.104826,0.895174,	1,	1,	1,	1,	1,	1,	1,	1,	1,	1,	1,	
0.5,0.5,	0.99869,0.00131032,	0.988851,0.0111492,	0.927339,0.0726614,	0.745371,0.254629,	0.497305,0.502695,	0.29989,0.70011,	0.183341,0.816659,	0.117848,0.882152,	0.0835158,0.916484,	0.10332,0.89668,	1,	1,	1,	1,	1,	1,	1,	1,	1,	1,	1,	
0.5,0.5,	0.998774,0.00122558,	0.989447,0.0105533,	0.92992,0.0700802,	0.750032,0.249968,	0.500637,0.499363,	0.30075,0.69925,	0.182835,0.817165,	0.116781,0.883219,	0.0823109,0.917689,	0.101806,0.898194,	1,	1,	1,	1,	1,	1,	1,	1,	1,	1,	1,	
0.5,0.5,	0.998854,0.00114632,	0.990011,0.0099887,	0.932409,0.0675905,	0.754567,0.245433,	0.503851,0.496149,	0.301564,0.698436,	0.182295,0.817705,	0.115719,0.884281,	0.0811222,0.918878,	0.100323,0.899677,	1,	1,	1,	1,	1,	1,	1,	1,	1,	1,	1,	
0.5,0.5,	0.998928,0.00107216,	0.990546,0.00945386,	0.934812,0.065188,	0.759002,0.240998,	0.506981,0.493019,	0.30234,0.69766,	0.18175,0.81825,	0.11466,0.88534,	0.0799387,0.920061,	0.0988885,0.901111,	1,	1,	1,	1,	1,	1,	1,	1,	1,	1,	1,	
0.5,0.5,	0.998997,0.0010028,	0.991053,0.00894704,	0.937138,0.0628617,	0.763374,0.236626,	0.510136,0.489864,	0.303164,0.696836,	0.181229,0.818771,	0.11364,0.88636,	0.0787756,0.921224,	0.0974986,0.902501,	1,	1,	1,	1,	1,	1,	1,	1,	1,	1,	1,	
0.5,0.5,	0.999062,0.000937907,	0.991533,0.00846682,	0.939391,0.0606091,	0.767675,0.232325,	0.513246,0.486754,	0.303958,0.696042,	0.180723,0.819277,	0.112654,0.887346,	0.0776366,0.922363,	0.0961302,0.90387,	1,	1,	1,	1,	1,	1,	1,	1,	1,	1,	1,	
0.5,0.5,	0.999123,0.0008772,	0.991988,0.00801181,	0.941573,0.0584265,	0.771953,0.228047,	0.516434,0.483566,	0.304792,0.695208,	0.180238,0.819762,	0.111692,0.888308,	0.0765052,0.923495,	0.0947706,0.905229,	1,	1,	1,	1,	1,	1,	1,	1,	1,	1,	1,	
0.5,0.5,	0.99918,0.000820413,	0.992419,0.00758077,	0.943684,0.0563155,	0.776203,0.223797,	0.519719,0.480281,	0.305659,0.694341,	0.179782,0.820218,	0.110753,0.889247,	0.0754051,0.924595,	0.0934742,0.906526,	1,	1,	1,	1,	1,	1,	1,	1,	1,	1,	1,	
0.5,0.5,	0.999233,0.000767295,	0.992828,0.00717248,	0.945726,0.0542743,	0.780366,0.219634,	0.522997,0.477003,	0.306429,0.693571,	0.17932,0.82068,	0.10981,0.89019,	0.0743136,0.925686,	0.0921654,0.907835,	1,	1,	1,	1,	1,	1,	1,	1,	1,	1,	1,	
0.5,0.5,	0.999282,0.000717607,	0.993214,0.00678585,	0.9477,0.0523003,	0.784501,0.215499,	0.526308,0.473692,	0.307181,0.692819,	0.178818,0.821182,	0.108852,0.891148,	0.0732271,0.926773,	0.0907923,0.909208,	1,	1,	1,	1,	1,	1,	1,	1,	1,	1,	1,	
0.5,0.5,	0.999329,0.000671127,	0.99358,0.00641978,	0.949604,0.0503958,	0.788544,0.211456,	0.529469,0.470531,	0.307883,0.692117,	0.178256,0.821744,	0.107876,0.892124,	0.0721492,0.927851,	0.0894215,0.910579,	1,	1,	1,	1,	1,	1,	1,	1,	1,	1,	1,	
0.5,0.5,	0.999372,0.000627649,	0.993927,0.00607318,	0.951449,0.048551,	0.792504,0.207496,	0.532675,0.467325,	0.30863,0.69137,	0.177703,0.822297,	0.106906,0.893094,	0.0710782,0.928922,	0.0880913,0.911909,	1,	1,	1,	1,	1,	1,	1,	1,	1,	1,	1,	
0.5,0.5,	0.999413,0.000586979,	0.994255,0.00574505,	0.953235,0.0467654,	0.796434,0.203566,	0.535917,0.464083,	0.309423,0.690577,	0.177193,0.822807,	0.105968,0.894032,	0.0700508,0.929949,	0.0868874,0.913113,	1,	1,	1,	1,	1,	1,	1,	1,	1,	1,	1,	
0.5,0.5,	0.999451,0.000548937,	0.994566,0.00543447,	0.954958,0.0450416,	0.800298,0.199702,	0.5391,0.4609,	0.310141,0.689859,	0.176621,0.823379,	0.105028,0.894972,	0.0690373,0.930963,	0.0856481,0.914352,	1,	1,	1,	1,	1,	1,	1,	1,	1,	1,	1,	
0.5,0.5,	0.999487,0.000513358,	0.99486,0.00514047,	0.95662,0.0433799,	0.804103,0.195897,	0.542212,0.457788,	0.310818,0.689182,	0.176018,0.823982,	0.104062,0.895938,	0.0680233,0.931977,	0.0843856,0.915614,	1,	1,	1,	1,	1,	1,	1,	1,	1,	1,	1,	
0.5,0.5,	0.99952,0.000480079,	0.995138,0.00486211,	0.958228,0.0417722,	0.807937,0.192063,	0.545421,0.454579,	0.311589,0.688411,	0.175427,0.824573,	0.103106,0.896894,	0.0670277,0.932972,	0.0831157,0.916884,	1,	1,	1,	1,	1,	1,	1,	1,	1,	1,	1,	
0.5,0.5,	0.999551,0.000448954,	0.995401,0.0045986,	0.959783,0.040217,	0.811772,0.188228,	0.548736,0.451264,	0.31249,0.68751,	0.174841,0.825159,	0.102173,0.897827,	0.066042,0.933958,	0.0818884,0.918112,	1,	1,	1,	1,	1,	1,	1,	1,	1,	1,	1,	
0.5,0.5,	0.99958,0.000419842,	0.995651,0.0043492,	0.961288,0.0387125,	0.81557,0.18443,	0.552038,0.447962,	0.313456,0.686544,	0.174294,0.825706,	0.101263,0.898737,	0.0650778,0.934922,	0.0806984,0.919302,	1,	1,	1,	1,	1,	1,	1,	1,	1,	1,	1,	
0.5,0.5,	0.999607,0.000392613,	0.995887,0.00411328,	0.962736,0.0372638,	0.819272,0.180728,	0.555264,0.444736,	0.314303,0.685697,	0.173728,0.826272,	0.100353,0.899647,	0.0641167,0.935883,	0.0795618,0.920438,	1,	1,	1,	1,	1,	1,	1,	1,	1,	1,	1,	
0.5,0.5,	0.999633,0.000367149,	0.99611,0.00389006,	0.964133,0.0358674,	0.822864,0.177136,	0.558414,0.441586,	0.315115,0.684885,	0.173177,0.826823,	0.0994674,0.900533,	0.0631675,0.936833,	0.078417,0.921583,	1,	1,	1,	1,	1,	1,	1,	1,	1,	1,	1,	
0.5,0.5,	0.999657,0.000343334,	0.996321,0.00367889,	0.96548,0.0345197,	0.826423,0.173577,	0.561516,0.438484,	0.315893,0.684107,	0.172649,0.827351,	0.0986068,0.901393,	0.0622386,0.937761,	0.0773157,0.922684,	1,	1,	1,	1,	1,	1,	1,	1,	1,	1,	1,	
0.5,0.5,	0.999679,0.00032106,	0.996521,0.00347907,	0.966782,0.033218,	0.829956,0.170044,	0.56469,0.43531,	0.316729,0.683271,	0.172152,0.827848,	0.0977734,0.902227,	0.0613253,0.938675,	0.0762283,0.923772,	1,	1,	1,	1,	1,	1,	1,	1,	1,	1,	1,	
0.5,0.5,	0.9997,0.000300229,	0.99671,0.00329002,	0.968037,0.0319626,	0.833429,0.166571,	0.567857,0.432143,	0.317553,0.682447,	0.171631,0.828369,	0.0969539,0.903046,	0.0604317,0.939568,	0.075179,0.924821,	1,	1,	1,	1,	1,	1,	1,	1,	1,	1,	1,	
0.5,0.5,	0.999719,0.000280748,	0.996889,0.00311114,	0.969249,0.0307507,	0.836866,0.163134,	0.571153,0.428847,	0.31839,0.68161,	0.171124,0.828876,	0.0961227,0.903877,	0.0595524,0.940448,	0.0741602,0.92584,	1,	1,	1,	1,	1,	1,	1,	1,	1,	1,	1,	
0.5,0.5,	0.999737,0.00026253,	0.997058,0.0029419,	0.970419,0.0295811,	0.840264,0.159736,	0.574564,0.425436,	0.319273,0.680727,	0.170699,0.829301,	0.0953156,0.904684,	0.058695,0.941305,	0.0731265,0.926874,	1,	1,	1,	1,	1,	1,	1,	1,	1,	1,	1,	
0.5,0.5,	0.999755,0.000245491,	0.997218,0.00278179,	0.971546,0.0284538,	0.843597,0.156403,	0.577834,0.422166,	0.320095,0.679905,	0.170255,0.829745,	0.0945151,0.905485,	0.0578527,0.942147,	0.0720901,0.92791,	1,	1,	1,	1,	1,	1,	1,	1,	1,	1,	1,	
0.5,0.5,	0.99977,0.000229558,	0.99737,0.00263032,	0.972634,0.0273662,	0.846879,0.153121,	0.581108,0.418892,	0.320948,0.679052,	0.169825,0.830175,	0.0937241,0.906276,	0.0570297,0.94297,	0.0710625,0.928937,	1,	1,	1,	1,	1,	1,	1,	1,	1,	1,	1,	
0.5,0.5,	0.999785,0.000214658,	0.997513,0.00248707,	0.973681,0.0263187,	0.85008,0.14992,	0.584362,0.415638,	0.32175,0.67825,	0.169377,0.830623,	0.0929301,0.90707,	0.056219,0.943781,	0.0700217,0.929978,	1,	1,	1,	1,	1,	1,	1,	1,	1,	1,	1,	
0.5,0.5,	0.999799,0.000200725,	0.997648,0.00235157,	0.974689,0.0253112,	0.853223,0.146777,	0.587627,0.412373,	0.322546,0.677454,	0.168891,0.831109,	0.0921154,0.907885,	0.0554136,0.944586,	0.0689863,0.931014,	1,	1,	1,	1,	1,	1,	1,	1,	1,	1,	1,	
0.5,0.5,	0.999812,0.000187696,	0.997777,0.0022234,	0.975661,0.0243393,	0.85635,0.14365,	0.591026,0.408974,	0.323513,0.676487,	0.168449,0.831551,	0.0913286,0.908671,	0.0546206,0.945379,	0.068002,0.931998,	1,	1,	1,	1,	1,	1,	1,	1,	1,	1,	1,	
0.5,0.5,	0.999824,0.000175512,	0.997898,0.00210217,	0.976596,0.0234043,	0.859411,0.140589,	0.594338,0.405662,	0.324459,0.675541,	0.168006,0.831994,	0.0905445,0.909456,	0.0538376,0.946162,	0.0670359,0.932964,	1,	1,	1,	1,	1,	1,	1,	1,	1,	1,	1,	
0.5,0.5,	0.999836,0.000164119,	0.998012,0.00198752,	0.977496,0.022504,	0.8624,0.1376,	0.597582,0.402418,	0.325297,0.674703,	0.167537,0.832463,	0.08975,0.91025,	0.0530662,0.946934,	0.0660604,0.93394,	1,	1,	1,	1,	1,	1,	1,	1,	1,	1,	1,	
0.5,0.5,	0.999847,0.000153464,	0.998121,0.00187908,	0.978362,0.0216382,	0.865337,0.134663,	0.60079,0.39921,	0.326128,0.673872,	0.167034,0.832966,	0.0889626,0.911037,	0.0522956,0.947704,	0.0650689,0.934931,	1,	1,	1,	1,	1,	1,	1,	1,	1,	1,	1,	
0.5,0.5,	0.999856,0.0001435,	0.998223,0.00177653,	0.979196,0.020804,	0.868247,0.131753,	0.604102,0.395898,	0.327106,0.672894,	0.166542,0.833458,	0.0882014,0.911799,	0.0515359,0.948464,	0.0641083,0.935892,	1,	1,	1,	1,	1,	1,	1,	1,	1,	1,	1,	
0.5,0.5,	0.999866,0.000134182,	0.99832,0.00167954,	0.98,0.0200001,	0.871146,0.128854,	0.607513,0.392487,	0.328253,0.671747,	0.166097,0.833903,	0.0874795,0.91252,	0.0507912,0.949209,	0.0631718,0.936828,	1,	1,	1,	1,	1,	1,	1,	1,	1,	1,	1,	
0.5,0.5,	0.999875,0.000125469,	0.998412,0.00158781,	0.980775,0.0192251,	0.874026,0.125974,	0.611019,0.388981,	0.329524,0.670476,	0.165709,0.834291,	0.0867878,0.913212,	0.0500655,0.949935,	0.0622536,0.937746,	1,	1,	1,	1,	1,	1,	1,	1,	1,	1,	1,	
0.5,0.5,	0.999883,0.000117322,	0.998499,0.00150108,	0.981521,0.0184794,	0.876834,0.123166,	0.614311,0.385689,	0.330633,0.669367,	0.165333,0.834667,	0.0861028,0.913897,	0.0493497,0.95065,	0.0613826,0.938617,	1,	1,	1,	1,	1,	1,	1,	1,	1,	1,	1,	
0.5,0.5,	0.99989,0.000109703,	0.998581,0.00141906,	0.982238,0.0177617,	0.87958,0.12042,	0.617471,0.382529,	0.331559,0.668441,	0.164897,0.835103,	0.0854107,0.914589,	0.0486404,0.95136,	0.0605269,0.939473,	1,	1,	1,	1,	1,	1,	1,	1,	1,	1,	1,	
0.5,0.5,	0.999897,0.000102579,	0.998658,0.00134151,	0.982929,0.0170709,	0.882275,0.117725,	0.620583,0.379417,	0.33251,0.66749,	0.164464,0.835536,	0.08472,0.91528,	0.0479375,0.952063,	0.0596534,0.940347,	1,	1,	1,	1,	1,	1,	1,	1,	1,	1,	1,	
0.5,0.5,	0.999904,9.59166e-05,	0.998732,0.00126818,	0.983593,0.0164066,	0.884906,0.115094,	0.623736,0.376264,	0.333459,0.666541,	0.164016,0.835984,	0.0840365,0.915963,	0.0472449,0.952755,	0.058779,0.941221,	1,	1,	1,	1,	1,	1,	1,	1,	1,	1,	1,	
0.5,0.5,	0.99991,8.96873e-05,	0.998801,0.00119884,	0.984232,0.0157678,	0.887481,0.112519,	0.626936,0.373064,	0.334479,0.665521,	0.163541,0.836459,	0.0833666,0.916633,	0.0465568,0.953443,	0.0579078,0.942092,	1,	1,	1,	1,	1,	1,	1,	1,	1,	1,	1,	
0.5,0.5,	0.999916,8.38624e-05,	0.998867,0.00113329,	0.984847,0.0151534,	0.89,0.11,	0.630145,0.369855,	0.335551,0.664449,	0.163066,0.836934,	0.0826896,0.91731,	0.0458731,0.954127,	0.0570659,0.942934,	1,	1,	1,	1,	1,	1,	1,	1,	1,	1,	1,	
0.5,0.5,	0.999922,7.84158e-05,	0.998929,0.00107131,	0.985438,0.0145621,	0.892478,0.107522,	0.633402,0.366598,	0.33665,0.66335,	0.162635,0.837365,	0.0820176,0.917982,	0.0452,0.9548,	0.056264,0.943736,	1,	1,	1,	1,	1,	1,	1,	1,	1,	1,	1,	
0.5,0.5,	0.999927,7.33229e-05,	0.998987,0.00101271,	0.986006,0.0139936,	0.894898,0.105102,	0.6366,0.3634,	0.337809,0.662191,	0.162203,0.837797,	0.0813428,0.918657,	0.0445387,0.955461,	0.0554704,0.94453,	1,	1,	1,	1,	1,	1,	1,	1,	1,	1,	1,	
0.5,0.5,	0.999931,6.85607e-05,	0.999043,0.000957306,	0.986554,0.0134462,	0.897289,0.102711,	0.639872,0.360128,	0.339025,0.660975,	0.161807,0.838193,	0.0806805,0.91932,	0.0438945,0.956106,	0.0546878,0.945312,	1,	1,	1,	1,	1,	1,	1,	1,	1,	1,	1,	
0.5,0.5,	0.999936,6.41077e-05,	0.999095,0.000904923,	0.987081,0.0129195,	0.899654,0.100346,	0.643172,0.356828,	0.34024,0.65976,	0.161439,0.838561,	0.0800456,0.919954,	0.0432644,0.956736,	0.053895,0.946105,	1,	1,	1,	1,	1,	1,	1,	1,	1,	1,	1,	
0.5,0.5,	0.99994,5.9944e-05,	0.999145,0.000855398,	0.987587,0.0124134,	0.901969,0.0980307,	0.646447,0.353553,	0.341433,0.658567,	0.161093,0.838907,	0.0794186,0.920581,	0.0426464,0.957354,	0.0530763,0.946924,	1,	1,	1,	1,	1,	1,	1,	1,	1,	1,	1,	
0.5,0.5,	0.999944,5.60506e-05,	0.999191,0.000808577,	0.988073,0.0119267,	0.904221,0.0957793,	0.649621,0.350379,	0.342562,0.657438,	0.160741,0.839259,	0.0787904,0.92121,	0.042036,0.957964,	0.0522605,0.947739,	1,	1,	1,	1,	1,	1,	1,	1,	1,	1,	1,	
0.5,0.5,	0.999948,5.24101e-05,	0.999236,0.000764313,	0.988541,0.0114586,	0.906417,0.0935833,	0.652715,0.347285,	0.34361,0.65639,	0.160356,0.839644,	0.0781505,0.921849,	0.0414281,0.958572,	0.0514679,0.948532,	1,	1,	1,	1,	1,	1,	1,	1,	1,	1,	1,	
0.5,0.5,	0.999951,4.9006e-05,	0.999278,0.000722465,	0.988992,0.011008,	0.908586,0.0914143,	0.655928,0.344072,	0.344772,0.655228,	0.160017,0.839983,	0.0775328,0.922467,	0.0408325,0.959167,	0.0507251,0.949275,	1,	1,	1,	1,	1,	1,	1,	1,	1,	1,	1,	
0.5,0.5,	0.999954,4.5823e-05,	0.999317,0.000682905,	0.989425,0.0105748,	0.910697,0.0893027,	0.65906,0.34094,	0.345921,0.654079,	0.159693,0.840307,	0.0769212,0.923079,	0.04025,0.95975,	0.050002,0.949998,	1,	1,	1,	1,	1,	1,	1,	1,	1,	1,	1,	
0.5,0.5,	0.999957,4.28467e-05,	0.999354,0.000645508,	0.989841,0.0101586,	0.912749,0.0872508,	0.6621,0.3379,	0.346916,0.653084,	0.159332,0.840668,	0.076305,0.923695,	0.0396757,0.960324,	0.0492814,0.950719,	1,	1,	1,	1,	1,	1,	1,	1,	1,	1,	1,	
0.5,0.5,	0.99996,4.00637e-05,	0.99939,0.000610156,	0.990241,0.00975865,	0.914753,0.0852472,	0.66508,0.33492,	0.347817,0.652183,	0.158959,0.841041,	0.0756998,0.9243,	0.0391136,0.960886,	0.0485822,0.951418,	1,	1,	1,	1,	1,	1,	1,	1,	1,	1,	1,	
0.5,0.5,	0.999963,3.74615e-05,	0.999423,0.000576737,	0.990626,0.00937447,	0.916717,0.0832829,	0.668018,0.331982,	0.348727,0.651273,	0.15858,0.84142,	0.0751064,0.924894,	0.0385576,0.961442,	0.0478913,0.952109,	1,	1,	1,	1,	1,	1,	1,	1,	1,	1,	1,	
0.5,0.5,	0.999965,3.50283e-05,	0.999455,0.000545147,	0.990995,0.00900495,	0.918637,0.0813625,	0.670992,0.329008,	0.349727,0.650273,	0.158218,0.841782,	0.074527,0.925473,	0.0380116,0.961988,	0.0472171,0.952783,	1,	1,	1,	1,	1,	1,	1,	1,	1,	1,	1,	
0.5,0.5,	0.999967,3.27531e-05,	0.999485,0.000515285,	0.99135,0.00865009,	0.920516,0.0794844,	0.673921,0.326079,	0.350629,0.649371,	0.157814,0.842186,	0.0739402,0.92606,	0.0374697,0.96253,	0.0465537,0.953446,	1,	1,	1,	1,	1,	1,	1,	1,	1,	1,	1,	
0.5,0.5,	0.999969,3.06256e-05,	0.999513,0.000487057,	0.991691,0.00830894,	0.922373,0.0776274,	0.676989,0.323011,	0.351728,0.648272,	0.157426,0.842574,	0.073352,0.926648,	0.0369368,0.963063,	0.0459062,0.954094,	1,	1,	1,	1,	1,	1,	1,	1,	1,	1,	1,	
0.5,0.5,	0.999971,2.86364e-05,	0.99954,0.000460372,	0.992019,0.00798106,	0.9242,0.0757996,	0.680073,0.319927,	0.352869,0.647131,	0.157042,0.842958,	0.0727571,0.927243,	0.0364125,0.963588,	0.0452733,0.954727,	1,	1,	1,	1,	1,	1,	1,	1,	1,	1,	1,	
0.5,0.5,	0.999973,2.67764e-05,	0.999565,0.000435148,	0.992334,0.00766574,	0.92599,0.0740096,	0.683163,0.316837,	0.35396,0.64604,	0.156656,0.843344,	0.0721634,0.927837,	0.0358967,0.964103,	0.044643,0.955357,	1,	1,	1,	1,	1,	1,	1,	1,	1,	1,	1,	
0.5,0.5,	0.999975,2.50371e-05,	0.999589,0.000411304,	0.992637,0.00736256,	0.927743,0.0722572,	0.686218,0.313782,	0.355,0.645,	0.15625,0.84375,	0.07157,0.92843,	0.0353863,0.964614,	0.0440089,0.955991,	1,	1,	1,	1,	1,	1,	1,	1,	1,	1,	1,	
0.5,0.5,	0.999977,2.34109e-05,	0.999611,0.000388764,	0.992929,0.00707129,	0.929455,0.070545,	0.689201,0.310799,	0.356049,0.643951,	0.15582,0.84418,	0.0709728,0.929027,	0.0348787,0.965121,	0.0433613,0.956639,	1,	1,	1,	1,	1,	1,	1,	1,	1,	1,	1,	
0.5,0.5,	0.999978,2.18902e-05,	0.999633,0.000367459,	0.993209,0.00679146,	0.931125,0.0688752,	0.692131,0.307869,	0.357068,0.642932,	0.155397,0.844603,	0.0703837,0.929616,	0.0343772,0.965623,	0.0427073,0.957293,	1,	1,	1,	1,	1,	1,	1,	1,	1,	1,	1,	
0.5,0.5,	0.99998,2.04683e-05,	0.999653,0.000347319,	0.993477,0.00652261,	0.93275,0.0672504,	0.695005,0.304995,	0.358067,0.641933,	0.154945,0.845055,	0.0697925,0.930207,	0.033882,0.966118,	0.0420486,0.957951,	1,	1,	1,	1,	1,	1,	1,	1,	1,	1,	1,	
0.5,0.5,	0.999981,1.91388e-05,	0.999672,0.000328283,	0.993736,0.00626419,	0.934334,0.0656663,	0.697926,0.302074,	0.359084,0.640916,	0.154488,0.845512,	0.0691953,0.930805,	0.0333956,0.966604,	0.0414281,0.958572,	1,	1,	1,	1,	1,	1,	1,	1,	1,	1,	1,	
0.5,0.5,	0.999982,1.78957e-05,	0.99969,0.000310289,	0.993984,0.00601592,	0.935883,0.0641167,	0.70076,0.29924,	0.360064,0.639936,	0.154029,0.845971,	0.0685848,0.931415,	0.0329149,0.967085,	0.0408152,0.959185,	1,	1,	1,	1,	1,	1,	1,	1,	1,	1,	1,	
0.5,0.5,	0.999983,1.67332e-05,	0.999707,0.00029328,	0.994222,0.00577754,	0.937401,0.0625995,	0.703507,0.296493,	0.361099,0.638901,	0.153587,0.846413,	0.0679741,0.932026,	0.0324385,0.967561,	0.0402143,0.959786,	1,	1,	1,	1,	1,	1,	1,	1,	1,	1,	1,	
0.5,0.5,	0.999984,1.56463e-05,	0.999723,0.000277203,	0.994452,0.00554844,	0.938889,0.0611108,	0.706333,0.293667,	0.362211,0.637789,	0.153176,0.846824,	0.0673735,0.932626,	0.0319671,0.968033,	0.0396072,0.960393,	1,	1,	1,	1,	1,	1,	1,	1,	1,	1,	1,	
0.5,0.5,	0.999985,1.463e-05,	0.999738,0.000262007,	0.994672,0.00532831,	0.940343,0.059657,	0.709197,0.290803,	0.363311,0.636689,	0.152808,0.847192,	0.0667973,0.933203,	0.0315014,0.968499,	0.0390019,0.960998,	1,	1,	1,	1,	1,	1,	1,	1,	1,	1,	1,	
0.5,0.5,	0.999986,1.36797e-05,	0.999752,0.000247642,	0.994883,0.00511682,	0.941766,0.0582343,	0.712114,0.287886,	0.364432,0.635568,	0.152461,0.847539,	0.066239,0.933761,	0.031049,0.968951,	0.0384015,0.961598,	1,	1,	1,	1,	1,	1,	1,	1,	1,	1,	1,	
0.5,0.5,	0.999987,1.27911e-05,	0.999766,0.000234065,	0.995086,0.00491366,	0.943156,0.0568439,	0.714978,0.285022,	0.36552,0.63448,	0.152069,0.847931,	0.0656865,0.934314,	0.0306038,0.969396,	0.0377966,0.962203,	1,	1,	1,	1,	1,	1,	1,	1,	1,	1,	1,	
0.5,0.5,	0.999988,1.19603e-05,	0.999779,0.000221231,	0.995281,0.00471851,	0.944514,0.0554856,	0.717755,0.282245,	0.366464,0.633536,	0.151635,0.848365,	0.0651366,0.934863,	0.030165,0.969835,	0.0372229,0.962777,	1,	1,	1,	1,	1,	1,	1,	1,	1,	1,	1,	
0.5,0.5,	0.999989,1.11834e-05,	0.999791,0.000209101,	0.995469,0.00453103,	0.945837,0.0541631,	0.720466,0.279534,	0.367301,0.632699,	0.151202,0.848798,	0.0645824,0.935418,	0.0297313,0.970269,	0.0366492,0.963351,	1,	1,	1,	1,	1,	1,	1,	1,	1,	1,	1,	
