accept,reject,	accept,reject,	accept,reject,	accept,reject,	accept,reject,	accept,reject,	accept,reject,	accept,reject,	accept,reject,	accept,reject,	accept,reject,	wait,	wait,	wait,	wait,	wait,	wait,	wait,	wait,	wait,	wait,	wait,	
0.5,0.5,	0.5,0.5,	0.5,0.5,	0.5,0.5,	0.5,0.5,	0.5,0.5,	0.5,0.5,	0.5,0.5,	0.5,0.5,	0.5,0.5,	0.5,0.5,	1,	1,	1,	1,	1,	1,	1,	1,	1,	1,	1,	
0.5,0.5,	0.504521,0.495479,	0.503238,0.496762,	0.502961,0.497039,	0.502684,0.497316,	0.502814,0.497186,	0.502675,0.497325,	0.502601,0.497399,	0.502351,0.497649,	0.501917,0.498083,	0.499991,0.500009,	1,	1,	1,	1,	1,	1,	1,	1,	1,	1,	1,	
0.5,0.5,	0.51949,0.48051,	0.512671,0.487329,	0.509742,0.490258,	0.508679,0.491321,	0.509037,0.490963,	0.50891,0.49109,	0.508987,0.491013,	0.508519,0.491481,	0.507355,0.492645,	0.499983,0.500017,	1,	1,	1,	1,	1,	1,	1,	1,	1,	1,	1,	
0.5,0.5,	0.539969,0.460031,	0.526553,0.473447,	0.519527,0.480473,	0.516948,0.483052,	0.517426,0.482574,	0.517433,0.482567,	0.517674,0.482326,	0.516965,0.483035,	0.515327,0.484673,	0.499981,0.500019,	1,	1,	1,	1,	1,	1,	1,	1,	1,	1,	1,	
0.5,0.5,	0.561837,0.438163,	0.542805,0.457195,	0.531605,0.468395,	0.527101,0.472899,	0.527109,0.472891,	0.527042,0.472958,	0.527378,0.472622,	0.526831,0.473169,	0.524882,0.475118,	0.499956,0.500044,	1,	1,	1,	1,	1,	1,	1,	1,	1,	1,	1,	
0.5,0.5,	0.582672,0.417328,	0.559412,0.440588,	0.5448,0.4552,	0.538474,0.461526,	0.537689,0.462311,	0.537257,0.462743,	0.537623,0.462377,	0.537388,0.462612,	0.535554,0.464446,	0.500015,0.499985,	1,	1,	1,	1,	1,	1,	1,	1,	1,	1,	1,	
0.5,0.5,	0.601817,0.398183,	0.57525,0.42475,	0.558231,0.441769,	0.5503,0.4497,	0.548621,0.451379,	0.54793,0.45207,	0.54829,0.45171,	0.548311,0.451689,	0.546543,0.453457,	0.500097,0.499903,	1,	1,	1,	1,	1,	1,	1,	1,	1,	1,	1,	
0.5,0.5,	0.619433,0.380567,	0.590417,0.409583,	0.571335,0.428665,	0.561999,0.438001,	0.55955,0.44045,	0.558736,0.441264,	0.558974,0.441026,	0.559252,0.440748,	0.557448,0.442552,	0.500179,0.499821,	1,	1,	1,	1,	1,	1,	1,	1,	1,	1,	1,	
0.5,0.5,	0.63604,0.36396,	0.604931,0.395069,	0.583829,0.416171,	0.573386,0.426614,	0.570474,0.429526,	0.569382,0.430618,	0.569525,0.430475,	0.570019,0.429981,	0.568048,0.431952,	0.500235,0.499765,	1,	1,	1,	1,	1,	1,	1,	1,	1,	1,	1,	
0.5,0.5,	0.651929,0.348071,	0.618866,0.381134,	0.595878,0.404122,	0.584609,0.415391,	0.581231,0.418769,	0.57979,0.42021,	0.579697,0.420303,	0.580358,0.419642,	0.578087,0.421913,	0.500318,0.499682,	1,	1,	1,	1,	1,	1,	1,	1,	1,	1,	1,	
0.5,0.5,	0.667127,0.332873,	0.63228,0.36772,	0.607635,0.392365,	0.595498,0.404502,	0.591611,0.408389,	0.589948,0.410052,	0.58955,0.41045,	0.590279,0.409721,	0.587268,0.412732,	0.50041,0.49959,	1,	1,	1,	1,	1,	1,	1,	1,	1,	1,	1,	
0.5,0.5,	0.681911,0.318089,	0.64555,0.35445,	0.619183,0.380817,	0.606037,0.393963,	0.601725,0.398275,	0.599718,0.400282,	0.599042,0.400958,	0.59969,0.40031,	0.595762,0.404238,	0.500477,0.499523,	1,	1,	1,	1,	1,	1,	1,	1,	1,	1,	1,	
0.5,0.5,	0.69654,0.30346,	0.658811,0.341189,	0.630498,0.369502,	0.616422,0.383578,	0.611586,0.388414,	0.609114,0.390886,	0.608251,0.391749,	0.608557,0.391443,	0.603624,0.396376,	0.500516,0.499484,	1,	1,	1,	1,	1,	1,	1,	1,	1,	1,	1,	
0.5,0.5,	0.711009,0.288991,	0.67186,0.32814,	0.641523,0.358477,	0.626399,0.373601,	0.620903,0.379097,	0.618192,0.381808,	0.617298,0.382702,	0.61703,0.38297,	0.610709,0.389291,	0.500548,0.499452,	1,	1,	1,	1,	1,	1,	1,	1,	1,	1,	1,	
0.5,0.5,	0.725259,0.274741,	0.684538,0.315462,	0.65214,0.34786,	0.636104,0.363896,	0.630102,0.369898,	0.627087,0.372913,	0.626073,0.373927,	0.624999,0.375001,	0.617064,0.382936,	0.500593,0.499407,	1,	1,	1,	1,	1,	1,	1,	1,	1,	1,	1,	
0.5,0.5,	0.73929,0.26071,	0.696917,0.303083,	0.662562,0.337438,	0.645704,0.354296,	0.639267,0.360733,	0.63592,0.36408,	0.634601,0.365399,	0.632603,0.367397,	0.623013,0.376987,	0.500663,0.499337,	1,	1,	1,	1,	1,	1,	1,	1,	1,	1,	1,	
0.5,0.5,	0.753044,0.246956,	0.709029,0.290971,	0.672945,0.327055,	0.655268,0.344732,	0.648193,0.351807,	0.644565,0.355435,	0.64279,0.35721,	0.6399,0.3601,	0.628523,0.371477,	0.500757,0.499243,	1,	1,	1,	1,	1,	1,	1,	1,	1,	1,	1,	
0.5,0.5,	0.766637,0.233363,	0.721105,0.278895,	0.683254,0.316746,	0.664721,0.335279,	0.656877,0.343123,	0.652964,0.347036,	0.650714,0.349286,	0.646888,0.353112,	0.633616,0.366384,	0.500829,0.499171,	1,	1,	1,	1,	1,	1,	1,	1,	1,	1,	1,	
0.5,0.5,	0.779938,0.220062,	0.733187,0.266813,	0.693537,0.306463,	0.673888,0.326112,	0.665449,0.334551,	0.660983,0.339017,	0.658413,0.341587,	0.653658,0.346342,	0.638325,0.361675,	0.500913,0.499087,	1,	1,	1,	1,	1,	1,	1,	1,	1,	1,	1,	
0.5,0.5,	0.792992,0.207008,	0.744946,0.255054,	0.703645,0.296355,	0.682911,0.317089,	0.673924,0.326076,	0.668953,0.331047,	0.665841,0.334159,	0.660223,0.339777,	0.642836,0.357164,	0.500919,0.499081,	1,	1,	1,	1,	1,	1,	1,	1,	1,	1,	1,	
0.5,0.5,	0.805794,0.194206,	0.756535,0.243465,	0.713593,0.286407,	0.691848,0.308152,	0.68211,0.31789,	0.676587,0.323413,	0.673152,0.326848,	0.666615,0.333385,	0.647235,0.352765,	0.500848,0.499152,	1,	1,	1,	1,	1,	1,	1,	1,	1,	1,	1,	
0.5,0.5,	0.818251,0.181749,	0.767931,0.232069,	0.72321,0.27679,	0.700497,0.299503,	0.690181,0.309819,	0.684035,0.315965,	0.680315,0.319685,	0.67283,0.32717,	0.651357,0.348643,	0.500779,0.499221,	1,	1,	1,	1,	1,	1,	1,	1,	1,	1,	1,	
0.5,0.5,	0.83039,0.16961,	0.779072,0.220928,	0.732495,0.267505,	0.708824,0.291176,	0.697985,0.302015,	0.691411,0.308589,	0.687434,0.312566,	0.678843,0.321157,	0.655335,0.344665,	0.500752,0.499248,	1,	1,	1,	1,	1,	1,	1,	1,	1,	1,	1,	
0.5,0.5,	0.842215,0.157785,	0.79006,0.20994,	0.741249,0.258751,	0.716702,0.283298,	0.705638,0.294362,	0.698945,0.301055,	0.694525,0.305475,	0.684706,0.315294,	0.659279,0.340721,	0.500775,0.499225,	1,	1,	1,	1,	1,	1,	1,	1,	1,	1,	1,	
0.5,0.5,	0.85364,0.14636,	0.800681,0.199319,	0.749724,0.250276,	0.724324,0.275676,	0.713119,0.286881,	0.706249,0.293751,	0.701306,0.298694,	0.690326,0.309674,	0.663241,0.336759,	0.500815,0.499185,	1,	1,	1,	1,	1,	1,	1,	1,	1,	1,	1,	
0.5,0.5,	0.864523,0.135477,	0.810876,0.189124,	0.757987,0.242013,	0.731821,0.268179,	0.720384,0.279616,	0.713193,0.286807,	0.707856,0.292144,	0.69586,0.30414,	0.667071,0.332929,	0.500852,0.499148,	1,	1,	1,	1,	1,	1,	1,	1,	1,	1,	1,	
0.5,0.5,	0.874882,0.125118,	0.820691,0.179309,	0.766094,0.233906,	0.739155,0.260845,	0.727407,0.272593,	0.719838,0.280162,	0.714226,0.285774,	0.701358,0.298642,	0.670822,0.329178,	0.500902,0.499098,	1,	1,	1,	1,	1,	1,	1,	1,	1,	1,	1,	
0.5,0.5,	0.884737,0.115263,	0.8302,0.1698,	0.77392,0.22608,	0.746277,0.253723,	0.734423,0.265577,	0.726542,0.273458,	0.720376,0.279624,	0.70678,0.29322,	0.674634,0.325366,	0.50101,0.49899,	1,	1,	1,	1,	1,	1,	1,	1,	1,	1,	1,	
0.5,0.5,	0.894098,0.105902,	0.839373,0.160627,	0.78155,0.21845,	0.753423,0.246577,	0.741205,0.258795,	0.733013,0.266987,	0.726372,0.273628,	0.711895,0.288105,	0.678362,0.321638,	0.50106,0.49894,	1,	1,	1,	1,	1,	1,	1,	1,	1,	1,	1,	
0.5,0.5,	0.902904,0.0970963,	0.848138,0.151862,	0.788935,0.211065,	0.760394,0.239606,	0.747827,0.252173,	0.739195,0.260805,	0.732133,0.267867,	0.716787,0.283213,	0.681948,0.318052,	0.501109,0.498891,	1,	1,	1,	1,	1,	1,	1,	1,	1,	1,	1,	
0.5,0.5,	0.911174,0.088826,	0.85654,0.14346,	0.796107,0.203893,	0.767197,0.232803,	0.754257,0.245743,	0.745285,0.254715,	0.737707,0.262293,	0.721596,0.278404,	0.685549,0.314451,	0.501137,0.498863,	1,	1,	1,	1,	1,	1,	1,	1,	1,	1,	1,	
0.5,0.5,	0.918949,0.0810508,	0.864612,0.135388,	0.803143,0.196857,	0.773759,0.226241,	0.760487,0.239513,	0.751107,0.248893,	0.743122,0.256878,	0.72643,0.27357,	0.689082,0.310918,	0.5012,0.4988,	1,	1,	1,	1,	1,	1,	1,	1,	1,	1,	1,	
0.5,0.5,	0.926186,0.0738135,	0.872416,0.127584,	0.809879,0.190121,	0.780021,0.219979,	0.766462,0.233538,	0.756661,0.243339,	0.748435,0.251565,	0.731087,0.268913,	0.692411,0.307589,	0.501266,0.498734,	1,	1,	1,	1,	1,	1,	1,	1,	1,	1,	1,	
0.5,0.5,	0.932893,0.0671069,	0.87981,0.12019,	0.81646,0.18354,	0.786229,0.213771,	0.772179,0.227821,	0.762028,0.237972,	0.753662,0.246338,	0.735783,0.264217,	0.695772,0.304228,	0.501232,0.498768,	1,	1,	1,	1,	1,	1,	1,	1,	1,	1,	1,	
0.5,0.5,	0.939112,0.060888,	0.886811,0.113189,	0.822748,0.177252,	0.792192,0.207808,	0.777779,0.222221,	0.76736,0.23264,	0.75889,0.24111,	0.740382,0.259618,	0.698952,0.301048,	0.50119,0.49881,	1,	1,	1,	1,	1,	1,	1,	1,	1,	1,	1,	
0.5,0.5,	0.944862,0.0551381,	0.893458,0.106542,	0.82884,0.17116,	0.797977,0.202023,	0.78322,0.21678,	0.772653,0.227347,	0.764106,0.235894,	0.744933,0.255067,	0.701973,0.298027,	0.501188,0.498812,	1,	1,	1,	1,	1,	1,	1,	1,	1,	1,	1,	
0.5,0.5,	0.950145,0.0498549,	0.899787,0.100213,	0.834771,0.165229,	0.803573,0.196427,	0.788567,0.211433,	0.77784,0.22216,	0.769223,0.230777,	0.749328,0.250672,	0.705023,0.294977,	0.501247,0.498753,	1,	1,	1,	1,	1,	1,	1,	1,	1,	1,	1,	
0.5,0.5,	0.954983,0.0450166,	0.905878,0.0941218,	0.840461,0.159539,	0.808987,0.191013,	0.79373,0.20627,	0.783004,0.216996,	0.774049,0.225951,	0.753566,0.246434,	0.708089,0.291911,	0.501295,0.498705,	1,	1,	1,	1,	1,	1,	1,	1,	1,	1,	1,	
0.5,0.5,	0.95941,0.0405896,	0.911724,0.0882759,	0.846006,0.153994,	0.81422,0.18578,	0.798809,0.201191,	0.787922,0.212078,	0.77874,0.22126,	0.757659,0.242341,	0.71121,0.28879,	0.501425,0.498575,	1,	1,	1,	1,	1,	1,	1,	1,	1,	1,	1,	
0.5,0.5,	0.96344,0.0365603,	0.917261,0.0827393,	0.851324,0.148676,	0.819333,0.180667,	0.803826,0.196174,	0.792744,0.207256,	0.783325,0.216675,	0.76171,0.23829,	0.714294,0.285706,	0.501486,0.498514,	1,	1,	1,	1,	1,	1,	1,	1,	1,	1,	1,	
0.5,0.5,	0.967115,0.0328853,	0.922482,0.0775177,	0.856391,0.143609,	0.824238,0.175762,	0.808765,0.191235,	0.797555,0.202445,	0.787911,0.212089,	0.765694,0.234306,	0.717124,0.282876,	0.501466,0.498534,	1,	1,	1,	1,	1,	1,	1,	1,	1,	1,	1,	
0.5,0.5,	0.97046,0.0295404,	0.927384,0.0726161,	0.861308,0.138692,	0.828922,0.171078,	0.813566,0.186434,	0.802321,0.197679,	0.792421,0.207579,	0.769634,0.230366,	0.719834,0.280166,	0.501513,0.498487,	1,	1,	1,	1,	1,	1,	1,	1,	1,	1,	1,	
0.5,0.5,	0.973489,0.0265107,	0.931974,0.0680256,	0.865997,0.134003,	0.833359,0.166641,	0.818196,0.181804,	0.806971,0.193029,	0.796789,0.203211,	0.773534,0.226466,	0.722552,0.277448,	0.501518,0.498482,	1,	1,	1,	1,	1,	1,	1,	1,	1,	1,	1,	
0.5,0.5,	0.976229,0.0237706,	0.936288,0.0637117,	0.870445,0.129555,	0.837652,0.162348,	0.822761,0.177239,	0.811424,0.188576,	0.800941,0.199059,	0.777334,0.222666,	0.725248,0.274752,	0.501459,0.498541,	1,	1,	1,	1,	1,	1,	1,	1,	1,	1,	1,	
0.5,0.5,	0.978704,0.0212955,	0.940376,0.0596242,	0.874729,0.125271,	0.841808,0.158192,	0.827271,0.172729,	0.815705,0.184295,	0.805067,0.194933,	0.781111,0.218889,	0.727846,0.272154,	0.50145,0.49855,	1,	1,	1,	1,	1,	1,	1,	1,	1,	1,	1,	
0.5,0.5,	0.980935,0.019065,	0.944225,0.0557754,	0.878846,0.121154,	0.845876,0.154124,	0.831596,0.168404,	0.819907,0.180093,	0.809244,0.190756,	0.784735,0.215265,	0.730487,0.269513,	0.501461,0.498539,	1,	1,	1,	1,	1,	1,	1,	1,	1,	1,	1,	
0.5,0.5,	0.982946,0.0170544,	0.947846,0.052154,	0.882811,0.117189,	0.849834,0.150166,	0.835729,0.164271,	0.823991,0.176009,	0.813246,0.186754,	0.788306,0.211694,	0.73329,0.26671,	0.501499,0.498501,	1,	1,	1,	1,	1,	1,	1,	1,	1,	1,	1,	
0.5,0.5,	0.984757,0.0152433,	0.951242,0.0487583,	0.886603,0.113397,	0.853651,0.146349,	0.839842,0.160158,	0.82811,0.17189,	0.81715,0.18285,	0.791918,0.208082,	0.736207,0.263793,	0.501593,0.498407,	1,	1,	1,	1,	1,	1,	1,	1,	1,	1,	1,	
0.5,0.5,	0.986384,0.0136162,	0.954454,0.0455455,	0.890219,0.109781,	0.857446,0.142554,	0.843943,0.156057,	0.83221,0.16779,	0.820935,0.179065,	0.795418,0.204582,	0.738907,0.261093,	0.501555,0.498445,	1,	1,	1,	1,	1,	1,	1,	1,	1,	1,	1,	
0.5,0.5,	0.987843,0.0121568,	0.957451,0.0425489,	0.893708,0.106292,	0.861287,0.138713,	0.847893,0.152107,	0.836141,0.163859,	0.824494,0.175506,	0.798744,0.201256,	0.741529,0.258471,	0.501557,0.498443,	1,	1,	1,	1,	1,	1,	1,	1,	1,	1,	1,	
0.5,0.5,	0.989152,0.0108482,	0.960288,0.0397123,	0.897054,0.102946,	0.865047,0.134953,	0.85173,0.14827,	0.839916,0.160084,	0.828074,0.171926,	0.801969,0.198031,	0.743983,0.256017,	0.501528,0.498472,	1,	1,	1,	1,	1,	1,	1,	1,	1,	1,	1,	
0.5,0.5,	0.990323,0.00967683,	0.962962,0.0370377,	0.900273,0.0997275,	0.868673,0.131327,	0.855567,0.144433,	0.84373,0.15627,	0.831652,0.168348,	0.805072,0.194928,	0.746258,0.253742,	0.501437,0.498563,	1,	1,	1,	1,	1,	1,	1,	1,	1,	1,	1,	
0.5,0.5,	0.991371,0.00862852,	0.965465,0.0345347,	0.903467,0.0965333,	0.872136,0.127864,	0.859276,0.140724,	0.847515,0.152485,	0.835169,0.164831,	0.808068,0.191932,	0.748485,0.251515,	0.501359,0.498641,	1,	1,	1,	1,	1,	1,	1,	1,	1,	1,	1,	
0.5,0.5,	0.99231,0.00769022,	0.967823,0.0321766,	0.906599,0.0934012,	0.875568,0.124432,	0.862846,0.137154,	0.851054,0.148946,	0.838597,0.161403,	0.811151,0.188849,	0.750862,0.249138,	0.501431,0.498569,	1,	1,	1,	1,	1,	1,	1,	1,	1,	1,	1,	
0.5,0.5,	0.993149,0.00685079,	0.970035,0.0299655,	0.909654,0.0903455,	0.878923,0.121077,	0.866198,0.133802,	0.854349,0.145651,	0.841889,0.158111,	0.814277,0.185723,	0.753295,0.246705,	0.50145,0.49855,	1,	1,	1,	1,	1,	1,	1,	1,	1,	1,	1,	
0.5,0.5,	0.9939,0.00610016,	0.972103,0.027897,	0.912607,0.0873925,	0.882061,0.117939,	0.869436,0.130564,	0.857558,0.142442,	0.84513,0.15487,	0.817437,0.182563,	0.7556,0.2444,	0.501462,0.498538,	1,	1,	1,	1,	1,	1,	1,	1,	1,	1,	1,	
0.5,0.5,	0.99457,0.00542992,	0.974038,0.0259623,	0.915432,0.084568,	0.885015,0.114985,	0.872525,0.127475,	0.860741,0.139259,	0.848324,0.151676,	0.820417,0.179583,	0.757951,0.242049,	0.501415,0.498585,	1,	1,	1,	1,	1,	1,	1,	1,	1,	1,	1,	
0.5,0.5,	0.995168,0.00483168,	0.975847,0.0241529,	0.918094,0.0819059,	0.887759,0.112241,	0.875516,0.124484,	0.863933,0.136067,	0.85143,0.14857,	0.823398,0.176602,	0.760314,0.239686,	0.501403,0.498597,	1,	1,	1,	1,	1,	1,	1,	1,	1,	1,	1,	
0.5,0.5,	0.995702,0.00429791,	0.977538,0.0224619,	0.920583,0.0794174,	0.890484,0.109516,	0.878462,0.121538,	0.867092,0.132908,	0.854443,0.145557,	0.826307,0.173693,	0.762599,0.237401,	0.501355,0.498645,	1,	1,	1,	1,	1,	1,	1,	1,	1,	1,	1,	
0.5,0.5,	0.996178,0.00382198,	0.979117,0.0208832,	0.923025,0.0769754,	0.89324,0.10676,	0.881368,0.118632,	0.870067,0.129933,	0.857381,0.142619,	0.829192,0.170808,	0.765052,0.234948,	0.501203,0.498797,	1,	1,	1,	1,	1,	1,	1,	1,	1,	1,	1,	
0.5,0.5,	0.996602,0.00339825,	0.980589,0.0194108,	0.925424,0.074576,	0.896035,0.103965,	0.884237,0.115763,	0.873072,0.126928,	0.860337,0.139663,	0.83214,0.16786,	0.767485,0.232515,	0.501125,0.498875,	1,	1,	1,	1,	1,	1,	1,	1,	1,	1,	1,	
0.5,0.5,	0.996979,0.00302073,	0.981953,0.0180468,	0.927792,0.0722084,	0.898768,0.101232,	0.887092,0.112908,	0.876052,0.123948,	0.863261,0.136739,	0.834827,0.165173,	0.769705,0.230295,	0.501062,0.498938,	1,	1,	1,	1,	1,	1,	1,	1,	1,	1,	1,	
0.5,0.5,	0.997315,0.00268473,	0.983211,0.0167891,	0.93006,0.06994,	0.901411,0.0985887,	0.889808,0.110192,	0.878942,0.121058,	0.86616,0.13384,	0.837403,0.162597,	0.771922,0.228078,	0.501082,0.498918,	1,	1,	1,	1,	1,	1,	1,	1,	1,	1,	1,	
0.5,0.5,	0.997614,0.00238576,	0.984378,0.0156216,	0.932266,0.067734,	0.903898,0.0961025,	0.892401,0.107599,	0.881755,0.118245,	0.868945,0.131055,	0.839969,0.160031,	0.774046,0.225954,	0.501124,0.498876,	1,	1,	1,	1,	1,	1,	1,	1,	1,	1,	1,	
0.5,0.5,	0.99788,0.00211983,	0.985467,0.0145333,	0.934389,0.0656108,	0.906324,0.0936755,	0.895065,0.104935,	0.884486,0.115514,	0.871668,0.128332,	0.842529,0.157471,	0.776257,0.223743,	0.501147,0.498853,	1,	1,	1,	1,	1,	1,	1,	1,	1,	1,	1,	
0.5,0.5,	0.998117,0.0018834,	0.986479,0.013521,	0.936398,0.0636018,	0.908682,0.091318,	0.897726,0.102274,	0.887143,0.112857,	0.874375,0.125625,	0.845033,0.154967,	0.778332,0.221668,	0.501085,0.498915,	1,	1,	1,	1,	1,	1,	1,	1,	1,	1,	1,	
0.5,0.5,	0.998327,0.00167327,	0.987416,0.0125844,	0.938334,0.0616662,	0.910994,0.0890059,	0.900281,0.0997186,	0.889754,0.110246,	0.876966,0.123034,	0.847553,0.152447,	0.78046,0.21954,	0.50095,0.49905,	1,	1,	1,	1,	1,	1,	1,	1,	1,	1,	1,	
0.5,0.5,	0.998513,0.0014865,	0.988289,0.0117109,	0.940202,0.0597978,	0.91325,0.0867504,	0.902774,0.0972261,	0.892328,0.107672,	0.879495,0.120505,	0.85008,0.14992,	0.782651,0.217349,	0.500945,0.499055,	1,	1,	1,	1,	1,	1,	1,	1,	1,	1,	1,	
0.5,0.5,	0.998679,0.00132051,	0.9891,0.0109001,	0.942038,0.057962,	0.915406,0.084594,	0.905214,0.094786,	0.894886,0.105114,	0.881901,0.118099,	0.852559,0.147441,	0.784847,0.215153,	0.501033,0.498967,	1,	1,	1,	1,	1,	1,	1,	1,	1,	1,	1,	
0.5,0.5,	0.998827,0.00117296,	0.989852,0.0101479,	0.943845,0.0561552,	0.917468,0.0825321,	0.907613,0.0923867,	0.89738,0.10262,	0.884225,0.115775,	0.855044,0.144956,	0.7871,0.2129,	0.501156,0.498844,	1,	1,	1,	1,	1,	1,	1,	1,	1,	1,	1,	
0.5,0.5,	0.998958,0.00104183,	0.990548,0.00945225,	0.945573,0.0544271,	0.919472,0.0805283,	0.909877,0.0901231,	0.899741,0.100259,	0.886535,0.113465,	0.857534,0.142466,	0.789342,0.210658,	0.501209,0.498791,	1,	1,	1,	1,	1,	1,	1,	1,	1,	1,	1,	
0.5,0.5,	0.999075,0.000925259,	0.991197,0.00880321,	0.947254,0.0527462,	0.921432,0.0785681,	0.912076,0.0879243,	0.901993,0.0980075,	0.88883,0.11117,	0.859908,0.140092,	0.791572,0.208428,	0.501273,0.498727,	1,	1,	1,	1,	1,	1,	1,	1,	1,	1,	1,	
0.5,0.5,	0.999178,0.000821717,	0.9918,0.0082003,	0.948871,0.0511293,	0.923308,0.0766923,	0.914164,0.0858355,	0.904154,0.0958462,	0.89113,0.10887,	0.862204,0.137796,	0.793711,0.206289,	0.501308,0.498692,	1,	1,	1,	1,	1,	1,	1,	1,	1,	1,	1,	
0.5,0.5,	0.99927,0.000729758,	0.992361,0.0076388,	0.950447,0.0495531,	0.925105,0.0748946,	0.916204,0.0837965,	0.906317,0.0936833,	0.89336,0.10664,	0.864488,0.135512,	0.795698,0.204302,	0.501382,0.498618,	1,	1,	1,	1,	1,	1,	1,	1,	1,	1,	1,	
0.5,0.5,	0.999352,0.000648036,	0.992886,0.0071142,	0.951986,0.0480141,	0.926866,0.0731337,	0.918146,0.0818541,	0.908421,0.0915786,	0.895585,0.104415,	0.866643,0.133357,	0.797535,0.202465,	0.501418,0.498582,	1,	1,	1,	1,	1,	1,	1,	1,	1,	1,	1,	
0.5,0.5,	0.999425,0.000575423,	0.993377,0.00662291,	0.953473,0.0465273,	0.928565,0.0714353,	0.920006,0.0799936,	0.910462,0.089538,	0.897824,0.102176,	0.868891,0.131109,	0.799563,0.200437,	0.50128,0.49872,	1,	1,	1,	1,	1,	1,	1,	1,	1,	1,	1,	
0.5,0.5,	0.999489,0.000510933,	0.993837,0.00616326,	0.954886,0.0451139,	0.930202,0.0697976,	0.921843,0.0781574,	0.912497,0.0875035,	0.900006,0.0999939,	0.871168,0.128832,	0.801516,0.198484,	0.501069,0.498931,	1,	1,	1,	1,	1,	1,	1,	1,	1,	1,	1,	
0.5,0.5,	0.999546,0.000453658,	0.994266,0.00573357,	0.956232,0.0437675,	0.931811,0.068189,	0.923695,0.0763047,	0.914472,0.0855283,	0.902128,0.097872,	0.873419,0.126581,	0.803487,0.196513,	0.500878,0.499122,	1,	1,	1,	1,	1,	1,	1,	1,	1,	1,	1,	
0.5,0.5,	0.999597,0.000402795,	0.994669,0.00533111,	0.957551,0.0424493,	0.933375,0.0666246,	0.925471,0.074529,	0.916346,0.0836545,	0.904225,0.0957752,	0.875513,0.124487,	0.805461,0.194539,	0.500761,0.499239,	1,	1,	1,	1,	1,	1,	1,	1,	1,	1,	1,	
0.5,0.5,	0.999642,0.000357624,	0.995045,0.00495498,	0.958833,0.0411673,	0.934925,0.0650752,	0.927183,0.0728166,	0.918159,0.0818409,	0.906277,0.0937227,	0.877561,0.122439,	0.807472,0.192528,	0.500733,0.499267,	1,	1,	1,	1,	1,	1,	1,	1,	1,	1,	1,	
0.5,0.5,	0.999682,0.000317503,	0.995396,0.0046043,	0.960086,0.0399141,	0.936443,0.0635565,	0.928822,0.0711778,	0.919935,0.0800649,	0.908191,0.091809,	0.87952,0.12048,	0.809324,0.190676,	0.500723,0.499277,	1,	1,	1,	1,	1,	1,	1,	1,	1,	1,	1,	
0.5,0.5,	0.999718,0.000281883,	0.995722,0.00427831,	0.961308,0.0386921,	0.937943,0.0620565,	0.930422,0.0695776,	0.921668,0.0783323,	0.910097,0.0899028,	0.881461,0.118539,	0.811125,0.188875,	0.500774,0.499226,	1,	1,	1,	1,	1,	1,	1,	1,	1,	1,	1,	
0.5,0.5,	0.99975,0.000250258,	0.996024,0.00397599,	0.962512,0.0374883,	0.939407,0.0605932,	0.932002,0.067998,	0.92338,0.0766201,	0.911995,0.0880047,	0.883471,0.116529,	0.813021,0.186979,	0.500874,0.499126,	1,	1,	1,	1,	1,	1,	1,	1,	1,	1,	1,	
0.5,0.5,	0.999778,0.000222179,	0.996306,0.00369449,	0.963684,0.036316,	0.940842,0.059158,	0.933564,0.0664357,	0.925078,0.0749222,	0.913819,0.0861806,	0.885451,0.114549,	0.814907,0.185093,	0.500965,0.499035,	1,	1,	1,	1,	1,	1,	1,	1,	1,	1,	1,	
0.5,0.5,	0.999803,0.000197248,	0.996567,0.00343259,	0.964812,0.0351881,	0.94228,0.0577202,	0.935059,0.0649406,	0.926762,0.0732375,	0.915645,0.0843548,	0.88735,0.11265,	0.816714,0.183286,	0.501186,0.498814,	1,	1,	1,	1,	1,	1,	1,	1,	1,	1,	1,	
0.5,0.5,	0.999825,0.000175113,	0.99681,0.00318959,	0.965897,0.0341026,	0.943688,0.0563118,	0.936521,0.0634794,	0.928417,0.0715833,	0.917465,0.0825353,	0.889227,0.110773,	0.818607,0.181393,	0.501301,0.498699,	1,	1,	1,	1,	1,	1,	1,	1,	1,	1,	1,	
0.5,0.5,	0.999845,0.000155461,	0.997036,0.00296435,	0.966941,0.0330588,	0.94505,0.0549503,	0.937954,0.0620459,	0.930098,0.0699025,	0.919244,0.080756,	0.890994,0.109006,	0.820369,0.179631,	0.501322,0.498678,	1,	1,	1,	1,	1,	1,	1,	1,	1,	1,	1,	
0.5,0.5,	0.999862,0.000138013,	0.997245,0.00275513,	0.967962,0.0320382,	0.946399,0.0536014,	0.93938,0.0606196,	0.931762,0.0682382,	0.920943,0.0790566,	0.892675,0.107325,	0.822146,0.177854,	0.501355,0.498645,	1,	1,	1,	1,	1,	1,	1,	1,	1,	1,	1,	
0.5,0.5,	0.999877,0.000122522,	0.99744,0.00256046,	0.968959,0.031041,	0.947709,0.0522907,	0.940786,0.0592142,	0.93334,0.0666595,	0.922588,0.0774123,	0.894344,0.105656,	0.823878,0.176122,	0.501371,0.498629,	1,	1,	1,	1,	1,	1,	1,	1,	1,	1,	1,	
0.5,0.5,	0.999891,0.00010877,	0.997621,0.00237901,	0.969927,0.0300734,	0.948973,0.0510274,	0.94215,0.0578505,	0.934898,0.0651017,	0.924166,0.0758342,	0.895976,0.104024,	0.825505,0.174495,	0.501394,0.498606,	1,	1,	1,	1,	1,	1,	1,	1,	1,	1,	1,	
0.5,0.5,	0.999903,9.65604e-05,	0.99779,0.00221015,	0.97087,0.0291304,	0.950195,0.0498048,	0.943499,0.0565006,	0.936399,0.0636008,	0.925727,0.0742731,	0.897638,0.102362,	0.827165,0.172835,	0.501323,0.498677,	1,	1,	1,	1,	1,	1,	1,	1,	1,	1,	1,	
0.5,0.5,	0.999914,8.57212e-05,	0.997947,0.0020528,	0.971785,0.0282151,	0.951393,0.0486075,	0.944797,0.0552035,	0.93783,0.0621702,	0.927271,0.072729,	0.899346,0.100654,	0.828909,0.171091,	0.501248,0.498752,	1,	1,	1,	1,	1,	1,	1,	1,	1,	1,	1,	
0.5,0.5,	0.999924,7.60984e-05,	0.998094,0.00190638,	0.97267,0.02733,	0.952578,0.047422,	0.946062,0.0539385,	0.939235,0.0607654,	0.928766,0.0712339,	0.901035,0.0989652,	0.830667,0.169333,	0.501165,0.498835,	1,	1,	1,	1,	1,	1,	1,	1,	1,	1,	1,	
0.5,0.5,	0.999932,6.75555e-05,	0.99823,0.00177008,	0.973537,0.026463,	0.95372,0.0462799,	0.947322,0.0526784,	0.94063,0.0593697,	0.930244,0.0697564,	0.90272,0.0972805,	0.832344,0.167656,	0.500981,0.499019,	1,	1,	1,	1,	1,	1,	1,	1,	1,	1,	1,	
0.5,0.5,	0.99994,5.99715e-05,	0.998357,0.00164347,	0.974382,0.0256178,	0.954826,0.0451738,	0.948547,0.0514532,	0.94201,0.05799,	0.931704,0.0682958,	0.904426,0.0955736,	0.834064,0.165936,	0.5009,0.4991,	1,	1,	1,	1,	1,	1,	1,	1,	1,	1,	1,	
0.5,0.5,	0.999947,5.32388e-05,	0.998474,0.00152584,	0.9752,0.0248,	0.955898,0.044102,	0.949732,0.0502683,	0.943343,0.0566567,	0.933128,0.0668722,	0.906111,0.0938893,	0.835673,0.164327,	0.500854,0.499146,	1,	1,	1,	1,	1,	1,	1,	1,	1,	1,	1,	
0.5,0.5,	0.999953,4.72617e-05,	0.998583,0.00141655,	0.975987,0.024013,	0.956928,0.0430722,	0.950886,0.0491138,	0.944662,0.0553381,	0.934547,0.0654532,	0.907711,0.0922888,	0.837208,0.162792,	0.500801,0.499199,	1,	1,	1,	1,	1,	1,	1,	1,	1,	1,	1,	
0.5,0.5,	0.999958,4.19557e-05,	0.998685,0.00131499,	0.976752,0.0232479,	0.957947,0.0420532,	0.952006,0.0479938,	0.945945,0.0540554,	0.935903,0.0640966,	0.909299,0.0907006,	0.838731,0.161269,	0.500759,0.499241,	1,	1,	1,	1,	1,	1,	1,	1,	1,	1,	1,	
0.5,0.5,	0.999963,3.72452e-05,	0.998779,0.00122058,	0.977498,0.0225016,	0.958953,0.0410473,	0.953125,0.0468752,	0.947161,0.0528393,	0.937211,0.0627894,	0.910797,0.0892033,	0.840218,0.159782,	0.500763,0.499237,	1,	1,	1,	1,	1,	1,	1,	1,	1,	1,	1,	
0.5,0.5,	0.999967,3.30636e-05,	0.998867,0.00113296,	0.978218,0.0217822,	0.959929,0.0400707,	0.954232,0.0457677,	0.948346,0.0516537,	0.938495,0.0615052,	0.912239,0.087761,	0.841627,0.158373,	0.500753,0.499247,	1,	1,	1,	1,	1,	1,	1,	1,	1,	1,	1,	
0.5,0.5,	0.999971,2.93514e-05,	0.998948,0.0010516,	0.978913,0.0210872,	0.960882,0.039118,	0.955306,0.0446938,	0.949476,0.0505244,	0.939746,0.0602537,	0.913636,0.0863644,	0.843101,0.156899,	0.50065,0.49935,	1,	1,	1,	1,	1,	1,	1,	1,	1,	1,	1,	
0.5,0.5,	0.999974,2.60559e-05,	0.999024,0.000976096,	0.97959,0.0204095,	0.961808,0.0381917,	0.956352,0.043648,	0.950545,0.0494548,	0.940957,0.0590431,	0.914987,0.0850125,	0.844607,0.155393,	0.500607,0.499393,	1,	1,	1,	1,	1,	1,	1,	1,	1,	1,	1,	
0.5,0.5,	0.999977,2.31305e-05,	0.999094,0.000905951,	0.980247,0.0197534,	0.962722,0.0372775,	0.957373,0.0426266,	0.951587,0.0484132,	0.94215,0.05785,	0.916375,0.0836247,	0.846108,0.153892,	0.500539,0.499461,	1,	1,	1,	1,	1,	1,	1,	1,	1,	1,	1,	
0.5,0.5,	0.999979,2.05332e-05,	0.999159,0.000840828,	0.980881,0.0191194,	0.963629,0.0363708,	0.958356,0.0416439,	0.95262,0.0473805,	0.943333,0.0566674,	0.917737,0.082263,	0.847603,0.152397,	0.500497,0.499503,	1,	1,	1,	1,	1,	1,	1,	1,	1,	1,	1,	
0.5,0.5,	0.999982,1.82264e-05,	0.99922,0.000780329,	0.981494,0.0185061,	0.964529,0.0354707,	0.959325,0.0406746,	0.953637,0.0463634,	0.944489,0.0555109,	0.919017,0.080983,	0.849086,0.150914,	0.500526,0.499474,	1,	1,	1,	1,	1,	1,	1,	1,	1,	1,	1,	
0.5,0.5,	0.999984,1.61788e-05,	0.999276,0.00072419,	0.982092,0.0179082,	0.9654,0.0346002,	0.960248,0.0397515,	0.954599,0.0454006,	0.945629,0.0543708,	0.920265,0.0797346,	0.850443,0.149557,	0.500622,0.499378,	1,	1,	1,	1,	1,	1,	1,	1,	1,	1,	1,	
0.5,0.5,	0.999986,1.43612e-05,	0.999328,0.000672111,	0.982668,0.0173321,	0.966228,0.033772,	0.96112,0.0388799,	0.955565,0.0444346,	0.946721,0.0532794,	0.921519,0.0784808,	0.851802,0.148198,	0.500705,0.499295,	1,	1,	1,	1,	1,	1,	1,	1,	1,	1,	1,	
0.5,0.5,	0.999987,1.27478e-05,	0.999376,0.000623745,	0.983221,0.0167786,	0.967025,0.0329747,	0.961985,0.0380153,	0.956544,0.0434561,	0.94779,0.0522103,	0.922775,0.0772247,	0.853228,0.146772,	0.500615,0.499385,	1,	1,	1,	1,	1,	1,	1,	1,	1,	1,	1,	
0.5,0.5,	0.999989,1.13156e-05,	0.999421,0.000578849,	0.983755,0.0162449,	0.967799,0.0322006,	0.962821,0.0371786,	0.957498,0.0425017,	0.948824,0.0511757,	0.924039,0.075961,	0.854557,0.145443,	0.500476,0.499524,	1,	1,	1,	1,	1,	1,	1,	1,	1,	1,	1,	
0.5,0.5,	0.99999,1.00444e-05,	0.999463,0.000537199,	0.984269,0.0157312,	0.96855,0.0314497,	0.96364,0.0363595,	0.958422,0.0415784,	0.949853,0.0501471,	0.925276,0.0747235,	0.855794,0.144206,	0.50044,0.49956,	1,	1,	1,	1,	1,	1,	1,	1,	1,	1,	1,	
0.5,0.5,	0.999991,8.91591e-06,	0.999501,0.000498569,	0.98477,0.0152303,	0.969269,0.0307307,	0.96445,0.0355503,	0.959321,0.0406791,	0.950881,0.0491193,	0.926488,0.0735119,	0.857128,0.142872,	0.500447,0.499553,	1,	1,	1,	1,	1,	1,	1,	1,	1,	1,	1,	
0.5,0.5,	0.999992,7.91424e-06,	0.999537,0.000462735,	0.985255,0.0147447,	0.969969,0.0300312,	0.96523,0.0347699,	0.960183,0.0398168,	0.95186,0.0481399,	0.927684,0.0723163,	0.858472,0.141528,	0.500516,0.499484,	1,	1,	1,	1,	1,	1,	1,	1,	1,	1,	1,	
0.5,0.5,	0.999993,7.0251e-06,	0.999571,0.000429458,	0.985728,0.0142721,	0.970648,0.0293517,	0.965972,0.0340284,	0.961017,0.0389832,	0.952775,0.0472246,	0.92889,0.0711097,	0.859937,0.140063,	0.500546,0.499454,	1,	1,	1,	1,	1,	1,	1,	1,	1,	1,	1,	
0.5,0.5,	0.999994,6.23584e-06,	0.999601,0.000398569,	0.986186,0.013814,	0.971316,0.0286843,	0.966687,0.0333126,	0.96185,0.0381498,	0.953704,0.0462955,	0.930066,0.069934,	0.861327,0.138673,	0.500589,0.499411,	1,	1,	1,	1,	1,	1,	1,	1,	1,	1,	1,	
0.5,0.5,	0.999994,5.53526e-06,	0.99963,0.000369905,	0.986631,0.013369,	0.97197,0.0280303,	0.96739,0.0326098,	0.962678,0.0373224,	0.954614,0.045386,	0.93121,0.0687904,	0.862614,0.137386,	0.500662,0.499338,	1,	1,	1,	1,	1,	1,	1,	1,	1,	1,	1,	
0.5,0.5,	0.999995,4.91338e-06,	0.999657,0.000343317,	0.987063,0.0129369,	0.972616,0.0273841,	0.968068,0.0319319,	0.963477,0.0365226,	0.955502,0.044498,	0.932319,0.0676812,	0.863899,0.136101,	0.500668,0.499332,	1,	1,	1,	1,	1,	1,	1,	1,	1,	1,	1,	
0.5,0.5,	0.999996,4.36137e-06,	0.999681,0.000318659,	0.987478,0.012522,	0.973248,0.0267515,	0.968739,0.0312613,	0.964242,0.0357577,	0.956374,0.043626,	0.933401,0.0665992,	0.865168,0.134832,	0.500678,0.499322,	1,	1,	1,	1,	1,	1,	1,	1,	1,	1,	1,	
0.5,0.5,	0.999996,3.87138e-06,	0.999704,0.000295766,	0.987879,0.0121209,	0.973862,0.0261379,	0.969395,0.0306051,	0.964968,0.0350322,	0.957224,0.0427758,	0.93447,0.0655301,	0.866423,0.133577,	0.500698,0.499302,	1,	1,	1,	1,	1,	1,	1,	1,	1,	1,	1,	
0.5,0.5,	0.999997,3.43644e-06,	0.999725,0.000274512,	0.988268,0.0117322,	0.974449,0.0255507,	0.970039,0.0299606,	0.965684,0.0343159,	0.958078,0.0419223,	0.935586,0.0644137,	0.867667,0.132333,	0.500724,0.499276,	1,	1,	1,	1,	1,	1,	1,	1,	1,	1,	1,	
0.5,0.5,	0.999997,3.05036e-06,	0.999745,0.00025478,	0.988643,0.0113566,	0.975025,0.0249751,	0.970688,0.0293119,	0.966404,0.033596,	0.958928,0.0410725,	0.936633,0.0633674,	0.868922,0.131078,	0.500781,0.499219,	1,	1,	1,	1,	1,	1,	1,	1,	1,	1,	1,	
0.5,0.5,	0.999997,2.70765e-06,	0.999764,0.000236463,	0.989008,0.0109925,	0.975581,0.0244195,	0.971343,0.028657,	0.967113,0.032887,	0.959758,0.0402424,	0.937649,0.0623507,	0.870139,0.129861,	0.500869,0.499131,	1,	1,	1,	1,	1,	1,	1,	1,	1,	1,	1,	
0.5,0.5,	0.999998,2.40345e-06,	0.999781,0.000219454,	0.989357,0.010643,	0.976115,0.0238847,	0.971987,0.0280128,	0.967806,0.0321935,	0.960567,0.0394326,	0.938647,0.0613528,	0.871367,0.128633,	0.500907,0.499093,	1,	1,	1,	1,	1,	1,	1,	1,	1,	1,	1,	
0.5,0.5,	0.999998,2.13343e-06,	0.999796,0.000203656,	0.989696,0.0103035,	0.976643,0.0233575,	0.972619,0.0273808,	0.968488,0.0315116,	0.961361,0.0386387,	0.939608,0.0603917,	0.872578,0.127422,	0.500966,0.499034,	1,	1,	1,	1,	1,	1,	1,	1,	1,	1,	1,	
0.5,0.5,	0.999998,1.89374e-06,	0.999811,0.000188992,	0.990025,0.00997524,	0.977162,0.0228378,	0.973225,0.0267745,	0.96915,0.0308503,	0.962147,0.0378528,	0.940533,0.0594666,	0.873803,0.126197,	0.500974,0.499026,	1,	1,	1,	1,	1,	1,	1,	1,	1,	1,	1,	
0.5,0.5,	0.999998,1.68098e-06,	0.999825,0.000175382,	0.990341,0.00965859,	0.977659,0.0223412,	0.9738,0.0262004,	0.969793,0.0302075,	0.962916,0.0370841,	0.941488,0.0585116,	0.875,0.125,	0.501025,0.498975,	1,	1,	1,	1,	1,	1,	1,	1,	1,	1,	1,	
0.5,0.5,	0.999999,1.49212e-06,	0.999837,0.000162753,	0.990647,0.00935284,	0.978135,0.0218652,	0.974356,0.0256442,	0.970416,0.029584,	0.963676,0.0363236,	0.942465,0.0575352,	0.876179,0.123821,	0.500969,0.499031,	1,	1,	1,	1,	1,	1,	1,	1,	1,	1,	1,	
0.5,0.5,	0.999999,1.32448e-06,	0.999849,0.000151034,	0.990943,0.0090572,	0.978594,0.021406,	0.974908,0.0250922,	0.971017,0.0289832,	0.964411,0.0355891,	0.943464,0.0565362,	0.877394,0.122606,	0.500871,0.499129,	1,	1,	1,	1,	1,	1,	1,	1,	1,	1,	1,	
0.5,0.5,	0.999999,1.17568e-06,	0.99986,0.000140158,	0.991231,0.00876913,	0.979047,0.0209531,	0.975449,0.0245512,	0.971597,0.0284031,	0.96512,0.0348805,	0.944462,0.0555376,	0.878671,0.121329,	0.500825,0.499175,	1,	1,	1,	1,	1,	1,	1,	1,	1,	1,	1,	
0.5,0.5,	0.999999,1.04359e-06,	0.99987,0.000130063,	0.991511,0.00848941,	0.979495,0.020505,	0.975979,0.0240213,	0.972156,0.0278438,	0.965815,0.0341846,	0.945421,0.0545794,	0.879957,0.120043,	0.500967,0.499033,	1,	1,	1,	1,	1,	1,	1,	1,	1,	1,	1,	
0.5,0.5,	0.999999,9.26344e-07,	0.999879,0.0001207,	0.991781,0.00821927,	0.97994,0.0200598,	0.976492,0.0235081,	0.972699,0.0273007,	0.966497,0.0335035,	0.946341,0.053659,	0.881175,0.118825,	0.50102,0.49898,	1,	1,	1,	1,	1,	1,	1,	1,	1,	1,	1,	
0.5,0.5,	0.999999,8.22269e-07,	0.999888,0.000112014,	0.992043,0.00795684,	0.980377,0.0196229,	0.976991,0.023009,	0.973233,0.0267672,	0.967172,0.0328282,	0.947241,0.0527594,	0.882317,0.117683,	0.501026,0.498974,	1,	1,	1,	1,	1,	1,	1,	1,	1,	1,	1,	
0.5,0.5,	0.999999,7.29888e-07,	0.999896,0.000103951,	0.992298,0.00770177,	0.980809,0.0191905,	0.977469,0.0225311,	0.973753,0.0262467,	0.967814,0.0321858,	0.948104,0.0518962,	0.883367,0.116633,	0.501034,0.498966,	1,	1,	1,	1,	1,	1,	1,	1,	1,	1,	1,	
0.5,0.5,	0.999999,6.47885e-07,	0.999904,9.64683e-05,	0.992546,0.00745448,	0.981227,0.0187731,	0.977937,0.0220631,	0.974263,0.0257373,	0.968429,0.0315707,	0.948961,0.0510392,	0.884409,0.115591,	0.500946,0.499054,	1,	1,	1,	1,	1,	1,	1,	1,	1,	1,	1,	
0.5,0.5,	0.999999,5.75096e-07,	0.99991,8.95243e-05,	0.992786,0.00721396,	0.981632,0.0183676,	0.978392,0.0216082,	0.974762,0.025238,	0.969029,0.0309711,	0.949801,0.0501989,	0.885443,0.114557,	0.500851,0.499149,	1,	1,	1,	1,	1,	1,	1,	1,	1,	1,	1,	
0.5,0.5,	0.999999,5.10484e-07,	0.999917,8.30858e-05,	0.993018,0.00698202,	0.982027,0.0179732,	0.978827,0.021173,	0.975252,0.0247476,	0.969607,0.0303929,	0.950623,0.0493771,	0.886444,0.113556,	0.500758,0.499242,	1,	1,	1,	1,	1,	1,	1,	1,	1,	1,	1,	
0.5,0.5,	1,4.53131e-07,	0.999923,7.71098e-05,	0.993242,0.00675815,	0.982414,0.0175859,	0.979252,0.0207481,	0.975743,0.0242574,	0.970183,0.0298166,	0.951447,0.0485532,	0.887479,0.112521,	0.500755,0.499245,	1,	1,	1,	1,	1,	1,	1,	1,	1,	1,	1,	
0.5,0.5,	1,4.02222e-07,	0.999928,7.15633e-05,	0.993459,0.00654142,	0.982794,0.0172059,	0.979676,0.0203245,	0.976233,0.0237672,	0.970756,0.0292437,	0.952247,0.0477526,	0.888528,0.111472,	0.500723,0.499277,	1,	1,	1,	1,	1,	1,	1,	1,	1,	1,	1,	
0.5,0.5,	1,3.57032e-07,	0.999934,6.64155e-05,	0.993669,0.006331,	0.983168,0.0168325,	0.980094,0.0199061,	0.976715,0.0232845,	0.971332,0.0286684,	0.953052,0.0469483,	0.889539,0.110461,	0.500722,0.499278,	1,	1,	1,	1,	1,	1,	1,	1,	1,	1,	1,	
0.5,0.5,	1,3.1692e-07,	0.999938,6.16377e-05,	0.993873,0.00612676,	0.983536,0.0164642,	0.980501,0.0194991,	0.977202,0.0227982,	0.971911,0.028089,	0.953842,0.0461578,	0.890617,0.109383,	0.500674,0.499326,	1,	1,	1,	1,	1,	1,	1,	1,	1,	1,	1,	
0.5,0.5,	1,2.81314e-07,	0.999943,5.72033e-05,	0.994069,0.00593129,	0.983901,0.0160991,	0.9809,0.0191005,	0.977683,0.0223172,	0.972481,0.027519,	0.95464,0.0453602,	0.891698,0.108302,	0.500722,0.499278,	1,	1,	1,	1,	1,	1,	1,	1,	1,	1,	1,	
0.5,0.5,	1,2.49709e-07,	0.999947,5.30878e-05,	0.994257,0.00574286,	0.984261,0.0157388,	0.981292,0.0187081,	0.978157,0.0218429,	0.973036,0.0269636,	0.955421,0.0445789,	0.892788,0.107212,	0.500671,0.499329,	1,	1,	1,	1,	1,	1,	1,	1,	1,	1,	1,	
0.5,0.5,	1,2.21654e-07,	0.999951,4.92683e-05,	0.99444,0.00556004,	0.984616,0.0153841,	0.981678,0.0183224,	0.978617,0.0213833,	0.973571,0.0264289,	0.956181,0.0438195,	0.89379,0.10621,	0.500545,0.499455,	1,	1,	1,	1,	1,	1,	1,	1,	1,	1,	1,	
0.5,0.5,	1,1.96751e-07,	0.999954,4.57228e-05,	0.994617,0.00538329,	0.984964,0.0150361,	0.982058,0.0179417,	0.979069,0.0209309,	0.974098,0.0259018,	0.956891,0.0431093,	0.894802,0.105198,	0.50053,0.49947,	1,	1,	1,	1,	1,	1,	1,	1,	1,	1,	1,	
0.5,0.5,	1,1.74646e-07,	0.999958,4.24313e-05,	0.994788,0.00521173,	0.985306,0.0146936,	0.98243,0.01757,	0.979512,0.0204881,	0.974611,0.0253888,	0.957591,0.0424088,	0.895842,0.104158,	0.500566,0.499434,	1,	1,	1,	1,	1,	1,	1,	1,	1,	1,	1,	
0.5,0.5,	1,1.55025e-07,	0.999961,3.93767e-05,	0.994955,0.00504483,	0.985642,0.0143584,	0.982793,0.0172074,	0.979945,0.0200546,	0.975102,0.0248985,	0.958288,0.0417122,	0.896893,0.103107,	0.500715,0.499285,	1,	1,	1,	1,	1,	1,	1,	1,	1,	1,	1,	
0.5,0.5,	1,1.37608e-07,	0.999963,3.65419e-05,	0.995117,0.00488262,	0.98597,0.0140305,	0.983149,0.0168513,	0.98037,0.0196297,	0.975583,0.0244175,	0.958964,0.0410361,	0.897888,0.102112,	0.500743,0.499257,	1,	1,	1,	1,	1,	1,	1,	1,	1,	1,	1,	
0.5,0.5,	1,1.22147e-07,	0.999966,3.39111e-05,	0.995275,0.0047251,	0.986286,0.0137139,	0.983495,0.0165055,	0.980782,0.0192182,	0.976053,0.0239469,	0.959609,0.0403909,	0.898788,0.101212,	0.50073,0.49927,	1,	1,	1,	1,	1,	1,	1,	1,	1,	1,	1,	
0.5,0.5,	1,1.08424e-07,	0.999969,3.14696e-05,	0.995427,0.00457276,	0.986595,0.0134048,	0.983832,0.0161681,	0.981178,0.0188216,	0.976524,0.0234763,	0.960244,0.0397562,	0.89975,0.10025,	0.500608,0.499392,	1,	1,	1,	1,	1,	1,	1,	1,	1,	1,	1,	
0.5,0.5,	1,9.62428e-08,	0.999971,2.92038e-05,	0.995575,0.00442518,	0.986899,0.0131011,	0.984158,0.0158423,	0.981564,0.0184361,	0.976988,0.0230124,	0.960873,0.0391272,	0.900706,0.0992938,	0.500614,0.499386,	1,	1,	1,	1,	1,	1,	1,	1,	1,	1,	1,	
0.5,0.5,	1,8.54299e-08,	0.999973,2.71011e-05,	0.995717,0.00428264,	0.987196,0.0128042,	0.98447,0.0155302,	0.981936,0.0180643,	0.977444,0.0225557,	0.961495,0.0385048,	0.901634,0.0983659,	0.500649,0.499351,	1,	1,	1,	1,	1,	1,	1,	1,	1,	1,	1,	
0.5,0.5,	1,7.58319e-08,	0.999975,2.51498e-05,	0.995855,0.0041448,	0.987485,0.0125147,	0.984774,0.0152261,	0.982298,0.0177023,	0.97789,0.0221102,	0.962112,0.0378878,	0.902588,0.0974121,	0.50075,0.49925,	1,	1,	1,	1,	1,	1,	1,	1,	1,	1,	1,	
0.5,0.5,	1,6.73122e-08,	0.999977,2.3339e-05,	0.995989,0.0040114,	0.987767,0.0122326,	0.98507,0.0149297,	0.98265,0.0173501,	0.978334,0.0216658,	0.962719,0.0372809,	0.903497,0.0965032,	0.500826,0.499174,	1,	1,	1,	1,	1,	1,	1,	1,	1,	1,	1,	
0.5,0.5,	1,5.97497e-08,	0.999978,2.16585e-05,	0.996118,0.00388182,	0.988039,0.0119608,	0.985361,0.0146393,	0.982991,0.0170088,	0.978782,0.0212176,	0.963321,0.0366794,	0.904376,0.095624,	0.500899,0.499101,	1,	1,	1,	1,	1,	1,	1,	1,	1,	1,	1,	
0.5,0.5,	1,5.30368e-08,	0.99998,2.00989e-05,	0.996243,0.00375667,	0.988302,0.0116984,	0.985647,0.0143535,	0.983325,0.0166751,	0.979228,0.020772,	0.963918,0.0360823,	0.905274,0.0947258,	0.501043,0.498957,	1,	1,	1,	1,	1,	1,	1,	1,	1,	1,	1,	
0.5,0.5,	1,4.70781e-08,	0.999981,1.86517e-05,	0.996365,0.00363541,	0.988558,0.0114424,	0.985933,0.0140667,	0.983658,0.0163418,	0.979669,0.0203306,	0.964503,0.0354972,	0.906215,0.0937847,	0.501118,0.498882,	1,	1,	1,	1,	1,	1,	1,	1,	1,	1,	1,	
0.5,0.5,	1,4.17889e-08,	0.999983,1.73086e-05,	0.996482,0.00351804,	0.988805,0.0111945,	0.986215,0.0137848,	0.983992,0.0160081,	0.980104,0.0198957,	0.965073,0.0349272,	0.907176,0.0928244,	0.501146,0.498854,	1,	1,	1,	1,	1,	1,	1,	1,	1,	1,	1,	
0.5,0.5,	1,3.70939e-08,	0.999984,1.60622e-05,	0.996595,0.00340465,	0.989047,0.0109526,	0.986489,0.0135112,	0.984322,0.0156778,	0.980524,0.0194761,	0.965633,0.0343674,	0.908079,0.0919215,	0.501069,0.498931,	1,	1,	1,	1,	1,	1,	1,	1,	1,	1,	1,	
0.5,0.5,	1,3.29264e-08,	0.999985,1.49056e-05,	0.996705,0.00329498,	0.989283,0.010717,	0.986757,0.013243,	0.984649,0.015351,	0.98093,0.0190702,	0.966186,0.0338144,	0.908949,0.0910513,	0.500881,0.499119,	1,	1,	1,	1,	1,	1,	1,	1,	1,	1,	1,	
0.5,0.5,	1,2.92272e-08,	0.999986,1.38323e-05,	0.996811,0.0031887,	0.989514,0.0104857,	0.987021,0.0129789,	0.98497,0.0150301,	0.981328,0.0186715,	0.966732,0.0332679,	0.909848,0.090152,	0.500758,0.499242,	1,	1,	1,	1,	1,	1,	1,	1,	1,	1,	1,	
0.5,0.5,	1,2.59435e-08,	0.999987,1.28362e-05,	0.996914,0.00308595,	0.989739,0.0102607,	0.987281,0.0127188,	0.985287,0.0147127,	0.981724,0.0182757,	0.967279,0.032721,	0.910754,0.0892458,	0.500858,0.499142,	1,	1,	1,	1,	1,	1,	1,	1,	1,	1,	1,	
0.5,0.5,	1,2.30288e-08,	0.999988,1.19118e-05,	0.997013,0.00298666,	0.989959,0.0100408,	0.987536,0.0124641,	0.985602,0.0143977,	0.982113,0.0178872,	0.967821,0.0321792,	0.911674,0.0883257,	0.50098,0.49902,	1,	1,	1,	1,	1,	1,	1,	1,	1,	1,	1,	
0.5,0.5,	1,2.04415e-08,	0.999989,1.1054e-05,	0.997109,0.00289062,	0.990177,0.00982344,	0.987782,0.0122185,	0.98591,0.0140899,	0.98249,0.0175099,	0.968347,0.0316531,	0.91254,0.0874605,	0.50118,0.49882,	1,	1,	1,	1,	1,	1,	1,	1,	1,	1,	1,	
0.5,0.5,	1,1.81449e-08,	0.99999,1.02585e-05,	0.997203,0.00279725,	0.99039,0.00961042,	0.988018,0.0119821,	0.986215,0.0137852,	0.982866,0.0171336,	0.968867,0.0311328,	0.913353,0.0866472,	0.501411,0.498589,	1,	1,	1,	1,	1,	1,	1,	1,	1,	1,	1,	
0.5,0.5,	1,1.61063e-08,	0.99999,9.52049e-06,	0.997293,0.00270664,	0.990597,0.00940346,	0.988248,0.0117521,	0.986511,0.0134894,	0.983232,0.0167683,	0.969371,0.0306287,	0.914207,0.0857925,	0.501475,0.498525,	1,	1,	1,	1,	1,	1,	1,	1,	1,	1,	1,	
0.5,0.5,	1,1.42968e-08,	0.999991,8.83557e-06,	0.997381,0.00261924,	0.9908,0.00919968,	0.988475,0.0115248,	0.986797,0.0132029,	0.983584,0.0164161,	0.969878,0.0301225,	0.915062,0.0849379,	0.501433,0.498567,	1,	1,	1,	1,	1,	1,	1,	1,	1,	1,	1,	
0.5,0.5,	1,1.26905e-08,	0.999992,8.19992e-06,	0.997465,0.00253508,	0.991002,0.00899809,	0.988698,0.011302,	0.987079,0.0129214,	0.983926,0.0160743,	0.970384,0.0296157,	0.91596,0.0840398,	0.50134,0.49866,	1,	1,	1,	1,	1,	1,	1,	1,	1,	1,	1,	
0.5,0.5,	1,1.12647e-08,	0.999992,7.60999e-06,	0.997546,0.00245353,	0.991199,0.00880053,	0.988918,0.0110821,	0.987357,0.0126425,	0.984263,0.0157374,	0.970881,0.0291189,	0.916806,0.0831943,	0.501339,0.498661,	1,	1,	1,	1,	1,	1,	1,	1,	1,	1,	1,	
0.5,0.5,	1,9.99915e-09,	0.999993,7.0625e-06,	0.997625,0.00237464,	0.991393,0.00860702,	0.989135,0.0108651,	0.987632,0.0123685,	0.98459,0.0154104,	0.971364,0.0286361,	0.917626,0.0823744,	0.501399,0.498601,	1,	1,	1,	1,	1,	1,	1,	1,	1,	1,	1,	
0.5,0.5,	1,8.87575e-09,	0.999993,6.5544e-06,	0.997702,0.00229817,	0.991582,0.00841787,	0.989349,0.010651,	0.987901,0.0120989,	0.984912,0.0150877,	0.971827,0.0281729,	0.918436,0.081564,	0.501425,0.498575,	1,	1,	1,	1,	1,	1,	1,	1,	1,	1,	1,	
0.5,0.5,	1,7.87856e-09,	0.999994,6.08285e-06,	0.997776,0.00222406,	0.991767,0.00823294,	0.989557,0.0104427,	0.988166,0.0118335,	0.985227,0.0147732,	0.972275,0.0277248,	0.919196,0.0808037,	0.501412,0.498588,	1,	1,	1,	1,	1,	1,	1,	1,	1,	1,	1,	
0.5,0.5,	1,6.99341e-09,	0.999994,5.64522e-06,	0.997848,0.00215222,	0.991946,0.00805369,	0.98976,0.0102397,	0.988425,0.0115754,	0.985534,0.0144665,	0.972711,0.0272893,	0.919941,0.0800592,	0.501416,0.498584,	1,	1,	1,	1,	1,	1,	1,	1,	1,	1,	1,	
0.5,0.5,	1,6.2077e-09,	0.999995,5.23907e-06,	0.997917,0.00208282,	0.992118,0.00788212,	0.989961,0.0100389,	0.98868,0.0113203,	0.985831,0.0141691,	0.973136,0.0268643,	0.920658,0.0793423,	0.50127,0.49873,	1,	1,	1,	1,	1,	1,	1,	1,	1,	1,	1,	
0.5,0.5,	1,5.51026e-09,	0.999995,4.86215e-06,	0.997984,0.00201575,	0.992285,0.0077147,	0.99016,0.00983956,	0.988932,0.0110685,	0.986119,0.0138808,	0.973558,0.0264424,	0.921391,0.0786087,	0.501234,0.498766,	1,	1,	1,	1,	1,	1,	1,	1,	1,	1,	1,	
0.5,0.5,	1,4.89119e-09,	0.999995,4.51234e-06,	0.998049,0.00195083,	0.99245,0.00754997,	0.990359,0.00964095,	0.989178,0.0108218,	0.986399,0.0136013,	0.973969,0.0260313,	0.922135,0.0778649,	0.501211,0.498789,	1,	1,	1,	1,	1,	1,	1,	1,	1,	1,	1,	
0.5,0.5,	1,4.34166e-09,	0.999996,4.1877e-06,	0.998112,0.00188788,	0.992611,0.00738869,	0.990557,0.00944299,	0.98942,0.0105797,	0.986669,0.0133315,	0.974356,0.0256442,	0.922894,0.0771056,	0.50113,0.49887,	1,	1,	1,	1,	1,	1,	1,	1,	1,	1,	1,	
0.5,0.5,	1,3.85388e-09,	0.999996,3.88641e-06,	0.998173,0.00182695,	0.99277,0.00723023,	0.990751,0.00924901,	0.989657,0.0103428,	0.986929,0.0130706,	0.974729,0.0252708,	0.923628,0.0763717,	0.501039,0.498961,	1,	1,	1,	1,	1,	1,	1,	1,	1,	1,	1,	
0.5,0.5,	1,3.4209e-09,	0.999996,3.60679e-06,	0.998232,0.00176794,	0.992925,0.00707457,	0.990941,0.00905898,	0.989888,0.0101121,	0.987187,0.0128132,	0.975087,0.0249133,	0.924354,0.0756457,	0.501103,0.498897,	1,	1,	1,	1,	1,	1,	1,	1,	1,	1,	1,	
0.5,0.5,	1,3.03656e-09,	0.999997,3.3473e-06,	0.998289,0.00171084,	0.993078,0.00692215,	0.991125,0.00887491,	0.990109,0.00989089,	0.98744,0.0125601,	0.975443,0.0245569,	0.925068,0.0749319,	0.50108,0.49892,	1,	1,	1,	1,	1,	1,	1,	1,	1,	1,	1,	
0.5,0.5,	1,2.6954e-09,	0.999997,3.10647e-06,	0.998344,0.00165552,	0.993229,0.00677055,	0.991305,0.00869482,	0.990323,0.0096766,	0.987687,0.0123135,	0.975798,0.0242017,	0.925796,0.0742043,	0.501062,0.498938,	1,	1,	1,	1,	1,	1,	1,	1,	1,	1,	1,	
0.5,0.5,	1,2.39257e-09,	0.999997,2.88297e-06,	0.998398,0.00160192,	0.993378,0.00662193,	0.991482,0.00851759,	0.990532,0.00946834,	0.987932,0.012068,	0.976158,0.0238419,	0.926543,0.0734567,	0.501091,0.498909,	1,	1,	1,	1,	1,	1,	1,	1,	1,	1,	1,	
0.5,0.5,	1,2.12377e-09,	0.999997,2.67555e-06,	0.99845,0.00154997,	0.993523,0.00647669,	0.991655,0.00834456,	0.990734,0.00926634,	0.988176,0.0118241,	0.976527,0.0234725,	0.927307,0.0726928,	0.501096,0.498904,	1,	1,	1,	1,	1,	1,	1,	1,	1,	1,	1,	
0.5,0.5,	1,1.88516e-09,	0.999998,2.48305e-06,	0.9985,0.00149959,	0.993666,0.00633418,	0.991826,0.00817364,	0.990932,0.00906796,	0.988415,0.0115852,	0.9769,0.0231004,	0.928065,0.0719346,	0.501113,0.498887,	1,	1,	1,	1,	1,	1,	1,	1,	1,	1,	1,	
0.5,0.5,	1,1.67337e-09,	0.999998,2.3044e-06,	0.998549,0.0014507,	0.993806,0.00619432,	0.991994,0.00800636,	0.991122,0.00887756,	0.98865,0.0113505,	0.977266,0.0227343,	0.928779,0.0712206,	0.501169,0.498831,	1,	1,	1,	1,	1,	1,	1,	1,	1,	1,	1,	
0.5,0.5,	1,1.48536e-09,	0.999998,2.13861e-06,	0.998597,0.0014033,	0.993943,0.00605718,	0.992158,0.00784176,	0.991307,0.00869325,	0.988877,0.011123,	0.977624,0.0223761,	0.929503,0.0704966,	0.501226,0.498774,	1,	1,	1,	1,	1,	1,	1,	1,	1,	1,	1,	
0.5,0.5,	1,1.31848e-09,	0.999998,1.98474e-06,	0.998643,0.00135745,	0.994077,0.00592257,	0.992318,0.00768228,	0.991489,0.00851146,	0.989101,0.0108985,	0.977982,0.022018,	0.930201,0.0697989,	0.501312,0.498688,	1,	1,	1,	1,	1,	1,	1,	1,	1,	1,	1,	
0.5,0.5,	1,1.17035e-09,	0.999998,1.84194e-06,	0.998687,0.00131317,	0.994209,0.00579077,	0.992471,0.00752901,	0.991663,0.008337,	0.989323,0.0106771,	0.978345,0.0216547,	0.930868,0.0691315,	0.501342,0.498658,	1,	1,	1,	1,	1,	1,	1,	1,	1,	1,	1,	
0.5,0.5,	1,1.03886e-09,	0.999998,1.70942e-06,	0.99873,0.00127031,	0.994338,0.00566232,	0.992619,0.0073811,	0.991834,0.00816608,	0.989538,0.0104619,	0.978705,0.0212946,	0.931555,0.068445,	0.501402,0.498598,	1,	1,	1,	1,	1,	1,	1,	1,	1,	1,	1,	
0.5,0.5,	1,9.22147e-10,	0.999998,1.58643e-06,	0.998771,0.00122885,	0.994463,0.00553682,	0.992763,0.00723676,	0.992002,0.00799828,	0.989749,0.0102511,	0.979066,0.0209337,	0.932234,0.0677661,	0.501439,0.498561,	1,	1,	1,	1,	1,	1,	1,	1,	1,	1,	1,	
0.5,0.5,	1,8.18544e-10,	0.999999,1.47229e-06,	0.998811,0.00118882,	0.994586,0.0054142,	0.992904,0.00709556,	0.992164,0.00783615,	0.989956,0.0100442,	0.979426,0.0205741,	0.932909,0.0670915,	0.501434,0.498566,	1,	1,	1,	1,	1,	1,	1,	1,	1,	1,	1,	
0.5,0.5,	1,7.2658e-10,	0.999999,1.36636e-06,	0.99885,0.00115018,	0.994706,0.00529386,	0.993043,0.00695704,	0.992323,0.00767696,	0.990157,0.00984318,	0.979774,0.0202258,	0.933589,0.0664112,	0.50144,0.49856,	1,	1,	1,	1,	1,	1,	1,	1,	1,	1,	1,	
0.5,0.5,	1,6.44949e-10,	0.999999,1.26805e-06,	0.998887,0.00111282,	0.994824,0.00517612,	0.993179,0.0068211,	0.99248,0.00751997,	0.990353,0.00964708,	0.98011,0.01989,	0.934236,0.0657645,	0.501443,0.498557,	1,	1,	1,	1,	1,	1,	1,	1,	1,	1,	1,	
0.5,0.5,	1,5.72489e-10,	0.999999,1.17682e-06,	0.998923,0.00107664,	0.994939,0.00506071,	0.993312,0.0066876,	0.992634,0.00736607,	0.990545,0.00945549,	0.980439,0.0195614,	0.934854,0.065146,	0.501427,0.498573,	1,	1,	1,	1,	1,	1,	1,	1,	1,	1,	1,	
0.5,0.5,	1,5.0817e-10,	0.999999,1.09215e-06,	0.998958,0.00104171,	0.995052,0.00494842,	0.993443,0.00655676,	0.992785,0.0072151,	0.990732,0.00926837,	0.980766,0.0192343,	0.935463,0.0645369,	0.501346,0.498654,	1,	1,	1,	1,	1,	1,	1,	1,	1,	1,	1,	
0.5,0.5,	1,4.51077e-10,	0.999999,1.01357e-06,	0.998992,0.00100794,	0.995161,0.00483886,	0.99357,0.00642963,	0.992934,0.00706607,	0.990916,0.00908372,	0.981084,0.0189159,	0.936043,0.0639572,	0.501299,0.498701,	1,	1,	1,	1,	1,	1,	1,	1,	1,	1,	1,	
0.5,0.5,	1,4.00399e-10,	0.999999,9.40646e-07,	0.999025,0.000975251,	0.995268,0.00473192,	0.993696,0.00630371,	0.99308,0.00692019,	0.991098,0.00890189,	0.981389,0.0186113,	0.936658,0.0633425,	0.501334,0.498666,	1,	1,	1,	1,	1,	1,	1,	1,	1,	1,	1,	
0.5,0.5,	1,3.55414e-10,	0.999999,8.72968e-07,	0.999056,0.000943754,	0.995372,0.00462781,	0.993821,0.00617918,	0.993221,0.00677862,	0.991277,0.00872286,	0.981683,0.0183169,	0.937283,0.0627166,	0.501443,0.498557,	1,	1,	1,	1,	1,	1,	1,	1,	1,	1,	1,	
0.5,0.5,	1,3.15483e-10,	0.999999,8.10159e-07,	0.999087,0.000913324,	0.995473,0.00452652,	0.993943,0.00605675,	0.993361,0.00663885,	0.991454,0.00854575,	0.981982,0.0180176,	0.937918,0.0620824,	0.501523,0.498477,	1,	1,	1,	1,	1,	1,	1,	1,	1,	1,	1,	
0.5,0.5,	1,2.80039e-10,	0.999999,7.5187e-07,	0.999116,0.000883858,	0.995573,0.00442715,	0.994064,0.00593565,	0.993498,0.00650217,	0.991626,0.00837354,	0.982285,0.0177155,	0.938547,0.061453,	0.501444,0.498556,	1,	1,	1,	1,	1,	1,	1,	1,	1,	1,	1,	
0.5,0.5,	1,2.48577e-10,	0.999999,6.97774e-07,	0.999145,0.000855282,	0.99567,0.00433048,	0.994183,0.00581659,	0.993631,0.00636926,	0.991795,0.00820467,	0.982582,0.0174178,	0.939141,0.0608591,	0.501489,0.498511,	1,	1,	1,	1,	1,	1,	1,	1,	1,	1,	1,	
0.5,0.5,	1,2.20649e-10,	0.999999,6.4757e-07,	0.999172,0.000827621,	0.995764,0.00423576,	0.994301,0.00569949,	0.993761,0.0062394,	0.99196,0.00803972,	0.982871,0.0171292,	0.939736,0.0602639,	0.501422,0.498578,	1,	1,	1,	1,	1,	1,	1,	1,	1,	1,	1,	
0.5,0.5,	1,1.9586e-10,	0.999999,6.00979e-07,	0.999199,0.000800873,	0.995858,0.00414247,	0.994415,0.0055846,	0.993886,0.00611354,	0.992122,0.00787798,	0.983157,0.0168433,	0.940354,0.0596462,	0.50135,0.49865,	1,	1,	1,	1,	1,	1,	1,	1,	1,	1,	1,	
