gather,share,	gather,share,	gather,share,	gather,share,	gather,share,	gather,share,	gather,share,	gather,share,	gather,share,	gather,share,	gather,share,	wait,	wait,	wait,	wait,	wait,	wait,	wait,	wait,	wait,	wait,	wait,	
0.5,0.5,	0.5,0.5,	0.5,0.5,	0.5,0.5,	0.5,0.5,	0.5,0.5,	0.5,0.5,	0.5,0.5,	0.5,0.5,	0.5,0.5,	0.5,0.5,	1,	1,	1,	1,	1,	1,	1,	1,	1,	1,	1,	
0.5,0.5,	0.499942,0.500058,	0.499896,0.500104,	0.499841,0.500159,	0.499796,0.500204,	0.499875,0.500125,	0.499787,0.500213,	0.499791,0.500209,	0.499692,0.500308,	0.49964,0.50036,	0.499759,0.500241,	1,	1,	1,	1,	1,	1,	1,	1,	1,	1,	1,	
0.5,0.5,	0.500127,0.499873,	0.499497,0.500503,	0.499313,0.500687,	0.499332,0.500668,	0.49964,0.50036,	0.499184,0.500816,	0.499288,0.500712,	0.498914,0.501086,	0.498873,0.501127,	0.499155,0.500845,	1,	1,	1,	1,	1,	1,	1,	1,	1,	1,	1,	
0.5,0.5,	0.501238,0.498762,	0.498849,0.501151,	0.498453,0.501547,	0.498676,0.501324,	0.499026,0.500974,	0.498333,0.501667,	0.498679,0.501321,	0.497947,0.502053,	0.49784,0.50216,	0.498409,0.501591,	1,	1,	1,	1,	1,	1,	1,	1,	1,	1,	1,	
0.5,0.5,	0.503101,0.496899,	0.498174,0.501826,	0.497639,0.502361,	0.497805,0.502195,	0.498215,0.501785,	0.497569,0.502431,	0.497898,0.502102,	0.49702,0.50298,	0.496857,0.503143,	0.497562,0.502438,	1,	1,	1,	1,	1,	1,	1,	1,	1,	1,	1,	
0.5,0.5,	0.506304,0.493696,	0.497106,0.502894,	0.496792,0.503208,	0.497055,0.502945,	0.497702,0.502298,	0.496923,0.503077,	0.497291,0.502709,	0.496346,0.503654,	0.496131,0.503869,	0.496862,0.503138,	1,	1,	1,	1,	1,	1,	1,	1,	1,	1,	1,	
0.5,0.5,	0.510075,0.489925,	0.49571,0.50429,	0.495915,0.504085,	0.49644,0.50356,	0.497182,0.502818,	0.496288,0.503712,	0.496906,0.503094,	0.495691,0.504309,	0.495291,0.504709,	0.496022,0.503978,	1,	1,	1,	1,	1,	1,	1,	1,	1,	1,	1,	
0.5,0.5,	0.515617,0.484383,	0.494856,0.505144,	0.495017,0.504983,	0.495765,0.504235,	0.496606,0.503394,	0.495764,0.504236,	0.496525,0.503475,	0.495258,0.504742,	0.494626,0.505374,	0.495115,0.504885,	1,	1,	1,	1,	1,	1,	1,	1,	1,	1,	1,	
0.5,0.5,	0.522747,0.477253,	0.495041,0.504959,	0.494061,0.505939,	0.495084,0.504916,	0.495859,0.504141,	0.49543,0.50457,	0.496006,0.503994,	0.49481,0.50519,	0.493937,0.506063,	0.494333,0.505667,	1,	1,	1,	1,	1,	1,	1,	1,	1,	1,	1,	
0.5,0.5,	0.530514,0.469486,	0.495577,0.504423,	0.493374,0.506626,	0.494508,0.505492,	0.495003,0.504997,	0.494854,0.505146,	0.495346,0.504654,	0.494178,0.505822,	0.493173,0.506827,	0.49355,0.50645,	1,	1,	1,	1,	1,	1,	1,	1,	1,	1,	1,	
0.5,0.5,	0.537598,0.462402,	0.496482,0.503518,	0.493024,0.506976,	0.494087,0.505913,	0.494364,0.505636,	0.494139,0.505861,	0.494629,0.505371,	0.493353,0.506647,	0.492363,0.507637,	0.492754,0.507246,	1,	1,	1,	1,	1,	1,	1,	1,	1,	1,	1,	
0.5,0.5,	0.545449,0.454551,	0.498801,0.501199,	0.493245,0.506755,	0.493769,0.506231,	0.493669,0.506331,	0.493391,0.506609,	0.493851,0.506149,	0.492715,0.507285,	0.491625,0.508375,	0.491925,0.508075,	1,	1,	1,	1,	1,	1,	1,	1,	1,	1,	1,	
0.5,0.5,	0.554917,0.445083,	0.501815,0.498185,	0.493659,0.506341,	0.493296,0.506704,	0.493005,0.506995,	0.492646,0.507354,	0.493269,0.506731,	0.492092,0.507908,	0.490836,0.509164,	0.490982,0.509018,	1,	1,	1,	1,	1,	1,	1,	1,	1,	1,	1,	
0.5,0.5,	0.564363,0.435637,	0.505189,0.494811,	0.49499,0.50501,	0.492753,0.507247,	0.492268,0.507732,	0.492257,0.507743,	0.492592,0.507408,	0.491329,0.508671,	0.490311,0.509689,	0.490067,0.509933,	1,	1,	1,	1,	1,	1,	1,	1,	1,	1,	1,	
0.5,0.5,	0.575857,0.424143,	0.508151,0.491849,	0.49613,0.50387,	0.493146,0.506854,	0.491761,0.508239,	0.491614,0.508386,	0.491777,0.508223,	0.490519,0.509481,	0.489882,0.510118,	0.489143,0.510857,	1,	1,	1,	1,	1,	1,	1,	1,	1,	1,	1,	
0.5,0.5,	0.586988,0.413012,	0.511275,0.488725,	0.497685,0.502315,	0.493907,0.506093,	0.491777,0.508223,	0.491115,0.508885,	0.491245,0.508755,	0.489723,0.510277,	0.489256,0.510744,	0.48832,0.51168,	1,	1,	1,	1,	1,	1,	1,	1,	1,	1,	1,	
0.5,0.5,	0.598201,0.401799,	0.514941,0.485059,	0.499352,0.500648,	0.494966,0.505034,	0.491818,0.508182,	0.491246,0.508754,	0.490769,0.509231,	0.489026,0.510974,	0.488523,0.511477,	0.487491,0.512509,	1,	1,	1,	1,	1,	1,	1,	1,	1,	1,	1,	
0.5,0.5,	0.60827,0.39173,	0.520203,0.479797,	0.501901,0.498099,	0.495486,0.504514,	0.491707,0.508293,	0.491199,0.508801,	0.49024,0.50976,	0.488307,0.511693,	0.487847,0.512153,	0.4867,0.5133,	1,	1,	1,	1,	1,	1,	1,	1,	1,	1,	1,	
0.5,0.5,	0.617017,0.382983,	0.525155,0.474845,	0.505248,0.494752,	0.496446,0.503554,	0.491864,0.508136,	0.490921,0.509079,	0.489684,0.510316,	0.487477,0.512523,	0.487008,0.512992,	0.485962,0.514038,	1,	1,	1,	1,	1,	1,	1,	1,	1,	1,	1,	
0.5,0.5,	0.625591,0.374409,	0.531232,0.468768,	0.508828,0.491172,	0.497832,0.502168,	0.49241,0.50759,	0.490936,0.509064,	0.489424,0.510576,	0.486658,0.513342,	0.48599,0.51401,	0.485223,0.514777,	1,	1,	1,	1,	1,	1,	1,	1,	1,	1,	1,	
0.5,0.5,	0.634428,0.365572,	0.53833,0.46167,	0.513084,0.486916,	0.498647,0.501353,	0.493177,0.506823,	0.491022,0.508978,	0.488953,0.511047,	0.486084,0.513916,	0.484986,0.515014,	0.484259,0.515741,	1,	1,	1,	1,	1,	1,	1,	1,	1,	1,	1,	
0.5,0.5,	0.643207,0.356793,	0.545675,0.454325,	0.517799,0.482201,	0.500187,0.499813,	0.494135,0.505865,	0.491164,0.508836,	0.488535,0.511465,	0.485697,0.514303,	0.484233,0.515767,	0.483261,0.516739,	1,	1,	1,	1,	1,	1,	1,	1,	1,	1,	1,	
0.5,0.5,	0.65179,0.34821,	0.554335,0.445665,	0.520498,0.479502,	0.501664,0.498336,	0.495235,0.504765,	0.491268,0.508732,	0.487985,0.512015,	0.48514,0.51486,	0.483377,0.516623,	0.482183,0.517817,	1,	1,	1,	1,	1,	1,	1,	1,	1,	1,	1,	
0.5,0.5,	0.659553,0.340447,	0.561543,0.438457,	0.524072,0.475928,	0.503814,0.496186,	0.496365,0.503635,	0.49189,0.50811,	0.487626,0.512374,	0.48462,0.51538,	0.482313,0.517687,	0.481285,0.518715,	1,	1,	1,	1,	1,	1,	1,	1,	1,	1,	1,	
0.5,0.5,	0.669162,0.330838,	0.568618,0.431382,	0.528583,0.471417,	0.507206,0.492794,	0.497808,0.502192,	0.492774,0.507226,	0.487473,0.512527,	0.4841,0.5159,	0.48139,0.51861,	0.480234,0.519766,	1,	1,	1,	1,	1,	1,	1,	1,	1,	1,	1,	
0.5,0.5,	0.677497,0.322503,	0.575548,0.424452,	0.53387,0.46613,	0.509205,0.490795,	0.499302,0.500698,	0.493296,0.506704,	0.487298,0.512702,	0.483595,0.516405,	0.480562,0.519438,	0.479168,0.520832,	1,	1,	1,	1,	1,	1,	1,	1,	1,	1,	1,	
0.5,0.5,	0.684791,0.315209,	0.58152,0.41848,	0.538201,0.461799,	0.511118,0.488882,	0.500739,0.499261,	0.494075,0.505925,	0.487386,0.512614,	0.48339,0.51661,	0.479704,0.520296,	0.47807,0.52193,	1,	1,	1,	1,	1,	1,	1,	1,	1,	1,	1,	
0.5,0.5,	0.69203,0.30797,	0.587621,0.412379,	0.542136,0.457864,	0.513537,0.486463,	0.502835,0.497165,	0.49482,0.50518,	0.487698,0.512302,	0.483037,0.516963,	0.478777,0.521223,	0.476677,0.523323,	1,	1,	1,	1,	1,	1,	1,	1,	1,	1,	1,	
0.5,0.5,	0.698933,0.301067,	0.594535,0.405465,	0.546752,0.453248,	0.516148,0.483852,	0.504367,0.495633,	0.495521,0.504479,	0.487791,0.512209,	0.482826,0.517174,	0.478102,0.521898,	0.47537,0.52463,	1,	1,	1,	1,	1,	1,	1,	1,	1,	1,	1,	
0.5,0.5,	0.705588,0.294412,	0.602289,0.397711,	0.550541,0.449459,	0.518642,0.481358,	0.505921,0.494079,	0.496101,0.503899,	0.487628,0.512372,	0.482398,0.517602,	0.477421,0.522579,	0.473968,0.526032,	1,	1,	1,	1,	1,	1,	1,	1,	1,	1,	1,	
0.5,0.5,	0.713604,0.286396,	0.609828,0.390172,	0.554875,0.445125,	0.521906,0.478094,	0.506928,0.493072,	0.496488,0.503512,	0.487418,0.512582,	0.48189,0.51811,	0.476883,0.523117,	0.472705,0.527295,	1,	1,	1,	1,	1,	1,	1,	1,	1,	1,	1,	
0.5,0.5,	0.721539,0.278461,	0.617203,0.382797,	0.558834,0.441166,	0.525871,0.474129,	0.508516,0.491484,	0.496815,0.503185,	0.487761,0.512239,	0.481431,0.518569,	0.476035,0.523965,	0.471488,0.528512,	1,	1,	1,	1,	1,	1,	1,	1,	1,	1,	1,	
0.5,0.5,	0.728901,0.271099,	0.624699,0.375301,	0.561945,0.438055,	0.530423,0.469577,	0.510872,0.489128,	0.497285,0.502715,	0.48819,0.51181,	0.481116,0.518884,	0.47516,0.52484,	0.470374,0.529626,	1,	1,	1,	1,	1,	1,	1,	1,	1,	1,	1,	
0.5,0.5,	0.735873,0.264127,	0.632723,0.367277,	0.565818,0.434182,	0.534425,0.465575,	0.513241,0.486759,	0.498063,0.501937,	0.488189,0.511811,	0.480904,0.519096,	0.474342,0.525658,	0.46933,0.53067,	1,	1,	1,	1,	1,	1,	1,	1,	1,	1,	1,	
0.5,0.5,	0.74339,0.25661,	0.641794,0.358206,	0.570196,0.429804,	0.538204,0.461796,	0.515068,0.484932,	0.498533,0.501467,	0.487963,0.512037,	0.480552,0.519448,	0.473488,0.526512,	0.468161,0.531839,	1,	1,	1,	1,	1,	1,	1,	1,	1,	1,	1,	
0.5,0.5,	0.750818,0.249182,	0.651488,0.348512,	0.575337,0.424663,	0.541712,0.458288,	0.516972,0.483028,	0.499465,0.500535,	0.48765,0.51235,	0.479954,0.520046,	0.473017,0.526983,	0.466847,0.533153,	1,	1,	1,	1,	1,	1,	1,	1,	1,	1,	1,	
0.5,0.5,	0.758453,0.241547,	0.659816,0.340184,	0.580472,0.419528,	0.544724,0.455276,	0.518161,0.481839,	0.500952,0.499048,	0.487662,0.512338,	0.479353,0.520647,	0.472305,0.527695,	0.465573,0.534427,	1,	1,	1,	1,	1,	1,	1,	1,	1,	1,	1,	
0.5,0.5,	0.766554,0.233446,	0.666424,0.333576,	0.585221,0.414779,	0.548013,0.451987,	0.520109,0.479891,	0.501806,0.498194,	0.487875,0.512125,	0.478767,0.521233,	0.471456,0.528544,	0.464412,0.535588,	1,	1,	1,	1,	1,	1,	1,	1,	1,	1,	1,	
0.5,0.5,	0.774619,0.225381,	0.672854,0.327146,	0.590238,0.409762,	0.551495,0.448505,	0.522194,0.477806,	0.502024,0.497976,	0.488293,0.511707,	0.478589,0.521411,	0.470366,0.529634,	0.463158,0.536842,	1,	1,	1,	1,	1,	1,	1,	1,	1,	1,	1,	
0.5,0.5,	0.781808,0.218192,	0.678847,0.321153,	0.594008,0.405992,	0.554047,0.445953,	0.523712,0.476288,	0.502379,0.497621,	0.488278,0.511722,	0.478474,0.521526,	0.469475,0.530525,	0.461962,0.538038,	1,	1,	1,	1,	1,	1,	1,	1,	1,	1,	1,	
0.5,0.5,	0.789278,0.210722,	0.685012,0.314988,	0.598639,0.401361,	0.556332,0.443668,	0.52484,0.47516,	0.503043,0.496957,	0.488383,0.511617,	0.478138,0.521862,	0.46859,0.53141,	0.460916,0.539084,	1,	1,	1,	1,	1,	1,	1,	1,	1,	1,	1,	
0.5,0.5,	0.797312,0.202688,	0.691865,0.308135,	0.604191,0.395809,	0.56023,0.43977,	0.526659,0.473341,	0.503803,0.496197,	0.488469,0.511531,	0.477728,0.522272,	0.467903,0.532097,	0.459868,0.540132,	1,	1,	1,	1,	1,	1,	1,	1,	1,	1,	1,	
0.5,0.5,	0.804414,0.195586,	0.698754,0.301246,	0.610012,0.389988,	0.564017,0.435983,	0.528515,0.471485,	0.504918,0.495082,	0.488599,0.511401,	0.477384,0.522616,	0.466879,0.533121,	0.458549,0.541451,	1,	1,	1,	1,	1,	1,	1,	1,	1,	1,	1,	
0.5,0.5,	0.810617,0.189383,	0.705606,0.294394,	0.615292,0.384708,	0.567039,0.432961,	0.530754,0.469246,	0.505643,0.494357,	0.489119,0.510881,	0.477249,0.522751,	0.466019,0.533981,	0.457221,0.542779,	1,	1,	1,	1,	1,	1,	1,	1,	1,	1,	1,	
0.5,0.5,	0.816256,0.183744,	0.712821,0.287179,	0.62135,0.37865,	0.569972,0.430028,	0.532506,0.467494,	0.506869,0.493131,	0.489581,0.510419,	0.477141,0.522859,	0.465187,0.534813,	0.455988,0.544012,	1,	1,	1,	1,	1,	1,	1,	1,	1,	1,	1,	
0.5,0.5,	0.82191,0.17809,	0.719774,0.280226,	0.627295,0.372705,	0.573254,0.426746,	0.534224,0.465776,	0.50802,0.49198,	0.489592,0.510408,	0.476951,0.523049,	0.464396,0.535604,	0.454835,0.545165,	1,	1,	1,	1,	1,	1,	1,	1,	1,	1,	1,	
0.5,0.5,	0.827724,0.172276,	0.726972,0.273028,	0.632483,0.367517,	0.57687,0.42313,	0.536284,0.463716,	0.509276,0.490724,	0.489932,0.510068,	0.476696,0.523304,	0.463864,0.536136,	0.453673,0.546327,	1,	1,	1,	1,	1,	1,	1,	1,	1,	1,	1,	
0.5,0.5,	0.833305,0.166695,	0.734521,0.265479,	0.636973,0.363027,	0.580019,0.419981,	0.53775,0.46225,	0.51073,0.48927,	0.489917,0.510083,	0.47611,0.52389,	0.463086,0.536914,	0.452544,0.547456,	1,	1,	1,	1,	1,	1,	1,	1,	1,	1,	1,	
0.5,0.5,	0.838114,0.161886,	0.740523,0.259477,	0.641046,0.358954,	0.583398,0.416602,	0.539587,0.460413,	0.511835,0.488165,	0.49031,0.50969,	0.475766,0.524234,	0.462246,0.537754,	0.451421,0.548579,	1,	1,	1,	1,	1,	1,	1,	1,	1,	1,	1,	
0.5,0.5,	0.842825,0.157175,	0.745788,0.254212,	0.644659,0.355341,	0.586199,0.413801,	0.541278,0.458722,	0.512838,0.487162,	0.490782,0.509218,	0.475497,0.524503,	0.461388,0.538612,	0.450043,0.549957,	1,	1,	1,	1,	1,	1,	1,	1,	1,	1,	1,	
0.5,0.5,	0.8472,0.1528,	0.750646,0.249354,	0.647906,0.352094,	0.588475,0.411525,	0.543284,0.456716,	0.513973,0.486027,	0.490983,0.509017,	0.475138,0.524862,	0.46049,0.53951,	0.448651,0.551349,	1,	1,	1,	1,	1,	1,	1,	1,	1,	1,	1,	
0.5,0.5,	0.851792,0.148208,	0.755817,0.244183,	0.65112,0.34888,	0.590238,0.409762,	0.544979,0.455021,	0.515566,0.484434,	0.491702,0.508298,	0.474712,0.525288,	0.459434,0.540566,	0.447465,0.552535,	1,	1,	1,	1,	1,	1,	1,	1,	1,	1,	1,	
0.5,0.5,	0.856333,0.143667,	0.760977,0.239023,	0.65503,0.34497,	0.592705,0.407295,	0.546745,0.453255,	0.516588,0.483412,	0.492006,0.507994,	0.474394,0.525606,	0.458847,0.541153,	0.446444,0.553556,	1,	1,	1,	1,	1,	1,	1,	1,	1,	1,	1,	
0.5,0.5,	0.860331,0.139669,	0.765848,0.234152,	0.659242,0.340758,	0.595794,0.404206,	0.548653,0.451347,	0.517553,0.482447,	0.492167,0.507833,	0.474123,0.525877,	0.458293,0.541707,	0.445326,0.554674,	1,	1,	1,	1,	1,	1,	1,	1,	1,	1,	1,	
0.5,0.5,	0.863902,0.136098,	0.770502,0.229498,	0.663619,0.336381,	0.598676,0.401324,	0.55019,0.44981,	0.518215,0.481785,	0.492339,0.507661,	0.473588,0.526412,	0.457429,0.542571,	0.44404,0.55596,	1,	1,	1,	1,	1,	1,	1,	1,	1,	1,	1,	
0.5,0.5,	0.867364,0.132636,	0.775162,0.224838,	0.668106,0.331894,	0.601599,0.398401,	0.551575,0.448425,	0.518779,0.481221,	0.492304,0.507696,	0.473337,0.526663,	0.45673,0.54327,	0.442922,0.557078,	1,	1,	1,	1,	1,	1,	1,	1,	1,	1,	1,	
0.5,0.5,	0.8708,0.1292,	0.780367,0.219633,	0.672147,0.327853,	0.604762,0.395238,	0.553129,0.446871,	0.519423,0.480577,	0.492526,0.507474,	0.473065,0.526935,	0.456028,0.543972,	0.441888,0.558112,	1,	1,	1,	1,	1,	1,	1,	1,	1,	1,	1,	
0.5,0.5,	0.874004,0.125996,	0.786649,0.213351,	0.676528,0.323472,	0.607533,0.392467,	0.554357,0.445643,	0.519996,0.480004,	0.492432,0.507568,	0.472657,0.527343,	0.455495,0.544505,	0.440723,0.559277,	1,	1,	1,	1,	1,	1,	1,	1,	1,	1,	1,	
0.5,0.5,	0.877252,0.122748,	0.792429,0.207571,	0.681322,0.318678,	0.610787,0.389213,	0.555793,0.444207,	0.520825,0.479175,	0.492541,0.507459,	0.472316,0.527684,	0.454756,0.545244,	0.439456,0.560544,	1,	1,	1,	1,	1,	1,	1,	1,	1,	1,	1,	
0.5,0.5,	0.880665,0.119335,	0.797984,0.202016,	0.685948,0.314052,	0.61389,0.38611,	0.557976,0.442024,	0.522146,0.477854,	0.49271,0.50729,	0.471804,0.528196,	0.453915,0.546085,	0.438238,0.561762,	1,	1,	1,	1,	1,	1,	1,	1,	1,	1,	1,	
0.5,0.5,	0.884029,0.115971,	0.803393,0.196607,	0.691208,0.308792,	0.617195,0.382805,	0.559754,0.440246,	0.523401,0.476599,	0.49303,0.50697,	0.471248,0.528752,	0.452988,0.547012,	0.437218,0.562782,	1,	1,	1,	1,	1,	1,	1,	1,	1,	1,	1,	
0.5,0.5,	0.887096,0.112904,	0.808444,0.191556,	0.696649,0.303351,	0.620529,0.379471,	0.560878,0.439122,	0.524331,0.475669,	0.493193,0.506807,	0.470681,0.529319,	0.452288,0.547712,	0.436283,0.563717,	1,	1,	1,	1,	1,	1,	1,	1,	1,	1,	1,	
0.5,0.5,	0.890067,0.109933,	0.813426,0.186574,	0.701668,0.298332,	0.623852,0.376148,	0.561778,0.438222,	0.524725,0.475275,	0.493229,0.506771,	0.470272,0.529728,	0.451446,0.548554,	0.435173,0.564827,	1,	1,	1,	1,	1,	1,	1,	1,	1,	1,	1,	
0.5,0.5,	0.893089,0.106911,	0.818319,0.181681,	0.706188,0.293812,	0.626695,0.373305,	0.563325,0.436675,	0.525245,0.474755,	0.493215,0.506785,	0.46989,0.53011,	0.450876,0.549124,	0.434052,0.565948,	1,	1,	1,	1,	1,	1,	1,	1,	1,	1,	1,	
0.5,0.5,	0.896299,0.103701,	0.823123,0.176877,	0.710421,0.289579,	0.629678,0.370322,	0.564537,0.435463,	0.525911,0.474089,	0.493047,0.506953,	0.469236,0.530764,	0.450334,0.549666,	0.432722,0.567278,	1,	1,	1,	1,	1,	1,	1,	1,	1,	1,	1,	
0.5,0.5,	0.899673,0.100327,	0.827667,0.172333,	0.715003,0.284997,	0.632519,0.367481,	0.565839,0.434161,	0.526704,0.473296,	0.493306,0.506694,	0.468611,0.531389,	0.449585,0.550415,	0.431409,0.568591,	1,	1,	1,	1,	1,	1,	1,	1,	1,	1,	1,	
0.5,0.5,	0.903009,0.0969908,	0.831966,0.168034,	0.719933,0.280067,	0.635819,0.364181,	0.567472,0.432528,	0.52738,0.47262,	0.49352,0.50648,	0.468295,0.531705,	0.448956,0.551044,	0.430277,0.569723,	1,	1,	1,	1,	1,	1,	1,	1,	1,	1,	1,	
0.5,0.5,	0.906155,0.0938453,	0.836338,0.163662,	0.724518,0.275482,	0.639068,0.360932,	0.569267,0.430733,	0.528577,0.471423,	0.493455,0.506545,	0.468076,0.531924,	0.448396,0.551604,	0.42917,0.57083,	1,	1,	1,	1,	1,	1,	1,	1,	1,	1,	1,	
0.5,0.5,	0.90914,0.0908596,	0.840986,0.159014,	0.728625,0.271375,	0.641885,0.358115,	0.570915,0.429085,	0.5294,0.4706,	0.493554,0.506446,	0.467912,0.532088,	0.447784,0.552216,	0.428013,0.571987,	1,	1,	1,	1,	1,	1,	1,	1,	1,	1,	1,	
0.5,0.5,	0.911944,0.0880564,	0.845774,0.154226,	0.732864,0.267136,	0.644817,0.355183,	0.572805,0.427195,	0.529747,0.470253,	0.493586,0.506414,	0.467679,0.532321,	0.44715,0.55285,	0.426862,0.573138,	1,	1,	1,	1,	1,	1,	1,	1,	1,	1,	1,	
0.5,0.5,	0.914783,0.0852168,	0.850446,0.149554,	0.737167,0.262833,	0.647718,0.352282,	0.574513,0.425487,	0.530135,0.469865,	0.493487,0.506513,	0.467396,0.532604,	0.446316,0.553684,	0.425778,0.574222,	1,	1,	1,	1,	1,	1,	1,	1,	1,	1,	1,	
0.5,0.5,	0.91768,0.08232,	0.854764,0.145236,	0.741626,0.258374,	0.65044,0.34956,	0.575812,0.424188,	0.530699,0.469301,	0.493357,0.506643,	0.467105,0.532895,	0.445579,0.554421,	0.424707,0.575293,	1,	1,	1,	1,	1,	1,	1,	1,	1,	1,	1,	
0.5,0.5,	0.920573,0.0794275,	0.858941,0.141059,	0.746409,0.253591,	0.653375,0.346625,	0.577358,0.422642,	0.531422,0.468578,	0.493606,0.506394,	0.466766,0.533234,	0.444893,0.555107,	0.423536,0.576464,	1,	1,	1,	1,	1,	1,	1,	1,	1,	1,	1,	
0.5,0.5,	0.923479,0.0765208,	0.863186,0.136814,	0.75107,0.24893,	0.656238,0.343762,	0.578864,0.421136,	0.532468,0.467532,	0.493647,0.506353,	0.466775,0.533225,	0.444333,0.555667,	0.422572,0.577428,	1,	1,	1,	1,	1,	1,	1,	1,	1,	1,	1,	
0.5,0.5,	0.926274,0.0737261,	0.867464,0.132536,	0.75572,0.24428,	0.658544,0.341456,	0.580387,0.419613,	0.533235,0.466765,	0.493455,0.506545,	0.466416,0.533584,	0.443673,0.556327,	0.421545,0.578455,	1,	1,	1,	1,	1,	1,	1,	1,	1,	1,	1,	
0.5,0.5,	0.928972,0.0710284,	0.871569,0.128431,	0.760393,0.239607,	0.661389,0.338611,	0.582203,0.417797,	0.533658,0.466342,	0.493311,0.506689,	0.465871,0.534129,	0.443089,0.556911,	0.420679,0.579321,	1,	1,	1,	1,	1,	1,	1,	1,	1,	1,	1,	
0.5,0.5,	0.931536,0.0684642,	0.875513,0.124487,	0.764989,0.235011,	0.663608,0.336392,	0.583513,0.416487,	0.534395,0.465605,	0.493408,0.506592,	0.465406,0.534594,	0.442199,0.557801,	0.419619,0.580381,	1,	1,	1,	1,	1,	1,	1,	1,	1,	1,	1,	
0.5,0.5,	0.934015,0.0659851,	0.879119,0.120881,	0.769257,0.230743,	0.665872,0.334128,	0.584601,0.415399,	0.534476,0.465524,	0.493597,0.506403,	0.464983,0.535017,	0.441514,0.558486,	0.418645,0.581355,	1,	1,	1,	1,	1,	1,	1,	1,	1,	1,	1,	
0.5,0.5,	0.936427,0.0635732,	0.8825,0.1175,	0.773503,0.226497,	0.668056,0.331944,	0.585993,0.414007,	0.534768,0.465232,	0.493817,0.506183,	0.464548,0.535452,	0.440903,0.559097,	0.417582,0.582418,	1,	1,	1,	1,	1,	1,	1,	1,	1,	1,	1,	
0.5,0.5,	0.938802,0.0611975,	0.885636,0.114364,	0.777984,0.222016,	0.670894,0.329106,	0.587129,0.412871,	0.535204,0.464796,	0.49409,0.50591,	0.464102,0.535898,	0.440258,0.559742,	0.416313,0.583687,	1,	1,	1,	1,	1,	1,	1,	1,	1,	1,	1,	
0.5,0.5,	0.941078,0.058922,	0.888868,0.111132,	0.782128,0.217872,	0.673547,0.326453,	0.588597,0.411403,	0.535851,0.464149,	0.494157,0.505843,	0.463486,0.536514,	0.439588,0.560412,	0.415196,0.584804,	1,	1,	1,	1,	1,	1,	1,	1,	1,	1,	1,	
0.5,0.5,	0.943274,0.0567258,	0.892124,0.107876,	0.78598,0.21402,	0.675766,0.324234,	0.589639,0.410361,	0.536343,0.463657,	0.494415,0.505585,	0.462964,0.537036,	0.438853,0.561147,	0.414129,0.585871,	1,	1,	1,	1,	1,	1,	1,	1,	1,	1,	1,	
0.5,0.5,	0.945338,0.0546617,	0.895378,0.104622,	0.789598,0.210402,	0.677913,0.322087,	0.591006,0.408994,	0.536988,0.463012,	0.494657,0.505343,	0.462484,0.537516,	0.437978,0.562022,	0.413137,0.586863,	1,	1,	1,	1,	1,	1,	1,	1,	1,	1,	1,	
0.5,0.5,	0.947289,0.0527109,	0.89864,0.10136,	0.7931,0.2069,	0.680475,0.319525,	0.59203,0.40797,	0.537378,0.462622,	0.49459,0.50541,	0.462001,0.537999,	0.437086,0.562914,	0.412228,0.587772,	1,	1,	1,	1,	1,	1,	1,	1,	1,	1,	1,	
0.5,0.5,	0.949159,0.0508405,	0.901882,0.0981175,	0.796538,0.203462,	0.682829,0.317171,	0.593031,0.406969,	0.537804,0.462196,	0.494439,0.505561,	0.461817,0.538183,	0.43639,0.56361,	0.411321,0.588679,	1,	1,	1,	1,	1,	1,	1,	1,	1,	1,	1,	
0.5,0.5,	0.951039,0.0489609,	0.905116,0.0948837,	0.799696,0.200304,	0.685,0.315,	0.594158,0.405842,	0.538012,0.461988,	0.494354,0.505646,	0.461481,0.538519,	0.435635,0.564365,	0.410312,0.589688,	1,	1,	1,	1,	1,	1,	1,	1,	1,	1,	1,	
0.5,0.5,	0.952846,0.0471536,	0.908343,0.091657,	0.802533,0.197467,	0.687043,0.312957,	0.595684,0.404316,	0.538403,0.461597,	0.49431,0.50569,	0.461074,0.538926,	0.434968,0.565032,	0.409265,0.590735,	1,	1,	1,	1,	1,	1,	1,	1,	1,	1,	1,	
0.5,0.5,	0.954572,0.0454284,	0.911444,0.0885558,	0.805741,0.194259,	0.689175,0.310825,	0.597258,0.402742,	0.538947,0.461053,	0.494307,0.505693,	0.460434,0.539566,	0.434206,0.565794,	0.408193,0.591807,	1,	1,	1,	1,	1,	1,	1,	1,	1,	1,	1,	
0.5,0.5,	0.956216,0.0437841,	0.914349,0.0856511,	0.809305,0.190695,	0.691925,0.308075,	0.5988,0.4012,	0.539408,0.460592,	0.494359,0.505641,	0.459954,0.540046,	0.433481,0.566519,	0.407108,0.592892,	1,	1,	1,	1,	1,	1,	1,	1,	1,	1,	1,	
0.5,0.5,	0.957772,0.042228,	0.917144,0.0828564,	0.812792,0.187208,	0.69507,0.30493,	0.600127,0.399873,	0.539991,0.460009,	0.494321,0.505679,	0.45968,0.54032,	0.432719,0.567281,	0.406183,0.593817,	1,	1,	1,	1,	1,	1,	1,	1,	1,	1,	1,	
0.5,0.5,	0.959294,0.0407061,	0.919794,0.0802063,	0.815965,0.184035,	0.697961,0.302039,	0.601112,0.398888,	0.54078,0.45922,	0.494397,0.505603,	0.459257,0.540743,	0.432037,0.567963,	0.405194,0.594806,	1,	1,	1,	1,	1,	1,	1,	1,	1,	1,	1,	
0.5,0.5,	0.960745,0.0392552,	0.922255,0.0777447,	0.819133,0.180867,	0.700102,0.299898,	0.602393,0.397607,	0.541217,0.458783,	0.494573,0.505427,	0.458924,0.541076,	0.431353,0.568647,	0.404331,0.595669,	1,	1,	1,	1,	1,	1,	1,	1,	1,	1,	1,	
0.5,0.5,	0.962101,0.037899,	0.924576,0.0754241,	0.822075,0.177925,	0.702305,0.297695,	0.603941,0.396059,	0.541727,0.458273,	0.494605,0.505395,	0.458649,0.541351,	0.430658,0.569342,	0.403394,0.596606,	1,	1,	1,	1,	1,	1,	1,	1,	1,	1,	1,	
0.5,0.5,	0.963404,0.0365961,	0.926818,0.0731825,	0.825119,0.174881,	0.704493,0.295507,	0.605781,0.394219,	0.542366,0.457634,	0.494743,0.505257,	0.458267,0.541733,	0.430123,0.569877,	0.402387,0.597613,	1,	1,	1,	1,	1,	1,	1,	1,	1,	1,	1,	
0.5,0.5,	0.9647,0.0353,	0.929026,0.070974,	0.828185,0.171815,	0.706414,0.293586,	0.607548,0.392452,	0.54326,0.45674,	0.494818,0.505182,	0.457783,0.542217,	0.429484,0.570516,	0.401489,0.598511,	1,	1,	1,	1,	1,	1,	1,	1,	1,	1,	1,	
0.5,0.5,	0.965973,0.0340269,	0.931284,0.068716,	0.831293,0.168707,	0.708498,0.291502,	0.609139,0.390861,	0.54403,0.45597,	0.494608,0.505392,	0.457404,0.542596,	0.428995,0.571005,	0.400502,0.599498,	1,	1,	1,	1,	1,	1,	1,	1,	1,	1,	1,	
0.5,0.5,	0.967219,0.0327812,	0.933513,0.0664875,	0.834225,0.165775,	0.711168,0.288832,	0.610514,0.389486,	0.54447,0.45553,	0.494511,0.505489,	0.457072,0.542928,	0.42856,0.57144,	0.399596,0.600404,	1,	1,	1,	1,	1,	1,	1,	1,	1,	1,	1,	
0.5,0.5,	0.968447,0.0315533,	0.935732,0.0642679,	0.837119,0.162881,	0.713927,0.286073,	0.611703,0.388297,	0.545038,0.454962,	0.494569,0.505431,	0.456734,0.543266,	0.427918,0.572082,	0.398541,0.601459,	1,	1,	1,	1,	1,	1,	1,	1,	1,	1,	1,	
0.5,0.5,	0.969648,0.0303524,	0.937978,0.0620222,	0.840157,0.159843,	0.7165,0.2835,	0.613047,0.386953,	0.545723,0.454277,	0.494489,0.505511,	0.456352,0.543648,	0.427281,0.572719,	0.39747,0.60253,	1,	1,	1,	1,	1,	1,	1,	1,	1,	1,	1,	
0.5,0.5,	0.970825,0.0291749,	0.94019,0.0598103,	0.8433,0.1567,	0.718756,0.281244,	0.614321,0.385679,	0.546092,0.453908,	0.494619,0.505381,	0.455994,0.544006,	0.426635,0.573365,	0.396619,0.603381,	1,	1,	1,	1,	1,	1,	1,	1,	1,	1,	1,	
0.5,0.5,	0.971946,0.028054,	0.942315,0.057685,	0.84662,0.15338,	0.72091,0.27909,	0.615594,0.384406,	0.546754,0.453246,	0.494621,0.505379,	0.455759,0.544241,	0.426163,0.573837,	0.395827,0.604173,	1,	1,	1,	1,	1,	1,	1,	1,	1,	1,	1,	
0.5,0.5,	0.97301,0.0269903,	0.944387,0.0556129,	0.850194,0.149806,	0.723486,0.276514,	0.61698,0.38302,	0.547402,0.452598,	0.494596,0.505404,	0.455347,0.544653,	0.425656,0.574344,	0.394892,0.605108,	1,	1,	1,	1,	1,	1,	1,	1,	1,	1,	1,	
0.5,0.5,	0.974035,0.025965,	0.946408,0.0535916,	0.853781,0.146219,	0.726326,0.273674,	0.618686,0.381314,	0.547954,0.452046,	0.494647,0.505353,	0.455028,0.544972,	0.425063,0.574937,	0.39392,0.60608,	1,	1,	1,	1,	1,	1,	1,	1,	1,	1,	1,	
0.5,0.5,	0.975024,0.024976,	0.948421,0.0515788,	0.857273,0.142727,	0.729116,0.270884,	0.620099,0.379901,	0.548946,0.451054,	0.494603,0.505397,	0.454615,0.545385,	0.424276,0.575724,	0.392834,0.607166,	1,	1,	1,	1,	1,	1,	1,	1,	1,	1,	1,	
0.5,0.5,	0.97598,0.0240205,	0.950388,0.0496116,	0.860739,0.139261,	0.731965,0.268035,	0.621449,0.378551,	0.549739,0.450261,	0.494565,0.505435,	0.454226,0.545774,	0.423574,0.576426,	0.391961,0.608039,	1,	1,	1,	1,	1,	1,	1,	1,	1,	1,	1,	
0.5,0.5,	0.9769,0.0230998,	0.952289,0.0477107,	0.864078,0.135922,	0.73466,0.26534,	0.622488,0.377512,	0.550181,0.449819,	0.494624,0.505376,	0.453837,0.546163,	0.422933,0.577067,	0.390958,0.609042,	1,	1,	1,	1,	1,	1,	1,	1,	1,	1,	1,	
0.5,0.5,	0.977795,0.0222049,	0.954124,0.0458764,	0.867388,0.132612,	0.737476,0.262524,	0.623717,0.376283,	0.55068,0.44932,	0.494769,0.505231,	0.453493,0.546507,	0.422405,0.577595,	0.389891,0.610109,	1,	1,	1,	1,	1,	1,	1,	1,	1,	1,	1,	
0.5,0.5,	0.978663,0.021337,	0.955889,0.0441111,	0.870661,0.129339,	0.740339,0.259661,	0.625165,0.374835,	0.551258,0.448742,	0.494898,0.505102,	0.453157,0.546843,	0.421786,0.578214,	0.388866,0.611134,	1,	1,	1,	1,	1,	1,	1,	1,	1,	1,	1,	
0.5,0.5,	0.979498,0.0205015,	0.957613,0.0423872,	0.873921,0.126079,	0.743197,0.256803,	0.626645,0.373355,	0.551873,0.448127,	0.494799,0.505201,	0.452844,0.547156,	0.421117,0.578883,	0.387889,0.612111,	1,	1,	1,	1,	1,	1,	1,	1,	1,	1,	1,	
0.5,0.5,	0.980301,0.0196987,	0.959287,0.040713,	0.877211,0.122789,	0.746238,0.253762,	0.628036,0.371964,	0.552537,0.447463,	0.494605,0.505395,	0.452476,0.547524,	0.420426,0.579574,	0.386956,0.613044,	1,	1,	1,	1,	1,	1,	1,	1,	1,	1,	1,	
0.5,0.5,	0.981078,0.0189224,	0.9609,0.0391,	0.880534,0.119466,	0.749336,0.250664,	0.629227,0.370773,	0.552803,0.447197,	0.494647,0.505353,	0.452139,0.547861,	0.419834,0.580166,	0.386161,0.613839,	1,	1,	1,	1,	1,	1,	1,	1,	1,	1,	1,	
0.5,0.5,	0.98183,0.0181699,	0.962456,0.0375436,	0.883799,0.116201,	0.752474,0.247526,	0.630573,0.369427,	0.552876,0.447124,	0.494612,0.505388,	0.451927,0.548073,	0.419339,0.580661,	0.385204,0.614796,	1,	1,	1,	1,	1,	1,	1,	1,	1,	1,	1,	
0.5,0.5,	0.982558,0.0174418,	0.963955,0.0360447,	0.886954,0.113046,	0.755491,0.244509,	0.6325,0.3675,	0.553304,0.446696,	0.494599,0.505401,	0.451692,0.548308,	0.418768,0.581232,	0.384199,0.615801,	1,	1,	1,	1,	1,	1,	1,	1,	1,	1,	1,	
0.5,0.5,	0.983259,0.0167413,	0.965403,0.0345965,	0.8901,0.1099,	0.758253,0.241747,	0.634397,0.365603,	0.554237,0.445763,	0.494617,0.505383,	0.451482,0.548518,	0.418203,0.581797,	0.383153,0.616847,	1,	1,	1,	1,	1,	1,	1,	1,	1,	1,	1,	
0.5,0.5,	0.983934,0.0160662,	0.966812,0.0331883,	0.893195,0.106805,	0.760999,0.239001,	0.636138,0.363862,	0.555126,0.444874,	0.494723,0.505277,	0.451293,0.548707,	0.41765,0.58235,	0.382054,0.617946,	1,	1,	1,	1,	1,	1,	1,	1,	1,	1,	1,	
0.5,0.5,	0.984584,0.0154159,	0.96818,0.0318195,	0.896198,0.103802,	0.763625,0.236375,	0.637568,0.362432,	0.55573,0.44427,	0.494767,0.505233,	0.450954,0.549046,	0.416969,0.583031,	0.38097,0.61903,	1,	1,	1,	1,	1,	1,	1,	1,	1,	1,	1,	
0.5,0.5,	0.985209,0.0147907,	0.96951,0.0304896,	0.899131,0.100869,	0.766364,0.233636,	0.639154,0.360846,	0.55631,0.44369,	0.494635,0.505365,	0.450609,0.549391,	0.41645,0.58355,	0.379941,0.620059,	1,	1,	1,	1,	1,	1,	1,	1,	1,	1,	1,	
0.5,0.5,	0.985811,0.0141891,	0.970794,0.029206,	0.901965,0.0980351,	0.769313,0.230687,	0.640884,0.359116,	0.556982,0.443018,	0.494558,0.505442,	0.45024,0.54976,	0.415962,0.584038,	0.378931,0.621069,	1,	1,	1,	1,	1,	1,	1,	1,	1,	1,	1,	
0.5,0.5,	0.986388,0.0136116,	0.972036,0.027964,	0.904709,0.0952911,	0.772275,0.227725,	0.642498,0.357502,	0.557346,0.442654,	0.494557,0.505443,	0.449935,0.550065,	0.415372,0.584628,	0.377936,0.622064,	1,	1,	1,	1,	1,	1,	1,	1,	1,	1,	1,	
0.5,0.5,	0.986942,0.0130583,	0.973233,0.0267665,	0.907398,0.0926022,	0.775201,0.224799,	0.644361,0.355639,	0.557634,0.442366,	0.494587,0.505413,	0.449773,0.550227,	0.414696,0.585304,	0.376854,0.623146,	1,	1,	1,	1,	1,	1,	1,	1,	1,	1,	1,	
0.5,0.5,	0.987474,0.0125261,	0.974387,0.0256135,	0.910033,0.0899667,	0.778104,0.221896,	0.6464,0.3536,	0.557956,0.442044,	0.494616,0.505384,	0.449407,0.550593,	0.414049,0.585951,	0.375871,0.624129,	1,	1,	1,	1,	1,	1,	1,	1,	1,	1,	1,	
0.5,0.5,	0.987985,0.0120152,	0.975494,0.0245056,	0.912618,0.0873817,	0.781013,0.218987,	0.648443,0.351557,	0.558412,0.441588,	0.494597,0.505403,	0.44906,0.55094,	0.413407,0.586593,	0.375036,0.624964,	1,	1,	1,	1,	1,	1,	1,	1,	1,	1,	1,	
0.5,0.5,	0.988475,0.0115248,	0.97656,0.0234395,	0.915176,0.0848241,	0.783889,0.216111,	0.650495,0.349505,	0.559021,0.440979,	0.494522,0.505478,	0.448653,0.551347,	0.412806,0.587194,	0.374229,0.625771,	1,	1,	1,	1,	1,	1,	1,	1,	1,	1,	1,	
0.5,0.5,	0.988946,0.0110538,	0.977584,0.0224159,	0.917716,0.0822841,	0.786783,0.213217,	0.652271,0.347729,	0.559769,0.440231,	0.494297,0.505703,	0.448147,0.551853,	0.41221,0.58779,	0.373506,0.626494,	1,	1,	1,	1,	1,	1,	1,	1,	1,	1,	1,	
0.5,0.5,	0.989399,0.0106013,	0.978568,0.0214323,	0.920196,0.0798041,	0.789778,0.210222,	0.653912,0.346088,	0.560701,0.439299,	0.494108,0.505892,	0.447696,0.552304,	0.411511,0.588489,	0.37276,0.62724,	1,	1,	1,	1,	1,	1,	1,	1,	1,	1,	1,	
0.5,0.5,	0.989833,0.0101667,	0.979511,0.0204887,	0.922624,0.0773757,	0.792767,0.207233,	0.655595,0.344405,	0.561403,0.438597,	0.494106,0.505894,	0.447251,0.552749,	0.410797,0.589203,	0.371986,0.628014,	1,	1,	1,	1,	1,	1,	1,	1,	1,	1,	1,	
0.5,0.5,	0.99025,0.00974971,	0.980415,0.0195848,	0.925022,0.0749777,	0.795796,0.204204,	0.657233,0.342767,	0.561911,0.438089,	0.49416,0.50584,	0.446789,0.553211,	0.410122,0.589878,	0.371133,0.628867,	1,	1,	1,	1,	1,	1,	1,	1,	1,	1,	1,	
0.5,0.5,	0.990651,0.0093488,	0.981283,0.0187174,	0.927372,0.0726277,	0.798836,0.201164,	0.658774,0.341226,	0.562334,0.437666,	0.494218,0.505782,	0.446407,0.553593,	0.409532,0.590468,	0.370264,0.629736,	1,	1,	1,	1,	1,	1,	1,	1,	1,	1,	1,	
0.5,0.5,	0.991036,0.00896374,	0.982112,0.0178876,	0.929662,0.0703377,	0.801842,0.198158,	0.6604,0.3396,	0.562903,0.437097,	0.494311,0.505689,	0.446189,0.553811,	0.409054,0.590946,	0.36943,0.63057,	1,	1,	1,	1,	1,	1,	1,	1,	1,	1,	1,	
0.5,0.5,	0.991406,0.00859383,	0.982907,0.0170934,	0.931877,0.0681232,	0.804806,0.195194,	0.66207,0.33793,	0.563516,0.436484,	0.494436,0.505564,	0.446017,0.553983,	0.40853,0.59147,	0.368542,0.631458,	1,	1,	1,	1,	1,	1,	1,	1,	1,	1,	1,	
0.5,0.5,	0.991762,0.00823786,	0.983667,0.0163333,	0.93401,0.0659901,	0.807635,0.192365,	0.663656,0.336344,	0.564039,0.435961,	0.494681,0.505319,	0.445767,0.554233,	0.407846,0.592154,	0.367541,0.632459,	1,	1,	1,	1,	1,	1,	1,	1,	1,	1,	1,	
0.5,0.5,	0.992104,0.00789612,	0.984397,0.0156028,	0.936066,0.0639336,	0.810358,0.189642,	0.665117,0.334883,	0.564497,0.435503,	0.494845,0.505155,	0.4454,0.5546,	0.407173,0.592827,	0.366552,0.633448,	1,	1,	1,	1,	1,	1,	1,	1,	1,	1,	1,	
0.5,0.5,	0.992432,0.00756793,	0.985096,0.0149036,	0.938065,0.0619348,	0.813011,0.186989,	0.666554,0.333446,	0.564797,0.435203,	0.49474,0.50526,	0.445073,0.554927,	0.406569,0.593431,	0.365598,0.634402,	1,	1,	1,	1,	1,	1,	1,	1,	1,	1,	1,	
0.5,0.5,	0.992747,0.00725303,	0.985768,0.0142324,	0.940007,0.059993,	0.81564,0.18436,	0.668081,0.331919,	0.565177,0.434823,	0.494585,0.505415,	0.444829,0.555171,	0.405967,0.594033,	0.364803,0.635197,	1,	1,	1,	1,	1,	1,	1,	1,	1,	1,	1,	
0.5,0.5,	0.993049,0.00695072,	0.986412,0.0135882,	0.941898,0.0581021,	0.818175,0.181825,	0.669618,0.330382,	0.565769,0.434231,	0.494459,0.505541,	0.444407,0.555593,	0.405279,0.594721,	0.363903,0.636097,	1,	1,	1,	1,	1,	1,	1,	1,	1,	1,	1,	
0.5,0.5,	0.99334,0.00665997,	0.98703,0.0129705,	0.94373,0.0562702,	0.820741,0.179259,	0.671068,0.328932,	0.566284,0.433716,	0.494448,0.505552,	0.444065,0.555935,	0.404648,0.595352,	0.363005,0.636995,	1,	1,	1,	1,	1,	1,	1,	1,	1,	1,	1,	
0.5,0.5,	0.993619,0.00638071,	0.987621,0.0123793,	0.945506,0.0544944,	0.823275,0.176725,	0.672585,0.327415,	0.566943,0.433057,	0.494412,0.505588,	0.44374,0.55626,	0.404094,0.595906,	0.362187,0.637813,	1,	1,	1,	1,	1,	1,	1,	1,	1,	1,	1,	
0.5,0.5,	0.993887,0.00611287,	0.988186,0.0118137,	0.947234,0.0527664,	0.825777,0.174223,	0.674127,0.325873,	0.567689,0.432311,	0.494515,0.505485,	0.443449,0.556551,	0.403562,0.596438,	0.361349,0.638651,	1,	1,	1,	1,	1,	1,	1,	1,	1,	1,	1,	
0.5,0.5,	0.994144,0.00585607,	0.988728,0.0112722,	0.948918,0.0510816,	0.828221,0.171779,	0.675553,0.324447,	0.568328,0.431672,	0.494543,0.505457,	0.443088,0.556912,	0.403001,0.596999,	0.360527,0.639473,	1,	1,	1,	1,	1,	1,	1,	1,	1,	1,	1,	
0.5,0.5,	0.99439,0.00561001,	0.989246,0.0107543,	0.95056,0.0494398,	0.830651,0.169349,	0.676914,0.323086,	0.568804,0.431196,	0.49456,0.50544,	0.44277,0.55723,	0.40251,0.59749,	0.359679,0.640321,	1,	1,	1,	1,	1,	1,	1,	1,	1,	1,	1,	
0.5,0.5,	0.994626,0.00537372,	0.989741,0.0102587,	0.952156,0.0478439,	0.833097,0.166903,	0.678392,0.321608,	0.569134,0.430866,	0.494442,0.505558,	0.442461,0.557539,	0.401956,0.598044,	0.358837,0.641163,	1,	1,	1,	1,	1,	1,	1,	1,	1,	1,	1,	
0.5,0.5,	0.994853,0.0051471,	0.990215,0.00978509,	0.953713,0.0462873,	0.835578,0.164422,	0.679942,0.320058,	0.56958,0.43042,	0.49444,0.50556,	0.442141,0.557859,	0.401352,0.598648,	0.357863,0.642137,	1,	1,	1,	1,	1,	1,	1,	1,	1,	1,	1,	
0.5,0.5,	0.99507,0.00492993,	0.990668,0.00933245,	0.955231,0.044769,	0.838031,0.161969,	0.681532,0.318468,	0.57017,0.42983,	0.494439,0.505561,	0.441786,0.558214,	0.400753,0.599247,	0.35688,0.64312,	1,	1,	1,	1,	1,	1,	1,	1,	1,	1,	1,	
0.5,0.5,	0.995278,0.0047217,	0.9911,0.00890014,	0.956708,0.0432923,	0.84045,0.15955,	0.683089,0.316911,	0.570782,0.429218,	0.494363,0.505637,	0.441364,0.558636,	0.400113,0.599887,	0.355964,0.644036,	1,	1,	1,	1,	1,	1,	1,	1,	1,	1,	1,	
0.5,0.5,	0.995478,0.00452215,	0.991513,0.00848679,	0.958146,0.041854,	0.842861,0.157139,	0.684776,0.315224,	0.571277,0.428723,	0.494301,0.505699,	0.440861,0.559139,	0.39951,0.60049,	0.355062,0.644938,	1,	1,	1,	1,	1,	1,	1,	1,	1,	1,	1,	
0.5,0.5,	0.995669,0.00433082,	0.991908,0.00809177,	0.959547,0.0404535,	0.845264,0.154736,	0.686492,0.313508,	0.571822,0.428178,	0.494354,0.505646,	0.440517,0.559483,	0.399008,0.600992,	0.354094,0.645906,	1,	1,	1,	1,	1,	1,	1,	1,	1,	1,	1,	
0.5,0.5,	0.995853,0.00414725,	0.992285,0.00771468,	0.960908,0.0390921,	0.847662,0.152338,	0.688235,0.311765,	0.572404,0.427596,	0.494358,0.505642,	0.440273,0.559727,	0.398539,0.601461,	0.353114,0.646886,	1,	1,	1,	1,	1,	1,	1,	1,	1,	1,	1,	
0.5,0.5,	0.996029,0.00397133,	0.992645,0.00735453,	0.962226,0.0377738,	0.850062,0.149938,	0.689998,0.310002,	0.572947,0.427053,	0.49438,0.50562,	0.439997,0.560003,	0.397958,0.602042,	0.352165,0.647835,	1,	1,	1,	1,	1,	1,	1,	1,	1,	1,	1,	
0.5,0.5,	0.996197,0.00380286,	0.992989,0.00701076,	0.963507,0.0364933,	0.852429,0.147571,	0.691689,0.308311,	0.573495,0.426505,	0.494418,0.505582,	0.439546,0.560454,	0.397326,0.602674,	0.351167,0.648833,	1,	1,	1,	1,	1,	1,	1,	1,	1,	1,	1,	
0.5,0.5,	0.996358,0.00364153,	0.993317,0.00668274,	0.964746,0.0352538,	0.854753,0.145247,	0.693353,0.306647,	0.574161,0.425839,	0.494355,0.505645,	0.439026,0.560974,	0.396695,0.603305,	0.350219,0.649781,	1,	1,	1,	1,	1,	1,	1,	1,	1,	1,	1,	
0.5,0.5,	0.996513,0.00348703,	0.99363,0.00636995,	0.965948,0.0340517,	0.857051,0.142949,	0.695061,0.304939,	0.574747,0.425253,	0.49439,0.50561,	0.438578,0.561422,	0.396026,0.603974,	0.349322,0.650678,	1,	1,	1,	1,	1,	1,	1,	1,	1,	1,	1,	
0.5,0.5,	0.996661,0.0033389,	0.993929,0.00607122,	0.967117,0.032883,	0.859315,0.140685,	0.696664,0.303336,	0.575322,0.424678,	0.494351,0.505649,	0.438206,0.561794,	0.395494,0.604506,	0.348386,0.651614,	1,	1,	1,	1,	1,	1,	1,	1,	1,	1,	1,	
0.5,0.5,	0.996803,0.00319701,	0.994214,0.00578634,	0.968254,0.0317465,	0.861536,0.138464,	0.698296,0.301704,	0.575799,0.424201,	0.494216,0.505784,	0.437938,0.562062,	0.394991,0.605009,	0.347498,0.652502,	1,	1,	1,	1,	1,	1,	1,	1,	1,	1,	1,	
0.5,0.5,	0.996939,0.00306087,	0.994485,0.00551456,	0.969354,0.0306463,	0.863762,0.136238,	0.699971,0.300029,	0.576281,0.423719,	0.494068,0.505932,	0.437635,0.562365,	0.394473,0.605527,	0.346654,0.653346,	1,	1,	1,	1,	1,	1,	1,	1,	1,	1,	1,	
0.5,0.5,	0.997069,0.0029305,	0.994745,0.00525542,	0.970422,0.0295783,	0.865988,0.134012,	0.701665,0.298335,	0.576853,0.423147,	0.493883,0.506117,	0.437354,0.562646,	0.39389,0.60611,	0.34577,0.65423,	1,	1,	1,	1,	1,	1,	1,	1,	1,	1,	1,	
0.5,0.5,	0.997194,0.00280558,	0.994992,0.00500841,	0.97146,0.0285398,	0.868224,0.131776,	0.703286,0.296714,	0.577635,0.422365,	0.493738,0.506262,	0.437014,0.562986,	0.393246,0.606754,	0.344881,0.655119,	1,	1,	1,	1,	1,	1,	1,	1,	1,	1,	1,	
0.5,0.5,	0.997314,0.00268574,	0.995227,0.00477299,	0.972466,0.0275338,	0.870457,0.129543,	0.705013,0.294987,	0.578413,0.421587,	0.4936,0.5064,	0.436664,0.563336,	0.392566,0.607434,	0.344027,0.655973,	1,	1,	1,	1,	1,	1,	1,	1,	1,	1,	1,	
0.5,0.5,	0.997429,0.00257081,	0.995452,0.00454843,	0.973441,0.0265589,	0.87267,0.12733,	0.706674,0.293326,	0.579228,0.420772,	0.493503,0.506497,	0.436281,0.563719,	0.391893,0.608107,	0.343265,0.656735,	1,	1,	1,	1,	1,	1,	1,	1,	1,	1,	1,	
0.5,0.5,	0.997539,0.00246064,	0.995666,0.0043344,	0.974386,0.0256137,	0.874891,0.125109,	0.708362,0.291638,	0.580035,0.419965,	0.493488,0.506512,	0.435897,0.564103,	0.391215,0.608785,	0.342521,0.657479,	1,	1,	1,	1,	1,	1,	1,	1,	1,	1,	1,	
0.5,0.5,	0.997645,0.00235516,	0.99587,0.00413037,	0.975304,0.0246964,	0.877101,0.122899,	0.710127,0.289873,	0.580786,0.419214,	0.49348,0.50652,	0.435635,0.564365,	0.390599,0.609401,	0.341713,0.658287,	1,	1,	1,	1,	1,	1,	1,	1,	1,	1,	1,	
0.5,0.5,	0.997746,0.00225406,	0.996064,0.0039358,	0.976192,0.0238077,	0.879295,0.120705,	0.711931,0.288069,	0.581487,0.418513,	0.493548,0.506452,	0.435338,0.564662,	0.390023,0.609977,	0.340933,0.659067,	1,	1,	1,	1,	1,	1,	1,	1,	1,	1,	1,	
0.5,0.5,	0.997843,0.00215731,	0.99625,0.00375038,	0.977054,0.0229461,	0.881499,0.118501,	0.713718,0.286282,	0.582234,0.417766,	0.493606,0.506394,	0.434957,0.565043,	0.389499,0.610501,	0.34011,0.65989,	1,	1,	1,	1,	1,	1,	1,	1,	1,	1,	1,	
0.5,0.5,	0.997935,0.00206472,	0.996426,0.00357359,	0.977888,0.0221116,	0.883675,0.116325,	0.715428,0.284572,	0.58286,0.41714,	0.493591,0.506409,	0.434528,0.565472,	0.388986,0.611014,	0.33922,0.66078,	1,	1,	1,	1,	1,	1,	1,	1,	1,	1,	1,	
0.5,0.5,	0.998024,0.00197607,	0.996595,0.0034051,	0.978697,0.0213033,	0.885838,0.114162,	0.717099,0.282901,	0.583348,0.416652,	0.49352,0.50648,	0.434161,0.565839,	0.388458,0.611542,	0.338332,0.661668,	1,	1,	1,	1,	1,	1,	1,	1,	1,	1,	1,	
0.5,0.5,	0.998109,0.00189103,	0.996756,0.00324443,	0.979478,0.0205217,	0.887972,0.112028,	0.718761,0.281239,	0.583849,0.416151,	0.493508,0.506492,	0.433794,0.566206,	0.387872,0.612128,	0.337504,0.662496,	1,	1,	1,	1,	1,	1,	1,	1,	1,	1,	1,	
0.5,0.5,	0.99819,0.00180964,	0.996909,0.00309125,	0.980234,0.0197655,	0.890088,0.109912,	0.720464,0.279536,	0.584343,0.415657,	0.493562,0.506438,	0.433458,0.566542,	0.387295,0.612705,	0.336734,0.663266,	1,	1,	1,	1,	1,	1,	1,	1,	1,	1,	1,	
0.5,0.5,	0.998268,0.00173176,	0.997055,0.00294527,	0.980966,0.0190337,	0.892205,0.107795,	0.72216,0.27784,	0.584836,0.415164,	0.493704,0.506296,	0.433068,0.566932,	0.386735,0.613265,	0.335938,0.664062,	1,	1,	1,	1,	1,	1,	1,	1,	1,	1,	1,	
0.5,0.5,	0.998343,0.00165719,	0.997194,0.00280616,	0.981674,0.0183264,	0.894316,0.105684,	0.723896,0.276104,	0.585352,0.414648,	0.493869,0.506131,	0.432664,0.567336,	0.386149,0.613851,	0.33508,0.66492,	1,	1,	1,	1,	1,	1,	1,	1,	1,	1,	1,	
0.5,0.5,	0.998414,0.00158574,	0.997327,0.00267348,	0.982356,0.0176443,	0.89642,0.10358,	0.725688,0.274312,	0.585811,0.414189,	0.49416,0.50584,	0.432304,0.567696,	0.385584,0.614416,	0.334183,0.665817,	1,	1,	1,	1,	1,	1,	1,	1,	1,	1,	1,	
0.5,0.5,	0.998483,0.00151734,	0.997453,0.00254702,	0.983013,0.016987,	0.898516,0.101484,	0.72749,0.27251,	0.586289,0.413711,	0.494416,0.505584,	0.431955,0.568045,	0.384955,0.615045,	0.33327,0.66673,	1,	1,	1,	1,	1,	1,	1,	1,	1,	1,	1,	
0.5,0.5,	0.998548,0.00145188,	0.997574,0.00242642,	0.983646,0.016354,	0.900582,0.0994177,	0.729337,0.270663,	0.586891,0.413109,	0.4946,0.5054,	0.431678,0.568322,	0.384348,0.615652,	0.332408,0.667592,	1,	1,	1,	1,	1,	1,	1,	1,	1,	1,	1,	
0.5,0.5,	0.998611,0.00138924,	0.997689,0.00231141,	0.984257,0.0157432,	0.902611,0.0973893,	0.731237,0.268763,	0.587731,0.412269,	0.494655,0.505345,	0.431473,0.568527,	0.383776,0.616224,	0.331618,0.668382,	1,	1,	1,	1,	1,	1,	1,	1,	1,	1,	1,	
0.5,0.5,	0.998671,0.00132927,	0.997798,0.00220175,	0.984847,0.015153,	0.904613,0.0953874,	0.733199,0.266801,	0.588573,0.411427,	0.494656,0.505344,	0.431206,0.568794,	0.383209,0.616791,	0.330855,0.669145,	1,	1,	1,	1,	1,	1,	1,	1,	1,	1,	1,	
0.5,0.5,	0.998728,0.00127186,	0.997903,0.00209721,	0.985417,0.0145833,	0.90659,0.09341,	0.735188,0.264812,	0.589452,0.410548,	0.494713,0.505287,	0.430891,0.569109,	0.382625,0.617375,	0.330067,0.669933,	1,	1,	1,	1,	1,	1,	1,	1,	1,	1,	1,	
0.5,0.5,	0.998783,0.00121693,	0.998002,0.00199756,	0.985965,0.0140346,	0.908543,0.0914572,	0.737161,0.262839,	0.590311,0.409689,	0.494759,0.505241,	0.430575,0.569425,	0.382056,0.617944,	0.329219,0.670781,	1,	1,	1,	1,	1,	1,	1,	1,	1,	1,	1,	
0.5,0.5,	0.998836,0.00116437,	0.998097,0.00190263,	0.986496,0.013504,	0.910472,0.0895277,	0.739019,0.260981,	0.591247,0.408753,	0.49476,0.50524,	0.430291,0.569709,	0.381508,0.618492,	0.32835,0.67165,	1,	1,	1,	1,	1,	1,	1,	1,	1,	1,	1,	
0.5,0.5,	0.998886,0.00111407,	0.998188,0.0018122,	0.987008,0.0129916,	0.912383,0.0876169,	0.740836,0.259164,	0.592181,0.407819,	0.494722,0.505278,	0.430012,0.569988,	0.380996,0.619004,	0.327535,0.672465,	1,	1,	1,	1,	1,	1,	1,	1,	1,	1,	1,	
0.5,0.5,	0.998934,0.00106594,	0.998274,0.00172605,	0.987502,0.0124977,	0.914284,0.0857155,	0.742674,0.257326,	0.593112,0.406888,	0.494793,0.505207,	0.429618,0.570382,	0.380508,0.619492,	0.326716,0.673284,	1,	1,	1,	1,	1,	1,	1,	1,	1,	1,	1,	
0.5,0.5,	0.99898,0.00101981,	0.998356,0.00164399,	0.987979,0.0120213,	0.916175,0.0838248,	0.744538,0.255462,	0.593984,0.406016,	0.494845,0.505155,	0.429226,0.570774,	0.380042,0.619958,	0.325889,0.674111,	1,	1,	1,	1,	1,	1,	1,	1,	1,	1,	1,	
0.5,0.5,	0.999024,0.000975632,	0.998434,0.00156581,	0.988438,0.0115618,	0.918036,0.081964,	0.74636,0.25364,	0.594748,0.405252,	0.49482,0.50518,	0.428833,0.571167,	0.379539,0.620461,	0.325026,0.674974,	1,	1,	1,	1,	1,	1,	1,	1,	1,	1,	1,	
0.5,0.5,	0.999067,0.000933338,	0.998509,0.00149135,	0.988881,0.011119,	0.919868,0.0801321,	0.748239,0.251761,	0.595454,0.404546,	0.494855,0.505145,	0.42846,0.57154,	0.378978,0.621022,	0.324175,0.675825,	1,	1,	1,	1,	1,	1,	1,	1,	1,	1,	1,	
0.5,0.5,	0.999107,0.000892865,	0.99858,0.00142041,	0.989308,0.0106923,	0.921674,0.078326,	0.750142,0.249858,	0.596095,0.403905,	0.494981,0.505019,	0.428078,0.571922,	0.37835,0.62165,	0.323331,0.676669,	1,	1,	1,	1,	1,	1,	1,	1,	1,	1,	1,	
0.5,0.5,	0.999146,0.000854146,	0.998647,0.00135278,	0.989719,0.0102809,	0.923455,0.0765446,	0.752033,0.247967,	0.596686,0.403314,	0.495037,0.504963,	0.427648,0.572352,	0.37768,0.62232,	0.322441,0.677559,	1,	1,	1,	1,	1,	1,	1,	1,	1,	1,	1,	
0.5,0.5,	0.999183,0.000817106,	0.998712,0.00128833,	0.990116,0.00988431,	0.925217,0.0747833,	0.75394,0.24606,	0.5973,0.4027,	0.49509,0.50491,	0.427211,0.572789,	0.37703,0.62297,	0.321621,0.678379,	1,	1,	1,	1,	1,	1,	1,	1,	1,	1,	1,	
0.5,0.5,	0.999218,0.00078167,	0.998773,0.00122692,	0.990499,0.00950139,	0.926954,0.0730459,	0.755851,0.244149,	0.597967,0.402033,	0.495111,0.504889,	0.426772,0.573228,	0.376387,0.623613,	0.320881,0.679119,	1,	1,	1,	1,	1,	1,	1,	1,	1,	1,	1,	
0.5,0.5,	0.999252,0.00074777,	0.998832,0.00116837,	0.990867,0.00913257,	0.928673,0.0713268,	0.757797,0.242203,	0.598712,0.401288,	0.495166,0.504834,	0.426346,0.573654,	0.375777,0.624223,	0.320167,0.679833,	1,	1,	1,	1,	1,	1,	1,	1,	1,	1,	1,	
0.5,0.5,	0.999285,0.000715335,	0.998887,0.00111261,	0.991223,0.00877733,	0.93037,0.0696301,	0.759788,0.240212,	0.59941,0.40059,	0.495159,0.504841,	0.425971,0.574029,	0.375205,0.624795,	0.319479,0.680521,	1,	1,	1,	1,	1,	1,	1,	1,	1,	1,	1,	
0.5,0.5,	0.999316,0.000684305,	0.99894,0.0010595,	0.991565,0.00843541,	0.93204,0.06796,	0.761776,0.238224,	0.600037,0.399963,	0.495076,0.504924,	0.425603,0.574397,	0.374605,0.625395,	0.318775,0.681225,	1,	1,	1,	1,	1,	1,	1,	1,	1,	1,	1,	
0.5,0.5,	0.999345,0.000654621,	0.998991,0.00100893,	0.991894,0.00810624,	0.933684,0.0663159,	0.763758,0.236242,	0.600652,0.399348,	0.49506,0.50494,	0.42525,0.57475,	0.373968,0.626032,	0.317995,0.682005,	1,	1,	1,	1,	1,	1,	1,	1,	1,	1,	1,	
0.5,0.5,	0.999374,0.000626206,	0.999039,0.000960769,	0.99221,0.00778972,	0.935305,0.0646946,	0.765686,0.234314,	0.601363,0.398637,	0.495186,0.504814,	0.424968,0.575032,	0.373322,0.626678,	0.317234,0.682766,	1,	1,	1,	1,	1,	1,	1,	1,	1,	1,	1,	
0.5,0.5,	0.999401,0.000599014,	0.999085,0.000914877,	0.992515,0.00748527,	0.936902,0.0630979,	0.76758,0.23242,	0.60213,0.39787,	0.495194,0.504806,	0.424695,0.575305,	0.372712,0.627288,	0.316436,0.683564,	1,	1,	1,	1,	1,	1,	1,	1,	1,	1,	1,	
0.5,0.5,	0.999427,0.000573002,	0.999129,0.000871154,	0.992808,0.00719197,	0.938472,0.0615275,	0.769424,0.230576,	0.602886,0.397114,	0.495217,0.504783,	0.424421,0.575579,	0.372193,0.627807,	0.3156,0.6844,	1,	1,	1,	1,	1,	1,	1,	1,	1,	1,	1,	
0.5,0.5,	0.999452,0.000548118,	0.99917,0.000829517,	0.993091,0.00690919,	0.940015,0.059985,	0.771209,0.228791,	0.603572,0.396428,	0.495289,0.504711,	0.424067,0.575933,	0.371679,0.628321,	0.314793,0.685207,	1,	1,	1,	1,	1,	1,	1,	1,	1,	1,	1,	
0.5,0.5,	0.999476,0.000524313,	0.99921,0.000789869,	0.993364,0.00663646,	0.941529,0.0584711,	0.77303,0.22697,	0.604232,0.395768,	0.495383,0.504617,	0.423574,0.576426,	0.371128,0.628872,	0.314009,0.685991,	1,	1,	1,	1,	1,	1,	1,	1,	1,	1,	1,	
0.5,0.5,	0.999498,0.000501541,	0.999248,0.000752086,	0.993626,0.00637413,	0.943012,0.0569878,	0.774833,0.225167,	0.604885,0.395115,	0.495518,0.504482,	0.423156,0.576844,	0.370462,0.629538,	0.313237,0.686763,	1,	1,	1,	1,	1,	1,	1,	1,	1,	1,	1,	
0.5,0.5,	0.99952,0.000479758,	0.999284,0.000716095,	0.993878,0.00612194,	0.944466,0.0555339,	0.776668,0.223332,	0.6055,0.3945,	0.49569,0.50431,	0.422896,0.577104,	0.369913,0.630087,	0.312477,0.687523,	1,	1,	1,	1,	1,	1,	1,	1,	1,	1,	1,	
0.5,0.5,	0.999541,0.000458913,	0.999318,0.000681824,	0.99412,0.00587955,	0.945894,0.0541063,	0.778525,0.221475,	0.606152,0.393848,	0.495857,0.504143,	0.422721,0.577279,	0.36939,0.63061,	0.31173,0.68827,	1,	1,	1,	1,	1,	1,	1,	1,	1,	1,	1,	
0.5,0.5,	0.999561,0.000438956,	0.999351,0.000649193,	0.994354,0.00564639,	0.947291,0.0527092,	0.780384,0.219616,	0.606849,0.393151,	0.495974,0.504026,	0.422506,0.577494,	0.36888,0.63112,	0.311008,0.688992,	1,	1,	1,	1,	1,	1,	1,	1,	1,	1,	1,	
0.5,0.5,	0.99958,0.000419867,	0.999382,0.000618121,	0.994578,0.00542201,	0.948663,0.0513372,	0.782257,0.217743,	0.607524,0.392476,	0.495983,0.504017,	0.422228,0.577772,	0.368343,0.631657,	0.310294,0.689706,	1,	1,	1,	1,	1,	1,	1,	1,	1,	1,	1,	
0.5,0.5,	0.999598,0.000401608,	0.999411,0.000588535,	0.994794,0.00520578,	0.950008,0.0499923,	0.784121,0.215879,	0.608191,0.391809,	0.49592,0.50408,	0.421936,0.578064,	0.367747,0.632253,	0.309539,0.690461,	1,	1,	1,	1,	1,	1,	1,	1,	1,	1,	1,	
0.5,0.5,	0.999616,0.000384145,	0.99944,0.000560367,	0.995002,0.00499781,	0.951322,0.0486783,	0.785974,0.214026,	0.608923,0.391077,	0.495817,0.504183,	0.42174,0.57826,	0.36711,0.63289,	0.308758,0.691242,	1,	1,	1,	1,	1,	1,	1,	1,	1,	1,	1,	
