k=0_act,k=1_act,k=2_act,k=3_act,k=4_act,k=5_act,k=6_act,k=7_act,k=8_act,k=9_act,k=10_act,k=0_wait,k=1_wait,k=2_wait,k=3_wait,k=4_wait,k=5_wait,k=6_wait,k=7_wait,k=8_wait,k=9_wait,k=10_wait,	k=0_act,k=1_act,k=2_act,k=3_act,k=4_act,k=5_act,k=6_act,k=7_act,k=8_act,k=9_act,k=10_act,k=0_wait,k=1_wait,k=2_wait,k=3_wait,k=4_wait,k=5_wait,k=6_wait,k=7_wait,k=8_wait,k=9_wait,k=10_wait,	
20,20,20,20,20,20,20,20,20,20,20,20,20,20,20,20,20,20,20,20,20,20,	20,20,20,20,20,20,20,20,20,20,20,20,20,20,20,20,20,20,20,20,20,20,	
17.5562,19.7854,19.9743,20.0908,20.0457,20.0039,20.1097,20.0221,20.1071,20.1493,20.166,14.8796,19.5468,20.0428,20.263,20.2375,20.099,20.2247,20.1779,20.2487,20.2559,20.2812,	20,20.0411,19.7937,20.0547,19.9716,19.8745,19.9271,19.7887,20.1036,19.3192,18.4453,19.8005,20.0012,19.8966,19.9266,19.9125,19.7819,19.7935,19.8384,20.1176,19.3953,18.5477,	
15.5663,18.9349,19.8906,20.1118,20.1415,20.1682,20.1487,20.1605,20.1559,20.3331,20.3767,10.2683,18.0721,19.9157,20.2952,20.2994,20.3194,20.3428,20.2906,20.4055,20.5761,20.5459,	20,20.087,19.8136,19.6521,19.9747,19.8872,19.6885,19.8244,19.6276,18.2046,17.3131,19.3104,19.9998,19.796,19.8151,19.9296,19.6511,19.7447,19.761,19.6507,18.4464,17.4451,	
13.0615,17.5848,19.597,20.1288,20.0626,20.3257,20.2586,20.2178,20.3983,20.4876,20.6657,7.45035,16.4136,19.4276,20.2314,20.3688,20.5245,20.477,20.4603,20.6084,20.6877,20.8055,	20,20.1376,19.7231,19.6482,19.9795,19.9349,19.5389,18.9899,18.9434,17.5631,16.7536,18.3663,19.9679,19.7402,19.6136,19.8404,19.6131,19.6022,19.23,18.8607,17.8439,17.0023,	
11.4081,16.4339,19.0737,20.07,20.2841,20.4804,20.4483,20.4807,20.6676,20.7456,20.8276,5.88656,15.2642,19.0056,20.1436,20.3991,20.5448,20.5932,20.5897,20.7611,20.8471,20.9431,	20,20.1432,19.7908,19.8072,20.0322,19.8542,19.4794,18.8751,18.1563,17.2331,16.315,17.9117,19.8424,19.7447,19.632,19.8702,19.7049,19.4942,18.8525,18.4694,17.2887,16.4418,	
10.0142,15.4651,18.6167,20.0007,20.3859,20.6038,20.6251,20.5185,20.7572,20.9403,20.9943,4.69786,14.2574,18.3528,19.9864,20.4734,20.6831,20.7548,20.6348,20.869,21.0443,21.1188,	20,20.1794,19.8029,19.8452,19.9279,19.7356,18.9829,18.6818,17.9069,16.7808,15.9219,17.5562,19.8315,19.7519,19.6659,19.8907,19.7158,19.3264,18.7983,18.1487,16.9012,15.9355,	
8.61604,14.0542,17.7358,19.6294,20.3517,20.7292,20.7883,20.7134,20.9195,20.9159,21.0778,3.39157,12.5248,17.4807,19.6993,20.4718,20.8328,20.926,20.8084,20.996,21.098,21.2575,	20,20.2008,19.5553,19.6829,19.8324,19.2937,18.8705,18.2945,17.6089,16.0253,15.2967,16.9509,19.7833,19.5703,19.6004,19.6118,19.661,19.1382,18.4978,17.7861,16.3509,15.4282,	
7.91225,13.2317,17.2374,19.3245,20.3574,20.8174,20.9434,20.9288,20.9761,21.1206,21.2256,2.69316,11.5751,16.9652,19.3292,20.4172,20.9197,21.037,21.0643,21.1432,21.2417,21.3535,	20,20.2001,19.341,19.7832,19.6853,19.275,18.7529,18.2247,17.0683,15.8788,15.0256,16.8661,19.8002,19.5729,19.6111,19.6358,19.4935,19.087,18.3871,17.4386,16.0198,15.1229,	
7.22962,12.3181,16.6314,19.0311,20.3042,20.8581,21.0831,21.0812,21.2201,21.3518,21.4832,2.04424,10.4058,15.97,18.8802,20.2986,20.9673,21.1915,21.2359,21.3663,21.4819,21.5826,	20,20.1816,19.5141,19.8997,19.5033,19.2246,18.5264,17.631,16.722,15.6758,14.7296,16.6979,19.826,19.4776,19.6365,19.642,19.3558,18.8465,18.1504,17.0917,15.8877,14.8969,	
6.1582,10.7795,15.6001,18.5008,20.0585,20.8328,21.1057,21.2144,21.3434,21.5323,21.5247,1.47582,9.4463,15.0495,18.3197,20.026,20.8885,21.2443,21.3875,21.5948,21.6544,21.7517,	20,20.1712,19.5588,19.7604,19.5437,19.0691,18.0368,17.4336,16.2933,15.021,14.1717,16.1221,19.6837,19.3233,19.5741,19.5331,19.1489,18.5009,17.9793,16.6296,15.1877,14.3671,	
5.48763,9.85909,14.9792,18.0786,19.9293,20.8264,21.1433,21.3106,21.4402,21.6987,21.7234,1.12022,8.39671,14.2788,17.8758,19.8188,20.8519,21.2537,21.4611,21.5562,21.7552,21.8787,	20,20.1798,19.6685,19.5491,19.373,18.8981,17.7199,16.9304,16.0503,14.653,13.8699,15.7231,19.656,19.3863,19.4957,19.5102,19.135,18.3713,17.6216,16.4195,14.8301,13.9615,	
4.7452,9.3017,14.1709,17.5537,19.5971,20.6437,21.2018,21.4684,21.5614,21.7133,21.7194,0.837607,7.7354,13.5425,17.1934,19.476,20.6374,21.2849,21.5029,21.6673,21.8234,22.0278,	20,20.1711,19.5295,19.3816,19.2463,18.5855,17.6604,16.7362,15.3503,14.3875,13.4752,15.411,19.666,19.4308,19.4848,19.4859,19.0479,18.0458,17.1759,15.9082,14.4607,13.5865,	
4.10321,8.67573,13.7744,17.0523,19.1767,20.3419,21.1772,21.5791,21.7309,21.839,22.0687,0.671824,7.4332,12.9363,16.6041,19.1093,20.4637,21.187,21.6568,21.857,21.8495,22.2064,	20,20.1565,19.6246,19.4262,19.0612,18.4892,17.4362,16.4858,15.284,14.2015,13.2794,15.181,19.6613,19.4589,19.47,19.2539,18.8611,17.78,16.8416,15.4721,14.0985,13.4764,	
3.54808,8.51765,12.847,16.4715,18.8808,20.0457,21.1169,21.6375,21.8745,21.7784,22.1328,0.51251,6.86815,12.0763,16.1527,18.6476,20.1779,21.1858,21.7298,22.0023,21.9998,22.2875,	20,20.1616,19.5063,19.4987,18.9406,17.9349,17.1342,16.143,14.9038,14.0293,12.9883,14.8052,19.3979,19.4745,19.2952,19.2064,18.6131,17.5666,16.4532,15.2307,14.2077,13.0243,	
3.14591,8.5079,12.2564,16.0796,18.5395,20.0175,21.0729,21.5924,22.0116,22.0728,22.1771,0.427891,6.92497,11.6487,15.5893,18.3328,19.9832,21.0908,21.6154,22.1116,22.191,22.3236,	20,20.146,19.56,19.2432,18.786,18.0305,17.1699,15.9814,14.8053,13.8042,13.0045,14.6575,19.4285,19.3848,19.2999,19.0818,18.3458,17.3771,16.3311,15.0819,13.8235,13.0225,	
2.8316,8.16981,12.0829,15.5971,18.2541,19.8068,20.9138,21.5935,22.0379,22.0987,22.4231,0.359038,6.68001,11.3809,15.2791,17.9626,19.7948,20.8198,21.6646,22.1217,22.3204,22.5332,	20,20.133,19.5783,19.2963,18.8193,17.9861,16.9788,15.8167,14.5674,13.7437,12.9923,14.3666,19.2826,19.4011,19.2973,18.9817,18.3154,17.2083,16.1375,14.549,13.8776,13.017,	
2.46081,8.01621,11.8688,15.3056,18.0094,19.6568,20.7791,21.5223,21.9699,22.1796,22.5025,0.3043,6.54796,11.0041,14.8773,17.7626,19.5423,20.767,21.6368,22.0771,22.3252,22.6063,	20,20.1294,19.5034,19.2308,18.8376,17.9016,16.7403,15.4369,14.337,13.7239,12.7796,14.1522,19.1487,19.4021,19.1177,18.9655,18.2403,17.1217,15.9039,14.4987,13.7133,12.931,	
2.12788,7.72249,11.6966,15.0929,17.6082,19.3808,20.6038,21.4912,22.0541,22.3388,22.4038,0.255335,6.3813,10.8573,14.5809,17.3908,19.3128,20.6209,21.5336,22.1238,22.4463,22.6357,	20,20.1103,19.4507,19.2839,18.7517,17.5589,16.578,15.3467,14.2561,13.5444,12.5081,13.9409,19.1312,19.4038,19.1334,18.8675,18.1334,17.0525,15.7262,14.3639,13.6262,12.6537,	
1.83079,7.30631,11.2645,14.7575,17.3853,19.1777,20.4525,21.4078,21.8146,22.4358,22.3372,0.207901,6.02574,10.5868,14.2476,17.1194,19.0321,20.4462,21.387,21.9927,22.5585,22.5055,	20,20.081,19.428,19.2196,18.6448,17.401,16.5215,15.056,14.0857,13.2523,12.4103,13.2594,18.9639,19.3954,19.0597,18.8424,18.0573,16.811,15.4199,14.1684,13.3526,12.5085,	
1.64787,7.30668,11.4762,14.5641,16.9995,18.9268,20.2799,21.372,21.8964,22.3324,22.5777,0.176205,5.79713,10.5105,14.0698,16.8596,18.8111,20.1739,21.367,21.9874,22.4372,22.7024,	20,20.0396,19.4875,19.0536,18.297,17.3753,16.4034,14.8174,13.9903,13.2581,12.5009,13.1931,19.0703,19.3898,18.911,18.6251,17.9031,16.6617,15.307,14.1404,13.4014,12.5819,	
1.3758,6.73087,11.2072,14.4787,16.6601,18.666,19.9397,21.2523,21.9224,22.2734,22.6699,0.14133,5.65042,10.2144,13.8371,16.4309,18.5193,20.0115,21.2392,21.9792,22.376,22.7936,	20,20.0309,19.5351,19.0518,17.9448,17.2423,15.9133,14.6707,13.9654,13.1498,12.3283,12.8665,18.9959,19.212,18.877,18.4493,17.6319,16.5628,15.1441,13.8882,13.1055,12.3077,	
1.23215,6.77022,10.927,14.1392,16.6405,18.5181,19.9047,20.928,21.7632,22.3285,22.7629,0.112227,5.26242,9.99882,13.6204,16.3344,18.2972,19.8083,20.9984,21.8075,22.4076,22.8728,	20,20.0028,19.4517,18.9412,17.9504,17.1245,15.8219,14.5805,13.7609,12.8803,12.0794,12.8022,18.8857,19.2433,18.9013,18.3645,17.4572,16.3496,14.968,13.8708,12.8679,12.2306,	
1.01336,6.25675,10.9835,13.6782,16.329,18.2328,19.6597,20.6173,21.575,22.2496,22.8065,0.0877862,5.12066,9.80013,13.234,15.9354,18.0069,19.6121,20.7326,21.6913,22.4051,22.8742,	20,19.9939,19.4788,18.7297,17.5249,16.8626,15.5986,14.4534,13.6634,12.6858,11.6412,12.4229,18.867,19.2777,18.7272,17.9514,17.1429,16.0542,14.7374,13.7751,12.8068,11.8367,	
0.898498,6.39723,10.4259,13.4553,16.2861,18.0716,19.5889,20.6271,21.5158,22.2263,22.7571,0.0700592,4.77055,9.61038,13.0329,15.7998,17.8596,19.4834,20.63,21.5616,22.3224,22.8843,	20,19.9789,19.4793,18.6076,17.4406,16.7373,15.4322,14.2521,13.4432,12.5579,11.7221,12.4229,18.922,19.2086,18.6577,17.7233,17.0715,15.9706,14.5669,13.5437,12.6558,11.9147,	
0.800659,6.36032,10.7323,13.6311,15.8823,17.9171,19.4176,20.4324,21.3799,22.1717,22.5987,0.0614986,4.92871,9.63215,12.893,15.6998,17.7598,19.3272,20.4902,21.4114,22.2494,22.706,	20,19.9775,19.2925,18.5066,17.479,16.5869,15.2347,14.3916,13.4042,12.5708,11.9046,12.299,18.9305,19.2064,18.5696,17.6454,16.9452,15.771,14.509,13.4104,12.5431,11.98,	
0.638979,5.65985,10.107,13.2602,15.6494,17.8645,19.2256,20.2947,21.3035,22.0168,22.6192,0.0466804,4.66812,9.20334,12.5394,15.3129,17.6,19.1213,20.3467,21.3262,22.1227,22.7282,	20,19.963,19.2879,18.3453,17.3596,16.2484,15.004,14.1953,13.1679,12.2251,11.5687,12.0548,18.7961,19.132,18.4003,17.6176,16.7457,15.2382,14.3024,13.0908,12.2961,11.6526,	
0.525517,5.46221,10.008,12.7409,15.4752,17.7852,19.1122,20.3327,21.1438,21.8961,22.5581,0.0387783,4.50779,8.90229,12.2789,15.075,17.409,18.9896,20.2601,21.2345,21.9043,22.6801,	20,19.9416,19.1918,18.2567,17.2183,16.0432,14.6471,13.8597,13.0751,12.2261,11.4903,12.0548,18.9216,19.1401,18.3185,17.521,16.3447,15.0168,14.0422,13.0898,12.1922,11.5609,	
0.449886,5.94115,9.92587,12.6036,15.344,17.5848,18.9883,20.2203,21.1036,21.7556,22.4046,0.0338697,4.48273,8.90621,12.0714,14.9907,17.3629,18.84,20.1866,21.1327,21.813,22.5055,	20,19.9412,19.1874,18.163,17.0567,15.9439,14.63,13.8432,13.1104,12.2346,11.4756,11.8749,18.7506,18.9523,18.3163,17.509,16.1505,14.9182,13.894,13.1628,12.2079,11.5245,	
0.37186,5.63457,9.92438,12.396,15.137,17.3292,18.8557,20.1295,20.9121,21.616,22.2849,0.0292874,4.5502,8.81464,12.0027,14.8195,17.0902,18.7203,20.0806,20.9405,21.6921,22.3947,	20,19.8768,19.1593,17.9811,16.9185,15.6981,14.4119,13.75,12.9274,12.2929,11.4801,11.6392,18.6459,18.9803,18.2335,17.4633,15.997,14.8617,13.601,12.994,12.1945,11.5282,	
0.305829,5.91362,9.76826,12.3083,14.8755,17.07,18.6914,19.8775,20.7948,21.4158,22.1246,0.0248223,4.55806,8.64404,11.8463,14.5649,16.8206,18.5895,19.8653,20.853,21.4133,22.2158,	20,19.8473,19.0441,17.9027,16.8594,15.518,14.2846,13.4858,12.8861,12.2207,11.359,11.3511,18.5934,18.8856,17.9644,17.3048,15.8083,14.5288,13.4496,12.811,12.2102,11.4227,	
0.263131,6.31191,9.37021,12.2908,14.9221,16.7518,18.4236,19.7435,20.6575,21.2258,21.9138,0.0200095,4.57565,8.51995,11.6371,14.4509,16.4913,18.3407,19.7262,20.7555,21.4048,22.0222,	20,19.823,18.8386,17.8878,16.8276,15.2429,14.1879,13.3012,12.707,12.137,11.3488,11.3511,18.5158,18.7992,17.7313,17.2506,15.5981,14.3877,13.3324,12.7615,12.0661,11.3958,	
0.214249,5.56912,9.33378,11.8181,14.8184,16.5339,18.297,19.7185,20.6218,21.1996,21.813,0.0162108,4.44052,8.38357,11.5098,14.3684,16.3451,18.134,19.6248,20.5655,21.3548,21.9561,	20,19.8162,18.8329,17.6842,16.6432,15.0884,14.1115,13.203,12.5868,11.9078,11.1583,11.1817,18.3459,18.7067,17.6053,17.1544,15.3367,14.2476,13.3335,12.4484,11.8928,11.1561,	
0.190919,5.7539,9.73451,11.8361,14.7713,16.601,18.0136,19.4989,20.3991,21.207,21.7352,0.0138778,4.42594,8.33496,11.2751,14.2298,16.2782,17.9158,19.4424,20.4116,21.2682,21.8724,	20,19.7873,18.8219,17.671,16.5418,15.0449,13.9358,13.2235,12.6231,11.9157,11.1057,11.1258,18.2933,18.7088,17.6169,17.0112,15.2324,14.1775,13.2947,12.4411,11.9644,11.1966,	
0.156233,5.72836,9.64548,11.6689,14.443,16.4648,17.881,19.1717,20.3422,20.9833,21.604,0.0117032,4.36046,8.38981,11.1413,13.9814,16.1883,17.798,19.2474,20.3082,21.0362,21.7073,	20,19.7263,18.7894,17.5258,16.1953,14.9056,13.9531,13.2309,12.4172,11.8095,11.176,10.7422,18.1333,18.6953,17.4948,16.7298,14.9903,14.0637,13.0813,12.3901,11.7357,11.2841,	
0.13442,5.91625,9.75362,11.7987,14.3691,16.1352,17.6403,18.9185,20.0392,20.7225,21.3926,0.0102218,4.36354,8.45965,11.202,13.9321,15.9522,17.6428,18.9887,20.065,20.7046,21.5203,	20,19.7038,18.7653,17.4149,16.1248,14.8644,13.8273,12.9436,12.5072,11.8277,10.8933,10.5289,17.9676,18.6913,17.5068,16.6774,14.9389,14.0742,13.0915,12.4153,11.6542,10.9061,	
0.116818,5.8495,9.88976,11.8248,14.157,16.1619,17.8148,18.8316,19.7633,20.5703,21.2193,0.00879469,4.44192,8.49397,11.1917,13.7291,15.9472,17.5735,18.8232,19.8442,20.6314,21.3258,	20,19.6479,18.7363,17.384,16.0742,14.6202,13.7592,12.9659,12.3989,11.8165,10.9232,10.4763,18.039,18.5981,17.503,16.5255,14.9737,13.7835,12.8921,12.3415,11.8017,10.9722,	
0.0970431,6.01577,9.45152,11.818,13.9398,15.887,17.5834,18.6459,19.6429,20.4317,20.9942,0.00719687,4.35874,8.61316,11.2959,13.6202,15.6953,17.4385,18.6731,19.6851,20.4947,21.1563,	20,19.6069,18.6255,17.3582,15.998,14.5321,13.5656,12.8646,12.2732,11.6773,10.8441,10.217,17.8708,18.587,17.5041,16.4084,14.8396,13.6668,12.7917,12.16,11.5957,10.9297,	
0.083914,6.2828,9.31506,11.8086,13.9728,16.022,17.3743,18.6737,19.493,20.338,20.9284,0.00619207,4.3184,8.41799,11.1518,13.5867,15.6517,17.3092,18.6157,19.4254,20.4049,20.9826,	20,19.5803,18.5147,17.3111,15.8752,14.3573,13.5925,12.8583,12.2522,11.7272,10.9621,10.1151,17.8172,18.4808,17.4421,16.4115,14.6681,13.5096,12.8471,12.0886,11.6329,10.9745,	
0.0683251,5.9208,9.05264,11.5886,13.8795,15.7533,17.1037,18.613,19.3954,20.1302,20.7661,0.0050671,4.3447,8.22678,11.0785,13.5147,15.5379,17.1302,18.5434,19.3751,20.2147,20.885,	20,19.4622,18.4071,17.238,15.7353,14.3232,13.5234,12.6363,12.1955,11.5162,10.6636,9.9641,17.9287,18.4602,17.3438,16.0222,14.4232,13.4353,12.8169,12.1046,11.4242,10.7441,	
0.054802,5.82902,9.12889,11.4562,13.5562,15.5435,17.1333,18.4729,19.3386,19.9973,20.6445,0.00442571,4.35071,8.18356,11.0168,13.3805,15.4246,17.0273,18.4046,19.3731,20.0928,20.7659,	20,19.4451,18.3972,17.0993,15.557,14.1592,13.4004,12.7063,12.2242,11.4405,10.6226,9.76631,17.8298,18.2626,17.3367,15.8776,14.2478,13.4415,12.7397,12.0393,11.4244,10.6823,	
0.0500739,6.5073,9.36444,11.5986,13.7634,15.4481,16.9331,18.2969,19.2528,19.9352,20.4881,0.00376982,4.21412,8.21715,10.8882,13.2845,15.2584,16.855,18.2495,19.2767,20.0083,20.5829,	20,19.4016,18.2772,16.9662,15.4979,14.0857,13.4152,12.7119,12.0891,11.4287,10.7764,9.66889,17.7632,18.2634,17.3362,15.7979,14.2984,13.3749,12.7005,12.0886,11.4263,10.8361,	
0.042653,6.46384,9.41457,11.6763,13.6944,15.3716,16.9889,18.1333,18.9499,19.7725,20.4135,0.00344458,4.48236,8.21338,10.9883,13.274,15.1946,16.8161,18.1348,19.0892,19.9492,20.5641,	20,19.3983,18.2566,16.8535,15.4263,14.0862,13.3982,12.6638,12.0687,11.6454,10.8405,9.62055,17.6771,18.2614,17.2334,15.8055,14.283,13.3256,12.6467,11.7828,11.5297,10.8001,	
0.0335319,6.05619,9.10357,11.8597,13.5544,15.3351,16.7021,17.9885,18.9139,19.6766,20.2527,0.00296366,4.52425,8.14625,11.0888,13.2067,15.0308,16.7414,17.9663,18.9291,19.7791,20.441,	20,19.3342,18.2189,16.6762,15.2745,14.1382,13.2754,12.713,11.9413,11.4265,10.5221,9.57244,17.6533,18.1701,17.1914,15.5609,14.1864,13.3385,12.4797,11.8535,11.4211,10.5567,	
0.0274398,5.63204,9.24006,11.7393,13.5455,15.2157,16.6418,17.9601,18.8953,19.611,20.1463,0.00260153,4.41806,8.04296,11.0065,13.1326,15.0008,16.5863,17.8995,18.9119,19.6885,20.284,	20,19.2695,18.0796,16.6629,15.1327,14.0942,13.2245,12.6577,12.0187,11.3915,10.5525,9.24239,17.4534,18.0462,17.0118,15.4234,14.1111,13.3197,12.3575,11.8061,11.361,10.6604,	
0.0246982,5.87769,9.29106,11.8933,13.5068,15.0959,16.6936,17.7991,18.8272,19.4055,20.0099,0.00231825,4.29288,8.16731,11.1685,13.1531,14.9361,16.55,17.7847,18.79,19.4885,20.1518,	20,19.2264,18.0479,16.5574,15.0144,14.1126,13.3028,12.5333,11.9998,11.3384,10.6194,9.05893,17.3751,17.9541,16.9878,15.4094,14.0866,13.2265,12.5637,11.9802,11.4091,10.7088,	
0.0216803,5.95517,9.58076,11.7245,13.5857,15.03,16.5677,17.7389,18.6375,19.3192,19.9378,0.00209711,4.28382,8.30602,11.0649,13.1621,14.9022,16.448,17.6872,18.6627,19.3074,20.061,	20,19.1911,18.0232,16.5311,15.049,14.0041,13.169,12.5426,12.0977,11.5695,10.7857,8.79053,17.2114,17.9429,16.73,15.336,14.1441,13.2282,12.4547,11.9745,11.4995,10.8615,	
0.0197108,6.35804,9.61306,11.6342,13.5969,14.87,16.5091,17.5583,18.5779,19.2848,19.8103,0.0018225,4.17866,8.17297,11.088,13.2101,14.832,16.3928,17.5911,18.6091,19.3692,19.9634,	20,19.1388,17.8724,16.2807,15.0643,14.0016,13.078,12.4645,12.0799,11.6946,10.914,8.65933,17.2425,17.9237,16.7608,15.2746,14.1721,13.2882,12.436,11.9575,11.5652,10.8613,	
0.0148867,5.42422,9.06479,11.4461,13.5226,14.8712,16.4387,17.4276,18.4009,19.2052,19.8222,0.00153692,4.23809,8.15257,11.0187,13.1626,14.677,16.3469,17.419,18.4256,19.2992,19.9213,	20,19.0796,17.647,16.2004,14.9884,13.9574,13.007,12.5891,12.1322,11.3775,10.6066,8.48744,17.1514,17.7997,16.7346,15.0266,13.9222,13.114,12.3797,11.8326,11.2752,10.671,	
0.012182,5.31279,8.93597,11.4419,13.7089,14.901,16.3994,17.4277,18.3299,19.1441,19.81,0.00140433,4.19773,8.02668,10.9163,13.2473,14.7335,16.2404,17.3918,18.3299,19.1917,19.9008,	20,19.0338,17.6231,16.0573,14.9947,13.9636,13.1261,12.5422,12.0604,11.361,10.661,8.445,17.1831,17.6974,16.4533,15.0743,13.8734,12.9917,12.2952,11.8877,11.2794,10.6516,	
0.00977093,5.51633,8.81997,11.3652,13.4249,14.8815,16.2999,17.3507,18.2012,19.0189,19.5714,0.00124515,4.2037,7.79396,10.7766,13.1862,14.6611,16.2191,17.2618,18.2579,19.078,19.7056,	20,18.9999,17.5771,16.0765,14.968,13.7329,12.9244,12.5847,12.0101,11.3877,10.7253,8.1948,16.6689,17.5798,16.3975,14.9657,13.6003,12.8784,12.2643,11.7862,11.2917,10.7416,	
0.00823987,5.52971,8.83936,11.1734,13.3284,14.9375,16.46,17.2488,18.1856,18.8365,19.456,0.00110402,4.04643,7.78915,10.7276,13.0845,14.7277,16.2229,17.1644,18.203,18.966,19.4908,	20,18.9637,17.5405,16.0052,14.914,13.7122,12.8698,12.5709,11.9335,11.3792,10.7337,8.11306,16.512,17.5653,16.3981,14.7469,13.5506,12.8123,12.2632,11.8394,11.4066,10.8103,	
0.00687941,5.77686,8.83298,11.0527,13.1637,14.7825,16.2802,17.1327,17.9911,18.7239,19.3743,0.000993712,4.24993,7.72912,10.5999,12.9005,14.6163,16.1344,17.1292,18.0574,18.8042,19.494,	20,18.8945,17.4963,16.0157,14.7738,13.4934,12.7829,12.413,12.1021,11.4966,10.7891,7.91225,16.4662,17.4473,16.3794,14.7993,13.6424,12.5038,12.2222,11.797,11.3799,10.7485,	
0.00574358,5.62047,8.70648,11.3194,13.247,14.8844,16.1923,17.1451,17.9757,18.6537,19.2622,0.00090344,4.24928,7.70325,10.5683,12.8783,14.6067,16.0602,17.139,18.0098,18.6502,19.3639,	20,18.8422,17.4497,16.0241,14.6682,13.485,12.8284,12.2593,12.1063,11.5379,10.8437,7.83332,16.2635,17.3424,16.3013,14.6946,13.6414,12.5423,12.1112,11.9022,11.4335,10.8818,	
0.0044703,5.18518,8.57007,11.1297,13.2086,14.7573,16.0605,17.0397,17.8845,18.5059,19.042,0.000793048,4.13946,7.55831,10.4866,12.8259,14.4448,16.0034,17.0653,17.9363,18.5835,19.2179,	20,18.7499,17.084,15.9853,14.5505,13.4934,12.8271,12.4227,11.9358,11.2799,10.5775,7.75519,16.331,17.3033,16.2071,14.3963,13.6009,12.6268,11.9273,11.8222,11.2146,10.5701,	
0.00371356,5.24237,8.80806,11.2358,13.0671,14.5739,16.0001,17.0341,17.7597,18.4267,18.9602,0.000713812,4.0587,7.51341,10.5356,12.7027,14.4425,15.8529,17.0182,17.825,18.5056,19.0845,	20,18.7157,16.9987,15.8658,14.4451,13.5037,12.9185,12.4426,11.9317,11.2497,10.5672,7.67783,16.2516,17.1913,16.0501,14.3838,13.3747,12.6901,12.0962,11.7716,11.1329,10.6279,	
0.00303888,5.41779,8.52725,10.9334,13.0932,14.6123,15.7338,16.9127,17.7924,18.3405,18.9183,0.000620341,3.96951,7.32169,10.4125,12.6464,14.3958,15.6848,16.8946,17.8117,18.4294,19.0172,	20,18.5679,16.9878,15.806,14.2711,13.419,12.9271,12.2698,11.9619,11.2725,10.6511,7.48779,16.1168,16.9796,16,14.2334,13.2055,12.6517,11.7561,11.6143,11.3092,10.7063,	
0.00248678,5.07589,8.84409,10.9878,12.9729,14.4359,15.724,16.8364,17.5685,18.3612,18.9672,0.000552791,3.91617,7.34934,10.2559,12.563,14.3152,15.6649,16.8614,17.6815,18.3987,19.0401,	20,18.556,16.9641,15.6729,14.169,13.3534,12.7939,12.2216,11.838,11.3619,10.6555,7.4131,16.0009,16.888,15.9908,14.201,13.2509,12.631,11.8066,11.6445,11.1444,10.6809,	
0.00208663,5.00964,9.07958,11.0058,12.9923,14.5033,15.6914,16.825,17.633,18.2673,18.7642,0.000510188,3.91704,7.39405,10.2095,12.4983,14.2431,15.5592,16.7937,17.6446,18.3303,18.9143,	20,18.5099,16.9338,15.5603,14.1918,13.3396,12.6958,12.3126,11.9735,11.3765,10.6594,7.37604,15.9161,16.869,15.8378,14.1563,13.1803,12.6998,11.9468,11.6388,11.2305,10.695,	
0.00175966,5.54945,8.90676,10.9457,12.8839,14.4297,15.6625,16.6469,17.5301,18.1244,18.7215,0.000473235,3.9211,7.54292,10.2596,12.3572,14.1283,15.5374,16.6857,17.6068,18.2346,18.8469,	20,18.4218,16.8907,15.5251,14.1363,13.2768,12.7635,12.3798,12.0143,11.4539,10.6747,7.22962,15.9207,16.6714,15.6476,14.2036,13.2266,12.5768,12.1131,11.6518,11.2767,10.7203,	
0.00147651,5.73582,8.80658,10.8805,12.8292,14.3665,15.7247,16.6083,17.4513,18.1128,18.6925,0.000417497,3.86641,7.41647,10.1921,12.4231,14.2204,15.5565,16.5925,17.5109,18.2084,18.7252,	20,18.3613,16.7704,15.3622,14.0956,13.284,12.7876,12.4338,11.9843,11.4211,10.6386,7.19347,15.8908,16.6515,15.4214,14.1908,13.1836,12.6141,12.1543,11.7346,11.3491,10.6777,	
0.00117246,5.13168,8.58077,11.1912,12.7728,14.3214,15.5525,16.6191,17.372,18.0092,18.5814,0.00037957,3.91666,7.4627,10.2915,12.4201,14.1468,15.5029,16.6057,17.4058,18.0173,18.6935,	20,18.2663,16.7253,15.2561,14.1271,13.3672,12.9177,12.5014,11.8786,11.3636,10.4815,7.08611,15.8489,16.6383,15.1744,14.1165,13.2771,12.5356,12.1325,11.6943,11.1979,10.5811,	
0.000973987,4.88908,8.59616,11.0822,12.7995,14.0763,15.5128,16.5845,17.2316,17.9531,18.552,0.000328217,3.68257,7.40537,10.3822,12.4185,13.9793,15.4326,16.5714,17.3364,18.0302,18.6477,	20,18.2203,16.5969,15.2184,14.0408,13.2583,12.6613,12.5508,11.9248,11.265,10.459,6.98035,15.7242,16.4611,15.159,14.0407,13.289,12.6235,12.1943,11.6806,11.1701,10.4307,	
0.000813175,5.12089,8.69906,11.2362,12.6628,14.1065,15.4421,16.5281,17.1194,17.8716,18.5294,0.0002999,3.65835,7.36642,10.4253,12.3542,13.9054,15.3409,16.5192,17.2357,17.9257,18.6266,	20,18.0549,16.5445,14.9992,14.07,13.3326,12.7639,12.5432,11.8283,11.2868,10.5865,6.87616,15.6939,16.4391,14.9843,14.0324,13.3291,12.6325,12.2593,11.6965,11.1174,10.597,	
0.000672142,5.20375,8.72522,11.0357,12.7627,14.0948,15.3863,16.4186,17.0697,17.8564,18.4357,0.000269937,3.63328,7.3618,10.3263,12.3229,13.9593,15.2893,16.4001,17.1859,17.8524,18.5821,	20,18.0114,16.4194,14.9274,13.9775,13.3479,12.9171,12.4323,11.8414,11.2609,10.5854,6.80757,15.7552,16.3507,15.0263,14.0824,13.1887,12.7361,12.2021,11.5165,11.2283,10.6013,	
0.000566821,5.84395,8.75597,11.0673,12.7448,13.8948,15.2616,16.3045,17.0728,17.8243,18.3672,0.000250385,3.83351,7.36604,10.2811,12.3329,13.7951,15.2089,16.3112,17.1481,17.9071,18.4983,	20,17.9754,16.3718,14.8701,14.0228,13.4033,12.8866,12.4601,11.8487,11.458,10.6868,6.73967,15.7262,16.2487,15.078,13.9896,13.0084,12.7402,12.1273,11.5611,11.3176,10.7192,	
0.000459214,5.70057,8.47126,11.1099,12.7892,13.99,15.2534,16.3143,16.9837,17.7015,18.2606,0.000226501,3.88535,7.33818,10.1391,12.3369,13.6983,15.1291,16.2695,16.9929,17.7573,18.3176,	20,17.9123,16.2904,14.9163,14.0506,13.2882,12.9353,12.3326,11.9484,11.4193,10.6568,6.57285,15.5942,16.0334,15.0321,13.9326,12.9584,12.4297,11.9136,11.6131,11.3294,10.7022,	
0.0003951,5.51626,8.47558,11.1327,12.8025,13.9479,15.216,16.1847,16.9574,17.5608,18.1825,0.000201837,3.77623,7.29558,10.3152,12.4127,13.7701,15.0779,16.211,16.9894,17.6034,18.3006,	20,17.8799,16.1073,14.8764,14.0682,13.2544,12.7759,12.3005,11.9839,11.4706,10.7148,6.47475,15.5401,16.0303,15.0372,13.9362,12.9777,12.2428,12.0612,11.6231,11.3458,10.7679,	
0.000334865,5.12205,8.81821,10.9353,12.7851,13.9052,15.1438,16.1679,16.8451,17.3975,18.0977,0.000173657,3.60808,7.25189,10.1813,12.4076,13.8284,15.0969,16.1269,16.8103,17.4545,18.2034,	20,17.8088,16.0091,14.9113,14.01,13.0275,12.6344,12.2758,11.8641,11.465,10.6937,6.34623,15.422,15.711,15.0369,14.0009,13.0148,12.2628,11.9655,11.6859,11.322,10.6978,	
0.000267244,5.01488,8.87864,10.9196,12.6674,13.8322,15.043,15.9387,16.785,17.3946,17.9425,0.000156307,3.60638,7.15858,10.1843,12.3029,13.7251,14.9472,16.0341,16.7991,17.4421,18.073,	20,17.6963,15.9745,14.8582,13.9567,13.0454,12.5077,12.254,11.9112,11.4125,10.6817,6.18915,15.1673,15.6484,14.9159,14.0435,12.7147,12.1533,11.8675,11.7171,11.2009,10.7256,	
0.000224241,5.05905,8.85241,10.9473,12.6276,13.8536,14.8805,15.9314,16.7291,17.4284,17.8939,0.000139986,3.55191,7.33436,10.0479,12.2612,13.7134,14.8716,15.9263,16.6903,17.4701,18.0136,	20,17.5722,15.9437,14.8021,13.902,12.9799,12.5385,12.2731,12.0071,11.4308,10.7358,6.03596,15.01,15.5728,14.9172,13.9966,12.7486,12.1091,11.86,11.5726,11.3209,10.7625,	
0.000183501,5.709,8.65967,10.7414,12.6105,13.8351,14.8496,15.6614,16.5757,17.2747,17.8719,0.000124119,3.54204,7.29659,10.0344,12.256,13.753,14.8592,15.8449,16.6714,17.3802,17.9931,	20,17.5533,15.9142,14.7637,13.9184,12.9804,12.5743,12.368,11.9588,11.4505,10.6932,5.91614,14.689,15.4306,14.847,13.9677,12.7825,12.084,11.848,11.6483,11.2951,10.762,	
0.000154747,5.53926,8.58945,11.0145,12.5985,13.8165,14.9875,15.7311,16.4211,17.137,17.8313,0.000113411,3.51286,7.23714,10.0845,12.1686,13.7056,14.8718,15.7296,16.5252,17.2103,17.9379,	20,17.4997,15.8983,14.7856,13.9372,13.0549,12.6077,12.3117,11.9668,11.3448,10.6408,5.74086,14.4437,15.2864,14.8521,14.0027,12.7825,12.2019,11.8439,11.6462,11.1933,10.6691,	
0.000132477,5.75787,8.77295,11.0632,12.6752,13.8977,14.875,15.7889,16.4843,17.1307,17.6878,0.00010679,3.61859,7.1613,10.1386,12.2339,13.7043,14.7541,15.7928,16.4691,17.1276,17.7348,	20,17.4565,15.8837,14.8119,13.8814,13.1067,12.6011,12.3638,11.9471,11.4514,10.716,5.65518,14.3347,15.3062,14.7856,13.9068,12.8795,12.2669,11.9557,11.7474,11.2282,10.7784,	
0.000111718,5.70121,8.92935,10.9718,12.4565,13.8675,14.9343,15.7764,16.5374,16.8433,17.6375,9.856e-05,3.74925,7.3347,10.0571,12.2065,13.7502,14.8801,15.7962,16.5741,17.0604,17.7437,	20,17.4536,15.8019,14.7402,13.8279,13.0816,12.6588,12.3972,12.031,11.5272,10.8863,5.6269,14.3068,15.1819,14.7986,13.87,12.9316,12.1837,11.9044,11.5406,11.3303,10.8647,	
9.90553e-05,5.53296,9.02419,11.1287,12.6134,13.9696,14.9134,15.7239,16.4972,16.9917,17.4351,9.23423e-05,3.70535,7.50079,10.1482,12.1927,13.7561,14.9032,15.7681,16.5578,17.0839,17.556,	20,17.3576,15.7861,14.6759,13.8542,13.136,12.7364,12.4143,12.0199,11.6506,10.9222,5.54292,14.2761,15.1914,14.6596,13.8749,12.8676,12.3203,11.979,11.7301,11.5186,11.0252,	
8.43755e-05,5.44175,8.8758,11.1035,12.5741,13.8968,14.981,15.6724,16.4928,17.0467,17.4575,8.78277e-05,3.74261,7.57428,10.2741,12.2845,13.7512,14.8734,15.6836,16.4932,17.1554,17.581,	20,17.3248,15.7465,14.6306,13.8859,13.0563,12.7915,12.3899,12.0968,11.8657,11.0662,5.43289,14.2097,15.2129,14.6693,13.8458,12.8308,12.1531,11.9288,11.7818,11.5714,11.1344,	
6.90462e-05,5.32341,8.77108,11.1081,12.4857,13.7781,14.9234,15.6156,16.3625,16.96,17.5146,8.27006e-05,3.78522,7.65185,10.2547,12.1521,13.7082,14.8818,15.6105,16.4157,17.033,17.5221,	20,17.2467,15.6811,14.6745,13.8949,13.084,12.7855,12.4397,12.2064,11.7379,11.1043,5.27193,14.0283,15.2029,14.5478,13.7526,12.8463,12.1896,11.9217,11.7359,11.4735,11.1197,	
5.85196e-05,5.62879,8.88599,11.0531,12.3852,13.8259,14.8144,15.5871,16.3395,16.9192,17.4017,7.67105e-05,3.76222,7.59288,10.2856,12.1455,13.6598,14.7352,15.641,16.3947,16.9986,17.5519,	20,17.1835,15.6656,14.6869,13.8983,13.0207,12.7827,12.479,12.258,11.8264,11.1275,5.19324,14.0367,15.2099,14.5824,13.6621,12.9177,12.1282,11.8363,11.7388,11.4946,11.1308,	
5.16272e-05,5.79402,8.58594,11.429,12.5039,13.7489,14.7749,15.6898,16.3408,16.7243,17.3748,7.18712e-05,3.76778,7.49547,10.3703,12.1077,13.6318,14.7602,15.6531,16.3643,16.8337,17.5093,	20,17.1019,15.6294,14.6954,13.8119,13.0981,12.8147,12.6123,12.2282,11.8807,11.1357,5.09016,14.0444,15.0956,14.6139,13.5129,12.8761,12.0495,11.9293,11.9253,11.6343,11.2199,	
4.44192e-05,5.76144,8.83764,11.1992,12.6134,13.782,14.8653,15.659,16.3064,16.8098,17.3373,6.53422e-05,3.77055,7.39149,10.322,12.234,13.6296,14.7856,15.6598,16.3545,16.912,17.4746,	20,17.0854,15.6102,14.5689,13.7501,13.0248,12.7803,12.6936,12.2908,11.9755,11.2029,5.0647,14.0341,15.1215,14.6225,13.6135,12.7901,12.1283,11.9836,11.9888,11.762,11.2409,	
3.63491e-05,5.75397,8.91886,11.1033,12.5761,13.6865,14.8015,15.655,16.1401,16.8398,17.3081,6.09139e-05,3.79061,7.35798,10.2305,12.2179,13.6225,14.7765,15.597,16.263,16.9252,17.4927,	20,17.03,15.5633,14.5019,13.5137,13.0881,12.8144,12.7192,12.5084,12.0492,11.3366,4.91465,13.9655,15.0602,14.4279,13.5245,12.7073,11.8379,12.1092,11.9745,11.7707,11.338,	
3.01959e-05,5.38211,9.08843,10.8708,12.3289,13.7264,14.8934,15.6281,16.2073,16.8063,17.3602,5.4281e-05,3.66557,7.33037,10.1888,12.1364,13.5758,14.8028,15.6575,16.2562,16.9123,17.4435,	20,16.9817,15.531,14.4275,13.5604,13.0747,12.7678,12.6494,12.4491,12.0867,11.3807,4.8413,13.9804,14.875,14.315,13.2307,12.7085,11.7594,12.0614,11.948,11.9642,11.3815,	
2.37386e-05,5.30633,8.92886,10.9181,12.5007,13.6713,14.7847,15.6579,16.172,16.7569,17.2981,5.16272e-05,3.71982,7.37192,10.1227,12.133,13.555,14.681,15.6715,16.3252,16.8958,17.3819,	20,16.9656,15.4933,14.4293,13.5766,13.086,12.7701,12.8637,12.5832,12.1051,11.3403,4.72147,13.7947,14.8158,14.1587,13.2844,12.6064,11.9231,12.063,11.8964,11.7896,11.3249,	
1.95234e-05,5.08118,8.98347,10.9357,12.5514,13.6626,14.7609,15.5672,16.2501,16.8307,17.237,4.78878e-05,3.68373,7.43661,10.1967,12.1594,13.5189,14.6853,15.5593,16.2229,16.9167,17.3653,	20,16.9052,15.3807,14.3663,13.5354,13.0112,12.8797,12.8493,12.5249,12.0644,11.4232,4.69786,13.8877,14.7782,14.1259,13.2374,12.6488,12.0199,12.1903,11.824,11.7738,11.4127,	
1.70521e-05,5.73755,9.14889,10.9552,12.4414,13.6969,14.5622,15.5316,16.2623,16.8416,17.2764,4.55465e-05,3.73332,7.41785,10.2187,12.1069,13.55,14.6178,15.5622,16.3248,16.9192,17.383,	20,16.8823,15.3519,14.3642,13.4882,13.0819,12.98,12.836,12.5569,12.1725,11.4881,4.651,13.8568,14.7405,14.1833,13.2632,12.6596,12.1958,12.265,11.9463,11.9085,11.5226,	
1.43802e-05,5.76979,9.31884,10.6854,12.3739,13.6894,14.6257,15.4537,16.208,16.8778,17.2613,4.24598e-05,3.80525,7.51006,10.1368,12.1157,13.5393,14.5715,15.5292,16.2628,16.9261,17.3889,	20,16.8056,15.3294,14.3649,13.5338,13.1716,13.0552,12.947,12.6554,12.1765,11.3623,4.55868,13.7569,14.7477,14.1429,13.3152,12.694,12.2279,12.071,12.0789,11.9359,11.3894,	
1.18267e-05,5.4963,9.34099,10.8325,12.382,13.7111,14.5677,15.329,16.1656,16.747,17.2202,3.91875e-05,3.79396,7.55253,10.034,11.9905,13.5287,14.5495,15.3629,16.2341,16.7964,17.3447,	20,16.7686,15.2859,14.37,13.6095,13.2767,13.094,13.0214,12.589,12.1022,11.2662,4.46818,13.6607,14.6377,14.1902,13.3338,12.658,12.2455,11.869,12.0387,11.904,11.2901,	
9.82467e-06,5.582,9.01444,11.0975,12.388,13.6291,14.6213,15.4082,16.0981,16.7454,17.1255,3.63491e-05,3.71424,7.50999,10.0403,11.9568,13.5147,14.6009,15.4069,16.1416,16.8221,17.2728,	20,16.7507,15.2692,14.3788,13.5842,13.328,13.1838,12.9495,12.511,12.0835,11.3305,4.4015,13.554,14.6085,14.1411,13.3139,12.6738,12.1601,11.9429,12.081,11.9743,11.3908,	
8.24377e-06,5.09746,9.03218,11.0211,12.4902,13.7333,14.6554,15.4653,16.0834,16.6866,17.2239,3.50958e-05,3.76978,7.4576,10.1301,12.0839,13.5484,14.6103,15.4466,16.1086,16.7679,17.2974,	20,16.7307,15.2196,14.3743,13.537,13.2892,13.141,13.0098,12.635,12.2717,11.6207,4.24974,13.3631,14.632,14.124,13.0825,12.5978,12.1639,12.0832,12.0829,12.0346,11.6534,	
6.81401e-06,5.18277,8.90642,10.9438,12.6683,13.5091,14.6816,15.4362,16.0591,16.6324,17.1,3.37163e-05,3.76199,7.4843,10.1945,12.1647,13.5087,14.6249,15.4783,16.1761,16.7054,17.2845,	20,16.6811,15.2044,14.3734,13.5074,13.289,13.2201,13.0856,12.8412,12.4568,11.6429,4.12383,13.1644,14.5073,14.0166,12.9691,12.6268,12.1061,12.1033,12.13,12.1321,11.6357,	
6.04167e-06,5.49349,8.83938,11.0157,12.4035,13.6859,14.6632,15.4467,16.1371,16.6965,17.1587,3.20679e-05,3.70492,7.55063,10.225,12.1437,13.5342,14.6542,15.4355,16.1816,16.7561,17.255,	20,16.6521,15.1861,14.354,13.4615,13.3404,13.2813,13.1996,12.7893,12.5961,11.8618,4.06228,13.0693,14.4427,13.9302,12.8629,12.6253,12.2524,12.1371,12.1127,12.3366,11.8847,	
4.70231e-06,4.8355,8.60324,10.9518,12.2822,13.6844,14.7332,15.4927,16.1918,16.6998,17.1969,2.98947e-05,3.62126,7.55587,10.2172,12.0067,13.525,14.6128,15.4914,16.2516,16.7868,17.3218,	20,16.6159,15.1522,14.3153,13.5193,13.3628,13.3733,13.2207,12.7665,12.5795,11.8943,3.98164,12.9818,14.2808,13.8206,12.8333,12.6911,12.0152,12.1357,12.0922,12.3144,11.9334,	
4.04579e-06,4.95177,8.85496,10.9878,12.4683,13.6864,14.6474,15.497,16.1699,16.7102,17.1869,2.8291e-05,3.58012,7.44428,10.111,12.0204,13.537,14.6119,15.5039,16.1959,16.7717,17.2802,	20,16.5883,15.1152,14.3051,13.5641,13.4483,13.3731,13.2185,12.9387,12.5856,11.8622,3.98164,12.9423,14.2925,13.7145,12.7722,12.6898,12.0882,12.0101,12.2793,12.3884,11.8614,	
3.48093e-06,5.40297,8.87814,11.0187,12.243,13.7556,14.7112,15.4712,16.1735,16.6057,17.2432,2.74528e-05,3.60386,7.40098,10.1643,11.986,13.5503,14.6255,15.4671,16.2221,16.7422,17.3134,	20,16.5518,15.0969,14.2908,13.5291,13.5237,13.3073,13.2967,13.1445,12.7438,11.9919,3.88309,12.8191,14.2982,13.7195,12.8108,12.7137,11.9402,11.8193,12.4556,12.6,12.0365,	
3.13314e-06,5.93874,9.18662,10.9798,12.1935,13.7318,14.7493,15.38,16.1243,16.5943,17.0649,2.61106e-05,3.6904,7.28442,10.1039,11.9016,13.5074,14.6905,15.4743,16.2222,16.6975,17.2408,	20,16.4385,15.0331,14.1611,13.5921,13.5677,13.3188,13.3736,13.2427,12.7461,12.1344,3.78698,12.868,14.3324,13.6198,12.9359,12.7445,11.9426,12.0878,12.3801,12.6021,12.1616,	
2.6422e-06,5.86641,9.09712,10.8899,12.4162,13.6425,14.7288,15.4588,16.1029,16.6181,17.1573,2.49589e-05,3.71976,7.23519,10.1864,11.9562,13.4609,14.7011,15.4773,16.1442,16.6716,17.2499,	20,16.4105,15.009,14.1975,13.64,13.5879,13.3185,13.4881,13.2346,12.868,12.1924,3.73046,12.7742,14.2988,13.6099,12.9922,12.7328,11.88,12.0082,12.4785,12.6851,12.2391,	
2.30775e-06,6.34643,9.01518,10.9205,12.5773,13.6528,14.6382,15.5101,16.1085,16.66,17.1096,2.36199e-05,3.77794,7.19053,10.0335,12.0452,13.4579,14.6228,15.517,16.175,16.6726,17.2513,	20,16.3985,15.0062,14.1358,13.6811,13.5591,13.4281,13.559,13.361,12.9821,12.1939,3.7118,12.7754,14.2883,13.4411,13.0201,12.6711,11.9954,12.2817,12.584,12.7249,12.2438,	
1.85099e-06,5.83821,9.25729,10.8674,12.4163,13.534,14.666,15.5202,16.1207,16.6086,17.1344,2.15821e-05,3.77636,7.19534,9.8554,11.9715,13.4347,14.5997,15.534,16.1652,16.6784,17.2733,	20,16.3945,14.985,14.1438,13.6679,13.5856,13.5319,13.6,13.2398,12.8189,12.0435,3.67478,12.6587,14.2499,13.4908,13.0438,12.5289,12.059,12.357,12.6338,12.4355,12.0847,	
1.66605e-06,6.43318,9.31962,10.9581,12.3433,13.6666,14.6269,15.4479,16.0667,16.613,17.1646,2.02206e-05,3.7605,7.27871,9.91546,11.9278,13.4816,14.5669,15.4731,16.1419,16.693,17.2138,	20,16.3719,14.9685,14.1385,13.6969,13.5491,13.5483,13.4668,13.3449,12.7925,12.136,3.67478,12.7142,14.2775,13.562,13.0368,12.7032,12.2312,12.3129,12.7508,12.6044,12.214,	
1.32297e-06,5.958,9.09874,11.0271,12.2824,13.4509,14.5703,15.511,16.1448,16.6712,17.1909,1.90402e-05,3.78254,7.24114,10.0242,11.9061,13.3157,14.512,15.5013,16.1425,16.7216,17.2157,	20,16.3122,14.9651,14.1496,13.6335,13.5848,13.6272,13.5268,13.4211,12.8111,12.0651,3.67478,12.9769,14.2652,13.5005,12.9764,12.5878,12.0747,12.3233,12.5351,12.5899,12.1104,	
1.09902e-06,5.57467,9.13268,11.4202,12.2308,13.4862,14.5823,15.4898,16.0366,16.6939,17.2198,1.80188e-05,3.72353,7.30064,10.0122,11.8793,13.2859,14.4962,15.4729,16.1354,16.7767,17.3241,	20,16.3034,14.9538,14.1579,13.6184,13.6758,13.6981,13.5757,13.4696,12.8291,12.0317,3.60183,12.8756,14.084,13.579,12.7029,12.6713,12.1163,12.2912,12.7064,12.5685,12.1171,	
9.18776e-07,5.45207,9.17057,11.3653,12.5048,13.4463,14.4863,15.4346,16.0696,16.7079,17.1549,1.66057e-05,3.61777,7.24553,10.1011,11.9014,13.2441,14.4669,15.4264,16.1102,16.7402,17.2101,	20,16.2929,14.9226,14.1614,13.6996,13.7435,13.7079,13.5483,13.3829,12.7331,12.065,3.54958,12.7806,14.0447,13.51,12.7259,12.4643,12.2589,12.3821,12.6326,12.6972,12.0933,	
7.77269e-07,5.34793,9.51705,11.2586,12.432,13.4845,14.5985,15.3828,16.0493,16.5577,17.1201,1.55145e-05,3.54444,7.16552,10.113,11.9568,13.305,14.4806,15.3917,16.1015,16.6479,17.1924,	20,16.2796,14.9256,14.1723,13.701,13.815,13.7589,13.6735,13.349,12.789,11.9701,3.50139,12.7825,13.8607,13.5283,12.7437,12.3674,12.2721,12.3862,12.7111,12.6273,12.0859,	
6.98065e-07,5.60172,9.69896,11.275,12.508,13.4914,14.5657,15.4029,16.0608,16.5309,17.0305,1.47349e-05,3.51065,7.14706,10.1197,11.9851,13.3329,14.5074,15.4105,16.0742,16.6276,17.1244,	20,16.2288,14.8827,14.1635,13.7377,13.8146,13.8353,13.7367,13.2783,12.8531,12.1865,3.44175,12.8069,13.875,13.6168,12.7968,12.3085,12.3381,12.4987,12.6822,12.5807,12.2144,	
5.75571e-07,5.32862,9.31393,11.2811,12.4541,13.4822,14.5828,15.3898,15.9625,16.5119,17.0945,1.391e-05,3.49495,7.06576,10.0939,11.9804,13.3674,14.5216,15.3925,16.0451,16.6668,17.1741,	20,16.2103,14.7902,14.1926,13.7963,13.8625,13.9238,13.6605,13.4246,12.9606,12.0858,3.33078,12.5572,13.7771,13.3968,12.7685,12.3723,12.4063,12.4293,12.5082,12.7071,12.0316,	
5.08865e-07,5.70427,9.20049,11.3104,12.5056,13.5097,14.5481,15.3083,16.0005,16.6291,17.1038,1.3261e-05,3.47217,7.07264,10.0761,12.0237,13.3639,14.5019,15.3349,16.0444,16.6415,17.2363,	20,16.1521,14.7243,14.1831,13.8169,13.9124,13.9712,13.6371,13.4194,12.9528,12.1562,3.31761,12.7033,13.7935,13.4287,12.8443,12.4163,12.3547,12.3612,12.6265,12.6885,12.2002,	
4.43556e-07,5.84954,9.03062,11.2683,12.4932,13.6102,14.5636,15.3804,15.9842,16.5937,17.053,1.28151e-05,3.53159,7.09567,10.0173,12.0269,13.4019,14.5228,15.3841,16.0563,16.6621,17.1789,	20,16.1489,14.7341,14.1713,13.8553,13.9538,13.9584,13.7119,13.555,13.0313,12.2221,3.26756,12.5402,13.7087,13.5054,12.877,12.5295,12.0573,12.4157,12.6768,12.657,12.27,	
3.94275e-07,5.73759,9.10718,11.295,12.4597,13.6483,14.5513,15.3851,16.0661,16.5192,17.1012,1.23068e-05,3.48386,7.15922,10.038,12.001,13.4387,14.5074,15.399,16.1063,16.6585,17.1886,	20,16.1273,14.7154,14.1668,13.9066,13.8668,13.9811,13.8439,13.5656,13.0483,12.3594,3.20805,12.3162,13.7391,13.4793,12.8522,12.45,12.1163,12.4482,12.8253,12.8201,12.3553,	
3.64383e-07,5.81631,9.57373,11.4262,12.6924,13.6247,14.5823,15.2918,16.0688,16.5797,17.0146,1.20014e-05,3.5066,7.16745,10.01,12.0431,13.4544,14.5342,15.3987,16.1083,16.6396,17.1619,	20,16.1184,14.706,14.1787,13.9293,13.9182,13.9917,13.9263,13.703,13.1227,12.4094,3.18525,12.2888,13.7433,13.5278,12.8435,12.4784,12.1272,12.5229,12.9961,12.9226,12.3279,	
3.20262e-07,5.65857,9.33437,11.6299,12.6902,13.5382,14.5869,15.3544,16.0548,16.5711,17.0905,1.15117e-05,3.47323,7.12621,10.0877,12.0929,13.4471,14.5574,15.3649,16.1018,16.6076,17.135,	20,16.1029,14.6996,14.1531,13.9151,13.9129,13.9231,13.9182,13.7474,13.1777,12.4962,3.12991,12.1947,13.6606,13.5082,12.9121,12.4499,12.025,12.4075,12.8856,12.9902,12.5278,	
2.94263e-07,6.17955,9.18184,11.5864,12.7632,13.5783,14.5196,15.3859,16.0583,16.5623,17.0743,1.11289e-05,3.46135,7.16856,10.14,12.1355,13.4504,14.5305,15.3972,16.0826,16.6206,17.1678,	20,16.0818,14.7004,14.164,13.9605,13.9525,13.9877,14.021,13.7509,13.2717,12.4951,3.10876,12.2255,13.6941,13.4626,12.9447,12.5597,12.0688,12.4434,12.8913,13.0842,12.5412,	
2.71911e-07,6.26848,9.3682,11.5703,12.717,13.754,14.5408,15.3219,16.0273,16.5826,17.102,1.08039e-05,3.43503,7.1894,10.1532,12.2167,13.484,14.4717,15.3569,16.0402,16.6304,17.2023,	20,16.0631,14.6972,14.1611,13.9958,13.9558,14.0533,13.9019,13.8579,13.3758,12.6142,3.07836,12.2113,13.665,13.5125,12.9509,12.6542,12.0069,12.3697,13.0577,13.1565,12.6105,	
2.39904e-07,5.97854,9.37758,11.581,12.6338,13.8092,14.5819,15.327,15.9723,16.4881,17.1371,1.05305e-05,3.49204,7.15526,10.1265,12.1743,13.5283,14.4847,15.3812,16.004,16.6374,17.231,	20,16.0505,14.686,14.1909,14.0137,13.9734,14.099,14.0201,13.9048,13.4417,12.6631,3.01991,12.0593,13.6019,13.534,12.9989,12.6721,11.8975,12.1316,12.9306,13.1393,12.6453,	
2.20456e-07,5.93908,9.51962,11.6307,12.6666,13.7428,14.6527,15.403,15.9828,16.5304,17.1368,1.03355e-05,3.48465,7.23049,10.1971,12.1861,13.5708,14.5597,15.4032,16.0176,16.5853,17.2304,	20,16.0405,14.698,14.2007,14.0386,13.9597,14.1271,14.1076,13.9945,13.4276,12.6961,3.0012,12.0393,13.5587,13.5617,13.0418,12.7397,11.9362,12.1179,13.0644,13.2107,12.7737,	
2.01123e-07,6.00114,9.66571,11.6382,12.6865,13.6927,14.6429,15.3797,15.9911,16.5084,17.1138,1.00246e-05,3.47614,7.2409,10.2808,12.2063,13.5395,14.5902,15.3909,16.0764,16.6145,17.2137,	20,16.0241,14.6945,14.2182,14.0245,14.0267,14.1098,14.2041,14.0303,13.5502,12.723,2.96459,11.9899,13.5019,13.5169,13.0711,12.7744,11.9357,12.2158,13.0249,13.2353,12.834,	
1.80546e-07,5.81808,9.71858,11.674,12.7101,13.7781,14.6016,15.3819,16.0269,16.5282,17.0939,9.66918e-06,3.48779,7.19076,10.2694,12.2062,13.5493,14.5896,15.3787,16.0876,16.6337,17.2282,	20,16.0182,14.6989,14.1924,14.028,14.0776,14.1714,14.2815,14.1331,13.5217,12.7933,2.93807,11.9458,13.4584,13.3794,13.046,12.6846,11.9725,12.2567,13.1176,13.2565,12.777,	
1.64395e-07,5.59926,9.63899,11.6968,12.8634,13.7783,14.6694,15.3635,16.0868,16.5299,17.0332,9.17242e-06,3.38666,7.19969,10.2586,12.2185,13.5708,14.6219,15.4003,16.1218,16.606,17.1527,	20,16.0164,14.7106,14.2049,14.0196,14.1087,14.229,14.3567,14.0357,13.542,12.7014,2.91244,11.8909,13.4323,13.3675,13.0339,12.7217,12.1266,12.1451,13.0746,13.3126,12.758,	
1.49992e-07,5.68568,9.63888,11.5139,12.9053,13.8168,14.6376,15.4107,16.0188,16.5555,17.0486,8.73682e-06,3.36154,7.11654,10.2128,12.2329,13.6097,14.65,15.4251,16.0724,16.6321,17.1526,	20,16.0112,14.7088,14.1899,14.0862,14.201,14.2807,14.2856,14.0438,13.4572,12.7208,2.87916,11.8593,13.4646,13.4085,13.0477,12.6205,12.1784,12.3111,13.1223,13.1302,12.7526,	
1.34055e-07,5.40632,9.75365,11.5561,12.9358,13.79,14.6506,15.4325,15.9926,16.5929,17.0807,8.61542e-06,3.38805,7.1773,10.1838,12.2855,13.5539,14.6374,15.4456,16.042,16.6783,17.1937,	20,15.9946,14.7065,14.1935,14.1367,14.2457,14.2967,14.2346,14.0817,13.598,12.8067,2.847,11.8074,13.3831,13.2558,13.0897,12.576,12.1822,12.3382,13.003,13.3141,12.8208,	
1.2546e-07,5.58773,9.75519,11.7185,12.8898,13.9213,14.6067,15.4141,16.0396,16.5447,17.0418,8.47406e-06,3.39858,7.18163,10.1985,12.2884,13.656,14.6219,15.4322,16.0817,16.6584,17.1844,	20,15.9775,14.6969,14.2023,14.177,14.2861,14.3143,14.3194,14.0837,13.639,12.8775,2.82351,11.7935,13.3813,13.2881,13.0529,12.5698,12.2447,12.3586,13.0699,13.403,12.8695,	
1.16002e-07,5.57007,9.61973,11.6971,12.935,13.9075,14.6495,15.4237,16.0327,16.5752,17.0764,8.24829e-06,3.37998,7.15099,10.2125,12.2995,13.7079,14.6486,15.4567,16.0977,16.6483,17.1494,	20,15.9585,14.675,14.1837,14.1728,14.3211,14.3391,14.2955,14.0818,13.6744,12.9705,2.77802,11.7721,13.3533,13.2403,13.0875,12.5612,12.1708,12.4068,13.1105,13.3917,12.9642,	
1.08561e-07,5.56577,9.56433,11.7732,12.9098,13.966,14.7464,15.373,16.0502,16.5956,17.064,8.01113e-06,3.35629,7.15395,10.1584,12.2933,13.7346,14.6787,15.4296,16.1253,16.6534,17.1357,	20,15.9527,14.6794,14.1526,14.1856,14.3628,14.4032,14.4022,14.1019,13.7185,12.9426,2.75608,11.7894,13.2873,13.2014,13.1148,12.5611,12.2089,12.3926,13.2158,13.4138,12.9343,	
1.004e-07,5.50984,9.62063,11.9363,12.9277,13.9548,14.7596,15.3784,16.06,16.6059,17.1094,7.92769e-06,3.39715,7.1361,10.1843,12.2898,13.7713,14.7216,15.444,16.1269,16.6715,17.1907,	20,15.9385,14.6882,14.1767,14.1948,14.372,14.4473,14.4456,14.2312,13.7878,12.9931,2.74888,11.8001,13.2867,13.1157,13.1457,12.4425,12.2239,12.4342,13.2483,13.5035,13.0263,	
9.48975e-08,5.60484,9.66337,11.7912,13.0138,13.9596,14.8455,15.4232,16.0752,16.6204,17.0924,7.747e-06,3.35888,7.14077,10.2033,12.3187,13.7832,14.7669,15.4441,16.1267,16.6906,17.145,	20,15.9353,14.6886,14.1998,14.2317,14.4143,14.4282,14.5081,14.2828,13.8209,13.0662,2.72081,11.7607,13.2407,13.1081,13.1614,12.4642,12.196,12.4707,13.2894,13.5221,13.0953,	
8.9566e-08,5.74069,9.67501,11.7757,13.066,13.9969,14.8693,15.4336,16.0375,16.5967,17.0444,7.66938e-06,3.37,7.1724,10.2643,12.3176,13.8195,14.8208,15.4767,16.1202,16.6824,17.1065,	20,15.9334,14.6852,14.1939,14.2564,14.4263,14.4886,14.5828,14.3838,13.8789,13.0473,2.71404,11.74,13.215,13.1412,13.1826,12.4249,12.2672,12.4649,13.2273,13.6689,13.0657,	
8.35756e-08,5.77955,9.59887,11.92,13.0822,14.0453,14.8548,15.5259,16.053,16.6304,17.1036,7.51935e-06,3.36444,7.17385,10.2653,12.3334,13.8218,14.8331,15.5386,16.1215,16.7052,17.2025,	20,15.9322,14.6741,14.2125,14.2948,14.4764,14.5449,14.6392,14.454,13.9367,13.0857,2.69399,11.6652,13.2467,13.1495,13.2092,12.4016,12.2115,12.5559,13.3858,13.7286,13.1494,	
7.94019e-08,5.83519,9.65263,11.9845,13.1366,13.982,14.7935,15.5578,16.0975,16.6614,17.1502,7.3564e-06,3.33588,7.16901,10.3323,12.3569,13.828,14.8322,15.5675,16.1523,16.7209,17.2194,	20,15.9297,14.679,14.2314,14.3304,14.5145,14.5683,14.6495,14.5291,13.962,13.1771,2.67436,11.6413,13.2276,13.1709,13.1775,12.4467,12.2635,12.7067,13.3461,13.6596,13.242,	
7.49769e-08,5.87043,9.80674,11.9878,13.1118,14.0489,14.8743,15.5862,16.1446,16.6513,17.1173,7.26904e-06,3.32626,7.19628,10.346,12.4208,13.7965,14.8399,15.6021,16.1731,16.6809,17.2088,	20,15.9272,14.6661,14.235,14.3588,14.5454,14.6048,14.6207,14.5938,14.0123,13.3328,2.66155,11.6118,13.2437,13.1556,13.0724,12.5014,12.2875,12.6688,13.4326,13.7426,13.3067,	
7.11858e-08,6.00424,9.76365,11.9632,13.1566,14.0882,14.9291,15.609,16.1553,16.6465,17.1785,7.1839e-06,3.3351,7.16206,10.38,12.4295,13.8388,14.8697,15.6337,16.2262,16.7082,17.24,	20,15.926,14.6675,14.2538,14.3822,14.5622,14.6493,14.5849,14.638,14.1471,13.4283,2.64277,11.5418,13.2251,13.1483,13.0784,12.5341,12.2566,12.7013,13.4677,13.8602,13.4546,	
6.51759e-08,5.92052,9.72736,11.8621,13.1241,14.0672,14.9425,15.6124,16.1945,16.6436,17.1614,6.9707e-06,3.31349,7.12395,10.3652,12.4797,13.8637,14.8964,15.5851,16.2365,16.7261,17.2721,	20,15.9234,14.64,14.2801,14.4072,14.6005,14.5513,14.7025,14.723,14.1541,13.4019,2.61828,11.5003,13.2127,13.1628,12.9714,12.4765,12.2933,12.5918,13.4941,13.901,13.4585,	
5.94749e-08,5.87238,9.74465,11.8016,13.0979,14.0706,14.9046,15.5798,16.2149,16.6243,17.1453,6.81321e-06,3.33018,7.11676,10.3298,12.4422,13.8582,14.8704,15.5878,16.2768,16.763,17.2691,	20,15.9064,14.6357,14.305,14.4743,14.6421,14.6582,14.8451,14.722,14.1775,13.3696,2.55898,11.3947,13.2654,13.1303,12.86,12.4231,12.268,12.7154,13.4594,13.8446,13.3947,	
5.60929e-08,6.03355,9.78347,11.7707,13.0997,14.0429,14.872,15.6086,16.2387,16.6914,17.1868,6.61682e-06,3.30854,7.07902,10.2864,12.4268,13.8583,14.8674,15.5972,16.2963,16.7734,17.3124,	20,15.9016,14.647,14.2796,14.5044,14.6973,14.7489,14.9322,14.616,14.1836,13.4363,2.53025,11.3768,13.2382,13.1362,12.86,12.4091,12.2549,12.7957,13.4442,13.9079,13.5349,	
5.10913e-08,5.98278,9.76938,11.8132,13.124,14.0781,14.8917,15.5471,16.2539,16.7447,17.2113,6.48556e-06,3.31167,7.08287,10.2538,12.4348,13.8553,14.8704,15.6155,16.2771,16.8072,17.282,	20,15.8861,14.6602,14.3112,14.5153,14.7544,14.8247,15.0064,14.6766,14.2242,13.4182,2.51336,11.403,13.2377,13.1417,12.8388,12.4272,12.3454,12.6755,13.4334,13.8029,13.4421,	
4.78459e-08,6.10677,9.78667,11.8435,13.025,14.0765,14.934,15.5817,16.2293,16.7328,17.1751,6.27623e-06,3.27336,7.04614,10.2474,12.4174,13.8588,14.8846,15.6169,16.284,16.8062,17.2953,	20,15.8846,14.6563,14.333,14.5309,14.823,14.9215,15.0268,14.7157,14.1295,13.3328,2.49148,11.3055,13.2523,13.1827,12.8359,12.471,12.3498,12.7135,13.4,13.8189,13.4125,	
4.54267e-08,6.13348,10.038,11.8579,13.0563,14.0378,14.9168,15.6422,16.2391,16.7173,17.1378,6.18201e-06,3.27539,7.05103,10.2721,12.4049,13.8729,14.8643,15.6484,16.2788,16.8356,17.2549,	20,15.8832,14.6607,14.3568,14.5584,14.8277,14.9559,15.0621,14.7232,14.1191,13.3668,2.49148,11.2865,13.2202,13.1844,12.8369,12.4865,12.4169,12.7555,13.531,13.8517,13.3774,	
4.26139e-08,6.17119,9.99089,11.842,13.1219,14.0456,14.9237,15.6441,16.2446,16.745,17.1718,6.07763e-06,3.26738,7.03581,10.277,12.3942,13.8573,14.8759,15.6554,16.2807,16.7985,17.2683,	20,15.8817,14.6651,14.3772,14.562,14.8806,14.9962,15.1163,14.643,14.1788,13.3693,2.45988,11.204,13.2086,13.1972,12.8377,12.5448,12.3482,12.7308,13.5619,13.8955,13.3753,	
4.02578e-08,6.1685,9.95716,11.8784,13.085,14.0805,14.9247,15.6576,16.2464,16.7599,17.2165,5.93828e-06,3.22773,7.02127,10.2817,12.4384,13.8764,14.8437,15.6537,16.2735,16.8189,17.3063,	20,15.8809,14.6665,14.3872,14.5891,14.9177,15.025,15.0974,14.6557,14.182,13.4533,2.4444,11.1452,13.1509,13.187,12.8305,12.4816,12.3408,12.5891,13.6532,13.9609,13.4922,	
3.86193e-08,6.15611,10.1421,11.9311,13.1288,14.1071,14.9446,15.6418,16.2206,16.7707,17.2414,5.85253e-06,3.21382,7.02496,10.3249,12.3994,13.8899,14.8936,15.6558,16.2829,16.825,17.3274,	20,15.879,14.6602,14.417,14.6292,14.9393,15.1062,15.105,14.772,14.1934,13.4661,2.43931,11.1433,13.152,13.1798,12.8746,12.492,12.4128,12.6473,13.7238,13.9104,13.5127,	
3.57212e-08,6.02433,10.104,12.0452,13.117,14.0449,14.9339,15.6405,16.1887,16.7593,17.2399,5.69844e-06,3.16727,7.03366,10.2809,12.4204,13.8876,14.9112,15.6789,16.2748,16.7878,17.3397,	20,15.8782,14.6664,14.447,14.6843,15.007,15.1178,15.0532,14.6974,14.2201,13.509,2.42934,11.1271,13.1327,13.1995,12.8339,12.4927,12.4049,12.5815,13.5627,13.9447,13.5346,	
3.37493e-08,6.13909,10.0006,12.0131,13.159,14.1101,14.9432,15.6301,16.2137,16.7484,17.2906,5.61803e-06,3.15966,7.09685,10.2339,12.4166,13.8696,14.9188,15.6871,16.2349,16.8213,17.3724,	20,15.8769,14.6699,14.4721,14.7082,15.0411,15.1783,15.1068,14.6908,14.2606,13.5126,2.42445,11.1384,13.1229,13.2243,12.8131,12.4325,12.3978,12.6487,13.6403,13.9556,13.5194,	
3.22937e-08,6.21342,10.0553,12.0162,13.2261,14.1014,14.9524,15.6904,16.2021,16.7855,17.2624,5.52855e-06,3.14936,7.07743,10.3018,12.411,13.8871,14.9216,15.7037,16.2797,16.851,17.3901,	20,15.8761,14.6813,14.4918,14.7377,15.0991,15.1719,15.1379,14.7376,14.3143,13.5641,2.40509,11.0878,13.1356,13.2298,12.7966,12.4313,12.4154,12.7332,13.6773,14.0471,13.5649,	
2.93092e-08,5.96045,9.86527,12.0612,13.1766,14.1592,15.0012,15.66,16.2435,16.823,17.2993,5.42046e-06,3.17495,7.04318,10.2603,12.4097,13.8733,14.9184,15.7117,16.3035,16.8786,17.4048,	20,15.8742,14.6977,14.5285,14.7818,15.1492,15.2483,15.1109,14.8331,14.3125,13.5257,2.3767,11.0108,13.084,13.2552,12.825,12.5105,12.3939,12.4846,13.6382,13.9888,13.5715,	
2.75847e-08,5.95849,9.83036,12.078,13.1672,14.1106,15,15.6539,16.2562,16.8184,17.3414,5.29467e-06,3.15627,7.01402,10.2871,12.4073,13.8518,14.9402,15.704,16.3219,16.853,17.4268,	20,15.8729,14.6983,14.5555,14.8166,15.1938,15.2685,15.1424,14.8961,14.3125,13.5121,2.36278,10.9771,13.0672,13.2663,12.7533,12.5288,12.3747,12.422,13.6633,14.0431,13.576,	
2.58303e-08,5.9331,9.80779,12.1414,13.1667,14.1282,14.9844,15.6763,16.2438,16.8091,17.3598,5.24373e-06,3.15712,7.05521,10.2817,12.4451,13.8725,14.9511,15.7107,16.3248,16.8634,17.4334,	20,15.8722,14.7018,14.57,14.8417,15.233,15.2253,15.1799,14.9762,14.3809,13.6029,2.35369,10.9628,13.0475,13.2645,12.7385,12.53,12.3445,12.4123,13.6371,14.035,13.637,	
2.4438e-08,5.78199,9.97698,12.1496,13.2242,14.1306,14.986,15.7096,16.2726,16.7565,17.3651,5.11509e-06,3.12974,7.04163,10.2475,12.4318,13.8947,14.9521,15.7382,16.3469,16.8041,17.4306,	20,15.8706,14.7107,14.5969,14.9063,15.2726,15.2966,15.2003,14.9696,14.3711,13.5742,2.34919,10.9931,13.0601,13.2384,12.7408,12.6047,12.3855,12.5024,13.4962,13.9828,13.6163,	
2.30055e-08,5.8535,9.90499,12.1521,13.2014,14.1281,14.9911,15.7327,16.326,16.717,17.3234,5.00995e-06,3.12572,7.02054,10.2357,12.4303,13.8905,14.9229,15.7442,16.3472,16.8152,17.4253,	20,15.87,14.7164,14.6339,14.9532,15.3124,15.3699,15.2696,14.9803,14.3248,13.4909,2.3359,10.9214,13.0472,13.2622,12.7586,12.6413,12.3998,12.4508,13.533,14.0009,13.5329,	
2.14706e-08,5.92551,9.75368,12.076,13.2245,14.1653,14.9791,15.7399,16.3389,16.7954,17.2985,4.92654e-06,3.14704,6.98769,10.2122,12.4265,13.9042,14.9231,15.7331,16.3853,16.8587,17.3866,	20,15.8681,14.7255,14.6291,14.9995,15.3508,15.4021,15.3101,14.9958,14.2966,13.4978,2.32719,10.9335,13.0157,13.285,12.747,12.6188,12.3739,12.4143,13.5942,13.9543,13.5236,	
2.00158e-08,5.89109,9.80595,12.0351,13.212,14.1567,14.9659,15.7059,16.3583,16.7587,17.2472,4.81846e-06,3.14613,6.97346,10.1728,12.3865,13.895,14.9374,15.7279,16.4189,16.8735,17.3916,	20,15.8652,14.7291,14.6724,15.0463,15.3733,15.4782,15.3845,14.9433,14.2675,13.4503,2.29729,10.9317,13.0296,13.3158,12.7533,12.5437,12.3901,12.4771,13.5831,13.8875,13.4685,	
1.90873e-08,5.89822,9.78843,12.0067,13.1945,14.1558,15.0266,15.7237,16.308,16.7963,17.2924,4.74852e-06,3.13512,6.95788,10.1574,12.3988,13.9143,14.9292,15.7516,16.3935,16.8898,17.3945,	20,15.8644,14.7397,14.6827,15.07,15.3966,15.4661,15.4039,14.9108,14.3097,13.4745,2.27222,10.8644,12.9817,13.3312,12.8215,12.472,12.3975,12.5383,13.6172,13.9346,13.5198,	
1.77226e-08,5.78623,9.73452,11.9422,13.1089,14.2026,15.0251,15.7179,16.3117,16.7849,17.2696,4.61325e-06,3.11341,6.93015,10.0745,12.3563,13.9322,14.962,15.7249,16.3405,16.892,17.3614,	20,15.8623,14.7312,14.7173,15.1017,15.4325,15.5346,15.4526,14.8573,14.1859,13.3785,2.24363,10.8182,13.0119,13.3124,12.8443,12.4578,12.3677,12.5503,13.5887,13.9006,13.4011,	
1.65282e-08,5.83357,9.68415,11.9759,13.1411,14.1771,14.9809,15.7278,16.3173,16.7617,17.2642,4.53149e-06,3.12007,6.91817,10.0433,12.336,13.9326,14.9696,15.7508,16.3544,16.8125,17.367,	20,15.8608,14.7426,14.7371,15.1526,15.4926,15.5958,15.4896,14.8074,14.1283,13.4399,2.23163,10.816,12.9541,13.2763,12.8271,12.4984,12.4042,12.5305,13.5764,13.7307,13.4294,	
1.57291e-08,5.92341,9.65422,11.9909,13.0921,14.1986,15.0256,15.7257,16.3306,16.7932,17.2627,4.46779e-06,3.11912,6.89323,10.0483,12.3398,13.9368,14.981,15.7609,16.355,16.8591,17.365,	20,15.8602,14.7469,14.7544,15.1835,15.5304,15.645,15.4607,14.8543,14.174,13.3945,2.21591,10.7443,12.9243,13.2666,12.8448,12.5544,12.3545,12.4867,13.6528,13.8438,13.4296,	
1.50023e-08,5.94992,9.72351,11.9976,13.1391,14.2051,15.013,15.7316,16.3542,16.819,17.2674,4.4056e-06,3.12415,6.89393,10.0191,12.346,13.9298,14.9612,15.7688,16.3917,16.8819,17.3688,	20,15.8594,14.7529,14.7716,15.217,15.5664,15.6921,15.4118,14.8956,14.1956,13.4572,2.21202,10.7463,12.8877,13.2297,12.8359,12.5464,12.3124,12.5619,13.692,13.9353,13.4773,	
1.41915e-08,5.96813,9.68689,11.9616,13.1868,14.2138,14.9816,15.7428,16.3472,16.8735,17.3014,4.33719e-06,3.12016,6.88521,10.0039,12.3158,13.9402,14.9534,15.7753,16.3998,16.9322,17.3937,	20,15.8585,14.7708,14.7965,15.2592,15.6067,15.6976,15.4248,14.9273,14.2254,13.4988,2.19292,10.7167,12.873,13.2367,12.8371,12.5227,12.3427,12.5437,13.6769,13.9055,13.5229,	
1.35478e-08,5.93559,9.75589,12.0595,13.2199,14.17,15.0458,15.7501,16.3669,16.8676,17.308,4.27059e-06,3.13044,6.83047,9.97738,12.3173,13.9388,14.9583,15.7742,16.4114,16.9613,17.4155,	20,15.8577,14.7841,14.831,15.294,15.6599,15.7117,15.4686,14.8532,14.2983,13.4997,2.18539,10.7403,12.8836,13.2292,12.8758,12.4978,12.4105,12.5278,13.5684,14.0063,13.5426,	
1.26999e-08,5.89811,9.68135,12.0603,13.2197,14.2199,15.0684,15.7586,16.3609,16.8933,17.3056,4.20576e-06,3.14031,6.84047,9.95804,12.2887,13.9236,14.9756,15.7725,16.4186,16.9553,17.4022,	20,15.8569,14.7922,14.8519,15.3267,15.6797,15.726,15.4433,14.9048,14.3014,13.528,2.17424,10.7575,12.8595,13.2346,12.8358,12.4651,12.4149,12.5443,13.5478,13.9219,13.5464,	
1.20128e-08,6.02409,9.60481,12.0483,13.1681,14.2173,15.0499,15.7278,16.3612,16.8809,17.322,4.13548e-06,3.13737,6.84699,9.9506,12.2711,13.9163,14.9853,15.7783,16.4246,16.9695,17.3687,	20,15.8563,14.8041,14.9008,15.3388,15.6999,15.7428,15.4463,14.9685,14.2528,13.5378,2.14869,10.7085,12.8422,13.242,12.8289,12.5148,12.3923,12.574,13.4126,13.9631,13.5535,	
1.13694e-08,5.9814,9.66203,12.0259,13.182,14.1938,15.1083,15.7375,16.371,16.8853,17.327,4.04005e-06,3.1025,6.84836,9.90186,12.2317,13.9057,15.0123,15.7899,16.409,16.9614,17.3995,	20,15.856,14.8137,14.9351,15.3613,15.7176,15.7557,15.4713,14.9766,14.2664,13.4496,2.14869,10.7512,12.8806,13.2643,12.7836,12.5249,12.4536,12.4979,13.4583,13.8989,13.5264,	
1.07479e-08,5.90942,9.59666,12.0205,13.2027,14.2349,15.0738,15.764,16.3878,16.9003,17.3471,3.96059e-06,3.06587,6.82566,9.94926,12.2178,13.9025,15.0267,15.7944,16.4119,16.9478,17.4506,	20,15.8556,14.8346,14.9666,15.4058,15.6888,15.7702,15.4898,14.9553,14.2803,13.5374,2.13805,10.7592,12.8358,13.2423,12.7887,12.5184,12.4784,12.4173,13.4562,13.9304,13.556,	
1.02997e-08,6.0831,9.62311,12.0507,13.1627,14.2248,15.069,15.7722,16.413,16.871,17.3446,3.91548e-06,3.08934,6.81322,9.94027,12.2014,13.8928,15.0117,15.7809,16.4536,16.9543,17.4216,	20,15.8555,14.8443,14.9846,15.4353,15.73,15.8163,15.537,14.9877,14.2575,13.4689,2.12409,10.7189,12.8351,13.2114,12.8094,12.5671,12.5087,12.4726,13.4717,13.9616,13.5022,	
9.97086e-09,6.19105,9.62714,12.1175,13.2164,14.2153,15.0721,15.7925,16.4096,16.9016,17.3764,3.89639e-06,3.10897,6.80113,9.94737,12.2167,13.9031,15.0138,15.8062,16.4541,16.9548,17.4623,	20,15.8555,14.8526,15.0025,15.4626,15.7599,15.8444,15.5636,15.0232,14.3127,13.5356,2.12409,10.7687,12.7966,13.2198,12.8048,12.5293,12.5063,12.5321,13.573,13.9403,13.5527,	
9.31939e-09,6.07557,9.55662,12.1206,13.1725,14.1897,15.0794,15.8038,16.3989,16.8999,17.3688,3.84654e-06,3.12513,6.78155,9.93555,12.2119,13.9163,15.0313,15.8343,16.4711,16.9409,17.4835,	20,15.8555,14.8676,15.0447,15.5044,15.8113,15.8681,15.5946,15.0443,14.2951,13.5305,2.10032,10.6789,12.7662,13.2254,12.8093,12.5141,12.4962,12.4759,13.5632,13.8613,13.5738,	
8.82715e-09,6.1067,9.50732,12.084,13.1891,14.1802,15.0647,15.7968,16.4268,16.8788,17.3715,3.77362e-06,3.10764,6.7711,9.89629,12.2083,13.9137,15.0342,15.8226,16.4672,16.9579,17.4643,	20,15.8556,14.8793,15.0651,15.5379,15.8551,15.86,15.5847,15.0439,14.2699,13.4912,2.08694,10.6655,12.7494,13.1907,12.8298,12.4855,12.5439,12.4034,13.5725,13.9145,13.5273,	
8.39149e-09,6.11748,9.55327,12.0667,13.1983,14.1853,15.0357,15.8134,16.451,16.8781,17.371,3.7321e-06,3.14051,6.73149,9.87745,12.1829,13.9012,15.0233,15.8335,16.4918,16.9644,17.4433,	20,15.8558,14.8886,15.0813,15.5419,15.8572,15.891,15.6161,15.0044,14.2868,13.5113,2.07705,10.6327,12.7495,13.1945,12.7995,12.5099,12.5368,12.4242,13.5997,13.8934,13.5397,	
8.14515e-09,6.20088,9.66354,12.0176,13.1646,14.1995,15.0574,15.8218,16.4633,16.917,17.372,3.67973e-06,3.13857,6.7281,9.88148,12.1678,13.8798,15.0238,15.8522,16.4851,16.9793,17.4536,	20,15.8561,14.9017,15.1023,15.5789,15.8844,15.9218,15.616,14.9881,14.3148,13.5349,2.06731,10.6334,12.7397,13.2196,12.8018,12.508,12.5393,12.4096,13.6438,13.9744,13.5638,	
7.67813e-09,6.17215,9.63678,12.0373,13.1855,14.1835,15.061,15.8551,16.4389,16.9116,17.4045,3.65124e-06,3.15956,6.71721,9.90606,12.1849,13.863,15.0188,15.8706,16.4929,16.9487,17.4786,	20,15.8564,14.9099,15.0925,15.6134,15.924,15.9379,15.6541,15.0283,14.3431,13.538,2.0545,10.6045,12.7273,13.1995,12.7883,12.4966,12.5296,12.4621,13.5796,14.013,13.5516,	
7.23071e-09,6.08814,9.59864,11.9769,13.2583,14.174,15.0771,15.8672,16.4322,16.9201,17.3947,3.58992e-06,3.14592,6.72118,9.86128,12.2077,13.8521,15.0182,15.8769,16.4909,16.9915,17.5056,	20,15.8575,14.9306,15.1299,15.646,15.9722,15.9775,15.685,15.0049,14.3226,13.6075,2.04189,10.5922,12.6986,13.1844,12.7863,12.4786,12.4787,12.4949,13.4888,13.9101,13.6376,	
6.97063e-09,6.15418,9.65797,11.9831,13.2952,14.2013,15.0648,15.886,16.4143,16.9399,17.4138,3.55722e-06,3.13548,6.72471,9.91087,12.2105,13.8671,15.0013,15.8752,16.4656,16.9935,17.5275,	20,15.8577,14.9263,15.1523,15.6719,15.987,16.0016,15.6388,15.0423,14.3733,13.622,2.02946,10.5401,12.6868,13.183,12.8116,12.5055,12.4942,12.514,13.5469,13.9791,13.6259,	
6.57094e-09,6.04429,9.52277,11.9955,13.2794,14.1952,15.0501,15.8946,16.4234,16.948,17.4229,3.51439e-06,3.14527,6.71837,9.88872,12.2263,13.8596,15.0055,15.8651,16.5032,17.0159,17.5217,	20,15.8582,14.9448,15.1672,15.713,16.0371,16.0199,15.6725,15.0849,14.3971,13.5408,2.00507,10.4696,12.6907,13.2156,12.8625,12.5096,12.4012,12.5297,13.5256,13.9792,13.5121,	
6.14115e-09,6.10384,9.53007,11.8686,13.3078,14.1615,15.068,15.8719,16.428,16.9153,17.4355,3.47759e-06,3.16156,6.71567,9.86869,12.2366,13.8395,14.9921,15.8629,16.4506,16.9791,17.5049,	20,15.8593,14.9621,15.2126,15.764,16.0886,16.0703,15.6939,15.0977,14.2923,13.439,1.99005,10.4708,12.6253,13.2042,12.8343,12.5314,12.463,12.5009,13.4663,13.9436,13.4752,	
5.87266e-09,6.01888,9.61585,11.8544,13.301,14.1964,15.0618,15.8406,16.4411,16.8887,17.4577,3.42105e-06,3.16505,6.67425,9.83247,12.2326,13.8554,14.9967,15.8682,16.4849,16.9807,17.523,	20,15.8603,14.985,15.2566,15.8111,16.1009,16.0844,15.7259,15.0273,14.2832,13.4745,1.97527,10.456,12.6315,13.1765,12.8061,12.5743,12.4634,12.4992,13.4637,13.9475,13.5019,	
5.65964e-09,6.09562,9.64967,11.8717,13.2898,14.2061,15.0621,15.8558,16.4733,16.9345,17.4204,3.34117e-06,3.14746,6.61724,9.8061,12.2036,13.8309,14.9866,15.8526,16.508,17.0053,17.48,	20,15.8626,14.996,15.2931,15.844,16.1295,16.0989,15.7174,15.0187,14.1939,13.4274,1.96654,10.4984,12.6369,13.2184,12.8163,12.5639,12.4657,12.5059,13.5315,13.9705,13.5013,	
5.44003e-09,6.01664,9.66441,12.0207,13.2917,14.1718,15.064,15.842,16.4591,16.914,17.4461,3.3071e-06,3.14245,6.62091,9.82623,12.2111,13.8364,14.9989,15.8684,16.4819,16.9963,17.5227,	20,15.8634,15.0075,15.3227,15.8795,16.1402,16.1307,15.7192,14.9744,14.2953,13.4755,1.95504,10.48,12.6129,13.2187,12.826,12.5612,12.4044,12.5595,13.5378,13.9993,13.4603,	
5.23825e-09,6.02003,9.67997,12.0001,13.3337,14.2233,15.0827,15.8707,16.4592,16.912,17.4504,3.29271e-06,3.14968,6.61812,9.84497,12.2252,13.8555,15.0124,15.8644,16.5022,16.9827,17.5474,	20,15.8638,15.0152,15.334,15.8943,16.1603,16.1503,15.7362,15.0225,14.3094,13.5438,1.94654,10.4585,12.6106,13.22,12.8399,12.5385,12.3831,12.593,13.5733,13.949,13.5727,	
5.0089e-09,6.02141,9.74602,12.0445,13.2784,14.155,15.1079,15.8468,16.4769,16.9395,17.451,3.24087e-06,3.14001,6.60031,9.82809,12.1769,13.8624,15.0176,15.873,16.5137,17.0039,17.5592,	20,15.8652,15.0279,15.3685,15.9311,16.203,16.1638,15.6891,15.0419,14.2971,13.5665,1.93815,10.4683,12.5932,13.2202,12.8293,12.5523,12.4425,12.5886,13.5463,13.9135,13.5923,	
4.8325e-09,6.07431,9.71877,12.11,13.2992,14.1612,15.1079,15.8376,16.4543,16.9264,17.4583,3.19937e-06,3.14889,6.57328,9.80024,12.1808,13.8495,15.0309,15.8695,16.5132,16.9911,17.5229,	20,15.8656,15.0375,15.3834,15.9584,16.2291,16.1858,15.6937,15.0533,14.3172,13.4972,1.92152,10.3958,12.5733,13.2298,12.8433,12.5213,12.4666,12.6273,13.6113,13.9091,13.5518,	
4.6638e-09,6.05274,9.79042,12.1201,13.3609,14.1382,15.1238,15.8411,16.444,16.9178,17.469,3.1767e-06,3.15016,6.58737,9.78731,12.1981,13.8355,15.034,15.8687,16.521,16.9908,17.5417,	20,15.8664,15.049,15.4004,15.9829,16.2575,16.1808,15.6971,15.0873,14.3344,13.5095,1.91878,10.3923,12.5745,13.1467,12.8639,12.5512,12.4708,12.6732,13.6183,13.9826,13.5413,	
4.50241e-09,6.07087,9.79599,12.1387,13.4184,14.1919,15.1116,15.8466,16.4743,16.947,17.4851,3.14549e-06,3.16217,6.5624,9.77786,12.1947,13.8459,15.0388,15.8627,16.5197,17.008,17.5438,	20,15.8675,15.0623,15.4174,16.0135,16.286,16.2033,15.7032,15.1221,14.3511,13.5111,1.90801,10.3609,12.5665,13.1522,12.8455,12.5278,12.5187,12.6644,13.675,14.0231,13.5258,	
4.33535e-09,6.06987,9.88972,12.1867,13.4251,14.1741,15.1002,15.8625,16.4826,16.9796,17.4623,3.10176e-06,3.16024,6.56697,9.72211,12.2106,13.8532,15.0419,15.881,16.5198,17.0397,17.58,	20,15.8683,15.0775,15.4465,16.0456,16.3218,16.2284,15.7234,15.114,14.3384,13.5373,1.90533,10.3722,12.5635,13.1648,12.8339,12.5476,12.4394,12.7771,13.7196,14.0212,13.5703,	
4.11213e-09,6.11681,9.86904,12.2673,13.3967,14.1922,15.1115,15.8491,16.4735,16.9864,17.451,3.06741e-06,3.16818,6.56416,9.73793,12.1781,13.8488,15.0411,15.8757,16.5188,17.0587,17.5479,	20,15.8705,15.1005,15.4823,16.0863,16.3594,16.2586,15.7413,15.1522,14.3418,13.5297,1.88688,10.3435,12.525,13.1478,12.8208,12.5201,12.4633,12.7949,13.701,13.9901,13.5744,	
3.96162e-09,6.21568,9.79672,12.2821,13.4223,14.2024,15.0881,15.8795,16.4705,16.9867,17.4006,3.03368e-06,3.17257,6.54983,9.72949,12.1664,13.8332,15.0407,15.8662,16.5299,17.0652,17.5109,	20,15.8724,15.1273,15.5157,16.1231,16.3912,16.2814,15.7722,15.1531,14.3179,13.5022,1.86874,10.2936,12.5231,13.1611,12.8194,12.5404,12.4175,12.8144,13.6263,14.0465,13.5271,	
3.76578e-09,6.175,9.89938,12.2382,13.3919,14.185,15.0685,15.8395,16.489,16.9917,17.3803,3.00063e-06,3.16529,6.57753,9.7259,12.1697,13.8386,15.0365,15.8697,16.5352,17.0861,17.5403,	20,15.8758,15.1542,15.5586,16.1646,16.4049,16.3101,15.7922,15.1607,14.3468,13.4672,1.85853,10.302,12.5194,13.1422,12.7645,12.5547,12.4005,12.8429,13.6206,14.0349,13.4923,	
3.61524e-09,6.09825,9.96922,12.2279,13.4422,14.2111,15.0691,15.862,16.4932,17.0029,17.4049,2.9601e-06,3.1563,6.56892,9.73148,12.1701,13.8379,15.0248,15.8635,16.547,17.0861,17.4922,	20,15.8777,15.1772,15.5859,16.2016,16.4409,16.3103,15.8022,15.1345,14.3416,13.4849,1.856,10.3283,12.5186,13.1326,12.7848,12.5298,12.4426,12.8007,13.631,14.038,13.5401,	
3.49517e-09,6.15835,9.93377,12.2539,13.4309,14.2278,15.1001,15.8522,16.4914,16.9972,17.4501,2.94811e-06,3.17128,6.57168,9.76771,12.1657,13.8472,15.0225,15.8725,16.5478,17.0791,17.5202,	20,15.879,15.1886,15.6087,16.2147,16.4642,16.3289,15.8228,15.124,14.3686,13.5524,1.8485,10.3027,12.5115,13.134,12.8045,12.5037,12.4354,12.8236,13.7018,14.0252,13.5792,	
3.3483e-09,6.16595,9.91555,12.2764,13.4426,14.2253,15.0739,15.8327,16.4629,17.0217,17.4819,2.90107e-06,3.17179,6.56761,9.7331,12.1662,13.8457,15.0017,15.8583,16.5011,17.0816,17.5704,	20,15.8812,15.2156,15.6496,16.2286,16.4925,16.3589,15.7863,15.1364,14.3406,13.5249,1.83121,10.2473,12.5063,13.1397,12.8211,12.5049,12.4743,12.8614,13.7268,13.9837,13.5841,	
3.29075e-09,6.22418,9.9756,12.3231,13.4923,14.2713,15.0427,15.8485,16.479,17.025,17.4714,2.88565e-06,3.16418,6.56954,9.76446,12.1757,13.8491,15.0092,15.8693,16.5183,17.0993,17.544,	20,15.8821,15.2232,15.658,16.2454,16.5074,16.3706,15.7872,15.164,14.4019,13.5765,1.82147,10.204,12.5105,13.1206,12.8325,12.4749,12.4989,12.9307,13.7878,14.0759,13.5754,	
3.18792e-09,6.33211,9.98125,12.2951,13.5002,14.263,15.0404,15.832,16.4678,17.045,17.5044,2.86663e-06,3.17027,6.57832,9.76711,12.202,13.872,14.9945,15.8662,16.5229,17.1013,17.579,	20,15.8839,15.2384,15.6735,16.2638,16.5268,16.3867,15.7917,15.193,14.4142,13.5899,1.81907,10.2229,12.5218,13.1241,12.8254,12.4754,12.5102,12.9498,13.787,14.0858,13.624,	
3.05671e-09,6.29831,9.9929,12.3795,13.4881,14.2743,15.0285,15.8331,16.4856,17.0425,17.5024,2.8441e-06,3.18612,6.57019,9.7612,12.1914,13.8824,14.9952,15.8439,16.5231,17.097,17.5993,	20,15.8858,15.2516,15.6965,16.2953,16.5593,16.4039,15.7985,15.2275,14.4344,13.6046,1.81431,10.2305,12.5131,13.1352,12.8292,12.5164,12.4654,12.9211,13.7337,14.0914,13.6261,	
2.93551e-09,6.26107,10.0602,12.32,13.5017,14.2628,15.0637,15.8576,16.4687,17.0125,17.5268,2.80361e-06,3.17101,6.57686,9.7591,12.1704,13.8932,14.9982,15.8444,16.5142,17.1035,17.6164,	20,15.8892,15.2782,15.7361,16.338,16.5904,16.384,15.7906,15.2219,14.4379,13.5932,1.7978,10.1925,12.5201,13.1307,12.8292,12.5197,12.5359,12.898,13.7839,14.0421,13.6118,	
2.84197e-09,6.28435,10.0613,12.3499,13.5512,14.2658,15.1027,15.8583,16.4906,17.0416,17.5442,2.78911e-06,3.18774,6.55953,9.76561,12.1833,13.8941,15.0156,15.8689,16.5067,17.1007,17.6283,	20,15.8908,15.2839,15.7515,16.3688,16.6176,16.3852,15.8208,15.2354,14.4721,13.6081,1.79315,10.1666,12.4728,13.1333,12.8605,12.5669,12.5935,12.8843,13.7768,14.1333,13.6387,	
2.70275e-09,6.27625,10.0098,12.4124,13.5826,14.2514,15.0885,15.8384,16.4905,17.0234,17.5136,2.76765e-06,3.20245,6.56187,9.74351,12.1912,13.9087,15.0044,15.8767,16.5287,17.0925,17.6214,	20,15.8959,15.2994,15.7768,16.404,16.6224,16.3905,15.8554,15.2549,14.4197,13.5888,1.77934,10.1369,12.4446,13.1373,12.8528,12.5526,12.6357,12.8879,13.8198,14.0905,13.6117,	
2.62112e-09,6.28935,10.082,12.4318,13.5679,14.2476,15.0673,15.8818,16.4866,17.057,17.497,2.75e-06,3.21217,6.56437,9.74216,12.1879,13.9127,15.0123,15.8827,16.5397,17.1052,17.5919,	20,15.9006,15.3184,15.8038,16.4273,16.642,16.4096,15.8808,15.2443,14.469,13.603,1.7748,10.1815,12.4261,13.1334,12.7987,12.5338,12.6757,12.8667,13.814,14.1664,13.6169,	
2.53591e-09,6.34103,10.0651,12.3787,13.5756,14.2544,15.0673,15.8911,16.4265,17.0697,17.503,2.72221e-06,3.20148,6.58006,9.71909,12.2093,13.8938,15.0152,15.8935,16.5223,17.1281,17.6003,	20,15.9016,15.3317,15.8294,16.4581,16.669,16.4054,15.9046,15.2579,14.4344,13.6102,1.76356,10.117,12.4329,13.156,12.8138,12.5151,12.6674,12.8701,13.8463,14.146,13.6479,	
2.42635e-09,6.41589,10.0562,12.35,13.5585,14.2764,15.0385,15.8883,16.415,17.0573,17.5393,2.67113e-06,3.18385,6.55697,9.7118,12.2087,13.877,15.0108,15.8718,16.4771,17.1418,17.6219,	20,15.9044,15.349,15.867,16.4947,16.7,16.4347,15.8955,15.2598,14.3652,13.5768,1.7591,10.107,12.4128,13.1511,12.804,12.5709,12.707,12.8568,13.8393,14.1377,13.5972,	
2.33091e-09,6.42913,10.1307,12.3225,13.5609,14.2806,15.042,15.9021,16.4604,17.0735,17.5398,2.65444e-06,3.20265,6.56277,9.72095,12.2065,13.8694,15.0076,15.8762,16.4814,17.1251,17.6202,	20,15.9072,15.3606,15.8963,16.5308,16.7253,16.4356,15.9248,15.2811,14.4228,13.6086,1.74811,10.0911,12.4131,13.1461,12.7808,12.5782,12.668,12.8822,13.8076,14.1379,13.65,	
2.26789e-09,6.45854,10.1965,12.327,13.6044,14.2873,15.0542,15.8994,16.4526,17.0592,17.5688,2.62809e-06,3.19684,6.5544,9.72462,12.2194,13.8728,15.0103,15.864,16.4977,17.0938,17.6223,	20,15.9095,15.3721,15.9172,16.5515,16.7452,16.4156,15.9515,15.2847,14.4441,13.5984,1.74376,10.0993,12.3684,13.1338,12.7964,12.5802,12.6908,12.9253,13.8229,14.1784,13.6553,	
2.2097e-09,6.49444,10.188,12.3624,13.5655,14.2929,15.0786,15.8851,16.4762,17.0437,17.542,2.59253e-06,3.16711,6.55233,9.74916,12.2093,13.8671,14.9922,15.8745,16.5115,17.0974,17.6035,	20,15.9123,15.3875,15.9415,16.5691,16.7652,16.4386,15.9572,15.2881,14.4186,13.5818,1.73515,10.0938,12.3532,13.1113,12.8178,12.5969,12.6776,12.9316,13.8297,14.2261,13.6315,	
2.12179e-09,6.49134,10.209,12.349,13.5749,14.2731,15.092,15.8709,16.4667,17.0507,17.5611,2.57979e-06,3.16883,6.60266,9.75208,12.197,13.8766,14.9991,15.8824,16.5125,17.1152,17.6324,	20,15.9141,15.4048,15.9715,16.5955,16.7834,16.437,15.9781,15.3043,14.4583,13.6763,1.73089,10.0948,12.3577,13.1294,12.8025,12.5579,12.6511,12.9466,13.787,14.1534,13.6892,	
2.03795e-09,6.41505,10.2077,12.3818,13.6467,14.2771,15.0605,15.8618,16.4651,17.0427,17.5496,2.55468e-06,3.16377,6.60199,9.7447,12.2269,13.8836,15.0069,15.8894,16.5137,17.1065,17.6462,	20,15.9153,15.4144,15.9913,16.6158,16.8075,16.4673,16.0035,15.2918,14.4713,13.7058,1.72245,10.0437,12.3605,13.0978,12.7755,12.6113,12.6768,12.936,13.7121,14.144,13.7225,	
1.94831e-09,6.28321,10.2427,12.3044,13.6358,14.283,15.0967,15.8694,16.4773,17.048,17.5634,2.5392e-06,3.17375,6.6131,9.74395,12.2381,13.8753,15.016,15.8899,16.4954,17.1111,17.6401,	20,15.9178,15.4336,16.0197,16.64,16.8286,16.4701,16.0003,15.3154,14.5101,13.698,1.71411,10.0076,12.3565,13.1109,12.7773,12.5877,12.6553,12.899,13.683,14.1343,13.727,	
1.86535e-09,6.21387,10.2719,12.3466,13.6657,14.3295,15.1025,15.8602,16.4699,17.0233,17.5521,2.52695e-06,3.17813,6.61154,9.78135,12.2367,13.8823,15.0211,15.879,16.5168,17.076,17.6283,	20,15.9197,15.4471,16.0397,16.6641,16.8288,16.4916,16.0025,15.3439,14.512,13.7235,1.70585,9.97688,12.3359,13.1135,12.7715,12.5497,12.7111,12.8422,13.6766,14.1393,13.752,	
