Prob_forager_death	Prob_recipients_death	Prob_gamma_stop		Av_return_0		Av_return_1	
0	0	0	0	0	
0.000674	0.000146	0.166902	1.10311	1.10311	
0.001368	2e-06	0.166571	1.47718	1.47718	
0.001318	0	0.167569	1.50244	1.50244	
0.001375	0	0.167208	1.51462	1.51462	
0.001353	0	0.166702	1.52069	1.52069	
0.001376	0	0.166589	1.52665	1.52665	
0.001398	0	0.165854	1.53065	1.53065	
0.001415	0	0.165976	1.5351	1.5351	
0.001382	0	0.166924	1.52724	1.52724	
0.001349	0	0.166448	1.53299	1.53299	
0.001385	0	0.166629	1.53281	1.53281	
0.001376	0	0.165678	1.53729	1.53729	
0.001401	0	0.166643	1.52683	1.52683	
0.001421	0	0.166305	1.53203	1.53203	
0.001372	0	0.1671	1.52491	1.52491	
0.001441	0	0.166871	1.5257	1.5257	
0.001384	0	0.166881	1.52621	1.52621	
0.001427	0	0.165712	1.53917	1.53917	
0.00134	0	0.166899	1.52987	1.52987	
0.001405	0	0.167116	1.52973	1.52973	
