Prob_forager_death	Prob_recipients_death	Prob_gamma_stop		Av_return_0		Av_return_1	
0	0	0	0	0	
8e-05	4.9e-05	0.316468	0.556149	0.556149	
0.000215	2e-06	0.316206	0.797072	0.797072	
0.000211	1e-06	0.317067	0.823543	0.823543	
0.000224	0	0.31635	0.837106	0.837106	
0.000208	0	0.316472	0.843744	0.843744	
0.000199	0	0.315637	0.850419	0.850419	
0.000203	0	0.315644	0.8502	0.8502	
0.000189	0	0.31572	0.853983	0.853983	
0.000225	0	0.316838	0.848049	0.848049	
0.000211	0	0.316452	0.850706	0.850706	
0.00022	0	0.316568	0.852381	0.852381	
0.000233	0	0.315337	0.856945	0.856945	
0.000208	0	0.316007	0.853122	0.853122	
0.000195	0	0.315773	0.852675	0.852675	
0.000189	0	0.317497	0.844853	0.844853	
0.000205	0	0.316597	0.852558	0.852558	
0.000189	0	0.316117	0.853733	0.853733	
0.000208	0	0.314997	0.858435	0.858435	
0.000226	0	0.317272	0.85066	0.85066	
0.000216	0	0.317231	0.851027	0.851027	
