Prob_forager_death	Prob_recipients_death	Prob_gamma_stop		Av_return_0		Av_return_1	
0	0	0	0	0	
0.036	0.003628	0.003498	14.6758	14.6758	
0.037809	7e-05	0.003453	16.3498	16.3498	
0.037705	3.5e-05	0.003373	16.5745	16.5745	
0.037003	2.8e-05	0.00338	16.8618	16.8618	
0.036733	2.1e-05	0.003455	16.982	16.982	
0.036548	1.2e-05	0.003443	17.1103	17.1103	
0.036322	4e-06	0.003406	17.2369	17.2369	
0.03625	9e-06	0.003402	17.3021	17.3021	
0.03602	6e-06	0.003614	17.3181	17.3181	
0.035958	5e-06	0.003592	17.3794	17.3794	
0.035906	5e-06	0.003415	17.4695	17.4695	
0.036068	5e-06	0.003416	17.4428	17.4428	
0.03568	4e-06	0.003519	17.5263	17.5263	
0.035763	2e-06	0.003462	17.5539	17.5539	
0.035653	1e-06	0.003439	17.5894	17.5894	
0.035678	1e-06	0.003428	17.5999	17.5999	
0.035645	1e-06	0.003535	17.5758	17.5758	
0.035789	2e-06	0.003434	17.5613	17.5613	
0.03571	1e-06	0.003573	17.5319	17.5319	
0.03554	2e-06	0.003426	17.6399	17.6399	
