Prob_forager_death	Prob_recipients_death	Prob_gamma_stop		Av_return_0		Av_return_1	
0	0	0	0	0	
0.049766	0.00487	0.006459	11.4912	11.4912	
0.056772	1.4e-05	0.006365	12.1322	12.1322	
0.056291	4e-06	0.00636	12.2796	12.2796	
0.055948	0	0.006327	12.3827	12.3827	
0.055706	4e-06	0.006378	12.443	12.443	
0.055538	1e-06	0.006411	12.4889	12.4889	
0.055507	0	0.00632	12.5387	12.5387	
0.055172	0	0.006334	12.603	12.603	
0.055343	0	0.006561	12.5465	12.5465	
0.054896	0	0.006602	12.6192	12.6192	
0.055011	0	0.006357	12.6555	12.6555	
0.054957	0	0.006391	12.6605	12.6605	
0.054872	0	0.006503	12.6649	12.6649	
0.054864	0	0.006432	12.678	12.678	
0.054746	0	0.00634	12.7202	12.7202	
0.054848	0	0.006402	12.6935	12.6935	
0.054737	0	0.006552	12.6874	12.6874	
0.054904	0	0.006309	12.7114	12.7114	
0.054813	0	0.006483	12.6985	12.6985	
0.0548611	0	0.00637201	12.7103	12.7103	
