Prob_forager_death	Prob_recipients_death	Prob_gamma_stop		Av_return_0		Av_return_1	
0	0	0	0	0	
0.043314	0.004506	0.023594	9.57232	9.57232	
0.050574	1e-06	0.02321	10.3569	10.3569	
0.05032	0	0.023298	10.4385	10.4385	
0.049891	0	0.023152	10.5331	10.5331	
0.049815	0	0.023271	10.5453	10.5453	
0.049817	0	0.023079	10.5771	10.5771	
0.049825	1e-06	0.023175	10.5662	10.5662	
0.049357	0	0.023241	10.6033	10.6033	
0.049249	0	0.023589	10.5737	10.5737	
0.049469	0	0.023516	10.5603	10.5603	
0.049569	0	0.023272	10.5854	10.5854	
0.04957	0	0.023142	10.6058	10.6058	
0.049609	0	0.023275	10.5797	10.5797	
0.049585	0	0.022953	10.6234	10.6234	
0.049029	0	0.023356	10.6284	10.6284	
0.049149	0	0.023513	10.589	10.589	
0.049695	0	0.023316	10.5681	10.5681	
0.049693	0	0.022974	10.6141	10.6141	
0.049469	0	0.023286	10.5978	10.5978	
0.049324	0	0.023128	10.6293	10.6293	
