Prob_forager_death	Prob_recipients_death	Prob_gamma_stop		Av_return_0		Av_return_1	
0	0	0	0	0	
0.062355	0.006038	0.023109	8.4186	8.4186	
0.077874	1e-06	0.022568	8.6885	8.6885	
0.078447	0	0.022624	8.70021	8.70021	
0.07885	0	0.022441	8.71777	8.71777	
0.079048	0	0.022543	8.72106	8.72106	
0.07924	0	0.022457	8.73091	8.73091	
0.07938	0	0.022455	8.73624	8.73624	
0.079505	0	0.022469	8.73312	8.73312	
0.07938	0	0.022811	8.72328	8.72328	
0.079498	0	0.022733	8.72764	8.72764	
0.079713	0	0.022497	8.73741	8.73741	
0.079778	0	0.022378	8.74948	8.74948	
0.079778	0	0.022505	8.74252	8.74252	
0.079952	0	0.022248	8.75405	8.75405	
0.079764	0	0.022564	8.74426	8.74426	
0.079769	0	0.022799	8.72499	8.72499	
0.079947	0	0.022498	8.73909	8.73909	
0.080088	0	0.022247	8.75174	8.75174	
0.079964	0	0.022566	8.73504	8.73504	
0.0798771	0	0.022478	8.75347	8.75347	
