Prob_forager_death	Prob_recipients_death	Prob_gamma_stop		Av_return_0		Av_return_1	
0	0	0	0	0	
0.020014	0.002695	0.163222	3.29849	3.29849	
0.030089	0	0.161836	4.07976	4.07976	
0.030296	0	0.162705	4.10924	4.10924	
0.030656	0	0.16233	4.1359	4.1359	
0.030631	0	0.161868	4.16478	4.16478	
0.030822	0	0.161594	4.17741	4.17741	
0.030949	0	0.160897	4.19907	4.19907	
0.031196	0	0.160944	4.19438	4.19438	
0.03088	0	0.161948	4.17844	4.17844	
0.030988	0	0.161521	4.18942	4.18942	
0.030918	0	0.161659	4.18922	4.18922	
0.031268	0	0.160671	4.20762	4.20762	
0.030918	0	0.161674	4.19077	4.19077	
0.031128	0	0.161428	4.19226	4.19226	
0.030741	0	0.162217	4.18169	4.18169	
0.030944	0	0.161994	4.1824	4.1824	
0.030913	0	0.161926	4.18529	4.18529	
0.031321	0	0.160864	4.203	4.203	
0.030816	0	0.161878	4.18939	4.18939	
0.030883	0	0.16235	4.17493	4.17493	
