Prob_forager_death	Prob_recipients_death	Prob_gamma_stop		Av_return_0		Av_return_1	
0	0	0	0	0	
0.003482	0.000971	0.315135	1.4289	1.4289	
0.006728	0	0.314158	1.98751	1.98751	
0.006943	0	0.314912	2.0367	2.0367	
0.007111	0	0.314161	2.06767	2.06767	
0.007038	0	0.314331	2.08226	2.08226	
0.007124	0	0.313423	2.09889	2.09889	
0.007226	0	0.3135	2.10316	2.10316	
0.007209	0	0.313531	2.10688	2.10688	
0.007004	0	0.314737	2.1	2.1	
0.007006	0	0.314325	2.10583	2.10583	
0.00712	0	0.314329	2.10648	2.10648	
0.007245	0	0.313127	2.11806	2.11806	
0.007176	0	0.313822	2.11278	2.11278	
0.007182	0	0.313569	2.11588	2.11588	
0.007085	0	0.315339	2.1002	2.1002	
0.007207	0	0.314418	2.10818	2.10818	
0.007094	0	0.313959	2.11398	2.11398	
0.007317	0	0.312714	2.12411	2.12411	
0.006943	0	0.315089	2.10488	2.10488	
0.00714301	0	0.315113	2.10282	2.10282	
