k=0_act,k=1_act,k=2_act,k=3_act,k=4_act,k=5_act,k=6_act,k=7_act,k=8_act,k=9_act,k=10_act,k=0_wait,k=1_wait,k=2_wait,k=3_wait,k=4_wait,k=5_wait,k=6_wait,k=7_wait,k=8_wait,k=9_wait,k=10_wait,	k=0_act,k=1_act,k=2_act,k=3_act,k=4_act,k=5_act,k=6_act,k=7_act,k=8_act,k=9_act,k=10_act,k=0_wait,k=1_wait,k=2_wait,k=3_wait,k=4_wait,k=5_wait,k=6_wait,k=7_wait,k=8_wait,k=9_wait,k=10_wait,	
20,20,20,20,20,20,20,20,20,20,20,20,20,20,20,20,20,20,20,20,20,20,	20,20,20,20,20,20,20,20,20,20,20,20,20,20,20,20,20,20,20,20,20,20,	
18.2745,19.8255,19.6035,19.8816,19.4422,19.9826,19.6366,19.6864,19.7692,19.7762,19.5347,19.4075,20.0203,20.0542,20.0662,19.9857,20.1361,19.6832,19.7066,19.613,19.9866,19.5577,	20,20.0355,20.0711,20.1209,20.1304,20.067,20.2202,20.203,19.8263,18.1066,19.6284,19.4075,19.8947,19.8066,19.8089,19.9014,19.8,19.6266,19.7071,19.5133,18.0886,19.6647,	
16.9509,19.461,19.4068,19.8362,19.356,19.9342,19.3528,19.1161,19.1261,19.5812,19.0612,18.9271,20.0231,20.0706,20.0249,20.072,20.2326,19.6477,19.1981,19.2571,19.7228,19.0446,	20,20.0567,20.1407,20.2288,20.2697,20.249,20.2874,20.1924,19.299,16.0817,19.3375,19.0222,19.6899,19.7232,19.7293,19.715,19.6149,19.5495,19.4501,19.3425,16.0352,19.4483,	
15.2573,18.6614,19.1847,19.6771,19.3634,19.7959,19.183,18.9615,18.6068,19.1748,18.6995,18.3663,20.0006,20.0982,20.0846,20.1464,20.3193,19.2959,18.891,18.613,19.2341,18.7331,	20,20.0898,20.1962,20.3186,20.3884,20.3895,20.4227,20.1291,18.2371,14.3862,19.0044,18.1831,19.467,19.7263,19.6517,19.6401,19.432,19.3849,19.0032,19.1989,14.3636,18.8924,	
14.0814,18.1962,18.9166,19.5924,18.9746,19.6212,18.9958,18.8996,18.2474,18.5113,18.672,18.2745,19.9809,20.0655,20.1315,20.1856,20.2969,18.9219,18.8219,18.254,18.5065,18.6396,	20,20.134,20.2469,20.3896,20.5013,20.5596,20.5121,19.6894,17.1487,12.9931,18.8192,17.8222,19.4644,19.7237,19.4761,19.671,19.3209,19.0792,18.8927,18.8039,12.9779,18.8361,	
12.4229,17.5622,18.6968,19.2116,18.8882,19.4692,18.3589,18.6038,17.9641,18.0966,18.3402,17.7331,19.8917,20.086,20.1817,20.1633,20.4062,18.5321,18.5696,17.8756,18.2325,18.2765,	20,20.1683,20.3343,20.507,20.6518,20.6118,20.4096,19.1502,15.8882,11.8549,18.3812,17.2077,19.3274,19.5493,19.4161,19.4245,19.2062,18.9786,18.3865,18.1886,11.8806,18.4365,	
11.0148,16.8589,18.1839,18.9902,18.8696,19.4251,18.3433,18.0971,17.5107,17.6205,17.9691,17.7331,19.7967,20.0546,20.1914,20.2294,20.5133,18.5888,18.1808,17.6921,17.7166,17.8841,	20,20.1924,20.4294,20.6437,20.77,20.6366,20.2959,18.451,14.8849,10.7924,18.2225,16.8661,19.2051,19.3146,19.4597,19.443,19.0733,18.861,18.1281,17.4921,10.7445,18.0814,	
9.52458,15.8042,17.8306,18.548,18.6192,19.2678,18.2238,17.7105,17.4325,17.133,17.4321,17.036,19.7079,20.0186,20.1589,20.3466,20.508,18.2095,17.855,17.406,17.0518,17.5832,	20,20.2623,20.4589,20.7632,20.7167,20.7293,19.8612,17.4315,13.3933,9.78426,18.0952,15.7231,18.539,19.3354,19.3878,19.4841,18.9081,18.6898,17.9143,16.7917,9.82057,17.6969,	
8.65933,15.2194,17.1655,18.2322,18.4413,19.0283,18.1769,17.5443,16.9794,16.7168,17.0316,16.6979,19.61,19.9796,20.1469,20.3011,20.6176,18.1182,17.6408,17.2596,16.7531,17.1394,	20,20.2987,20.5281,20.7904,20.8407,20.7264,19.5505,16.7334,12.5651,9.09561,17.5015,14.9544,18.3508,19.1346,19.4749,19.205,18.8965,18.5493,17.5709,16.4624,9.09253,17.5902,	
7.99197,14.7629,16.9145,18.0655,18.375,18.9767,18.1854,17.3137,16.8073,16.3101,16.7072,16.2031,19.4582,19.9365,20.1277,20.3396,20.5801,18.1479,17.4308,16.666,16.4819,16.797,	20,20.3545,20.6116,20.9052,20.9452,20.652,19.0151,15.6316,11.7536,8.49486,17.2097,14.8052,18.3155,18.7783,19.4158,19.162,18.9845,18.5969,17.4531,16.0489,8.50584,17.3131,	
7.37604,14.0735,16.4331,17.7083,18.0692,18.917,17.9148,17.1853,16.5099,16.0667,16.3499,15.8021,19.3279,19.8598,20.1299,20.3378,20.5241,17.9981,17.1493,16.699,16.2211,16.2938,	20,20.4057,20.6964,21.013,21.0175,20.4922,18.4538,14.7982,10.9809,7.79498,17.1345,14.2233,18.1598,18.7121,19.069,19.1066,19.096,18.6283,17.0082,15.734,7.82185,17.0387,	
6.80757,13.5633,16.1613,17.3105,17.8841,18.8408,17.8433,16.7878,16.4819,15.8128,16.0866,15.4884,19.1677,19.7861,20.0971,20.2566,20.5772,17.9703,16.9661,16.3903,15.9314,16.0842,	20,20.4515,20.7631,21.097,21.0625,20.3189,17.8638,14.076,10.4088,7.44936,16.819,13.8712,18.1392,18.5568,19.0411,18.9847,18.9342,18.4328,16.6533,15.5721,7.47305,16.717,	
6.06629,12.7388,15.8201,17.1892,17.6775,18.7331,17.9455,16.8163,16.3001,15.5245,15.6249,15.181,18.9683,19.6716,19.9562,20.2968,20.5997,17.9613,16.8368,16.2632,15.6583,15.8131,	20,20.4988,20.9019,21.2076,21.0734,19.9421,17.3095,13.3982,9.80024,7.22986,16.3326,13.8019,18.0201,18.6962,18.5963,18.9465,18.6085,18.2509,16.4694,14.9853,7.25483,16.4138,	
5.74086,12.414,15.509,16.9431,17.5888,18.6326,17.6473,16.6303,16.1343,15.1924,15.4627,15.0295,18.877,19.5576,19.9162,20.2672,20.6216,17.7724,16.8084,16.1712,15.3358,15.6131,	20,20.5189,20.8403,21.2697,21.05,19.641,16.8286,12.8838,9.35323,6.85939,16.3696,13.6642,17.8369,18.7232,18.622,18.9644,18.4754,18.0274,16.4015,14.4942,6.83763,16.2035,	
5.32505,11.9581,15.2037,16.7505,17.3685,18.4707,17.5255,16.4513,16.0026,14.9592,15.474,14.8796,18.6545,19.3823,19.9335,20.2706,20.6428,17.6422,16.5995,15.9444,15.1036,15.4089,	20,20.5794,20.9393,21.3381,20.989,19.3592,16.3028,12.2866,8.90091,6.52797,16.1298,13.393,17.8746,18.6632,18.5978,18.8185,18.507,17.8995,16.0936,13.9668,6.48969,16.2007,	
4.49064,10.9519,14.5817,16.2555,17.0504,18.2572,17.3824,16.478,15.7666,14.7855,14.9127,14.3666,18.4089,19.1139,19.8411,20.2464,20.5693,17.6454,16.4759,15.7279,15.0208,14.7774,	20,20.6185,20.9454,21.318,20.7273,18.7742,15.3735,11.4528,8.29976,6.14301,15.8616,12.8665,17.6006,18.2302,18.4068,18.6447,18.3002,17.5834,15.8498,13.6256,6.15974,15.6387,	
4.20734,10.6334,14.3,16.0704,16.8266,17.917,17.432,16.3171,15.5176,14.6254,14.3741,14.011,18.256,18.896,19.7683,20.2601,20.6,17.5745,16.3153,15.7219,14.5375,14.4496,	20,20.6725,21.0458,21.3449,20.5849,18.2941,14.8371,10.9894,7.91268,5.74068,15.4,12.4853,17.5787,18.1249,18.3401,18.5373,18.3223,17.454,15.7452,13.2262,5.76085,15.4095,	
3.84436,10.1652,13.9669,15.6989,16.6728,17.7397,17.5083,16.1659,15.4294,14.3316,14.0841,13.6642,18.0201,18.7655,19.7201,20.1517,20.6023,17.719,16.1694,15.5069,14.3208,14.1849,	20,20.7342,21.0998,21.2574,20.4368,17.9421,14.288,10.5288,7.55405,5.61865,15.1256,12.1154,17.5616,18.0224,18.4358,18.3222,18.2334,17.0641,15.4605,12.8157,5.61838,15.157,	
3.56591,9.8221,13.553,15.4321,16.4068,17.4782,17.595,16.0034,15.1482,14.0353,13.7983,13.393,17.9514,18.5515,19.6361,20.0401,20.4746,18.0687,16.0939,15.1446,14.1771,13.8251,	20,20.7891,21.1732,21.2656,20.2299,17.5355,13.7286,10.0758,7.19899,5.45582,14.861,11.9346,17.4308,18.0049,18.5284,18.2043,18.1349,16.8186,15.1072,12.4686,5.44899,14.755,	
3.25826,9.37057,13.1761,15.2226,16.0931,17.2953,17.6805,15.8584,15.0148,13.8993,13.5378,13.0615,17.6954,18.4655,19.6061,19.9018,20.3722,17.7224,15.961,15.0977,13.9848,13.6104,	20,20.817,21.216,21.2587,20.0439,17.0918,13.3202,9.68983,6.92957,5.31233,14.5799,11.7565,17.1582,17.8672,18.5058,18.1793,17.8453,16.7097,14.5564,12.2616,5.32141,14.5043,	
2.81744,8.62389,12.6415,14.9041,15.8392,16.9981,17.6434,15.858,14.8442,13.7747,13.2363,12.6745,17.5829,18.102,19.3664,19.8916,20.3709,17.7235,15.9923,14.8687,14.0099,13.3277,	20,20.9057,21.2068,21.2008,19.6616,16.4303,12.6448,9.18774,6.69385,5.27562,14.2385,11.5231,17.0355,17.605,18.5381,18.0626,17.4729,16.4056,14.2831,11.7469,5.2771,14.1645,	
2.52326,8.28025,12.2307,14.5728,15.5391,16.8376,17.5191,15.965,14.7636,13.6752,13.0761,12.3608,17.3941,17.8673,19.035,19.8327,20.3133,17.6733,15.9306,14.7763,13.8881,13.1105,	20,20.9713,21.2937,21.1221,19.3369,15.8859,12.0976,8.81369,6.44456,5.14319,14.1148,11.3511,16.8936,17.7525,18.4022,17.8375,17.4196,16.0858,13.9371,11.3304,5.16762,13.9863,	
2.35226,8.04203,11.8289,14.249,15.2432,16.6217,17.627,15.7185,14.5333,13.5543,12.9959,11.9946,17.1357,17.5835,18.9169,19.6031,20.2502,17.6411,15.9691,14.5858,13.7383,12.9747,	20,21.0376,21.366,20.9831,18.915,15.2606,11.4971,8.36062,6.25322,5.02354,13.7984,11.0148,16.93,17.5549,18.2427,17.7134,17.2496,16.0836,13.6869,11.1948,5.04208,13.8144,	
2.18188,7.91354,11.4291,14.0133,15.1863,16.4436,17.6462,15.684,14.2993,13.3735,12.8194,11.7565,17.0063,17.5369,18.8119,19.5528,20.168,17.6287,15.6912,14.5374,13.5039,12.8767,	20,21.0622,21.2867,20.9264,18.7007,15.0116,11.2218,8.15178,6.17299,4.88626,13.6912,10.9049,16.9529,17.4713,17.9932,17.5797,17.1574,15.7616,13.2502,11.0537,4.88823,13.6278,	
2.01373,7.69873,10.9598,13.5862,14.9448,16.258,17.4832,15.5802,14.3375,13.2601,12.657,11.581,16.6792,17.3308,18.6006,19.3448,20.0666,17.655,15.56,14.3746,13.2563,12.7739,	20,21.0928,21.312,20.7879,18.2611,14.4286,10.6475,7.88707,6.01471,4.7016,13.3461,10.635,16.8195,17.5286,18.1303,17.6473,17.0626,15.4316,13.0719,10.7922,4.72795,13.2605,	
1.83079,7.42431,10.7946,13.2638,14.591,16.058,17.4725,15.4951,14.1239,13.1921,12.5445,11.0148,16.3782,17.1262,18.444,19.1986,19.9347,17.6561,15.503,14.1914,13.2145,12.6773,	20,21.1412,21.3348,20.5897,17.7821,13.8462,10.2169,7.57872,5.75755,4.6854,13.1656,10.4763,16.8168,17.2764,18.2607,17.5018,16.8541,14.9446,12.5965,10.737,4.69393,13.135,	
1.59106,6.91193,10.5591,13.052,14.3578,15.8155,17.467,15.4776,14.1315,12.8221,12.3379,10.5818,15.8845,16.9145,18.1815,19.02,19.8592,17.6238,15.5161,14.0933,12.9977,12.433,	20,21.1826,21.3472,20.3111,17.2261,13.2839,9.80451,7.27533,5.58179,4.40197,12.9518,10.3199,16.8725,17.4554,18.2322,17.2687,16.7645,14.6992,11.7982,10.3293,4.41313,12.8727,	
1.42493,6.69399,10.2526,12.7173,14.0593,15.5636,17.4215,15.4052,14.0518,12.7409,12.0388,10.4763,15.707,16.6012,18.052,18.8241,19.7578,17.5081,15.3449,14.0272,12.7846,12.0992,	20,21.2449,21.3362,20.073,16.8361,12.8309,9.5153,7.11402,5.48724,4.25889,12.7461,10.0645,16.9375,17.4366,18.112,17.0326,16.3048,14.3908,11.589,10.0313,4.27786,12.6321,	
1.34849,6.60407,10.0046,12.4232,13.877,15.2961,17.4698,15.2119,13.8231,12.5071,12.0564,10.2683,15.5322,16.5055,17.8511,18.7136,19.6422,17.5439,15.3216,13.9896,12.57,12.0755,	20,21.2717,21.3216,19.9127,16.5502,12.5667,9.29315,6.93671,5.42818,4.17375,12.6066,9.71748,16.7235,17.4908,17.9731,17.0442,16.2464,14.2095,11.3257,9.6493,4.17077,12.4993,	
1.23834,6.46069,9.52593,12.0395,13.652,15.1341,17.3683,15.2158,13.6709,12.5399,11.9856,9.9641,15.2693,16.3364,17.7149,18.4453,19.5318,17.6454,15.3287,13.7521,12.5825,12.0569,	20,21.3176,21.298,19.6895,16.1072,12.1698,9.03392,6.7833,5.33551,4.179,12.3904,9.52458,16.7053,17.4714,17.8762,16.786,16.0132,14.1491,10.9218,9.43766,4.20437,12.3636,	
1.09798,5.92013,9.2115,11.6742,13.4254,14.8771,17.482,15.1129,13.6058,12.3888,11.6579,9.66889,14.9571,16.1273,17.2619,18.2724,19.3898,17.5944,15.3621,13.5949,12.3487,11.6995,	20,21.3597,21.2317,19.3736,15.7122,11.8218,8.71508,6.63362,5.17864,3.9789,12.0074,9.10445,16.273,17.4977,17.82,16.8403,15.7004,13.6103,10.7589,9.02429,4.07208,12.0159,	
1.00325,5.62472,8.98682,11.4601,13.2082,14.7409,17.3041,15.0054,13.4728,12.1832,11.5493,9.52458,14.6196,15.9773,17.0585,18.2397,19.2029,17.4018,14.8964,13.5374,12.3248,11.5649,	20,21.3766,21.1848,19.182,15.3349,11.535,8.52413,6.53918,5.10889,3.7935,11.8292,8.8791,16.0397,17.5651,17.583,16.5668,15.4427,13.3255,10.4695,8.83294,3.83471,11.8546,	
0.903013,5.30523,8.82773,11.2437,12.9188,14.6075,16.9962,14.9981,13.2214,12.0631,11.3719,9.38243,14.3329,15.6758,16.8803,17.9503,19.088,17.2099,15.0156,13.3037,12.0163,11.4323,	20,21.3922,21.14,18.8328,14.8918,11.1668,8.27678,6.41546,4.92581,3.53422,11.7308,8.70285,15.8473,17.1716,17.5124,16.5659,15.1365,13.1792,10.3046,8.51639,3.53891,11.5795,	
0.804683,5.20556,8.5071,10.8568,12.5878,14.4613,16.9977,14.8584,13.2089,11.7074,11.4304,9.24239,14.1844,15.4621,16.666,17.443,18.9314,16.916,14.9084,13.1365,11.7909,11.4162,	20,21.4167,21.0571,18.5769,14.5355,10.8463,8.09951,6.24989,4.78143,3.42382,11.4186,8.65933,15.9224,17.0019,17.2766,16.3015,14.8721,12.7389,10.1516,8.23223,3.51171,11.4072,	
0.761515,5.18742,8.40621,10.6756,12.4367,14.2646,16.7446,14.6658,13.0968,11.5758,11.3509,8.96856,13.8893,15.3066,16.4621,17.2641,18.7369,16.7885,14.9027,13.1866,11.6496,11.3532,	20,21.4427,20.9533,18.2697,14.1779,10.5656,7.92476,6.09869,4.61883,3.28572,11.3106,8.48744,15.8655,16.9664,17.3142,16.2495,14.6174,12.5218,10.0352,7.95029,3.27651,11.2086,	
0.688875,5.03498,8.11294,10.3441,12.2158,14.0347,16.5063,14.5075,13.1167,11.4686,11.27,8.79053,13.766,15.0901,16.3318,17.2032,18.4185,16.5713,14.5558,13.2345,11.4275,11.1747,	20,21.4511,20.7726,18.0836,13.9435,10.3548,7.7713,5.96112,4.45969,3.23169,10.9123,8.36077,15.7103,16.8145,17.3223,16.0508,14.3652,12.1362,9.94847,7.70143,3.27102,10.9519,	
0.635784,4.79724,8.12814,9.992,11.9853,13.8517,16.5363,14.1782,13.1818,11.3683,10.9395,8.61604,13.5546,14.7762,16.0446,17.0344,18.169,16.4665,14.4482,13.375,11.3489,10.9691,	20,21.4628,20.629,17.7362,13.5635,10.0841,7.55913,5.83031,4.32405,3.07882,10.6927,8.03213,15.5954,16.914,17.1634,15.8499,14.2624,11.8457,9.77469,7.65054,3.08206,10.6036,	
0.601677,4.64962,7.99412,9.74528,11.7629,13.6623,16.3787,14.1259,13.1662,11.1459,10.7439,8.40278,13.3684,14.5962,15.8485,16.7784,17.9481,16.4695,14.5672,13.4432,11.3586,10.7296,	20,21.4644,20.5098,17.4186,13.2462,9.86179,7.42318,5.62887,4.2409,2.975,10.5289,7.79416,15.3057,17.038,17.0916,15.6542,14.1657,11.6046,9.65096,7.47508,3.00325,10.4283,	
0.538854,4.42173,7.76075,9.50172,11.4682,13.4374,16.3084,14.3071,13.1172,11.2547,10.5826,8.15383,13.1629,14.2918,15.5273,16.6177,17.7687,16.3002,14.3289,13.1027,11.5993,10.709,	20,21.3598,20.3575,17.0721,12.8825,9.5842,7.24252,5.50011,4.09344,2.89589,10.3082,7.56324,15.241,17.0112,16.8423,15.5231,13.9399,11.1204,9.36288,7.44673,2.92581,10.3524,	
0.492364,4.37471,7.55026,9.43884,11.2211,13.2494,16.0849,14.172,12.9681,11.3594,10.5871,8.03213,12.8443,14.1177,15.3629,16.3614,17.6677,16.0301,14.3291,13.1759,11.5126,10.6715,	20,21.357,20.1772,16.7206,12.5668,9.33631,7.10242,5.37948,4.03097,2.86012,10.0928,7.45035,15.2609,17.0406,16.7694,15.4198,13.5695,11.077,9.11031,7.34697,2.86357,10.1513,	
0.465951,4.46237,7.43761,9.39975,11.0728,13.1103,15.781,14.1542,12.9571,11.3246,10.4341,7.87269,12.561,13.9719,15.1729,16.1783,17.4367,15.9138,14.5457,12.8695,11.3249,10.4298,	20,21.3527,20.0896,16.4687,12.3252,9.15935,6.96611,5.25796,3.96583,2.73047,10.0736,7.33916,15.1899,16.9772,16.6044,15.2821,13.3521,10.9967,8.98431,7.11711,2.75569,9.98316,	
0.43875,4.50091,7.33499,9.34184,10.9211,12.8715,15.6758,14.2427,12.7413,11.1726,10.1512,7.79416,12.4435,13.8352,15.0492,16.0986,17.2261,15.844,14.4447,12.8601,11.2124,10.2224,	20,21.3497,20.0361,16.3424,12.1436,9.03624,6.87974,5.21092,3.91023,2.62259,9.89684,7.30246,15.1373,16.839,16.5215,15.0125,13.2651,10.8373,8.89249,6.99787,2.65671,9.87451,	
0.415213,4.40901,7.3676,9.22836,10.7275,12.6701,15.5993,14.219,12.6188,11.005,10.0757,7.63944,12.253,13.6283,14.8362,16.0368,17.1062,15.6935,14.5025,12.8349,10.9826,10.0424,	20,21.3366,19.8721,16.1036,11.9351,8.88113,6.73307,5.1276,3.83065,2.58759,9.70932,7.1575,15.1204,16.8659,16.5239,14.9685,13.024,10.6655,8.80814,6.82743,2.62586,9.60024,	
0.387074,4.37487,7.24358,9.15603,10.5563,12.3701,15.4959,14.1193,12.5439,10.8585,9.95975,7.52542,12.1209,13.5547,14.7173,15.9202,16.857,15.4822,14.1057,12.7357,11.1756,10.0968,	20,21.3214,19.7589,15.8982,11.7307,8.69384,6.62974,5.05307,3.74347,2.52828,9.49582,6.94544,14.9228,16.8594,16.4386,14.7357,12.9433,10.4058,8.47386,6.82146,2.53785,9.49144,	
0.357243,4.40559,6.98131,9.0292,10.3949,12.2004,15.2882,13.8024,12.6667,10.9323,10.0191,7.4131,11.8933,13.4102,14.3118,15.6663,16.68,15.3111,14.0844,12.7677,11.0092,10.0002,	20,21.1914,19.4825,15.5225,11.4321,8.49692,6.48788,4.90166,3.66821,2.5212,9.32886,6.80757,15.0146,16.8948,16.4371,14.549,12.6996,10.1732,8.35265,6.686,2.52467,9.29469,	
0.319942,4.14889,6.8296,8.80586,10.2076,12.0262,15.1797,13.8585,12.5733,10.8258,9.93566,7.08611,11.4471,13.2589,14.1317,15.461,16.4641,15.33,13.8327,12.5385,11.028,9.97249,	20,21.151,19.2121,15.1363,11.0727,8.31506,6.35871,4.80141,3.57198,2.45195,9.06176,6.60588,15.065,16.7978,16.1671,14.39,12.5422,9.99669,8.00318,6.50395,2.4968,9.0742,	
0.287976,4.00954,6.54499,8.5053,10.0675,11.8625,15.1726,13.6398,12.4084,10.9385,9.85411,6.80757,11.1358,12.9779,13.8765,15.3481,16.3503,15.343,13.6227,12.4744,10.9755,9.96128,	20,21.1025,18.8849,14.7301,10.7832,8.143,6.24012,4.71909,3.46636,2.43802,8.80561,6.34623,14.9275,16.8664,15.929,14.1221,12.3052,9.80046,7.93398,6.42748,2.45376,8.84997,	
0.261815,3.88656,6.52319,8.33195,9.89175,11.6377,15.1787,13.5005,12.3129,10.8495,9.71251,6.57285,10.9469,12.6886,13.7181,15.1121,16.1115,15.2029,13.7584,12.527,10.8345,9.73961,	20,21.064,18.6934,14.4674,10.5724,7.98818,6.13066,4.63186,3.42323,2.39218,8.65694,6.12741,14.744,16.7181,15.8471,14.0492,12.0978,9.74054,7.80032,6.22555,2.39208,8.66107,	
0.238031,3.89388,6.37919,8.24516,9.74135,11.4621,14.9737,13.5041,12.2081,10.7091,9.77189,6.41017,10.7928,12.3899,13.5763,15.0394,15.9812,15.0009,13.5085,12.3006,10.7856,9.73631,	20,21.0211,18.4506,14.1968,10.4007,7.85474,6.01893,4.58489,3.35218,2.2759,8.5805,5.97575,14.6386,16.5066,15.6157,13.8518,11.8431,9.65316,7.69143,6.05015,2.29076,8.57693,	
0.213177,3.78458,6.20583,8.07305,9.62577,11.2919,14.8252,13.4375,12.0903,10.6567,9.53658,6.28292,10.5889,12.1562,13.3266,14.8233,15.8697,15.0417,13.4923,12.1225,10.7221,9.50038,	20,20.9641,18.2541,13.8932,10.1826,7.69055,5.94274,4.53425,3.33446,2.24078,8.35607,5.82784,14.6416,16.4274,15.2513,13.5277,11.708,9.42308,7.56446,5.98475,2.25772,8.28636,	
0.193812,3.6751,6.1442,7.91081,9.44275,11.1585,14.7941,13.2976,11.8356,10.4685,9.39059,6.18915,10.3705,11.8985,13.1027,14.5639,15.7749,14.7996,13.408,11.8996,10.598,9.56505,	20,20.9198,18.0516,13.6525,10.0203,7.56679,5.85836,4.48082,3.28727,2.18747,8.21608,5.59877,14.3065,16.4222,15.0056,13.3258,11.4657,9.13314,7.38528,5.70352,2.18928,8.13814,	
0.174447,3.45187,6.01026,7.76284,9.27028,11.0485,14.4301,13.3161,11.6843,10.5102,9.3409,6.12741,10.1358,11.8185,12.9376,14.2809,15.5592,14.3386,13.427,11.9455,10.5784,9.52607,	20,20.8725,17.9135,13.4433,9.82854,7.44575,5.77153,4.40958,3.24514,2.07583,7.94945,5.46019,14.1139,16.2232,14.9016,13.1905,11.2368,8.94555,7.20332,5.65132,2.09188,7.97613,	
0.165089,3.54617,5.963,7.67234,9.09682,10.9126,14.2128,13.3392,11.7359,10.2675,9.40154,6.03596,9.96062,11.6787,12.7768,14.0797,15.3519,14.2283,13.3318,11.8797,10.3783,9.35805,	20,20.8319,17.7736,13.2745,9.65157,7.3631,5.71702,4.37553,3.16747,2.06281,7.82102,5.3518,14.0759,16.1515,14.8161,13.0338,11.0985,8.85146,7.08489,5.4504,2.07305,7.83831,	
0.153131,3.6325,5.9023,7.50463,8.91093,10.7966,14.1038,13.283,11.7338,10.2655,9.05684,5.94587,9.91652,11.3842,12.5156,13.7836,15.1617,14.1702,13.3276,11.8504,10.3881,9.11399,	20,20.7464,17.5456,13.0419,9.49989,7.25883,5.6443,4.30386,3.11583,1.98752,7.70678,5.21934,14.0583,15.9522,14.684,13.0071,10.9461,8.64536,6.94957,5.40945,2.00622,7.60834,	
0.140623,3.69308,5.95504,7.3087,8.79673,10.6145,14.0856,13.128,11.796,10.3154,8.91895,5.82784,9.79488,11.155,12.3083,13.5836,14.999,14.0857,13.3493,11.8826,10.375,8.98942,	20,20.6318,17.2494,12.7791,9.31915,7.15174,5.57734,4.24019,3.07759,1.9968,7.54852,5.09016,14.16,15.8452,14.6073,12.7557,10.7267,8.61508,6.84495,5.34379,1.99679,7.52164,	
0.131752,3.70848,5.92503,7.27551,8.65679,10.4748,13.8606,13.0687,11.7047,10.3511,8.75804,5.71216,9.67483,11.0143,12.0956,13.437,14.7801,13.7771,13.2001,11.775,10.3554,8.85515,	20,20.6077,17.0923,12.5971,9.20969,7.07499,5.51997,4.20133,3.02994,1.90359,7.42738,4.98911,13.9742,15.7879,14.434,12.598,10.5722,8.50531,6.66448,5.21149,1.92579,7.38344,	
0.116234,3.5836,5.86763,7.13926,8.56787,10.3282,13.6401,12.9542,11.4723,10.2922,8.68901,5.6269,9.51276,10.7315,11.9154,13.2762,14.5226,13.8765,13.0212,11.4991,10.3264,8.75435,	20,20.5299,16.8137,12.3258,8.99106,6.98109,5.42632,4.13111,2.96036,1.85478,7.34592,4.86563,13.6719,15.7167,14.1531,12.4096,10.5401,8.31404,6.52557,4.96389,1.84537,7.27314,	
0.107815,3.62259,5.81959,7.06902,8.46021,10.2406,13.405,12.9746,11.3839,9.98688,8.72381,5.48763,9.26791,10.525,11.6912,13.0587,14.3494,13.6767,13.1795,11.5545,9.99647,8.95428,	20,20.4301,16.4827,12.0315,8.82849,6.8761,5.35591,4.06548,2.88781,1.799,7.34592,4.7452,13.6212,15.5601,14.0128,12.3102,10.4666,8.15007,6.45363,4.78554,1.85049,7.13816,	
0.101014,3.72493,5.7646,7.01583,8.42941,10.1423,13.5389,12.9595,11.344,9.94654,8.65372,5.32505,9.07483,10.4171,11.4553,12.8339,14.1415,13.5275,12.8994,11.3035,10.0341,8.73387,	20,20.3397,16.2413,11.7944,8.68912,6.77964,5.28649,3.9864,2.84453,1.72846,7.25165,4.67437,13.688,15.5828,13.886,12.0769,10.2577,8.03016,6.42923,4.65668,1.74734,7.10773,	
0.0946412,3.78484,5.67558,6.8494,8.35124,10.0539,13.3468,12.6668,11.2226,10.0234,8.61083,5.27193,8.99522,10.3166,11.3445,12.7402,13.9617,13.3148,12.84,11.3435,10.1051,8.66444,	20,20.2763,16.0701,11.6691,8.60363,6.7213,5.23709,3.95587,2.81338,1.66576,7.19811,4.53588,13.355,15.4355,13.8706,11.9639,10.0739,7.95974,6.33968,4.72773,1.67349,7.06371,	
0.0856134,3.58786,5.68082,6.79917,8.28916,9.94035,13.2438,12.5817,11.2163,9.88716,8.59134,5.19324,8.85078,10.1245,11.1658,12.6022,13.7675,13.349,12.5879,11.239,9.83909,8.70517,	20,20.1292,15.7233,11.4671,8.49533,6.64743,5.17765,3.89458,2.74627,1.63722,7.04224,4.4015,13.3881,15.2573,13.6158,11.8084,9.97832,7.82494,6.24502,4.62597,1.64926,6.99044,	
0.081837,3.59867,5.58145,6.78406,8.27632,9.88334,12.9432,12.5192,11.2966,9.79295,8.60915,5.09016,8.79725,10.0091,11.0558,12.2872,13.5734,12.94,12.422,11.2682,9.81934,8.69821,	20,20.0439,15.6251,11.3021,8.3858,6.54112,5.12264,3.82541,2.71597,1.60752,6.80355,4.37949,13.4417,15.233,13.4574,11.6037,9.94656,7.80669,6.12213,4.59778,1.63058,6.83074,	
0.0759094,3.63515,5.57474,6.76494,8.04012,9.76133,12.7591,12.455,11.0713,9.67227,8.67491,5.01418,8.73045,9.85303,10.9046,12.1044,13.3741,12.6996,12.4788,11.2798,9.93562,8.61594,	20,19.9219,15.384,11.1412,8.27659,6.44438,5.06311,3.79299,2.67157,1.62626,6.71102,4.35759,13.4274,15.136,13.4149,11.4587,9.7825,7.68238,6.04548,4.54187,1.62647,6.73601,	
0.0697089,3.54473,5.59338,6.71229,7.97805,9.67903,12.586,12.2907,11.0464,9.73476,8.53535,4.98911,8.61404,9.67618,10.7399,11.9425,13.2135,12.5271,12.3049,11.1848,9.84675,8.51239,	20,19.8499,15.2389,10.9943,8.19027,6.3822,5.01112,3.76135,2.64536,1.5935,6.48418,4.27109,13.3118,14.948,13.3974,11.3611,9.62049,7.59818,5.9685,4.50083,1.59886,6.52358,	
0.0676436,3.63326,5.58525,6.75085,7.87382,9.60895,12.4666,11.9694,11.143,9.68286,8.4434,4.93935,8.58773,9.55525,10.6961,11.8152,13.0587,12.6242,11.9888,11.1945,9.77545,8.51437,	20,19.777,15.1256,10.8876,8.13428,6.34864,4.97878,3.72318,2.61755,1.55442,6.49108,4.20734,13.3057,14.9277,13.3596,11.3492,9.58301,7.45369,5.94272,4.45154,1.55251,6.45952,	
0.0636947,3.75646,5.53903,6.70113,7.83266,9.39963,12.337,11.8477,10.8588,9.76676,8.44606,4.7452,8.3627,9.4559,10.5133,11.5861,12.851,12.5413,11.9009,11.0021,9.833,8.50522,	20,19.6481,14.8846,10.6741,8.00225,6.24172,4.90878,3.6642,2.55493,1.52861,6.44011,4.12383,13.2795,14.8992,13.1277,11.2245,9.45879,7.34141,5.82258,4.33494,1.5456,6.39725,	
0.0550773,3.5895,5.40675,6.7227,7.75037,9.31914,12.2499,11.7905,10.9555,9.69971,8.61469,4.55868,8.10163,9.23373,10.392,11.3222,12.6776,12.4282,11.8068,11.0082,9.6844,8.58259,	20,19.4921,14.5653,10.3996,7.83961,6.15522,4.83437,3.60426,2.51374,1.56919,6.39985,4.02176,13.2392,14.7311,12.8356,11.0175,9.4406,7.19101,5.67038,4.21936,1.57753,6.32593,	
0.0521227,3.59686,5.35237,6.69232,7.71277,9.18583,12.1245,11.746,10.7611,9.60397,8.46561,4.4015,7.96803,9.16788,10.2411,11.2392,12.549,12.097,11.8028,10.9379,9.63595,8.47948,	20,19.2584,14.3301,10.2473,7.76538,6.10453,4.78952,3.5655,2.48598,1.48462,6.34811,3.86367,13.057,14.6891,12.7584,10.8598,9.32509,7.12607,5.61582,4.11525,1.49487,6.18855,	
0.0495744,3.41892,5.42129,6.71632,7.70825,9.09925,12.0812,11.5995,10.7904,9.60798,8.37947,4.29255,7.8821,9.03227,10.1341,11.1832,12.4367,12.0705,11.6178,10.7345,9.68333,8.41894,	20,19.1002,14.1325,10.1375,7.69436,6.06682,4.75416,3.54965,2.46977,1.43015,6.14655,3.82513,13.209,14.6699,12.7517,10.6561,9.19094,7.04007,5.56044,4.1148,1.43823,6.14975,	
0.0466804,3.39835,5.40811,6.7266,7.64624,9.01524,11.9111,11.4773,10.7162,9.42427,8.36807,4.20734,7.78651,8.88656,10.0578,11.0932,12.2802,11.9118,11.4578,10.7756,9.39752,8.45216,	20,19.02,13.9674,9.95852,7.59137,6.02475,4.71433,3.49747,2.4368,1.42164,6.08334,3.67478,12.8912,14.6172,12.5413,10.6016,9.08346,6.85555,5.54203,4.05251,1.42607,6.09752,	
0.042653,3.36329,5.39569,6.6514,7.56242,8.92339,11.8462,11.3379,10.6144,9.30596,8.30532,4.10321,7.67802,8.8131,9.96514,10.9737,12.0634,11.8832,11.5025,10.6609,9.42735,8.36616,	20,18.8447,13.8317,9.82114,7.48089,5.97296,4.6764,3.48168,2.3967,1.41185,5.96345,3.58382,12.7538,14.5543,12.2604,10.5649,9.00007,6.90545,5.46776,4.03699,1.4435,5.93048,	
0.0393658,3.29909,5.33417,6.64057,7.513,8.76476,11.7598,11.2356,10.4639,9.16012,8.27137,4.00165,7.57019,8.69,9.81178,10.8513,11.954,11.7664,11.4063,10.6212,9.22923,8.42215,	20,18.7639,13.6236,9.68452,7.42298,5.92747,4.63771,3.45468,2.35692,1.41674,5.9519,3.47764,12.5375,14.4957,12.0304,10.4259,8.93461,6.7444,5.36157,4.00553,1.42273,5.84538,	
0.0359695,3.19791,5.19456,6.54853,7.46347,8.68224,11.5306,11.1488,10.4356,9.12523,8.22158,3.94192,7.46703,8.58417,9.742,10.7464,11.7883,11.5694,11.2656,10.5698,9.29717,8.38769,	20,18.6377,13.449,9.58545,7.37396,5.88535,4.5651,3.43272,2.34362,1.43633,5.86318,3.40861,12.4805,14.2889,11.8068,10.4334,8.75436,6.73152,5.20836,3.98387,1.43313,5.78059,	
0.0338697,3.30923,5.23778,6.42746,7.4185,8.63253,11.404,11.0685,10.4281,9.0956,8.09989,3.84436,7.38297,8.43349,9.57461,10.6603,11.6169,11.3945,11.1242,10.6099,9.08898,8.18606,	20,18.4492,13.2143,9.46141,7.31319,5.83295,4.5203,3.41315,2.34653,1.37606,5.81384,3.35774,12.6091,14.1908,11.6723,10.3473,8.67957,6.5538,5.07944,3.90345,1.37996,5.71406,	
0.0306389,3.04098,5.29741,6.3539,7.33853,8.56968,11.208,10.9053,10.385,9.01574,8.08007,3.7118,7.23242,8.35016,9.50018,10.556,11.5018,11.1842,10.9984,10.4016,9.09235,8.07917,	20,18.3213,13.0383,9.38231,7.26303,5.78518,4.47412,3.35039,2.32162,1.34537,5.71551,3.19358,12.2655,14.0955,11.5513,10.1785,8.48753,6.51416,5.03957,3.82254,1.35051,5.65544,	
0.0282776,2.97397,5.35824,6.3033,7.27481,8.45824,11.0006,10.7295,10.1822,8.9059,7.97592,3.63812,7.07864,8.28318,9.46005,10.427,11.3926,11.1961,10.7745,10.2367,9.0639,8.02411,	20,18.1433,12.804,9.26002,7.21128,5.74585,4.45315,3.34398,2.31044,1.30379,5.59568,3.14591,12.2795,13.9348,11.566,10.0781,8.35123,6.39763,4.93978,3.75553,1.31284,5.488,	
0.0251984,2.88071,5.15474,6.31346,7.18115,8.35894,10.9868,10.6955,9.98736,8.95973,7.95737,3.60183,7.03328,8.19096,9.30005,10.3491,11.28,10.9799,10.7416,10.1269,8.92494,7.94948,	20,18.035,12.7029,9.19733,7.16021,5.70358,4.43037,3.3084,2.30582,1.28687,5.43112,3.08347,12.1811,13.8321,11.4428,9.72273,8.25345,6.26521,4.95555,3.6925,1.33157,5.44629,	
0.0232564,2.90018,5.11399,6.31181,7.12649,8.3016,10.9048,10.6644,10.0204,8.87313,7.85341,3.54808,6.91414,8.04912,9.28658,10.1821,11.1839,10.7863,10.6491,10.1069,8.90493,7.90285,	20,17.7777,12.5297,9.09064,7.09974,5.65885,4.40782,3.29141,2.30132,1.29313,5.33447,3.02226,12.3396,13.7277,11.4212,9.67469,8.13577,6.29668,4.8813,3.643,1.29832,5.31362,	
0.0199094,2.68361,4.99205,6.15119,7.05396,8.24817,10.7822,10.3662,9.85478,8.90571,7.77007,3.40861,6.7191,7.88151,9.11242,10.0321,11.077,10.9507,10.362,10.0306,8.9289,7.80103,	20,17.5219,12.2569,8.96393,7.01439,5.57743,4.35821,3.29045,2.27595,1.30867,5.22514,2.93272,12.379,13.4703,11.1897,9.53334,7.98152,6.22161,4.68729,3.50834,1.31576,5.17276,	
0.0182831,2.68705,4.94731,6.11938,6.99024,8.11207,10.7299,10.2375,9.81463,8.80915,7.62518,3.30762,6.57176,7.7568,9.04508,9.93856,10.9708,10.8199,10.2402,9.802,8.91996,7.71223,	20,17.2878,12.0648,8.80954,6.90066,5.54678,4.34149,3.23813,2.23951,1.27724,5.08851,2.86013,12.3572,13.2025,11.1653,9.46298,7.93372,6.14338,4.60883,3.49641,1.27994,5.04222,	
0.0170441,2.82203,4.95271,6.08075,6.93925,8.01392,10.6872,10.0571,9.70902,8.74753,7.63419,3.29108,6.50372,7.67037,8.94484,9.8724,10.9069,10.6451,10.1409,9.69376,8.82993,7.69497,	20,17.2452,11.9642,8.7513,6.8692,5.52257,4.32571,3.23771,2.23828,1.27989,4.97142,2.77539,12.065,13.0724,11.0834,9.35214,7.79315,6.0601,4.57503,3.42755,1.28575,4.95976,	
0.0157305,2.78821,4.81998,6.05824,6.754,7.96905,10.364,10.0167,9.64324,8.74001,7.57282,3.25826,6.46306,7.59816,8.85042,9.81579,10.8185,10.4459,10.0178,9.63942,8.81897,7.69813,	20,17.1595,11.876,8.69055,6.83649,5.49402,4.30923,3.2233,2.23072,1.23365,4.93319,2.65297,11.6396,13.0036,11.0187,9.1424,7.67022,6.04531,4.53099,3.38272,1.2344,4.86305,	
0.0145182,2.7632,4.88563,6.04843,6.70503,7.91111,10.1907,9.88018,9.54246,8.58566,7.69038,3.17761,6.33545,7.50058,8.75049,9.71296,10.7437,10.1361,9.95325,9.61856,8.71001,7.68325,	20,17.052,11.7673,8.59909,6.7911,5.46273,4.29085,3.20839,2.19968,1.14097,4.81888,2.65297,11.7752,12.9748,10.7505,9.10278,7.59112,5.98164,4.46959,3.37662,1.16428,4.84295,	
0.0131333,2.67492,4.83284,5.98606,6.73514,7.86621,10.035,9.88535,9.55106,8.43288,7.50445,3.09896,6.16017,7.42328,8.67434,9.67171,10.6707,10.1119,10.1256,9.55149,8.49742,7.54278,	20,16.9022,11.6073,8.52398,6.75086,5.43626,4.27717,3.18957,2.1577,1.14618,4.72927,2.6003,11.7758,12.8392,10.7096,9.00596,7.5057,5.93096,4.43658,3.30933,1.14782,4.66471,	
0.0123048,2.612,4.78395,5.96493,6.72524,7.78329,9.99227,9.91713,9.5276,8.43905,7.32556,3.03744,6.08411,7.33858,8.52956,9.5516,10.6195,10.0507,9.96946,9.50156,8.49432,7.4058,	20,16.7731,11.4634,8.44147,6.71229,5.41149,4.26083,3.16773,2.13015,1.11299,4.66271,2.54869,11.6304,12.7047,10.7226,8.95115,7.41405,5.87802,4.38272,3.30153,1.12633,4.62598,	
0.0114135,2.59726,4.73554,5.88034,6.65823,7.61836,9.90305,9.83844,9.41897,8.18929,7.39499,3.03744,6.0496,7.27207,8.43344,9.46556,10.4446,9.88292,9.8905,9.55558,8.21652,7.40729,	20,16.687,11.3931,8.39818,6.68415,5.39151,4.24518,3.15982,2.11935,1.12726,4.53898,2.46081,11.4159,12.5863,10.5153,8.84663,7.35759,5.80253,4.37498,3.24309,1.14751,4.50923,	
0.0104812,2.69576,4.65442,5.81657,6.62247,7.55139,9.68708,9.63481,9.34767,8.13118,7.37934,2.93272,5.96203,7.18592,8.30944,9.30605,10.3611,9.93487,9.69446,9.43584,8.16892,7.39704,	20,16.5372,11.2738,8.31126,6.63851,5.36159,4.2223,3.10353,2.10165,1.10953,4.45058,2.3999,11.2132,12.3793,10.4182,8.73326,7.27756,5.77217,4.2945,3.14748,1.11185,4.43553,	
0.00906321,2.53662,4.50704,5.70823,6.50652,7.48138,9.7939,9.44362,9.20257,8.18833,7.35973,2.84583,5.85335,7.05296,8.19895,9.21924,10.2312,9.7399,9.51291,9.27351,8.20214,7.36126,	20,16.2812,11.0733,8.22332,6.59319,5.33585,4.19471,3.07439,2.08407,1.10249,4.38712,2.2598,10.8444,12.0779,10.4616,8.65034,7.12054,5.7381,4.26933,3.12484,1.10565,4.27085,	
0.00840675,2.4398,4.49921,5.67181,6.37995,7.40451,9.68905,9.36432,9.1369,8.08256,7.22208,2.8316,5.77615,6.98457,8.13045,9.13795,10.1723,9.78541,9.43912,9.13458,8.24087,7.23216,	20,16.1764,10.9905,8.17993,6.57271,5.31885,4.17749,3.07521,2.07506,1.07669,4.24179,2.16012,10.5998,11.9121,10.3874,8.57102,7.03656,5.69684,4.22537,3.10823,1.08404,4.23579,	
0.00760484,2.49132,4.3636,5.52385,6.2252,7.2407,9.61353,9.31996,9.08867,8.06001,7.12664,2.77539,5.67311,6.9121,8.05679,9.04287,10.017,9.62752,9.40452,9.15802,8.08964,7.19554,	20,16.0924,10.8919,8.12302,6.53893,5.29186,4.15663,3.07316,2.04794,1.06695,4.18728,2.00366,9.99911,11.6714,10.2226,8.54782,6.96671,5.68123,4.18334,2.95482,1.07298,4.21127,	
0.00698365,2.55922,4.3329,5.43747,6.22251,7.1319,9.47491,9.25564,8.95074,7.92052,7.10354,2.69316,5.55547,6.83591,7.99472,8.94684,9.89475,9.56063,9.34112,9.08479,8.00187,7.08064,	20,15.9458,10.7871,8.06589,6.51101,5.27261,4.14206,3.06171,2.00579,1.03912,4.12016,1.93458,9.93299,11.4792,10.1793,8.47657,6.82754,5.64859,4.10262,2.93372,1.04428,4.08635,	
0.00616111,2.4757,4.28245,5.44778,6.13618,7.11288,9.50331,9.19366,8.95878,7.90564,7.07872,2.65297,5.3949,6.71941,7.8668,8.84411,9.88252,9.54765,9.21125,8.97746,8.06278,7.1203,	20,15.7589,10.6441,8.00359,6.47509,5.2485,4.11925,3.02133,1.99262,1.02731,4.09843,1.88669,9.99366,11.3512,10.1345,8.30099,6.73729,5.53067,3.97232,2.97474,1.03041,4.03701,	
0.00568628,2.40333,4.31239,5.44882,6.07253,7.04864,9.41505,9.14911,8.82307,7.96894,6.98942,2.56149,5.29071,6.66646,7.77301,8.71738,9.74147,9.47371,9.15707,8.85878,8.0039,7.1818,	20,15.6151,10.5314,7.94722,6.41538,5.1985,4.06547,3.00001,1.95964,1.00809,4.09843,1.85853,9.97486,11.2221,10.0563,8.31748,6.70022,5.52909,3.9304,2.93932,1.01422,3.98678,	
0.0050671,2.3147,4.16073,5.38583,6.02222,6.98409,9.37687,9.0517,8.7472,7.85734,7.04063,2.52326,5.16654,6.56521,7.72634,8.62367,9.60773,9.36447,9.04531,8.7501,7.97856,7.07277,	20,15.436,10.4177,7.90521,6.38965,5.17712,4.05188,2.97758,1.9615,1.01211,4.0196,1.80347,9.73665,11.0993,9.91219,8.20202,6.63209,5.44979,3.91033,2.85272,1.01581,3.91235,	
0.00458375,2.29535,4.1285,5.27702,5.98299,6.90872,9.203,8.87127,8.68496,7.91198,6.99649,2.4856,5.11373,6.44814,7.64455,8.54397,9.50716,9.28416,8.92689,8.72943,8.0738,7.04929,	20,15.2962,10.3428,7.86201,6.36248,5.15618,4.03441,2.96161,1.96629,0.996484,3.94715,1.74129,9.63278,10.9844,9.77971,8.08127,6.61409,5.3739,3.90842,2.83271,0.994801,3.91162,	
0.00412578,2.21465,4.08011,5.27988,5.94061,6.84085,9.22178,8.72187,8.43515,7.94535,6.99179,2.4485,5.06055,6.37109,7.56361,8.48906,9.39628,9.26944,8.79222,8.47648,7.96139,7.08967,	20,15.1391,10.255,7.81801,6.34006,5.14052,4.02188,2.93478,1.97291,1.00218,3.83844,1.70672,9.69599,10.789,9.64491,8.04033,6.53126,5.29224,3.8927,2.74699,1.0064,3.83638,	
0.00390445,2.31235,4.00861,5.28653,5.83191,6.78629,9.12853,8.67126,8.33616,7.87346,7.07195,2.3999,5.00026,6.29319,7.48198,8.43041,9.37638,9.18047,8.62983,8.34965,8.13238,7.19531,	20,14.9848,10.1701,7.78272,6.32217,5.12578,4.00822,2.92589,1.9593,0.996921,3.82629,1.67284,9.74978,10.762,9.62874,7.96046,6.41753,5.20104,3.95109,2.79845,1.00289,3.8293,	
0.003532,2.32091,4.03411,5.23316,5.78234,6.74314,9.05282,8.62969,8.21128,7.97616,7.07377,2.36408,4.91182,6.20473,7.41248,8.34432,9.30486,9.0533,8.6438,8.16745,7.96562,7.15816,	20,14.9079,10.0746,7.73776,6.29611,5.10627,3.99412,2.93162,1.95123,0.981252,3.77244,1.60709,9.39522,10.6491,9.57106,7.85671,6.37952,5.17331,3.85865,2.79187,0.988187,3.77888,	
0.00339317,2.41801,4.04262,5.21307,5.72098,6.59276,8.8463,8.52686,8.1027,7.88004,7.09221,2.31715,4.85523,6.15334,7.35775,8.26071,9.25477,8.92531,8.51965,8.18735,7.8346,7.11319,	20,14.7932,10.0021,7.7026,6.24567,5.06905,3.98392,2.90779,1.95773,0.975714,3.69897,1.52852,9.13387,10.5275,9.51039,7.88282,6.37634,5.07695,3.80208,2.82562,0.970769,3.69844,	
0.00311601,2.45985,4.08106,5.20423,5.73589,6.55667,8.72515,8.44974,8.08715,7.67591,7.04244,2.2598,4.79304,6.053,7.27689,8.15967,9.12031,8.70758,8.47303,8.08099,7.81592,7.1068,	20,14.6615,9.93729,7.66012,6.22209,5.05147,3.96508,2.88989,1.92972,0.966169,3.59972,1.49818,9.13365,10.4392,9.44508,7.78082,6.22563,5.05772,3.79031,2.83156,0.984018,3.61158,	
0.00294885,2.48191,4.06273,5.17614,5.72398,6.51779,8.56045,8.23617,7.95026,7.70935,7.02664,2.19285,4.73548,5.96624,7.22835,8.07438,9.08731,8.60009,8.43109,8.17353,7.6717,7.06246,	20,14.5137,9.85557,7.62158,6.20285,5.03935,3.95343,2.89768,1.91976,0.939838,3.55577,1.47582,9.23493,10.4197,9.36316,7.75832,6.09819,4.96257,3.78956,2.83057,0.938491,3.55293,	
0.00270631,2.54519,4.04482,5.10581,5.68772,6.46515,8.50396,8.21718,7.99263,7.635,6.94797,2.13167,4.67111,5.93923,7.16781,7.99913,8.96364,8.46697,8.25637,8.00668,7.62951,6.99679,	20,14.4964,9.80885,7.58032,6.15537,5.00565,3.94396,2.89964,1.90689,0.923181,3.49104,1.44107,9.03435,10.2868,9.30359,7.60721,6.14424,4.90529,3.75278,2.81929,0.941699,3.46671,	
0.00239484,2.41372,4.01295,5.0513,5.70415,6.41166,8.34403,8.16491,7.8592,7.55549,6.8835,2.06577,4.5467,5.84459,7.04262,7.97623,8.83908,8.50069,8.28741,7.88107,7.596,6.89311,	20,14.3807,9.69569,7.52834,6.12875,4.99058,3.92796,2.85655,1.89227,0.928744,3.41785,1.3465,8.7062,10.1118,9.20617,7.52283,6.12247,4.91664,3.6451,2.74292,0.937465,3.43045,	
0.00217815,2.43079,3.86055,5.05541,5.70165,6.39847,8.33566,8.17249,7.81157,7.41265,6.8776,1.99581,4.43415,5.79842,7.00166,7.87158,8.80251,8.37767,8.24224,7.87815,7.45544,6.9053,	20,14.2859,9.61709,7.493,6.11085,4.98011,3.91395,2.84014,1.88769,0.910954,3.41785,1.30069,8.56536,9.88004,9.19658,7.39889,6.10222,4.87638,3.61235,2.70997,0.911262,3.40484,	
0.00197361,2.38095,3.79922,4.99769,5.67967,6.35778,8.29663,8.09518,7.82518,7.34959,6.75854,1.8993,4.31576,5.72938,6.91918,7.84087,8.73713,8.36396,8.14809,7.88069,7.34885,6.80859,	20,14.1805,9.53102,7.45191,6.09352,4.96882,3.89892,2.83844,1.86359,0.921451,3.32944,1.27392,8.54481,9.81004,9.1038,7.3293,6.01787,4.74604,3.60278,2.67686,0.924813,3.32518,	
0.00183719,2.33049,3.8364,4.96837,5.63378,6.34816,8.20259,8.05302,7.81699,7.22592,6.73012,1.87697,4.28388,5.66848,6.88661,7.80261,8.68918,8.27668,8.10291,7.79385,7.31831,6.78908,	20,14.0517,9.4751,7.40176,6.06153,4.9603,3.86343,2.83182,1.87347,0.908839,3.29009,1.26882,8.71194,9.60112,9.1,7.30117,5.95918,4.78029,3.58878,2.5935,0.904725,3.28567,	
0.00172785,2.30831,3.83335,4.94709,5.64532,6.31131,8.15255,8.00981,7.78857,7.18077,6.73517,1.85551,4.24538,5.64553,6.83595,7.78187,8.62539,8.30261,8.01659,7.80377,7.22977,6.73211,	20,14.0106,9.44649,7.38632,6.0545,4.95162,3.85938,2.82657,1.87118,0.887887,3.27289,1.25434,8.62216,9.47427,9.04584,7.31287,5.94961,4.77755,3.60162,2.5524,0.888702,3.23466,	
0.00162252,2.3105,3.81342,4.94894,5.62719,6.28061,8.15264,7.96504,7.74588,7.2493,6.6697,1.81482,4.17298,5.58169,6.80084,7.75421,8.5742,8.23094,7.98185,7.74502,7.25136,6.69169,	20,13.906,9.38866,7.36344,6.04348,4.94046,3.85485,2.82345,1.85276,0.879278,3.22407,1.24038,8.69718,9.42563,8.96278,7.22681,5.87628,4.76107,3.59606,2.53012,0.881689,3.22998,	
0.00150995,2.27664,3.85258,4.9595,5.58013,6.2483,8.15079,7.97074,7.66235,7.26587,6.62425,1.7956,4.12474,5.52071,6.74267,7.71894,8.52731,8.20329,7.93717,7.71963,7.27378,6.65381,	20,13.8555,9.33799,7.34093,6.03242,4.93009,3.8503,2.81937,1.85201,0.885251,3.19076,1.22717,8.69169,9.38543,8.80413,7.2144,5.84196,4.69172,3.60747,2.53489,0.89303,3.20415,	
0.00144825,2.24397,3.89286,4.93599,5.53559,6.2105,8.1624,7.81859,7.63253,7.14917,6.59696,1.77063,4.09307,5.4896,6.70428,7.65036,8.5002,8.17508,7.98927,7.68153,7.15983,6.66259,	20,13.8188,9.30701,7.32104,6.02467,4.9233,3.8465,2.81337,1.84469,0.886954,3.1671,1.2102,8.55307,9.31758,8.67498,7.20851,5.8606,4.68202,3.6047,2.52696,0.889781,3.15343,	
0.0013906,2.24397,3.88541,4.93267,5.54257,6.21144,8.13134,7.91844,7.65936,6.98609,6.57084,1.75267,4.06099,5.46009,6.66745,7.57217,8.44472,8.20001,7.91721,7.70446,6.98128,6.60827,	20,13.736,9.26748,7.30618,6.01712,4.91597,3.84336,2.81672,1.84376,0.873213,3.14775,1.18595,8.52744,9.27361,8.6097,7.13355,5.84589,4.6765,3.61541,2.48727,0.872461,3.12532,	
0.00130201,2.25119,3.86195,4.90285,5.49104,6.19608,8.06739,7.84783,7.64468,6.99919,6.44457,1.74693,4.02707,5.4164,6.62464,7.5317,8.42577,8.09834,7.88788,7.63394,7.03718,6.49572,	20,13.7133,9.23598,7.26941,6.00913,4.90781,3.82878,2.8206,1.84097,0.854177,3.09758,1.16294,8.39138,9.20056,8.56856,7.04276,5.83537,4.64494,3.60913,2.4929,0.86063,3.10342,	
0.0011596,2.1206,3.83352,4.83883,5.43898,6.16634,8.05383,7.81683,7.49407,6.96141,6.36827,1.71907,3.9717,5.36306,6.5524,7.45067,8.32467,8.14956,7.91609,7.57029,6.96292,6.41221,	20,13.6684,9.184,7.24961,5.99681,4.88117,3.82758,2.81287,1.81842,0.856667,3.07084,1.14432,8.31717,9.12638,8.39612,6.95549,5.7319,4.65194,3.54921,2.50404,0.887095,3.0404,	
0.00110625,2.10923,3.79698,4.79935,5.40229,6.10994,8.06426,7.8463,7.48389,6.86605,6.32896,1.69761,3.94437,5.34588,6.526,7.40451,8.26607,8.02531,7.85458,7.52946,6.92452,6.33765,	20,13.6467,9.16364,7.2409,5.98964,4.87659,3.8253,2.79647,1.81522,0.874776,3.01308,1.10534,8.05652,9.11633,8.33195,6.88222,5.68788,4.63408,3.54118,2.5082,0.875339,3.01822,	
0.00102478,2.08898,3.75978,4.75322,5.36014,6.06326,8.00548,7.77818,7.44733,6.894,6.30994,1.6771,3.90196,5.26099,6.462,7.37595,8.21212,8.02678,7.82087,7.54927,6.96341,6.32677,	20,13.5515,9.11645,7.22074,5.96109,4.86952,3.80992,2.7924,1.81532,0.887212,3.0035,1.07859,7.94507,9.01951,8.33396,6.8759,5.65433,4.56773,3.5228,2.50827,0.888232,2.9937,	
0.000970858,2.09957,3.7263,4.71449,5.33542,6.04823,7.90569,7.77145,7.44609,6.89603,6.32758,1.64729,3.86379,5.2245,6.42759,7.29889,8.19442,7.98682,7.79828,7.45018,6.9436,6.36468,	20,13.5002,9.07935,7.20321,5.95289,4.8623,3.80674,2.78061,1.81359,0.887518,2.97828,1.05301,7.86578,8.95243,8.29392,6.83359,5.63839,4.57639,3.52751,2.49696,0.883202,2.98215,	
0.000920914,2.14531,3.6974,4.65377,5.30384,6.0171,7.87255,7.74537,7.37736,6.84363,6.32289,1.59971,3.79716,5.20326,6.3985,7.23796,8.14769,7.89027,7.74836,7.37642,6.90403,6.35592,	20,13.4601,9.0506,7.16606,5.9445,4.85572,3.79299,2.77879,1.81737,0.879853,2.95203,1.03467,7.81263,8.9223,8.20749,6.78358,5.61233,4.57063,3.46891,2.51876,0.885883,2.94074,	
0.00088977,2.13016,3.72624,4.59764,5.29366,5.99313,7.80927,7.70507,7.24992,6.83721,6.2805,1.59057,3.77599,5.17841,6.3845,7.18381,8.07982,7.83254,7.77618,7.2898,6.91103,6.30324,	20,13.4213,9.03798,7.15911,5.93947,4.83758,3.7919,2.78367,1.82048,0.859544,2.91219,1.01128,7.72342,8.85596,8.15126,6.76937,5.59578,4.56633,3.4753,2.52244,0.853893,2.90369,	
0.000860347,2.15018,3.71486,4.61685,5.29459,5.98966,7.78312,7.71713,7.24749,6.85136,6.1557,1.57289,3.75362,5.1439,6.35717,7.16678,8.04057,7.78964,7.72542,7.301,6.90855,6.16838,	20,13.3458,9.00875,7.15016,5.91672,4.83386,3.79132,2.78778,1.80848,0.839342,2.86426,0.994416,7.73734,8.83937,8.15543,6.71831,5.58981,4.5417,3.47499,2.50493,0.844796,2.86172,	
0.000834621,2.15579,3.75479,4.58065,5.31838,5.9698,7.71439,7.70066,7.24138,6.81686,6.10339,1.55553,3.7361,5.11146,6.3213,7.13574,7.99392,7.74561,7.73683,7.32519,6.87125,6.11042,	20,13.309,8.99217,7.13872,5.89577,4.82969,3.79038,2.78336,1.80403,0.842886,2.84757,0.986184,7.74324,8.83466,8.10948,6.71588,5.5484,4.53935,3.44567,2.48586,0.8469,2.84621,	
0.000784429,2.10703,3.68183,4.54826,5.25276,5.90197,7.68131,7.63396,7.22756,6.78662,6.08296,1.52231,3.69809,5.09264,6.27704,7.13474,7.97119,7.75087,7.62304,7.24281,6.79967,6.17377,	20,13.22,8.9336,7.10916,5.89171,4.82709,3.78909,2.76416,1.79541,0.839695,2.81463,0.957274,7.6934,8.77184,8.09114,6.64975,5.48924,4.51186,3.42117,2.49286,0.843174,2.80119,	
0.000734077,2.05444,3.67242,4.52592,5.22306,5.87901,7.66255,7.54113,7.18091,6.79695,6.08969,1.50225,3.66164,5.06704,6.24278,7.11182,7.91374,7.68967,7.61674,7.23676,6.85201,6.12865,	20,13.1764,8.90549,7.09891,5.88698,4.82343,3.7847,2.75548,1.79436,0.839047,2.78853,0.944664,7.53643,8.70108,8.01365,6.63491,5.50598,4.49099,3.4287,2.49257,0.844261,2.79474,	
0.000715205,2.05554,3.72637,4.49504,5.2042,5.87328,7.59502,7.56362,7.17717,6.76454,6.10733,1.4905,3.65254,5.03905,6.2042,7.07779,7.91418,7.6408,7.55767,7.17947,6.75283,6.14317,	20,13.1764,8.88878,7.09181,5.88434,4.82111,3.78253,2.75956,1.79882,0.829133,2.78331,0.93976,7.5022,8.66042,8.00684,6.64334,5.47428,4.46721,3.41903,2.4854,0.830245,2.76812,	
0.000684707,2.09119,3.65709,4.4659,5.21885,5.84805,7.57191,7.53557,7.15097,6.73714,6.11873,1.48288,3.63856,5.01473,6.17381,7.01745,7.90419,7.62107,7.56024,7.1556,6.8227,6.12008,	20,13.1343,8.87049,7.08084,5.88032,4.81808,3.78053,2.76481,1.80317,0.835828,2.76828,0.932589,7.52397,8.58557,7.96546,6.62577,5.47403,4.4582,3.36817,2.49471,0.840606,2.7453,	
0.000656083,2.10098,3.66847,4.46218,5.18451,5.83834,7.5732,7.49854,7.14091,6.71066,6.09518,1.45701,3.60325,4.98072,6.13296,6.94857,7.88234,7.61699,7.56714,7.19903,6.72571,6.14269,	20,13.0771,8.83904,7.06558,5.86105,4.81406,3.77858,2.76165,1.77855,0.828409,2.76378,0.923229,7.53689,8.57849,7.93988,6.57304,5.4659,4.45196,3.3702,2.46259,0.834978,2.73344,	
0.000636835,2.12915,3.64354,4.4393,5.17635,5.837,7.58419,7.43342,7.14542,6.72093,6.10559,1.44622,3.58382,4.96844,6.11345,6.94509,7.86948,7.58461,7.45386,7.14887,6.75891,6.13091,	20,13.053,8.82,7.06005,5.85977,4.81275,3.77763,2.76291,1.77451,0.829132,2.73661,0.91408,7.47569,8.54648,7.90624,6.57354,5.46766,4.42051,3.35194,2.45897,0.833597,2.73573,	
0.000605152,2.15317,3.59971,4.44363,5.13045,5.81277,7.55595,7.409,7.10974,6.67047,6.10443,1.43924,3.56089,4.93943,6.09215,6.91785,7.80756,7.59677,7.41544,7.23386,6.75294,6.10719,	20,13.0216,8.80349,7.05281,5.85566,4.79873,3.77629,2.76451,1.77687,0.836004,2.71964,0.896422,7.34985,8.51301,7.84327,6.51427,5.4843,4.39589,3.35113,2.43423,0.841133,2.73278,	
0.000589393,2.21892,3.59785,4.44926,5.12232,5.77321,7.55118,7.34024,7.13003,6.6708,6.07997,1.41878,3.53195,4.91751,6.079,6.89524,7.77535,7.60776,7.33659,7.21348,6.71033,6.10034,	20,12.9832,8.78216,7.0449,5.85283,4.79691,3.76636,2.75301,1.77502,0.8356,2.70409,0.892135,7.3864,8.49488,7.8168,6.46786,5.47923,4.37981,3.35379,2.44641,0.836411,2.71566,	
0.000574301,2.28161,3.61973,4.41783,5.09898,5.76722,7.54034,7.30763,7.1337,6.64009,6.06224,1.40882,3.51519,4.90293,6.06409,6.87945,7.75669,7.53874,7.32695,7.14376,6.69348,6.08606,	20,12.9531,8.77004,7.03996,5.85073,4.79541,3.7655,2.74859,1.77714,0.83349,2.69989,0.88379,7.36088,8.44935,7.79916,6.45816,5.4781,4.36095,3.34906,2.44534,0.83432,2.67691,	
0.000554607,2.28326,3.61068,4.42305,5.09211,5.74716,7.51112,7.29027,7.10983,6.62479,6.06177,1.39585,3.4963,4.87891,6.04041,6.86607,7.72295,7.51035,7.32176,7.11008,6.64045,6.09172,	20,12.9091,8.75324,7.03258,5.84765,4.78268,3.76416,2.7515,1.77933,0.81643,2.67945,0.877666,7.393,8.4228,7.7558,6.46058,5.47528,4.34339,3.34559,2.43738,0.817216,2.68057,	
0.000530986,2.28138,3.60778,4.42865,5.05073,5.73931,7.4689,7.26952,7.08035,6.58435,6.0385,1.37994,3.47002,4.85279,5.99127,6.83156,7.70807,7.50386,7.28016,7.09071,6.66584,6.07167,	20,12.873,8.72835,7.00589,5.84285,4.78084,3.76287,2.75567,1.78068,0.80666,2.66992,0.8657,7.33337,8.3495,7.72277,6.47801,5.44706,4.32937,3.33099,2.44406,0.810361,2.65471,	
0.000511083,2.24347,3.60316,4.43384,5.02269,5.713,7.45217,7.2177,7.03392,6.58829,6.01594,1.36447,3.45504,4.83922,5.9678,6.82072,7.67836,7.46025,7.29865,7.06925,6.62829,6.06608,	20,12.8518,8.71863,7.00151,5.84023,4.77984,3.76224,2.75198,1.78345,0.809967,2.65798,0.850286,7.23871,8.31951,7.70565,6.47023,5.4276,4.30029,3.33529,2.44333,0.810028,2.62652,	
0.000502081,2.25658,3.58706,4.45068,5.02199,5.69866,7.4335,7.23583,6.98831,6.61513,6.03784,1.34942,3.43507,4.82693,5.94482,6.80588,7.6676,7.46437,7.23283,6.9843,6.6195,6.08364,	20,12.8171,8.69812,6.99582,5.83758,4.77891,3.76166,2.75464,1.77009,0.803263,2.62736,0.844653,7.25794,8.31938,7.70907,6.45861,5.43102,4.29111,3.31561,2.4516,0.805353,2.62966,	
0.000470121,2.24927,3.52449,4.45522,5.00931,5.67844,7.40916,7.21892,6.94537,6.59685,5.98649,1.3347,3.41038,4.80167,5.89902,6.77122,7.6352,7.41149,7.25556,6.97283,6.69021,6.04988,	20,12.756,8.67341,6.97219,5.83251,4.76748,3.76009,2.73299,1.76723,0.809617,2.59988,0.828128,7.21056,8.24785,7.65372,6.44023,5.38965,4.29557,3.29555,2.45611,0.81062,2.61298,	
0.000453129,2.23702,3.5453,4.44501,4.96593,5.65,7.32102,7.19091,6.91648,6.60885,5.97929,1.32318,3.39594,4.7831,5.89044,6.73308,7.61644,7.35764,7.22918,6.96432,6.67446,5.99483,	20,12.7228,8.66133,6.96828,5.8296,4.76627,3.7504,2.73651,1.76717,0.785477,2.59136,0.805169,7.07818,8.21136,7.59253,6.41911,5.39051,4.30038,3.29588,2.44872,0.786623,2.58353,	
0.00043606,2.23123,3.53736,4.44095,4.96459,5.63472,7.30056,7.14127,6.87844,6.62017,5.97887,1.31756,3.38644,4.75665,5.8788,6.72618,7.58358,7.30434,7.19014,6.87787,6.72663,6.0389,	20,12.7033,8.64961,6.96445,5.82694,4.76529,3.74947,2.73952,1.76561,0.792699,2.57822,0.803458,7.10072,8.19873,7.55524,6.39327,5.39334,4.28268,3.28483,2.44709,0.792186,2.5654,	
0.000426986,2.31776,3.51846,4.42843,4.96851,5.62979,7.29405,7.13472,6.87391,6.62361,5.95132,1.30652,3.36615,4.73944,5.84241,6.6961,7.57555,7.32834,7.1841,6.90232,6.65048,5.9581,	20,12.6777,8.63244,6.9573,5.8223,4.74489,3.74773,2.72565,1.76815,0.793936,2.56099,0.791708,7.05578,8.1751,7.53026,6.40523,5.39857,4.28294,3.27574,2.42702,0.797183,2.55369,	
0.000413892,2.25801,3.51574,4.41802,4.94217,5.61781,7.27488,7.12321,6.86324,6.58228,5.95484,1.29032,3.35074,4.72641,5.83144,6.67833,7.55247,7.29433,7.18765,6.87759,6.6034,5.96061,	20,12.6524,8.62546,6.95449,5.81885,4.74486,3.73884,2.72845,1.75922,0.78755,2.55505,0.781907,6.96694,8.12574,7.51811,6.38933,5.36903,4.27348,3.27351,2.42367,0.788991,2.54538,	
0.000398881,2.23531,3.51466,4.40558,4.93501,5.60918,7.23229,7.13695,6.84842,6.57081,5.94669,1.28242,3.33973,4.7077,5.81173,6.65205,7.52004,7.28055,7.16611,6.87554,6.61274,5.957,	20,12.6154,8.61317,6.95087,5.81514,4.74439,3.73798,2.72625,1.75977,0.794675,2.53184,0.777105,6.97028,8.10261,7.51591,6.36715,5.33377,4.26625,3.26202,2.43282,0.797727,2.53705,	
0.000379924,2.23925,3.5409,4.37119,4.93078,5.6015,7.24417,7.09917,6.80282,6.57002,5.89474,1.25921,3.30719,4.66613,5.78007,6.63251,7.5051,7.29748,7.15465,6.85656,6.6347,5.9516,	20,12.5369,8.57891,6.94109,5.80867,4.74367,3.73638,2.72629,1.76532,0.804339,2.51081,0.767718,7.01323,8.04362,7.5144,6.36637,5.2955,4.23431,3.25262,2.44582,0.811142,2.49822,	
0.000365034,2.21394,3.52354,4.37453,4.92155,5.59741,7.22415,7.09182,6.79757,6.58889,5.88544,1.25169,3.28824,4.64628,5.74577,6.62512,7.47503,7.26893,7.09934,6.8481,6.664,5.9584,	20,12.4897,8.55623,6.93454,5.80512,4.74313,3.73571,2.73005,1.75978,0.804679,2.49489,0.758557,7.02605,7.96295,7.51809,6.34115,5.29621,4.22834,3.24974,2.45286,0.810495,2.48408,	
0.000351598,2.18485,3.50478,4.36771,4.905,5.57751,7.19525,7.05112,6.78346,6.59999,5.87549,1.24674,3.27775,4.62503,5.72693,6.61266,7.47076,7.23474,7.08582,6.82059,6.63752,5.96631,	20,12.4724,8.54769,6.93148,5.80259,4.74269,3.73538,2.73262,1.76078,0.809959,2.47545,0.746647,6.91901,7.95772,7.51408,6.32156,5.28219,4.19034,3.24985,2.452,0.808459,2.46428,	
0.0003335,2.12005,3.48555,4.34943,4.9162,5.57014,7.13315,7.04925,6.7511,6.58761,5.91664,1.22495,3.25517,4.60438,5.70759,6.58824,7.4643,7.17598,7.07916,6.8046,6.57711,5.9436,	20,12.4325,8.53202,6.91342,5.79938,4.74214,3.73494,2.72448,1.75327,0.809761,2.44577,0.740845,6.94606,7.9183,7.49237,6.27271,5.23815,4.17887,3.24299,2.436,0.807698,2.44139,	
0.000318407,2.09167,3.47003,4.33848,4.9108,5.55963,7.12784,7.01958,6.72211,6.51803,5.92694,1.21555,3.23854,4.59043,5.68961,6.5544,7.44137,7.18601,7.08773,6.78919,6.51769,5.93627,	20,12.4157,8.52133,6.90948,5.79689,4.74172,3.73436,2.72681,1.74943,0.807853,2.43058,0.733726,6.90481,7.90069,7.44565,6.26528,5.18755,4.17145,3.20671,2.43847,0.817895,2.42684,	
0.000301831,2.06936,3.44389,4.32141,4.89974,5.53918,7.14023,7.01485,6.70133,6.4838,5.90486,1.21555,3.22747,4.57636,5.66161,6.53372,7.42163,7.18161,7.04526,6.8027,6.4893,5.94259,	20,12.3826,8.49132,6.90521,5.7942,4.74128,3.73388,2.72879,1.75311,0.820855,2.41367,0.726743,6.88274,7.84179,7.41672,6.23054,5.18952,4.13538,3.21792,2.44517,0.826214,2.41299,	
0.000293391,2.06224,3.41188,4.31463,4.90614,5.51553,7.11853,6.95032,6.71401,6.46348,5.88565,1.21325,3.22114,4.56369,5.65518,6.52693,7.41018,7.20212,6.96549,6.72593,6.47777,5.94051,	20,12.3663,8.48581,6.90333,5.79301,4.74106,3.73369,2.73023,1.755,0.813093,2.40857,0.719927,6.83026,7.83681,7.40057,6.22525,5.18616,4.1072,3.21308,2.42767,0.814973,2.39987,	
0.000285288,2.06908,3.40771,4.30503,4.87229,5.50159,7.13529,6.90767,6.66698,6.44727,5.89748,1.20646,3.20899,4.55551,5.64386,6.50857,7.37276,7.13035,6.98161,6.69336,6.46797,5.91062,	20,12.3395,8.47823,6.90046,5.79129,4.74052,3.72648,2.72742,1.75721,0.814515,2.37659,0.713235,6.78701,7.82401,7.39651,6.20768,5.14544,4.10717,3.21885,2.41422,0.815439,2.38144,	
0.000279039,2.08365,3.40452,4.28578,4.8764,5.4984,7.08057,6.91167,6.64237,6.4057,5.8633,1.19979,3.19726,4.5432,5.62938,6.49347,7.35323,7.11141,6.92527,6.73545,6.41828,5.89548,	20,12.3236,8.46974,6.89845,5.78926,4.7315,3.7266,2.7294,1.75559,0.803068,2.37342,0.70797,6.74806,7.80594,7.34341,6.19328,5.15896,4.11162,3.21476,2.40504,0.808579,2.36419,	
0.000271489,2.07082,3.38586,4.26462,4.85821,5.48598,7.05574,6.8932,6.63432,6.38553,5.86227,1.1889,3.18613,4.53106,5.61076,6.47991,7.34209,7.0588,6.88494,6.6682,6.48052,5.8681,	20,12.3028,8.45836,6.89513,5.77674,4.73097,3.72036,2.73146,1.7463,0.787229,2.36821,0.700248,6.72284,7.7662,7.32931,6.16367,5.13822,4.11795,3.21637,2.41197,0.794637,2.35078,	
0.000267578,2.10055,3.4224,4.25642,4.84251,5.48218,7.03496,6.85337,6.63556,6.42221,5.84157,1.17394,3.16552,4.518,5.59418,6.46699,7.32855,7.06357,6.85721,6.66634,6.43402,5.87418,	20,12.2772,8.44713,6.87843,5.77447,4.72195,3.72095,2.72341,1.75009,0.77758,2.36324,0.697716,6.75126,7.74197,7.3237,6.16991,5.12141,4.11249,3.22225,2.4066,0.778681,2.34444,	
0.00025957,2.10623,3.44536,4.27515,4.82194,5.46823,7.00662,6.83518,6.60855,6.38938,5.85629,1.16558,3.15102,4.49953,5.57794,6.4544,7.31851,7.05164,6.87985,6.64741,6.41639,5.88523,	20,12.217,8.42907,6.87428,5.76183,4.72188,3.72084,2.71639,1.74916,0.764262,2.36059,0.692758,6.76528,7.71492,7.32924,6.17795,5.10812,4.10976,3.20092,2.40284,0.775359,2.33593,	
0.00025233,2.11116,3.44445,4.26031,4.80411,5.46474,7.02215,6.83183,6.58991,6.36751,5.82435,1.15531,3.13688,4.48163,5.56426,6.44746,7.29879,7.04777,6.87595,6.64383,6.41036,5.86116,	20,12.1729,8.41434,6.8583,5.74977,4.72181,3.72038,2.71394,1.74179,0.770673,2.33639,0.685447,6.77511,7.71244,7.31427,6.14839,5.10223,4.11069,3.21019,2.39523,0.766358,2.33248,	
0.000245354,2.1503,3.41543,4.26049,4.80103,5.44412,7.024,6.82278,6.60778,6.35747,5.80367,1.14724,3.12304,4.464,5.54836,6.41762,7.28351,7.03888,6.84944,6.61551,6.37831,5.84491,	20,12.1392,8.4037,6.85491,5.74843,4.72172,3.71989,2.71143,1.73863,0.76954,2.317,0.67589,6.74414,7.70247,7.28875,6.14698,5.09828,4.11817,3.21008,2.38287,0.778059,2.31792,	
0.000239057,2.16193,3.41396,4.25528,4.81045,5.44194,7.01036,6.78693,6.58102,6.34225,5.82567,1.14128,3.11139,4.45085,5.5443,6.40401,7.26823,7.00312,6.80506,6.60754,6.34814,5.83992,	20,12.1155,8.39519,6.85253,5.7477,4.72164,3.71924,2.70404,1.74099,0.766181,2.30497,0.673548,6.76963,7.65261,7.276,6.1343,5.09372,4.11301,3.19455,2.37109,0.768664,2.30726,	
0.000229016,2.13375,3.38764,4.22463,4.81025,5.42401,6.96155,6.73762,6.58819,6.32436,5.82241,1.13346,3.09669,4.4331,5.52624,6.38758,7.26273,6.99568,6.77876,6.60012,6.32729,5.84811,	20,12.0875,8.38499,6.84862,5.7463,4.71355,3.71818,2.7021,1.73567,0.786239,2.27795,0.670089,6.76977,7.65004,7.25899,6.10163,5.08079,4.08446,3.18855,2.36358,0.788152,2.27799,	
0.000223628,2.16201,3.38224,4.22004,4.80057,5.41583,6.94283,6.74558,6.56177,6.29007,5.82897,1.12769,3.08864,4.41958,5.51344,6.34848,7.25237,6.95234,6.7814,6.57911,6.30878,5.88888,	20,12.0555,8.37503,6.84535,5.7451,4.71375,3.70472,2.70459,1.73556,0.800669,2.25894,0.664407,6.78109,7.63303,7.24315,6.1096,5.05474,4.08413,3.18274,2.35758,0.801366,2.26377,	
0.000216215,2.14546,3.36329,4.20652,4.79681,5.40723,6.94222,6.73604,6.5237,6.26914,5.84403,1.12389,3.07909,4.40226,5.49382,6.33371,7.23869,6.96034,6.8021,6.58676,6.28668,5.85465,	20,12.033,8.36614,6.84233,5.74369,4.71321,3.70469,2.70283,1.74186,0.804557,2.25789,0.658827,6.74005,7.60938,7.21611,6.11166,5.05293,4.08314,3.16663,2.35756,0.805999,2.25475,	
0.000206349,2.12228,3.37361,4.18404,4.78452,5.39961,6.93587,6.73911,6.5145,6.23975,5.81892,1.11827,3.06502,4.37705,5.46907,6.32138,7.20307,6.9561,6.7857,6.56435,6.28169,5.84834,	20,11.9975,8.34973,6.83826,5.74199,4.71261,3.70472,2.70727,1.745,0.811968,2.24158,0.652267,6.72701,7.56592,7.19289,6.12594,5.02804,4.05294,3.1586,2.34032,0.815839,2.24242,	
0.000202625,2.15335,3.35084,4.17554,4.78707,5.38061,6.94859,6.74637,6.52216,6.24225,5.78252,1.10356,3.04946,4.36352,5.45827,6.30312,7.18119,6.96647,6.78229,6.53587,6.24771,5.80842,	20,11.9756,8.33633,6.83496,5.7408,4.71211,3.69852,2.70107,1.7413,0.804891,2.23364,0.646906,6.70916,7.56082,7.19241,6.13043,5.0239,4.03378,3.14865,2.333,0.812317,2.23454,	
0.000197389,2.176,3.35242,4.14973,4.77333,5.37367,6.94579,6.74737,6.4903,6.22337,5.78215,1.091,3.02871,4.34809,5.44897,6.2914,7.15777,6.95616,6.79965,6.51507,6.20683,5.80622,	20,11.9456,8.32494,6.83145,5.73922,4.71127,3.69879,2.70426,1.73355,0.805437,2.22364,0.642685,6.71856,7.53947,7.19127,6.13376,5.02128,4.04718,3.12958,2.32966,0.810836,2.21933,	
0.000188609,2.11013,3.34815,4.15886,4.76621,5.3663,6.9205,6.7299,6.47912,6.19488,5.77845,1.08216,3.01388,4.32216,5.42224,6.28217,7.15233,6.97907,6.83683,6.48759,6.2005,5.79832,	20,11.9116,8.30831,6.82717,5.73765,4.71039,3.69913,2.7031,1.74178,0.810643,2.21615,0.636466,6.67266,7.53048,7.19213,6.13031,4.99872,4.03271,3.11227,2.30618,0.815544,2.21244,	
0.000181465,2.11266,3.33907,4.16419,4.72933,5.33538,6.93379,6.72791,6.4297,6.19513,5.77264,1.0666,2.99469,4.30164,5.40848,6.2686,7.14493,6.98602,6.772,6.46624,6.21355,5.80343,	20,11.8575,8.29301,6.82305,5.7361,4.70968,3.6992,2.68908,1.74298,0.805701,2.20018,0.632381,6.74199,7.49377,7.17038,6.12945,4.97374,4.02129,3.09027,2.29811,0.80446,2.19905,	
0.000175486,2.096,3.36586,4.16646,4.70874,5.32034,6.93718,6.71576,6.3524,6.18379,5.77172,1.05643,2.983,4.2857,5.39196,6.25171,7.13658,6.9626,6.75749,6.39158,6.19993,5.81186,	20,11.829,8.28333,6.82003,5.73505,4.70911,3.69864,2.69005,1.74462,0.805797,2.18887,0.628365,6.75974,7.47302,7.15508,6.13249,4.94052,4.00157,3.06867,2.3057,0.809518,2.18194,	
0.000170019,2.10491,3.34193,4.17538,4.69619,5.31198,6.92292,6.703,6.37948,6.13858,5.77345,1.04976,2.96617,4.26874,5.37017,6.24027,7.12508,6.97224,6.70946,6.40852,6.17276,5.78809,	20,11.7929,8.2717,6.81697,5.7336,4.70118,3.69759,2.68202,1.74502,0.804197,2.18097,0.623416,6.78284,7.43187,7.13229,6.12276,4.93959,4.00179,3.07275,2.28518,0.805263,2.17175,	
0.000164774,2.11115,3.3229,4.15271,4.6958,5.29225,6.90904,6.67221,6.37191,6.12613,5.74743,1.04157,2.95499,4.25389,5.3551,6.21762,7.1128,6.9487,6.72273,6.38517,6.13891,5.77802,	20,11.7693,8.26251,6.81451,5.73235,4.70097,3.69676,2.6821,1.73875,0.797269,2.16723,0.617575,6.75107,7.40013,7.12189,6.1016,4.91242,4.01085,3.07036,2.29139,0.802061,2.16211,	
0.000158988,2.06454,3.32175,4.1583,4.69811,5.27578,6.91008,6.67282,6.34891,6.08395,5.72963,1.03672,2.94545,4.24629,5.33515,6.20996,7.09735,6.92531,6.67436,6.38069,6.14663,5.78672,	20,11.7459,8.24225,6.81261,5.73125,4.70074,3.69594,2.68199,1.73798,0.792027,2.15227,0.611855,6.71989,7.40295,7.09978,6.06573,4.91279,3.99879,3.06626,2.2861,0.792236,2.15274,	
0.000153455,2.0829,3.32141,4.15347,4.69674,5.26405,6.86833,6.63984,6.35261,6.08576,5.75417,1.03195,2.93593,4.2347,5.32433,6.18577,7.0774,6.88886,6.69583,6.37272,6.11513,5.7803,	20,11.7227,8.22176,6.80938,5.72116,4.70044,3.69511,2.68734,1.74363,0.790721,2.13942,0.608097,6.69763,7.40456,7.07623,6.07321,4.91439,3.98518,3.07662,2.28954,0.789963,2.13922,	
0.000150441,2.08339,3.32509,4.16474,4.68678,5.2523,6.85831,6.64032,6.3306,6.08662,5.74352,1.01942,2.92103,4.22411,5.3134,6.17192,7.07351,6.89179,6.63592,6.34435,6.10602,5.78623,	20,11.6923,8.21178,6.80659,5.71186,4.70017,3.69477,2.68699,1.73707,0.786217,2.13255,0.602549,6.693,7.39782,7.05561,6.06029,4.9219,3.99435,3.07341,2.28461,0.792024,2.12933,	
0.000146834,2.10507,3.30203,4.16206,4.67499,5.25674,6.85961,6.62061,6.33236,6.08648,5.73016,1.01633,2.91454,4.20809,5.29921,6.17184,7.06352,6.85925,6.66725,6.34052,6.10034,5.74883,	20,11.6661,8.20566,6.80417,5.71142,4.69992,3.69432,2.68609,1.73823,0.788219,2.12765,0.599818,6.71804,7.38826,7.055,6.04994,4.91625,3.98105,3.07249,2.27028,0.790914,2.11852,	
0.000141419,2.09222,3.27122,4.17511,4.6524,5.24147,6.81969,6.61078,6.32699,6.07027,5.69862,1.01327,2.89969,4.19305,5.28202,6.1562,7.04436,6.84131,6.68751,6.34559,6.09405,5.70957,	20,11.6192,8.19667,6.80052,5.70258,4.69945,3.68781,2.67907,1.74069,0.786475,2.10974,0.589099,6.65484,7.34683,7.03394,6.04521,4.88994,3.98497,3.07439,2.26715,0.790119,2.11533,	
0.000133829,2.04259,3.25841,4.16775,4.64979,5.23346,6.80715,6.59938,6.33788,6.07274,5.67136,1.00574,2.88189,4.16522,5.26192,6.15331,7.01972,6.83989,6.62388,6.35199,6.07106,5.70043,	20,11.5869,8.18556,6.79679,5.70239,4.69844,3.68149,2.67401,1.74262,0.778515,2.10816,0.580376,6.60184,7.31337,6.9941,6.04368,4.87949,3.94692,3.07298,2.26896,0.784742,2.09842,	
0.000128983,2.01123,3.27143,4.15699,4.65034,5.22763,6.81659,6.56385,6.3268,6.03971,5.65323,1.00131,2.87429,4.15098,5.24372,6.15045,7.01236,6.8288,6.63919,6.3617,6.07537,5.70593,	20,11.5621,8.17758,6.79404,5.70221,4.69765,3.68107,2.67097,1.74571,0.779891,2.09543,0.579518,6.62467,7.28605,6.93522,6.0278,4.89017,3.95577,3.07666,2.26104,0.786363,2.09684,	
0.000125627,1.97594,3.26951,4.13776,4.6507,5.20861,6.8118,6.58909,6.32756,6.02764,5.63843,0.998378,2.86785,4.14508,5.23626,6.13902,6.99997,6.81372,6.59914,6.3286,6.04155,5.69122,	20,11.5412,8.1731,6.79244,5.7021,4.69714,3.68077,2.67465,1.74287,0.778569,2.08915,0.575279,6.60463,7.24996,6.93729,6.00673,4.87367,3.95928,3.06705,2.25674,0.789634,2.08514,	
0.000122205,1.96937,3.2524,4.14156,4.64882,5.20476,6.80159,6.57037,6.29695,5.9873,5.62477,0.991146,2.85511,4.13466,5.22952,6.13081,6.98907,6.81448,6.60969,6.28514,6.0187,5.68395,	20,11.5309,8.16979,6.79036,5.70197,4.69648,3.68057,2.67876,1.74348,0.779652,2.07724,0.571115,6.58243,7.22069,6.93649,6.00565,4.85473,3.94461,3.06581,2.23363,0.782958,2.06765,	
0.00011976,1.97687,3.2174,4.13551,4.63266,5.1997,6.75848,6.55978,6.26846,5.97806,5.63364,0.982608,2.84382,4.11939,5.2238,6.12934,6.9782,6.79792,6.59614,6.33155,5.99428,5.66214,	20,11.4971,8.16057,6.78772,5.7017,4.68909,3.68057,2.68239,1.74083,0.773656,2.0653,0.563743,6.55721,7.22743,6.91569,5.98935,4.85779,3.93267,3.06547,2.20901,0.779458,2.05688,	
0.000118056,2.01399,3.19139,4.13053,4.6284,5.18842,6.7519,6.56492,6.27721,5.98631,5.61841,0.981207,2.83894,4.10997,5.21762,6.12047,6.96676,6.75787,6.56599,6.31598,5.99176,5.63381,	20,11.487,8.15737,6.78613,5.70134,4.68878,3.68073,2.68563,1.74308,0.772499,2.05111,0.562129,6.56124,7.23143,6.90454,5.98062,4.83519,3.93951,3.07035,2.20578,0.777438,2.0516,	
0.000116062,2.01522,3.19663,4.12455,4.60832,5.17791,6.73938,6.52936,6.26429,5.97469,5.6184,0.97703,2.83413,4.09687,5.2017,6.12325,6.93704,6.75951,6.55852,6.29672,5.9874,5.60688,	20,11.4574,8.15055,6.7841,5.70078,4.68201,3.68107,2.6893,1.7383,0.774032,2.03769,0.555763,6.54675,7.23378,6.89549,5.96978,4.82389,3.92945,3.06139,2.20552,0.775357,2.04504,	
0.000112834,2.01043,3.19736,4.11812,4.61704,5.16423,6.72576,6.51458,6.26668,5.9573,5.59771,0.972903,2.82708,4.08017,5.18898,6.10869,6.92958,6.7737,6.55368,6.27052,5.97021,5.6163,	20,11.4379,8.1454,6.78143,5.70008,4.68198,3.68161,2.69274,1.74087,0.765073,2.03617,0.55498,6.5612,7.19556,6.89526,5.95542,4.80765,3.92271,3.06642,2.2072,0.771242,2.03298,	
0.000110025,1.98031,3.19695,4.11725,4.59809,5.15741,6.73767,6.49078,6.2594,5.931,5.56388,0.964758,2.81136,4.07131,5.17628,6.10049,6.91712,6.76633,6.49977,6.27312,5.99879,5.58353,	20,11.406,8.13932,6.77962,5.69943,4.68188,3.67682,2.6851,1.74215,0.753875,2.01307,0.551111,6.55038,7.18299,6.87753,5.9445,4.80777,3.92193,3.06337,2.21272,0.75994,2.01678,	
0.000107157,1.97272,3.2007,4.12422,4.57458,5.15077,6.7539,6.4765,6.23889,5.94195,5.56203,0.96075,2.80319,4.05911,5.15683,6.09018,6.90027,6.78354,6.50934,6.26748,5.96273,5.58875,	20,11.3903,8.13335,6.77731,5.69876,4.68165,3.67725,2.68174,1.74325,0.758789,2.0103,0.546532,6.52522,7.16701,6.86928,5.94857,4.80761,3.90784,3.04764,2.21721,0.762495,2.01328,	
0.000103952,1.98767,3.19374,4.11447,4.56393,5.1437,6.75563,6.45283,6.21175,5.94346,5.54646,0.951512,2.79054,4.04339,5.14684,6.07593,6.89192,6.79786,6.50579,6.24877,5.97128,5.56743,	20,11.3747,8.12603,6.77452,5.69792,4.68141,3.67766,2.68619,1.74021,0.755466,2.00436,0.541273,6.5013,7.156,6.86048,5.92847,4.81384,3.90052,3.0455,2.20289,0.762291,1.99853,	
0.000101978,2.01287,3.18369,4.11088,4.56779,5.13911,6.74415,6.44635,6.19878,5.94498,5.53596,0.946314,2.78167,4.03712,5.13963,6.06306,6.87361,6.82908,6.4569,6.20769,5.96915,5.56476,	20,11.3655,8.12171,6.77286,5.68969,4.68129,3.67814,2.68974,1.7416,0.756293,1.99276,0.539053,6.48796,7.15325,6.85158,5.91396,4.80099,3.90243,3.03561,2.20917,0.766449,1.99206,	
9.84371e-05,1.98471,3.17519,4.10058,4.57133,5.1378,6.75144,6.43413,6.18232,5.9355,5.53404,0.939906,2.76495,4.02795,5.1262,6.03688,6.85599,6.80969,6.47647,6.20023,5.96262,5.57403,	20,11.3321,8.11415,6.76106,5.68929,4.68113,3.67847,2.68299,1.74088,0.761852,1.98645,0.53686,6.51844,7.13598,6.83426,5.88459,4.81342,3.89963,3.02719,2.19917,0.770155,1.98048,	
9.69861e-05,1.99403,3.19251,4.09855,4.5702,5.13089,6.74463,6.44877,6.176,5.92984,5.54693,0.937364,2.75959,4.02164,5.11811,6.03258,6.85087,6.74705,6.47392,6.17847,5.93322,5.54954,	20,11.3172,8.10941,6.75971,5.68909,4.68105,3.67869,2.68584,1.7421,0.757473,1.96781,0.534695,6.51782,7.13843,6.8263,5.88179,4.81825,3.89535,3.02553,2.197,0.759508,1.96803,	
9.45456e-05,1.99813,3.18393,4.09437,4.56906,5.12734,6.71909,6.4467,6.15773,5.90042,5.52157,0.934853,2.75122,4.01102,5.10933,6.01937,6.83704,6.71504,6.4933,6.15686,5.9519,5.58342,	20,11.2936,8.10243,6.75775,5.68883,4.68078,3.67446,2.68999,1.74104,0.756917,1.96746,0.533264,6.55288,7.12604,6.8274,5.86913,4.81357,3.88965,2.99789,2.19557,0.764392,1.95725,	
9.19371e-05,1.99672,3.18272,4.08589,4.56165,5.11368,6.68729,6.46646,6.14868,5.89224,5.52532,0.931134,2.74394,3.99767,5.09903,6.00285,6.82235,6.72166,6.51309,6.15171,5.91977,5.53844,	20,11.2588,8.09463,6.74693,5.68819,4.66842,3.67542,2.69365,1.74041,0.765377,1.94209,0.530431,6.58731,7.12725,6.8207,5.86922,4.79941,3.88175,3.00376,2.1924,0.76845,1.95344,	
9.04883e-05,2.00566,3.17738,4.07753,4.56708,5.10914,6.69759,6.46176,6.14919,5.85692,5.51743,0.927441,2.73875,3.9895,5.09221,5.99337,6.80715,6.70174,6.50471,6.15729,5.86063,5.54408,	20,11.2474,8.09142,6.74592,5.68765,4.66868,3.67144,2.69253,1.74196,0.761682,1.94365,0.529027,6.58729,7.12894,6.80338,5.85043,4.80009,3.89191,3.00264,2.19981,0.765514,1.94104,	
8.84909e-05,2.01348,3.15323,4.06543,4.55851,5.08906,6.6741,6.43854,6.12019,5.83625,5.51776,0.918967,2.72567,3.9767,5.084,5.98544,6.79705,6.71945,6.49782,6.14768,5.84792,5.54599,	20,11.2193,8.08467,6.74425,5.68694,4.66883,3.67265,2.69259,1.73895,0.755761,1.94025,0.521443,6.56126,7.12015,6.79783,5.83594,4.81014,3.88283,2.99997,2.18969,0.758941,1.93527,	
8.70033e-05,2.00395,3.15986,4.06702,4.55994,5.08559,6.65705,6.44564,6.13541,5.81479,5.51136,0.914182,2.71961,3.96837,5.07574,5.97646,6.78936,6.69075,6.45954,6.14571,5.84332,5.5177,	20,11.2054,8.08113,6.74313,5.68648,4.66898,3.67368,2.69162,1.73335,0.75229,1.93172,0.518049,6.55242,7.10392,6.79022,5.83728,4.80705,3.88736,2.99589,2.18892,0.754874,1.9281,	
8.52203e-05,2.00005,3.15952,4.05907,4.56264,5.08346,6.66167,6.43745,6.11853,5.80052,5.47721,0.910644,2.71102,3.96337,5.06903,5.96744,6.78334,6.67158,6.48672,6.12641,5.82083,5.49755,	20,11.1944,8.07677,6.74182,5.68603,4.66913,3.67437,2.69338,1.72758,0.745367,1.92327,0.51671,6.55238,7.08332,6.79134,5.83044,4.80941,3.87931,3.00031,2.17555,0.751708,1.91956,	
8.32673e-05,1.99018,3.18669,4.03407,4.55849,5.08127,6.63501,6.43117,6.11343,5.78754,5.47005,0.903635,2.70208,3.95437,5.05021,5.96205,6.78028,6.65171,6.47296,6.14853,5.80176,5.47363,	20,11.1835,8.06824,6.74004,5.685,4.65762,3.67105,2.69548,1.72287,0.747057,1.90944,0.513395,6.53752,7.06542,6.78639,5.81525,4.80741,3.89038,3.00071,2.1625,0.75319,1.91068,	
8.04407e-05,1.98294,3.17722,4.01179,4.543,5.05047,6.58706,6.43809,6.11327,5.76761,5.44979,0.895575,2.6904,3.94071,5.04096,5.95232,6.77696,6.61149,6.4973,6.14326,5.8326,5.47765,	20,11.1592,8.06116,6.7385,5.68395,4.6584,3.67248,2.69385,1.71878,0.751131,1.90943,0.507526,6.51316,7.0523,6.77993,5.80269,4.78483,3.88715,2.98889,2.16366,0.751842,1.89895,	
7.85208e-05,1.97928,3.1914,4.00824,4.52722,5.04375,6.56337,6.45602,6.10601,5.77022,5.44318,0.891032,2.67935,3.93114,5.02853,5.93896,6.77523,6.6144,6.48506,6.12633,5.80466,5.44119,	20,11.1459,8.05587,6.73712,5.6831,4.65903,3.67341,2.68895,1.71905,0.74921,1.89821,0.505595,6.51974,7.06109,6.77277,5.80419,4.77575,3.887,2.96969,2.16925,0.751818,1.89428,	
7.70472e-05,1.99083,3.17791,3.99356,4.52206,5.03974,6.56788,6.44927,6.09022,5.77726,5.41781,0.888782,2.67564,3.92611,5.01354,5.92631,6.76696,6.57779,6.48405,6.1406,5.80541,5.43295,	20,11.1407,8.05346,6.7361,5.68245,4.65956,3.67403,2.68749,1.71895,0.747315,1.89135,0.503047,6.47659,7.05302,6.76605,5.81159,4.7786,3.88073,2.96234,2.16955,0.75069,1.88967,	
7.51405e-05,1.98014,3.18444,3.98048,4.51086,5.03689,6.54418,6.44458,6.08858,5.77125,5.41412,0.884337,2.66492,3.91862,5.00416,5.91606,6.75072,6.60101,6.48029,6.13032,5.77853,5.422,	20,11.1224,8.0491,6.73483,5.68167,4.65994,3.66552,2.68255,1.71864,0.742597,1.88792,0.499277,6.46446,7.04635,6.75946,5.81486,4.76405,3.87503,2.96106,2.16386,0.746271,1.8803,	
7.26547e-05,1.95738,3.17199,3.97133,4.50197,5.03025,6.55993,6.43817,6.09249,5.77387,5.404,0.882139,2.66125,3.91272,4.99432,5.89695,6.74149,6.58672,6.46646,6.12256,5.80116,5.40499,	20,11.1095,8.04598,6.73391,5.68093,4.66021,3.66645,2.68153,1.71617,0.742347,1.88181,0.496794,6.43981,7.02961,6.76104,5.81115,4.75129,3.86533,2.9612,2.15798,0.747185,1.87518,	
7.18501e-05,1.98373,3.19077,3.963,4.49981,5.01072,6.53284,6.41752,6.09953,5.7635,5.39503,0.878872,2.65666,3.90036,4.98748,5.89425,6.7334,6.58398,6.45685,6.13803,5.77383,5.40856,	20,11.0917,8.04176,6.73299,5.68037,4.6603,3.66277,2.68017,1.71562,0.738637,1.87814,0.494339,6.44286,7.03092,6.74459,5.81103,4.74808,3.86606,2.96589,2.15306,0.737749,1.86958,	
7.05359e-05,1.99041,3.18101,3.95611,4.49203,5.00952,6.53119,6.41699,6.09096,5.74641,5.37012,0.877793,2.65488,3.89715,4.97693,5.88156,6.7161,6.55727,6.43024,6.09249,5.76801,5.42668,	20,11.0841,8.02013,6.73222,5.67994,4.65467,3.66345,2.6819,1.71667,0.734626,1.86555,0.491304,6.41563,7.01784,6.73009,5.80994,4.75263,3.85399,2.95708,2.15418,0.739517,1.86698,	
6.89999e-05,1.98461,3.1831,3.9588,4.49197,5.00388,6.51016,6.37868,6.07144,5.72515,5.38726,0.874579,2.64878,3.89074,4.972,5.8732,6.70181,6.52536,6.44523,6.0863,5.78384,5.42101,	20,11.0715,8.01663,6.73136,5.67252,4.65505,3.66431,2.68079,1.71596,0.736036,1.86325,0.489506,6.39889,7.01108,6.72397,5.79057,4.75166,3.84463,2.96169,2.15708,0.73837,1.8597,	
6.77539e-05,1.9795,3.16952,3.96153,4.48071,4.99084,6.4993,6.40654,6.06884,5.74424,5.3571,0.872455,2.6453,3.88611,4.95671,5.85298,6.69453,6.53448,6.42592,6.08433,5.73347,5.4001,	20,11.0665,8.01352,6.73043,5.67202,4.65539,3.66501,2.68239,1.71299,0.730454,1.85757,0.485353,6.34475,6.99804,6.70875,5.78869,4.74506,3.8422,2.95714,2.15704,0.736877,1.85589,	
6.61364e-05,1.94955,3.17877,3.96148,4.47832,4.98969,6.50715,6.39531,6.05897,5.69457,5.36212,0.866158,2.63808,3.8795,4.94371,5.84863,6.68052,6.51676,6.41552,6.06144,5.72544,5.36993,	20,11.0467,8.0091,6.72931,5.67142,4.6446,3.66563,2.68089,1.71223,0.734276,1.83948,0.483599,6.36121,6.98581,6.69406,5.78607,4.75099,3.84594,2.93601,2.1479,0.74026,1.84092,	
