Prob_forager_death	Prob_recipients_death	Prob_gamma_stop		Av_return_0		Av_return_1	
0	0	0	0	0	
0.0008	0	0.003608	5.36978	5.36978	
0.00053	0	0.00368	5.96485	5.96485	
0.000649	0	0.003681	7.09838	7.09838	
0.00075	0	0.003589	7.41876	7.41876	
0.00077	0	0.003636	7.54517	7.54517	
0.000855	0	0.003633	7.60183	7.60183	
0.000753	0	0.003494	7.80174	7.80174	
0.000864	0	0.003578	7.79356	7.79356	
0.000845	0	0.003553	7.77171	7.77171	
0.000876	0	0.003529	7.76981	7.76981	
0.000885	0	0.003619	7.82704	7.82704	
0.000905	0	0.003605	7.8133	7.8133	
0.000907	0	0.003607	7.76805	7.76805	
0.000869	0	0.003659	7.90614	7.90614	
0.000904	0	0.00361	7.93288	7.93288	
0.000937	0	0.003614	7.8385	7.8385	
0.001014	0	0.003596	7.80607	7.80607	
0.001008	0	0.003658	7.81076	7.81076	
0.000934	0	0.003438	7.85956	7.85956	
0.001027	0	0.00369	7.85033	7.85033	
