Prob_forager_death	Prob_recipients_death	Prob_gamma_stop		Av_return_0		Av_return_1	
0	1	0	0	0	
0.050612	0.113061	0.010876	2.76323	2.76323	
0.023813	0.06283	0.011832	4.56676	4.56676	
0.020529	0.056943	0.012085	4.96169	4.96169	
0.018266	0.053297	0.011991	5.29109	5.29109	
0.017287	0.052179	0.012209	5.41077	5.41077	
0.01677	0.050719	0.012151	5.53059	5.53059	
0.016643	0.049965	0.012002	5.59949	5.59949	
0.016722	0.050671	0.012065	5.53301	5.53301	
0.016894	0.050826	0.01195	5.53046	5.53046	
0.01647	0.050316	0.012161	5.57997	5.57997	
0.016348	0.049382	0.012213	5.6557	5.6557	
0.0167	0.050792	0.011993	5.53325	5.53325	
0.016503	0.050323	0.012184	5.57588	5.57588	
0.016543	0.050205	0.012191	5.58123	5.58123	
0.01645	0.049898	0.012207	5.61403	5.61403	
0.016658	0.051182	0.012076	5.50395	5.50395	
0.016852	0.051354	0.012176	5.48029	5.48029	
0.016435	0.050121	0.012155	5.58135	5.58135	
0.016649	0.050983	0.011924	5.52682	5.52682	
0.016636	0.0502251	0.012277	5.57597	5.57597	
