Prob_forager_death	Prob_recipients_death	Prob_gamma_stop		Av_return_0		Av_return_1	
0	1	0	0	0	
0.060103	0.141819	0.019715	2.23788	2.23788	
0.029336	0.088438	0.02174	3.29257	3.29257	
0.027268	0.084763	0.021934	3.33743	3.33743	
0.027052	0.085305	0.021929	3.29687	3.29687	
0.026808	0.08465	0.021997	3.30251	3.30251	
0.026804	0.084393	0.022063	3.29773	3.29773	
0.026481	0.082946	0.021995	3.34365	3.34365	
0.026413	0.083149	0.021964	3.32613	3.32613	
0.026344	0.0828	0.021902	3.33207	3.33207	
0.025995	0.083044	0.021829	3.32762	3.32762	
0.026181	0.083437	0.021982	3.31096	3.31096	
0.026291	0.083119	0.021775	3.31799	3.31799	
0.026158	0.082916	0.022024	3.32276	3.32276	
0.02577	0.082722	0.02201	3.33906	3.33906	
0.026269	0.083981	0.022117	3.29518	3.29518	
0.026097	0.083853	0.021924	3.2929	3.2929	
0.026009	0.083454	0.021954	3.3096	3.3096	
0.026157	0.082145	0.021999	3.34453	3.34453	
0.025954	0.083788	0.021738	3.30117	3.30117	
0.0261	0.0831441	0.022105	3.31907	3.31907	
