Prob_forager_death	Prob_recipients_death	Prob_gamma_stop		Av_return_0		Av_return_1	
0	1	0	0	0	
0.091581	0.816592	0.000505	0.0887179	0.0887179	
0.094951	0.804687	0.000522	0.105024	0.105024	
0.095272	0.805035	0.000525	0.104688	0.104688	
0.095264	0.804098	0.000478	0.105842	0.105842	
0.09636	0.805168	0.000484	0.104456	0.104456	
0.095917	0.804981	0.000491	0.104946	0.104946	
0.096324	0.804278	0.000478	0.105903	0.105903	
0.096587	0.803025	0.000476	0.106412	0.106412	
0.09657	0.803606	0.000475	0.106894	0.106894	
0.096504	0.802999	0.000452	0.106963	0.106963	
0.096371	0.803509	0.000467	0.106411	0.106411	
0.09657	0.803482	0.000469	0.106858	0.106858	
0.09653	0.804263	0.000446	0.10572	0.10572	
0.097313	0.802284	0.000471	0.107945	0.107945	
0.097181	0.802603	0.000471	0.10754	0.10754	
0.09723	0.802917	0.000436	0.107498	0.107498	
0.097101	0.802371	0.000455	0.107945	0.107945	
0.097298	0.803085	0.000484	0.107163	0.107163	
0.097547	0.802623	0.000398	0.108095	0.108095	
0.0976381	0.801495	0.000462	0.108413	0.108413	
