Prob_forager_death	Prob_recipients_death	Prob_gamma_stop		Av_return_0		Av_return_1	
0	1	0	0	0	
0.084034	0.844749	0.018462	0.053056	0.053056	
0.087442	0.834714	0.019227	0.0643564	0.0643564	
0.087205	0.832568	0.018714	0.0675438	0.0675438	
0.086781	0.829871	0.018773	0.0710458	0.0710458	
0.085875	0.82834	0.01849	0.0736213	0.0736213	
0.086329	0.824995	0.018229	0.0770467	0.0770467	
0.086206	0.823652	0.018023	0.0789735	0.0789735	
0.085862	0.822744	0.017878	0.0804094	0.0804094	
0.085341	0.821054	0.017774	0.082684	0.082684	
0.085574	0.819268	0.017583	0.0847429	0.0847429	
0.085248	0.818332	0.017476	0.08615	0.08615	
0.085441	0.817412	0.017519	0.0870691	0.0870691	
0.084795	0.817351	0.017423	0.0877161	0.0877161	
0.08522	0.815812	0.017337	0.0892572	0.0892572	
0.084782	0.816427	0.017086	0.0894168	0.0894168	
0.085381	0.814796	0.017186	0.0904778	0.0904778	
0.085015	0.814606	0.017311	0.0907657	0.0907657	
0.085052	0.814247	0.017046	0.0913084	0.0913084	
0.084717	0.814855	0.017111	0.0911231	0.0911231	
0.0843191	0.815376	0.017112	0.0909255	0.0909255	
