accept,reject,	accept,reject,	accept,reject,	accept,reject,	accept,reject,	accept,reject,	accept,reject,	accept,reject,	accept,reject,	accept,reject,	accept,reject,	wait,	wait,	wait,	wait,	wait,	wait,	wait,	wait,	wait,	wait,	wait,	
0.5,0.5,	0.5,0.5,	0.5,0.5,	0.5,0.5,	0.5,0.5,	0.5,0.5,	0.5,0.5,	0.5,0.5,	0.5,0.5,	0.5,0.5,	0.5,0.5,	1,	1,	1,	1,	1,	1,	1,	1,	1,	1,	1,	
0.5,0.5,	0.50362,0.49638,	0.507997,0.492003,	0.51146,0.48854,	0.514986,0.485014,	0.517787,0.482213,	0.52004,0.47996,	0.522535,0.477465,	0.522885,0.477115,	0.513323,0.486677,	0.49999,0.50001,	1,	1,	1,	1,	1,	1,	1,	1,	1,	1,	1,	
0.5,0.5,	0.517283,0.482717,	0.534032,0.465968,	0.546328,0.453672,	0.557391,0.442609,	0.567367,0.432633,	0.575104,0.424896,	0.577835,0.422165,	0.566664,0.433336,	0.516551,0.483449,	0.499989,0.500011,	1,	1,	1,	1,	1,	1,	1,	1,	1,	1,	1,	
0.5,0.5,	0.542817,0.457183,	0.576729,0.423271,	0.599985,0.400015,	0.617879,0.382121,	0.633617,0.366383,	0.643386,0.356614,	0.638172,0.361828,	0.601078,0.398922,	0.502249,0.497751,	0.499985,0.500015,	1,	1,	1,	1,	1,	1,	1,	1,	1,	1,	1,	
0.5,0.5,	0.575563,0.424437,	0.628935,0.371065,	0.662794,0.337206,	0.68761,0.31239,	0.705283,0.294717,	0.711412,0.288588,	0.69003,0.30997,	0.620448,0.379552,	0.47845,0.52155,	0.499986,0.500014,	1,	1,	1,	1,	1,	1,	1,	1,	1,	1,	1,	
0.5,0.5,	0.61577,0.38423,	0.687308,0.312692,	0.729153,0.270847,	0.758299,0.241701,	0.773461,0.226539,	0.769813,0.230187,	0.730181,0.269819,	0.628237,0.371763,	0.452878,0.547122,	0.499985,0.500015,	1,	1,	1,	1,	1,	1,	1,	1,	1,	1,	1,	
0.5,0.5,	0.661047,0.338953,	0.747198,0.252802,	0.792309,0.207691,	0.8216,0.1784,	0.830839,0.169161,	0.816444,0.183556,	0.760642,0.239358,	0.627325,0.372675,	0.431502,0.568498,	0.499986,0.500014,	1,	1,	1,	1,	1,	1,	1,	1,	1,	1,	1,	
0.5,0.5,	0.709313,0.290687,	0.803659,0.196341,	0.848075,0.151925,	0.873632,0.126368,	0.875727,0.124273,	0.85313,0.14687,	0.782551,0.217449,	0.620466,0.379534,	0.415998,0.584002,	0.499986,0.500014,	1,	1,	1,	1,	1,	1,	1,	1,	1,	1,	1,	
0.5,0.5,	0.759263,0.240737,	0.853985,0.146015,	0.893333,0.106667,	0.913063,0.0869371,	0.909494,0.090506,	0.881384,0.118616,	0.798626,0.201374,	0.611347,0.388653,	0.405796,0.594204,	0.499986,0.500014,	1,	1,	1,	1,	1,	1,	1,	1,	1,	1,	1,	
0.5,0.5,	0.80663,0.19337,	0.89487,0.10513,	0.927309,0.0726911,	0.941257,0.0587433,	0.934155,0.0658448,	0.903287,0.096713,	0.809893,0.190107,	0.602927,0.397073,	0.400158,0.599842,	0.499986,0.500014,	1,	1,	1,	1,	1,	1,	1,	1,	1,	1,	1,	
0.5,0.5,	0.84972,0.15028,	0.926551,0.073449,	0.951548,0.0484519,	0.960837,0.0391625,	0.95197,0.0480302,	0.920542,0.0794578,	0.81706,0.18294,	0.595623,0.404377,	0.398076,0.601924,	0.499986,0.500014,	1,	1,	1,	1,	1,	1,	1,	1,	1,	1,	1,	
0.5,0.5,	0.886339,0.113661,	0.949831,0.050169,	0.96815,0.0318495,	0.974079,0.0259209,	0.964793,0.0352066,	0.934132,0.0658679,	0.821534,0.178466,	0.589404,0.410596,	0.398978,0.601022,	0.499986,0.500014,	1,	1,	1,	1,	1,	1,	1,	1,	1,	1,	1,	
0.5,0.5,	0.916413,0.0835875,	0.966306,0.0336936,	0.979278,0.0207216,	0.982959,0.0170407,	0.974236,0.025764,	0.945003,0.054997,	0.824421,0.175579,	0.585778,0.414222,	0.401559,0.598441,	0.499986,0.500014,	1,	1,	1,	1,	1,	1,	1,	1,	1,	1,	1,	
0.5,0.5,	0.939668,0.0603324,	0.977629,0.0223706,	0.986598,0.0134019,	0.988816,0.0111841,	0.981061,0.0189386,	0.95373,0.0462699,	0.826851,0.173149,	0.584811,0.415189,	0.404835,0.595165,	0.499986,0.500014,	1,	1,	1,	1,	1,	1,	1,	1,	1,	1,	1,	
0.5,0.5,	0.957099,0.0429005,	0.985256,0.0147442,	0.991357,0.00864321,	0.992656,0.00734384,	0.98599,0.0140097,	0.960692,0.0393077,	0.828554,0.171446,	0.58626,0.41374,	0.408654,0.591346,	0.499986,0.500014,	1,	1,	1,	1,	1,	1,	1,	1,	1,	1,	1,	
0.5,0.5,	0.969837,0.0301629,	0.990326,0.00967407,	0.994433,0.00556704,	0.995173,0.0048271,	0.989593,0.0104073,	0.966437,0.0335634,	0.82999,0.17001,	0.590112,0.409888,	0.413077,0.586923,	0.499986,0.500014,	1,	1,	1,	1,	1,	1,	1,	1,	1,	1,	1,	
0.5,0.5,	0.978973,0.0210267,	0.993671,0.00632896,	0.996416,0.00358441,	0.996816,0.00318379,	0.992264,0.00773591,	0.971104,0.0288963,	0.831269,0.168731,	0.596745,0.403255,	0.417468,0.582532,	0.499986,0.500014,	1,	1,	1,	1,	1,	1,	1,	1,	1,	1,	1,	
0.5,0.5,	0.985424,0.0145763,	0.995866,0.00413351,	0.997694,0.00230581,	0.997901,0.00209916,	0.994256,0.0057438,	0.974845,0.0251554,	0.833451,0.166549,	0.604676,0.395324,	0.421837,0.578163,	0.499986,0.500014,	1,	1,	1,	1,	1,	1,	1,	1,	1,	1,	1,	
0.5,0.5,	0.989936,0.0100644,	0.997303,0.00269686,	0.998518,0.00148248,	0.998617,0.00138334,	0.995738,0.00426165,	0.977978,0.022022,	0.836232,0.163768,	0.612914,0.387086,	0.426253,0.573747,	0.499986,0.500014,	1,	1,	1,	1,	1,	1,	1,	1,	1,	1,	1,	
0.5,0.5,	0.993068,0.00693162,	0.998242,0.00175846,	0.999047,0.000952784,	0.999089,0.000911318,	0.996834,0.00316591,	0.980609,0.0193914,	0.839875,0.160125,	0.621343,0.378657,	0.431048,0.568952,	0.499986,0.500014,	1,	1,	1,	1,	1,	1,	1,	1,	1,	1,	1,	
0.5,0.5,	0.995234,0.0047657,	0.998854,0.00114617,	0.999388,0.000612203,	0.9994,0.000600243,	0.997647,0.00235303,	0.982894,0.0171058,	0.844277,0.155723,	0.630306,0.369694,	0.436122,0.563878,	0.499986,0.500014,	1,	1,	1,	1,	1,	1,	1,	1,	1,	1,	1,	
0.5,0.5,	0.996727,0.00327309,	0.999253,0.000746904,	0.999607,0.000393303,	0.999605,0.000395304,	0.998252,0.00174824,	0.984902,0.0150979,	0.849053,0.150947,	0.639173,0.360827,	0.441786,0.558214,	0.499986,0.500014,	1,	1,	1,	1,	1,	1,	1,	1,	1,	1,	1,	
0.5,0.5,	0.997754,0.00224642,	0.999513,0.000486647,	0.999747,0.000252649,	0.99974,0.000260317,	0.998701,0.00129851,	0.986665,0.0133353,	0.853904,0.146096,	0.648119,0.351881,	0.447596,0.552404,	0.499986,0.500014,	1,	1,	1,	1,	1,	1,	1,	1,	1,	1,	1,	
0.5,0.5,	0.998459,0.00154101,	0.999683,0.000317043,	0.999838,0.000162287,	0.999829,0.000171416,	0.999033,0.00096685,	0.988198,0.0118021,	0.858801,0.141199,	0.656854,0.343146,	0.453573,0.546427,	0.499986,0.500014,	1,	1,	1,	1,	1,	1,	1,	1,	1,	1,	1,	
0.5,0.5,	0.998943,0.00105675,	0.999793,0.000206536,	0.999896,0.000104239,	0.999887,0.000112871,	0.99928,0.000720084,	0.989533,0.0104671,	0.863877,0.136123,	0.66579,0.33421,	0.459931,0.540069,	0.499986,0.500014,	1,	1,	1,	1,	1,	1,	1,	1,	1,	1,	1,	
0.5,0.5,	0.999275,0.000724512,	0.999865,0.000134541,	0.999933,6.69527e-05,	0.999926,7.43191e-05,	0.999464,0.000536244,	0.990697,0.00930318,	0.869097,0.130903,	0.674242,0.325758,	0.465975,0.534025,	0.499986,0.500014,	1,	1,	1,	1,	1,	1,	1,	1,	1,	1,	1,	
0.5,0.5,	0.999503,0.000496665,	0.999912,8.764e-05,	0.999957,4.30029e-05,	0.999951,4.89343e-05,	0.999601,0.000399308,	0.991728,0.0082716,	0.87449,0.12551,	0.682423,0.317577,	0.47185,0.52815,	0.499986,0.500014,	1,	1,	1,	1,	1,	1,	1,	1,	1,	1,	1,	
0.5,0.5,	0.99966,0.00034044,	0.999943,5.70877e-05,	0.999972,2.762e-05,	0.999968,3.22198e-05,	0.999703,0.000297319,	0.992644,0.00735572,	0.879491,0.120509,	0.690376,0.309624,	0.477407,0.522593,	0.499986,0.500014,	1,	1,	1,	1,	1,	1,	1,	1,	1,	1,	1,	
0.5,0.5,	0.999767,0.000233341,	0.999963,3.71859e-05,	0.999982,1.77397e-05,	0.999979,2.12143e-05,	0.999779,0.000221368,	0.993455,0.00654452,	0.884337,0.115663,	0.69867,0.30133,	0.483165,0.516835,	0.499986,0.500014,	1,	1,	1,	1,	1,	1,	1,	1,	1,	1,	1,	
0.5,0.5,	0.99984,0.000159928,	0.999976,2.4222e-05,	0.999989,1.13938e-05,	0.999986,1.3968e-05,	0.999835,0.000164812,	0.994172,0.00582828,	0.888996,0.111004,	0.707596,0.292404,	0.488934,0.511066,	0.499986,0.500014,	1,	1,	1,	1,	1,	1,	1,	1,	1,	1,	1,	
0.5,0.5,	0.99989,0.000109609,	0.999984,1.57776e-05,	0.999993,7.31793e-06,	0.999991,9.19676e-06,	0.999877,0.000122702,	0.994809,0.00519076,	0.893572,0.106428,	0.716634,0.283366,	0.494323,0.505677,	0.499986,0.500014,	1,	1,	1,	1,	1,	1,	1,	1,	1,	1,	1,	
0.5,0.5,	0.999925,7.51203e-05,	0.99999,1.02771e-05,	0.999995,4.70011e-06,	0.999994,6.05531e-06,	0.999909,9.13497e-05,	0.995375,0.00462464,	0.898214,0.101786,	0.725558,0.274442,	0.499424,0.500576,	0.499986,0.500014,	1,	1,	1,	1,	1,	1,	1,	1,	1,	1,	1,	
0.5,0.5,	0.999949,5.14831e-05,	0.999993,6.6942e-06,	0.999997,3.01875e-06,	0.999996,3.98692e-06,	0.999932,6.80071e-05,	0.995872,0.00412762,	0.902772,0.0972279,	0.734395,0.265605,	0.504201,0.495799,	0.499986,0.500014,	1,	1,	1,	1,	1,	1,	1,	1,	1,	1,	1,	
0.5,0.5,	0.999965,3.52832e-05,	0.999996,4.3604e-06,	0.999998,1.93886e-06,	0.999997,2.62505e-06,	0.999949,5.06286e-05,	0.996314,0.00368619,	0.907353,0.0926466,	0.7429,0.2571,	0.509014,0.490986,	0.499986,0.500014,	1,	1,	1,	1,	1,	1,	1,	1,	1,	1,	1,	
0.5,0.5,	0.999976,2.41807e-05,	0.999997,2.84023e-06,	0.999999,1.24527e-06,	0.999998,1.72837e-06,	0.999962,3.76907e-05,	0.996709,0.00329074,	0.911701,0.0882991,	0.751095,0.248905,	0.514389,0.485611,	0.499986,0.500014,	1,	1,	1,	1,	1,	1,	1,	1,	1,	1,	1,	
0.5,0.5,	0.999983,1.65718e-05,	0.999998,1.85004e-06,	0.999999,7.99802e-07,	0.999999,1.13799e-06,	0.999972,2.80589e-05,	0.997063,0.00293684,	0.915849,0.0841509,	0.759284,0.240716,	0.520131,0.479869,	0.499986,0.500014,	1,	1,	1,	1,	1,	1,	1,	1,	1,	1,	1,	
0.5,0.5,	0.999989,1.13571e-05,	0.999999,1.20506e-06,	0.999999,5.1369e-07,	0.999999,7.49268e-07,	0.999979,2.08884e-05,	0.99738,0.00262031,	0.919949,0.0800513,	0.767282,0.232718,	0.526179,0.473821,	0.499986,0.500014,	1,	1,	1,	1,	1,	1,	1,	1,	1,	1,	1,	
0.5,0.5,	0.999992,7.78331e-06,	0.999999,7.84937e-07,	1,3.29928e-07,	1,4.93329e-07,	0.999984,1.55502e-05,	0.997663,0.00233723,	0.923796,0.0762039,	0.775215,0.224785,	0.532313,0.467687,	0.499986,0.500014,	1,	1,	1,	1,	1,	1,	1,	1,	1,	1,	1,	
0.5,0.5,	0.999995,5.3341e-06,	0.999999,5.11283e-07,	1,2.11903e-07,	1,3.24815e-07,	0.999988,1.15763e-05,	0.997916,0.00208422,	0.927462,0.0725385,	0.783418,0.216582,	0.53822,0.46178,	0.499986,0.500014,	1,	1,	1,	1,	1,	1,	1,	1,	1,	1,	1,	
0.5,0.5,	0.999996,3.65559e-06,	1,3.33034e-07,	1,1.36099e-07,	1,2.13863e-07,	0.999991,8.61786e-06,	0.99814,0.00186023,	0.931058,0.0689418,	0.79184,0.20816,	0.543672,0.456328,	0.499986,0.500014,	1,	1,	1,	1,	1,	1,	1,	1,	1,	1,	1,	
0.5,0.5,	0.999997,2.50527e-06,	1,2.16928e-07,	1,8.74127e-08,	1,1.40811e-07,	0.999994,6.41549e-06,	0.998339,0.00166144,	0.934612,0.0653882,	0.799602,0.200398,	0.548843,0.451157,	0.499986,0.500014,	1,	1,	1,	1,	1,	1,	1,	1,	1,	1,	1,	
0.5,0.5,	0.999998,1.71692e-06,	1,1.413e-07,	1,5.61426e-08,	1,9.27118e-08,	0.999995,4.77595e-06,	0.998516,0.00148414,	0.937978,0.0620221,	0.806643,0.193357,	0.554172,0.445828,	0.499986,0.500014,	1,	1,	1,	1,	1,	1,	1,	1,	1,	1,	1,	
0.5,0.5,	0.999999,1.17665e-06,	1,9.20383e-08,	1,3.60588e-08,	1,6.10428e-08,	0.999996,3.55541e-06,	0.998675,0.00132549,	0.941177,0.0588226,	0.813619,0.186381,	0.559893,0.440107,	0.499986,0.500014,	1,	1,	1,	1,	1,	1,	1,	1,	1,	1,	1,	
0.5,0.5,	0.999999,8.06384e-07,	1,5.99509e-08,	1,2.31595e-08,	1,4.01915e-08,	0.999997,2.64679e-06,	0.998816,0.00118358,	0.944217,0.0557828,	0.820154,0.179846,	0.565876,0.434124,	0.499986,0.500014,	1,	1,	1,	1,	1,	1,	1,	1,	1,	1,	1,	
0.5,0.5,	0.999999,5.52634e-07,	1,3.90501e-08,	1,1.48747e-08,	1,2.64627e-08,	0.999998,1.97037e-06,	0.998942,0.00105765,	0.947079,0.0529206,	0.826652,0.173348,	0.571785,0.428215,	0.499986,0.500014,	1,	1,	1,	1,	1,	1,	1,	1,	1,	1,	1,	
0.5,0.5,	1,3.78733e-07,	1,2.5436e-08,	1,9.55357e-09,	1,1.74234e-08,	0.999999,1.46682e-06,	0.999055,0.000945057,	0.949775,0.0502247,	0.83301,0.16699,	0.577711,0.422289,	0.499986,0.500014,	1,	1,	1,	1,	1,	1,	1,	1,	1,	1,	1,	
0.5,0.5,	1,2.59555e-07,	1,1.65682e-08,	1,6.13598e-09,	1,1.14718e-08,	0.999999,1.09196e-06,	0.999155,0.000844657,	0.952319,0.0476806,	0.838864,0.161136,	0.583216,0.416784,	0.499986,0.500014,	1,	1,	1,	1,	1,	1,	1,	1,	1,	1,	1,	
0.5,0.5,	1,1.77879e-07,	1,1.0792e-08,	1,3.94096e-09,	1,7.55321e-09,	0.999999,8.12896e-07,	0.999245,0.000755238,	0.954797,0.0452035,	0.844707,0.155293,	0.588776,0.411224,	0.499986,0.500014,	1,	1,	1,	1,	1,	1,	1,	1,	1,	1,	1,	
0.5,0.5,	1,1.21905e-07,	1,7.02958e-09,	1,2.53116e-09,	1,4.97315e-09,	0.999999,6.05151e-07,	0.999324,0.000675705,	0.957209,0.0427908,	0.84986,0.15014,	0.594341,0.405659,	0.499986,0.500014,	1,	1,	1,	1,	1,	1,	1,	1,	1,	1,	1,	
0.5,0.5,	1,8.35443e-08,	1,4.57884e-09,	1,1.62569e-09,	1,3.27439e-09,	1,4.50498e-07,	0.999395,0.000605226,	0.959492,0.0405078,	0.854576,0.145424,	0.599822,0.400178,	0.499986,0.500014,	1,	1,	1,	1,	1,	1,	1,	1,	1,	1,	1,	
0.5,0.5,	1,5.72549e-08,	1,2.98251e-09,	1,1.04414e-09,	1,2.15591e-09,	1,3.35368e-07,	0.999458,0.00054206,	0.961716,0.0382843,	0.859156,0.140844,	0.604983,0.395017,	0.499986,0.500014,	1,	1,	1,	1,	1,	1,	1,	1,	1,	1,	1,	
0.5,0.5,	1,3.92381e-08,	1,1.94272e-09,	1,6.70618e-10,	1,1.41948e-09,	1,2.49661e-07,	0.999515,0.00048546,	0.963849,0.036151,	0.863667,0.136333,	0.60983,0.39017,	0.499986,0.500014,	1,	1,	1,	1,	1,	1,	1,	1,	1,	1,	1,	
0.5,0.5,	1,2.68908e-08,	1,1.26542e-09,	1,4.30718e-10,	1,9.34607e-10,	1,1.85857e-07,	0.999565,0.000434754,	0.965867,0.0341328,	0.867934,0.132066,	0.614566,0.385434,	0.499986,0.500014,	1,	1,	1,	1,	1,	1,	1,	1,	1,	1,	1,	
0.5,0.5,	1,1.84289e-08,	1,8.24257e-10,	1,2.76638e-10,	1,6.15359e-10,	1,1.38359e-07,	0.999611,0.000389334,	0.967794,0.0322059,	0.872093,0.127907,	0.619403,0.380597,	0.499986,0.500014,	1,	1,	1,	1,	1,	1,	1,	1,	1,	1,	1,	
0.5,0.5,	1,1.26298e-08,	1,5.36895e-10,	1,1.77677e-10,	1,4.05161e-10,	1,1.03e-07,	0.999651,0.000348652,	0.969622,0.0303783,	0.876267,0.123733,	0.624241,0.375759,	0.499986,0.500014,	1,	1,	1,	1,	1,	1,	1,	1,	1,	1,	1,	
0.5,0.5,	1,8.65548e-09,	1,3.49717e-10,	1,1.14116e-10,	1,2.66764e-10,	1,7.66771e-08,	0.999688,0.000312216,	0.971344,0.028656,	0.880338,0.119662,	0.629032,0.370968,	0.499986,0.500014,	1,	1,	1,	1,	1,	1,	1,	1,	1,	1,	1,	
0.5,0.5,	1,5.93181e-09,	1,2.27794e-10,	1,7.32937e-11,	1,1.75641e-10,	1,5.70814e-08,	0.99972,0.000279584,	0.972976,0.0270236,	0.884437,0.115563,	0.633819,0.366181,	0.499986,0.500014,	1,	1,	1,	1,	1,	1,	1,	1,	1,	1,	1,	
0.5,0.5,	1,4.06521e-09,	1,1.48378e-10,	1,4.70744e-11,	1,1.15645e-10,	1,4.24935e-08,	0.99975,0.000250359,	0.974528,0.0254721,	0.888502,0.111498,	0.638624,0.361376,	0.499986,0.500014,	1,	1,	1,	1,	1,	1,	1,	1,	1,	1,	1,	
0.5,0.5,	1,2.78598e-09,	1,9.66488e-11,	1,3.02345e-11,	1,7.61423e-11,	1,3.16338e-08,	0.999776,0.000224187,	0.975992,0.024008,	0.892478,0.107522,	0.643533,0.356467,	0.499986,0.500014,	1,	1,	1,	1,	1,	1,	1,	1,	1,	1,	1,	
0.5,0.5,	1,1.9093e-09,	1,6.2954e-11,	1,1.94188e-11,	1,5.01332e-11,	1,2.35494e-08,	0.999799,0.000200749,	0.977379,0.0226213,	0.896358,0.103642,	0.648533,0.351467,	0.499986,0.500014,	1,	1,	1,	1,	1,	1,	1,	1,	1,	1,	1,	
0.5,0.5,	1,1.30849e-09,	1,4.10062e-11,	1,1.24721e-11,	1,3.30084e-11,	1,1.75311e-08,	0.99982,0.00017976,	0.978692,0.0213076,	0.900129,0.0998714,	0.653588,0.346412,	0.499986,0.500014,	1,	1,	1,	1,	1,	1,	1,	1,	1,	1,	1,	
0.5,0.5,	1,8.96738e-10,	1,2.67102e-11,	1,8.01047e-12,	1,2.17332e-11,	1,1.30508e-08,	0.999839,0.000160964,	0.979939,0.0200613,	0.903817,0.0961833,	0.658652,0.341348,	0.499986,0.500014,	1,	1,	1,	1,	1,	1,	1,	1,	1,	1,	1,	
0.5,0.5,	1,6.14556e-10,	1,1.73982e-11,	1,5.14489e-12,	1,1.43095e-11,	1,9.71553e-09,	0.999856,0.000144132,	0.98111,0.0188902,	0.907423,0.0925774,	0.663659,0.336341,	0.499986,0.500014,	1,	1,	1,	1,	1,	1,	1,	1,	1,	1,	1,	
0.5,0.5,	1,4.2117e-10,	1,1.13326e-11,	1,3.30441e-12,	1,9.42157e-12,	1,7.23262e-09,	0.999871,0.00012906,	0.982215,0.0177849,	0.910917,0.0890832,	0.668618,0.331382,	0.499986,0.500014,	1,	1,	1,	1,	1,	1,	1,	1,	1,	1,	1,	
0.5,0.5,	1,2.88638e-10,	1,7.3817e-12,	1,2.12233e-12,	1,6.2033e-12,	1,5.38424e-09,	0.999884,0.000115564,	0.983264,0.0167364,	0.914289,0.0857105,	0.673494,0.326506,	0.499986,0.500014,	1,	1,	1,	1,	1,	1,	1,	1,	1,	1,	1,	
0.5,0.5,	1,1.9781e-10,	1,4.80821e-12,	1,1.36311e-12,	1,4.08434e-12,	1,4.00823e-09,	0.999897,0.000103478,	0.984255,0.0157452,	0.917517,0.0824834,	0.678343,0.321657,	0.499986,0.500014,	1,	1,	1,	1,	1,	1,	1,	1,	1,	1,	1,	
0.5,0.5,	1,1.35564e-10,	1,3.13192e-12,	1,8.75486e-13,	1,2.68919e-12,	1,2.98388e-09,	0.999907,9.26561e-05,	0.985189,0.0148107,	0.920616,0.079384,	0.683162,0.316838,	0.499986,0.500014,	1,	1,	1,	1,	1,	1,	1,	1,	1,	1,	1,	
0.5,0.5,	1,9.29052e-11,	1,2.04003e-12,	1,5.62299e-13,	1,1.7706e-12,	1,2.22132e-09,	0.999917,8.29657e-05,	0.98607,0.0139297,	0.923604,0.0763957,	0.687982,0.312018,	0.499986,0.500014,	1,	1,	1,	1,	1,	1,	1,	1,	1,	1,	1,	
0.5,0.5,	1,6.36702e-11,	1,1.32881e-12,	1,3.61148e-13,	1,1.16579e-12,	1,1.65363e-09,	0.999926,7.42885e-05,	0.986891,0.0131087,	0.926459,0.0735413,	0.692799,0.307201,	0.499986,0.500014,	1,	1,	1,	1,	1,	1,	1,	1,	1,	1,	1,	
0.5,0.5,	1,4.36347e-11,	1,8.65546e-13,	1,2.31955e-13,	1,7.67574e-13,	1,1.23103e-09,	0.999933,6.65188e-05,	0.987661,0.0123393,	0.929205,0.0707946,	0.697651,0.302349,	0.499986,0.500014,	1,	1,	1,	1,	1,	1,	1,	1,	1,	1,	1,	
0.5,0.5,	1,2.99039e-11,	1,5.6379e-13,	1,1.48978e-13,	1,5.05382e-13,	1,9.16424e-10,	0.99994,5.95615e-05,	0.988382,0.011618,	0.931852,0.0681478,	0.70252,0.29748,	0.499986,0.500014,	1,	1,	1,	1,	1,	1,	1,	1,	1,	1,	1,	
0.5,0.5,	1,2.04938e-11,	1,3.67235e-13,	1,9.56842e-14,	1,3.32751e-13,	1,6.82221e-10,	0.999947,5.33318e-05,	0.989061,0.0109389,	0.934387,0.0656129,	0.707394,0.292606,	0.499986,0.500014,	1,	1,	1,	1,	1,	1,	1,	1,	1,	1,	1,	
0.5,0.5,	1,1.40449e-11,	1,2.39205e-13,	1,6.14552e-14,	1,2.19088e-13,	1,5.07872e-10,	0.999952,4.77536e-05,	0.9897,0.0103004,	0.936812,0.0631877,	0.712242,0.287758,	0.499986,0.500014,	1,	1,	1,	1,	1,	1,	1,	1,	1,	1,	1,	
0.5,0.5,	1,9.62531e-12,	1,1.55811e-13,	1,3.94709e-14,	1,1.44251e-13,	1,3.78079e-10,	0.999957,4.27588e-05,	0.990299,0.00970144,	0.939157,0.0608427,	0.717023,0.282977,	0.499986,0.500014,	1,	1,	1,	1,	1,	1,	1,	1,	1,	1,	1,	
0.5,0.5,	1,6.59645e-12,	1,1.0149e-13,	1,2.5351e-14,	1,9.49768e-14,	1,2.81457e-10,	0.999962,3.82864e-05,	0.990862,0.00913843,	0.941409,0.0585906,	0.721728,0.278272,	0.499986,0.500014,	1,	1,	1,	1,	1,	1,	1,	1,	1,	1,	1,	
0.5,0.5,	1,4.5207e-12,	1,6.61075e-14,	1,1.62822e-14,	1,6.25341e-14,	1,2.09527e-10,	0.999966,3.42818e-05,	0.991392,0.00860767,	0.943591,0.0564091,	0.726436,0.273564,	0.499986,0.500014,	1,	1,	1,	1,	1,	1,	1,	1,	1,	1,	1,	
0.5,0.5,	1,3.09815e-12,	1,4.30603e-14,	1,1.04576e-14,	1,4.11734e-14,	1,1.5598e-10,	0.999969,3.0696e-05,	0.991892,0.00810831,	0.945702,0.0542977,	0.731114,0.268886,	0.499986,0.500014,	1,	1,	1,	1,	1,	1,	1,	1,	1,	1,	1,	
0.5,0.5,	1,2.12323e-12,	1,2.80481e-14,	1,6.71661e-15,	1,2.71092e-14,	1,1.16117e-10,	0.999973,2.74852e-05,	0.992361,0.00763883,	0.947749,0.0522509,	0.735828,0.264172,	0.499986,0.500014,	1,	1,	1,	1,	1,	1,	1,	1,	1,	1,	1,	
0.5,0.5,	1,1.4551e-12,	1,1.82697e-14,	1,4.31388e-15,	1,1.78491e-14,	1,8.64423e-11,	0.999975,2.46102e-05,	0.992804,0.00719639,	0.949732,0.0502678,	0.740502,0.259498,	0.499986,0.500014,	1,	1,	1,	1,	1,	1,	1,	1,	1,	1,	1,	
0.5,0.5,	1,9.97216e-13,	1,1.19003e-14,	1,2.77068e-15,	1,1.17521e-14,	1,6.4351e-11,	0.999978,2.2036e-05,	0.99322,0.00677981,	0.951654,0.0483463,	0.74515,0.25485,	0.499986,0.500014,	1,	1,	1,	1,	1,	1,	1,	1,	1,	1,	1,	
0.5,0.5,	1,6.83416e-13,	1,7.75147e-15,	1,1.77953e-15,	1,7.73775e-15,	1,4.79053e-11,	0.99998,1.9731e-05,	0.993613,0.00638706,	0.95351,0.0464896,	0.749803,0.250197,	0.499986,0.500014,	1,	1,	1,	1,	1,	1,	1,	1,	1,	1,	1,	
0.5,0.5,	1,4.68361e-13,	1,5.04906e-15,	1,1.14294e-15,	1,5.09465e-15,	1,3.56626e-11,	0.999982,1.76671e-05,	0.993983,0.00601662,	0.95531,0.0446904,	0.754445,0.245555,	0.499986,0.500014,	1,	1,	1,	1,	1,	1,	1,	1,	1,	1,	1,	
0.5,0.5,	1,3.20979e-13,	1,3.2888e-15,	1,7.34076e-16,	1,3.35439e-15,	1,2.65486e-11,	0.999984,1.58191e-05,	0.994332,0.00566759,	0.95704,0.0429595,	0.759016,0.240984,	0.499986,0.500014,	1,	1,	1,	1,	1,	1,	1,	1,	1,	1,	1,	
0.5,0.5,	1,2.19974e-13,	1,2.14222e-15,	1,4.71476e-16,	1,2.20858e-15,	1,1.97638e-11,	0.999986,1.41644e-05,	0.994661,0.00533915,	0.958702,0.0412982,	0.763517,0.236483,	0.499986,0.500014,	1,	1,	1,	1,	1,	1,	1,	1,	1,	1,	1,	
0.5,0.5,	1,1.50754e-13,	1,1.39538e-15,	1,3.02815e-16,	1,1.45416e-15,	1,1.47129e-11,	0.999987,1.26828e-05,	0.99497,0.00502998,	0.960299,0.039701,	0.767967,0.232033,	0.499986,0.500014,	1,	1,	1,	1,	1,	1,	1,	1,	1,	1,	1,	
0.5,0.5,	1,1.03315e-13,	1,9.08904e-16,	1,1.94489e-16,	1,9.57441e-16,	1,1.09529e-11,	0.999989,1.13561e-05,	0.995261,0.00473873,	0.961839,0.0381608,	0.772359,0.227641,	0.499986,0.500014,	1,	1,	1,	1,	1,	1,	1,	1,	1,	1,	1,	
0.5,0.5,	1,7.08043e-14,	1,5.92031e-16,	1,1.24915e-16,	1,6.30393e-16,	1,8.15373e-12,	0.99999,1.01682e-05,	0.995536,0.00446431,	0.963323,0.0366771,	0.776696,0.223304,	0.499986,0.500014,	1,	1,	1,	1,	1,	1,	1,	1,	1,	1,	1,	
0.5,0.5,	1,4.85238e-14,	1,3.8563e-16,	1,8.02292e-17,	1,4.1506e-16,	1,6.06995e-12,	0.999991,9.1046e-06,	0.995794,0.00420568,	0.964754,0.0352456,	0.780989,0.219011,	0.499986,0.500014,	1,	1,	1,	1,	1,	1,	1,	1,	1,	1,	1,	
0.5,0.5,	1,3.32545e-14,	1,2.51187e-16,	1,5.15289e-17,	1,2.73282e-16,	1,4.5187e-12,	0.999992,8.15223e-06,	0.996038,0.00396195,	0.966137,0.0338633,	0.785227,0.214773,	0.499986,0.500014,	1,	1,	1,	1,	1,	1,	1,	1,	1,	1,	1,	
0.5,0.5,	1,2.27901e-14,	1,1.63616e-16,	1,3.30955e-17,	1,1.79933e-16,	1,3.36389e-12,	0.999993,7.29948e-06,	0.996268,0.00373228,	0.967463,0.0325374,	0.789412,0.210588,	0.499986,0.500014,	1,	1,	1,	1,	1,	1,	1,	1,	1,	1,	1,	
0.5,0.5,	1,1.56186e-14,	1,1.06574e-16,	1,2.12563e-17,	1,1.1847e-16,	1,2.50421e-12,	0.999993,6.53592e-06,	0.996484,0.00351594,	0.968738,0.0312615,	0.793511,0.206489,	0.499986,0.500014,	1,	1,	1,	1,	1,	1,	1,	1,	1,	1,	1,	
0.5,0.5,	1,1.07038e-14,	1,6.9419e-17,	1,1.36523e-17,	1,7.80026e-17,	1,1.86423e-12,	0.999994,5.85224e-06,	0.996688,0.00331204,	0.969964,0.0300355,	0.797522,0.202478,	0.499986,0.500014,	1,	1,	1,	1,	1,	1,	1,	1,	1,	1,	1,	
0.5,0.5,	1,7.33557e-15,	1,4.52173e-17,	1,8.76847e-18,	1,5.1358e-17,	1,1.3878e-12,	0.999995,5.24007e-06,	0.99688,0.0031198,	0.97114,0.0288598,	0.801458,0.198542,	0.499986,0.500014,	1,	1,	1,	1,	1,	1,	1,	1,	1,	1,	1,	
0.5,0.5,	1,5.02724e-15,	1,2.94531e-17,	1,5.63173e-18,	1,3.38149e-17,	1,1.03314e-12,	0.999995,4.69194e-06,	0.997061,0.00293858,	0.972272,0.0277277,	0.805334,0.194666,	0.499986,0.500014,	1,	1,	1,	1,	1,	1,	1,	1,	1,	1,	1,	
0.5,0.5,	1,3.44529e-15,	1,1.91848e-17,	1,3.6171e-18,	1,2.22642e-17,	1,7.69105e-13,	0.999996,4.20114e-06,	0.997232,0.0027679,	0.973361,0.0266391,	0.809148,0.190852,	0.499986,0.500014,	1,	1,	1,	1,	1,	1,	1,	1,	1,	1,	1,	
0.5,0.5,	1,2.36114e-15,	1,1.24964e-17,	1,2.32316e-18,	1,1.46591e-17,	1,5.72552e-13,	0.999996,3.76168e-06,	0.997393,0.00260716,	0.974409,0.0255913,	0.812911,0.187089,	0.499986,0.500014,	1,	1,	1,	1,	1,	1,	1,	1,	1,	1,	1,	
0.5,0.5,	1,1.61814e-15,	1,8.13976e-18,	1,1.4921e-18,	1,9.65175e-18,	1,4.26229e-13,	0.999997,3.36819e-06,	0.997544,0.00245592,	0.975416,0.0245841,	0.816616,0.183384,	0.499986,0.500014,	1,	1,	1,	1,	1,	1,	1,	1,	1,	1,	1,	
0.5,0.5,	1,1.10895e-15,	1,5.30198e-18,	1,9.5833e-19,	1,6.35486e-18,	1,3.17301e-13,	0.999997,3.01587e-06,	0.997686,0.00231351,	0.97638,0.0236196,	0.820271,0.179729,	0.499986,0.500014,	1,	1,	1,	1,	1,	1,	1,	1,	1,	1,	1,	
0.5,0.5,	1,7.59991e-16,	1,3.45355e-18,	1,6.15508e-19,	1,4.18413e-18,	1,2.36211e-13,	0.999997,2.70039e-06,	0.997821,0.00217933,	0.977308,0.0226916,	0.823873,0.176127,	0.499986,0.500014,	1,	1,	1,	1,	1,	1,	1,	1,	1,	1,	1,	
0.5,0.5,	1,5.2084e-16,	1,2.24953e-18,	1,3.95323e-19,	1,2.75489e-18,	1,1.75845e-13,	0.999998,2.41792e-06,	0.997947,0.00205295,	0.9782,0.0218005,	0.827431,0.172569,	0.499986,0.500014,	1,	1,	1,	1,	1,	1,	1,	1,	1,	1,	1,	
0.5,0.5,	1,3.56946e-16,	1,1.46529e-18,	1,2.53906e-19,	1,1.81388e-18,	1,1.30906e-13,	0.999998,2.165e-06,	0.998066,0.00193384,	0.979058,0.0209419,	0.830953,0.169047,	0.499986,0.500014,	1,	1,	1,	1,	1,	1,	1,	1,	1,	1,	1,	
