k=0_act,k=1_act,k=2_act,k=3_act,k=4_act,k=5_act,k=6_act,k=7_act,k=8_act,k=9_act,k=10_act,k=0_wait,k=1_wait,k=2_wait,k=3_wait,k=4_wait,k=5_wait,k=6_wait,k=7_wait,k=8_wait,k=9_wait,k=10_wait,	k=0_act,k=1_act,k=2_act,k=3_act,k=4_act,k=5_act,k=6_act,k=7_act,k=8_act,k=9_act,k=10_act,k=0_wait,k=1_wait,k=2_wait,k=3_wait,k=4_wait,k=5_wait,k=6_wait,k=7_wait,k=8_wait,k=9_wait,k=10_wait,	
2,2,2,2,2,2,2,2,2,2,2,2,2,2,2,2,2,2,2,2,2,2,	2,2,2,2,2,2,2,2,2,2,2,2,2,2,2,2,2,2,2,2,2,2,	
1.97015,2.00148,2.0073,2.01619,2.0215,2.02129,2.04154,2.07331,2.16009,2.23513,2.1681,1.85514,2.06207,2.08175,2.09381,2.15672,2.14529,2.14745,2.2755,2.3566,2.36219,2.19807,	2,2.10876,2.21387,2.31091,2.40621,2.42565,2.50442,2.58513,2.53541,2.18338,1.11512,2,2.00334,2.01952,2.06978,2.11731,2.13673,2.1421,2.20362,2.17609,2.13045,1.11023,	
1.9505,2.05119,2.05518,2.07825,2.11231,2.10605,2.15588,2.25655,2.4151,2.45762,2.42981,1.68661,2.11579,2.19037,2.2038,2.29266,2.34954,2.37765,2.54653,2.66556,2.60622,2.45595,	2,2.29727,2.52369,2.65189,2.76807,2.89471,3.0008,2.96357,2.68068,1.93769,0.60178,2,2.06978,2.14255,2.25713,2.31325,2.46516,2.51633,2.53378,2.4659,2.01254,0.59854,	
1.92139,2.10668,2.13626,2.1733,2.20701,2.2239,2.28962,2.41018,2.63068,2.59521,2.49888,1.52573,2.15367,2.2843,2.30576,2.4157,2.49184,2.55822,2.7529,2.88204,2.75915,2.51765,	2,2.43474,2.73847,2.93004,3.11752,3.23272,3.36888,3.20061,2.63277,1.68945,0.349085,2,2.15645,2.2771,2.44804,2.48948,2.69185,2.77742,2.80035,2.54909,1.82038,0.347488,	
1.89271,2.17644,2.20383,2.24909,2.30359,2.34745,2.40391,2.54623,2.75572,2.7054,2.59323,1.34603,2.1835,2.40377,2.42208,2.56264,2.66072,2.76904,2.92926,3.0156,2.84945,2.60613,	2,2.56462,2.91723,3.2563,3.49104,3.66551,3.63155,3.24642,2.5324,1.49249,0.200165,2,2.2138,2.37245,2.61702,2.7085,2.94748,3.03404,2.9903,2.53751,1.64058,0.199119,	
1.86446,2.2359,2.29528,2.33803,2.39757,2.44052,2.5809,2.71316,2.86311,2.74821,2.60679,1.1581,2.19472,2.45864,2.53391,2.70441,2.79585,2.89749,3.13201,3.22427,2.8487,2.61414,	2,2.72361,3.14778,3.55586,3.77621,3.96612,3.7733,3.27589,2.43333,1.35056,0.113458,2,2.30126,2.49994,2.78785,2.93461,3.1834,3.25022,3.06279,2.504,1.45305,0.11311,	
1.80922,2.27235,2.37257,2.42382,2.49434,2.55557,2.6576,2.85805,2.99921,2.78349,2.63967,0.947696,2.17976,2.57221,2.68457,2.87998,3.01094,3.12752,3.3118,3.3482,2.9167,2.68456,	2,2.90761,3.38517,3.83464,4.13723,4.28402,3.88672,3.24002,2.30447,1.21915,0.0630814,2,2.38645,2.68119,2.9575,3.17045,3.41889,3.41722,3.10933,2.42208,1.28604,0.0622983,	
1.73811,2.29088,2.46087,2.50774,2.61155,2.67803,2.80717,2.98245,3.09198,2.81665,2.65133,0.687616,2.0975,2.68645,2.8662,3.02988,3.20618,3.35312,3.48247,3.37261,2.94411,2.68293,	2,3.11671,3.75653,4.24039,4.3857,4.42526,3.86918,3.06709,2.17541,1.11803,0.0322998,2,2.49519,2.89615,3.15052,3.40447,3.65815,3.4561,3.11507,2.30145,1.17394,0.0320564,	
1.7036,2.28782,2.51373,2.59402,2.68469,2.79681,2.95111,3.08907,3.16412,2.85712,2.64222,0.540573,2.01579,2.71165,2.96154,3.1441,3.33095,3.51688,3.66128,3.52331,2.96382,2.66966,	2,3.36749,4.0574,4.50997,4.63823,4.44521,3.84901,3.0176,2.09363,1.05534,0.0183583,2,2.64108,3.05295,3.37356,3.57703,3.77961,3.51975,3.07874,2.19078,1.08464,0.0182421,	
1.68661,2.29402,2.55804,2.65093,2.76362,2.89076,3.1093,3.18733,3.32031,2.85608,2.6817,0.431412,1.98086,2.73131,3.09241,3.31261,3.5186,3.68771,3.75907,3.55418,2.99086,2.68294,	2,3.57275,4.40039,4.82977,4.88549,4.56253,3.77644,2.93946,2.05602,1.00398,0.0103219,2,2.77526,3.21637,3.539,3.76443,3.89682,3.56441,3.04506,2.10866,1.02192,0.0102485,	
1.66979,2.31115,2.57108,2.72334,2.89236,3.02589,3.27688,3.31603,3.32797,2.88723,2.70481,0.349512,1.90965,2.73893,3.16491,3.41432,3.67702,3.81361,3.90953,3.69761,2.98582,2.71601,	2,3.83614,4.74262,5.14734,5.07873,4.55903,3.75987,2.95584,1.98928,0.96251,0.0056259,2,2.92524,3.42427,3.74814,3.9303,4.00734,3.58415,3.00515,2.06466,0.967378,0.00559335,	
1.63664,2.30406,2.61373,2.82519,2.98017,3.12899,3.4522,3.51471,3.50058,2.91204,2.69996,0.269316,1.81784,2.73228,3.23648,3.51087,3.86358,4.01325,4.08212,3.68519,2.9973,2.72947,	2,4.14907,5.07435,5.43994,5.21673,4.50182,3.81241,2.88655,1.93561,0.937423,0.00304374,2,3.12056,3.61114,3.96938,4.14435,4.07104,3.6224,2.96978,1.98125,0.953398,0.00301144,	
1.58815,2.30027,2.64536,2.89795,3.17162,3.29171,3.48472,3.66597,3.58191,2.89381,2.71027,0.189617,1.74508,2.71545,3.29187,3.69712,3.97082,4.17707,4.30134,3.80336,3.03594,2.70708,	2,4.45772,5.44907,5.74536,5.3027,4.39706,3.59197,2.76704,1.88948,0.941311,0.00159077,2,3.31075,3.85779,4.29194,4.34227,4.12619,3.60336,2.90283,1.92884,0.939325,0.00158856,	
1.54884,2.29722,2.65578,2.95357,3.22017,3.41822,3.71034,3.92662,3.68116,2.88824,2.72513,0.138271,1.66369,2.67349,3.29157,3.79969,4.09973,4.24646,4.35636,3.83425,3.02746,2.73756,	2,4.74011,5.75602,5.84378,5.29491,4.4114,3.50935,2.72428,1.8475,0.935246,0.000872958,2,3.51892,4.10596,4.54716,4.48004,4.14831,3.54516,2.85203,1.87702,0.939117,0.000868497,	
1.48796,2.27079,2.66561,3.00142,3.30771,3.57343,3.827,4.05224,3.69412,2.9712,2.76405,0.0963815,1.6051,2.66162,3.32631,3.83816,4.13402,4.29484,4.41398,3.8049,3.04665,2.78432,	2,4.99261,5.95645,5.87225,5.23154,4.24733,3.45392,2.71165,1.81412,0.921403,0.000496501,2,3.70673,4.3051,4.78768,4.59166,4.16262,3.50058,2.81366,1.83607,0.924241,0.000494287,	
1.42947,2.33084,2.65053,3.019,3.43191,3.76622,4.00717,4.26243,3.83578,2.99983,2.76044,0.0699312,1.58037,2.63626,3.37761,3.84491,4.19436,4.4119,4.48245,3.996,3.11397,2.7906,	2,5.39364,6.22753,5.95587,5.17464,4.28526,3.47546,2.6393,1.79984,0.943256,0.000264845,2,3.991,4.58399,4.95716,4.65384,4.15489,3.49764,2.74198,1.79447,0.926626,0.000263336,	
1.36642,2.3446,2.65969,3.06164,3.50823,3.86257,4.2591,4.35251,3.79438,3.02704,2.78849,0.0494839,1.55259,2.6131,3.38983,3.87866,4.30504,4.54233,4.53765,3.89521,3.07305,2.77253,	2,5.61353,6.40119,5.90336,5.15374,4.34119,3.48349,2.59048,1.79871,0.933724,0.000140863,2,4.16223,4.81892,5.09899,4.67316,4.16095,3.4968,2.69349,1.78141,0.923589,0.000141345,	
1.32594,2.35907,2.66231,3.08837,3.52447,4.06536,4.41018,4.50061,3.84058,2.97886,2.73754,0.036631,1.5636,2.60443,3.30352,3.92164,4.29389,4.62812,4.64179,3.89604,3.03219,2.74925,	2,5.89112,6.55719,5.91046,5.08793,4.30732,3.4198,2.59787,1.8113,0.938233,7.71721e-05,2,4.35665,5.1004,5.18389,4.7049,4.18452,3.48722,2.66964,1.77343,0.928521,7.71254e-05,	
1.29962,2.35755,2.63805,3.1031,3.64183,4.14694,4.54572,4.57914,3.83058,2.95163,2.70369,0.0260506,1.58508,2.61315,3.31677,3.90395,4.39472,4.6992,4.78283,3.87138,3.00091,2.70941,	2,6.13809,6.6545,5.91155,5.1251,4.33683,3.39579,2.58921,1.77781,0.929375,4.0997e-05,2,4.59541,5.3309,5.29828,4.77688,4.18386,3.47373,2.62096,1.77012,0.919439,4.08232e-05,	
1.27382,2.39084,2.62552,3.07811,3.70414,4.21433,4.59181,4.70048,3.84596,2.85638,2.66558,0.0178875,1.52926,2.58671,3.34196,3.94461,4.40458,4.82863,4.76465,3.92328,2.94042,2.66916,	2,6.36841,6.72172,5.84631,5.10596,4.2233,3.30546,2.51538,1.80418,0.927394,2.29442e-05,2,4.84134,5.51799,5.37319,4.83058,4.20345,3.45814,2.57586,1.75469,0.91404,2.29136e-05,	
1.22375,2.40314,2.62399,3.11968,3.73172,4.28033,4.7203,4.62658,3.87689,2.95177,2.71002,0.0125311,1.52464,2.57278,3.34037,3.92365,4.39217,4.79683,4.81929,3.90671,2.9842,2.70707,	2,6.55274,6.74189,5.84063,5.07756,4.15002,3.36643,2.61612,1.74942,0.919254,1.23695e-05,2,5.06056,5.68226,5.43258,4.86463,4.1831,3.43749,2.57066,1.75427,0.905658,1.23848e-05,	
1.19346,2.42111,2.61122,3.11537,3.75284,4.28696,4.7204,4.74056,3.8147,2.95442,2.7354,0.00895641,1.52245,2.55765,3.28301,3.84872,4.41293,4.80628,4.88714,3.86649,3.01427,2.74727,	2,6.67821,6.71581,5.85509,5.07874,4.13758,3.37725,2.5807,1.78307,0.907551,6.45091e-06,2,5.22984,5.8129,5.49955,4.8971,4.17544,3.42279,2.58134,1.7536,0.905564,6.42538e-06,	
1.15231,2.45027,2.62207,3.139,3.739,4.34242,4.7497,4.76184,3.82409,3.02075,2.80635,0.00673054,1.51227,2.5535,3.30397,3.89138,4.43912,4.74686,4.81159,3.87511,3.07392,2.80639,	2,6.84688,6.7251,5.90098,5.00291,4.09409,3.38934,2.60516,1.78259,0.913063,3.76254e-06,2,5.47687,5.92443,5.54791,4.89226,4.16549,3.41957,2.58939,1.75645,0.901958,3.75186e-06,	
1.11258,2.48046,2.62958,3.16533,3.77728,4.32665,4.74097,4.74012,3.95757,3.0486,2.82112,0.0045525,1.49642,2.54406,3.32776,3.86935,4.41475,4.85913,4.79242,3.99604,3.1338,2.81705,	2,6.97724,6.76882,5.82002,4.93742,4.17491,3.36875,2.60475,1.79055,0.914165,1.90583e-06,2,5.7371,6.05015,5.60483,4.90897,4.12132,3.41077,2.55866,1.74942,0.899523,1.91434e-06,	
1.05289,2.49021,2.64909,3.21389,3.84648,4.33045,4.72156,4.85823,3.9415,3.10868,2.81621,0.00295825,1.46856,2.56346,3.32807,3.88832,4.47361,4.7574,4.93113,3.94764,3.15115,2.81558,	2,7.0926,6.7879,5.8211,5.05758,4.18266,3.31864,2.5784,1.76212,0.915919,9.68218e-07,2,5.924,6.161,5.60197,4.92164,4.11253,3.38783,2.55726,1.75357,0.902365,9.6928e-07,	
1.03199,2.53631,2.66041,3.22561,3.82071,4.37889,4.65366,4.82759,3.94617,3.13849,2.92968,0.00215719,1.46676,2.54568,3.31777,3.85795,4.40245,4.70564,4.82459,3.96881,3.16417,2.93344,	2,7.1687,6.79523,5.85305,5.06394,4.09987,3.31054,2.58167,1.79402,0.924124,5.45775e-07,2,6.05537,6.25159,5.62664,4.93994,4.11355,3.35949,2.55301,1.76953,0.903497,5.43398e-07,	
1.01659,2.62676,2.70341,3.25924,3.86025,4.34784,4.63178,4.78789,3.97847,3.18609,2.96251,0.00145911,1.52031,2.55113,3.31976,3.90872,4.39487,4.69113,4.85829,3.99768,3.23658,2.95788,	2,7.26216,6.78412,5.89685,5.01476,4.06188,3.36341,2.55567,1.77992,0.917057,3.01116e-07,2,6.22746,6.33261,5.66543,4.95172,4.1125,3.33337,2.56339,1.77305,0.91029,3.00226e-07,	
0.971748,2.6146,2.724,3.26468,3.84458,4.30877,4.6369,4.77146,3.93827,3.21769,2.98709,0.00108555,1.54065,2.58005,3.36459,3.90845,4.31205,4.65114,4.81159,3.97687,3.28421,3.02809,	2,7.33661,6.80423,5.85454,4.92571,4.14192,3.40294,2.60141,1.76236,0.928377,1.68359e-07,2,6.37717,6.36184,5.63183,4.957,4.10612,3.33918,2.55219,1.74453,0.910972,1.67992e-07,	
0.947696,2.71153,2.74865,3.30761,3.89424,4.30496,4.58071,4.68518,3.85454,3.30565,3.07989,0.000807631,1.57787,2.62563,3.34491,3.91632,4.33973,4.65562,4.84516,3.89475,3.33634,3.06515,	2,7.39219,6.81596,5.87049,4.97883,4.19805,3.43048,2.59818,1.77048,0.911449,9.33321e-08,2,6.4633,6.43212,5.66198,4.95668,4.11666,3.34945,2.56274,1.7407,0.907606,9.39204e-08,	
0.938243,2.75973,2.82856,3.32778,3.95112,4.36723,4.62008,4.6099,3.80509,3.28983,3.08144,0.000560142,1.53722,2.64078,3.39685,4.02075,4.35469,4.64733,4.6832,3.86777,3.33228,3.09328,	2,7.44868,6.83074,5.87624,4.93514,4.16597,3.40921,2.60319,1.76142,0.924998,5.19485e-08,2,6.58865,6.44671,5.70182,4.95692,4.12582,3.35575,2.54609,1.75259,0.918317,5.17317e-08,	
0.91502,2.78611,2.85126,3.33469,3.93039,4.32606,4.60247,4.7655,3.83043,3.26688,3.10526,0.000392407,1.56346,2.64322,3.38939,3.94309,4.33721,4.67652,4.74785,3.91804,3.30618,3.10999,	2,7.50589,6.81063,5.85747,4.97904,4.12988,3.3996,2.55753,1.79872,0.938301,2.79121e-08,2,6.72431,6.48224,5.69632,4.9562,4.12671,3.34743,2.54331,1.74429,0.924029,2.78246e-08,	
0.892372,2.83945,2.87845,3.38096,3.93004,4.29061,4.64836,4.69622,3.74626,3.35163,3.17673,0.00026146,1.62843,2.66811,3.46362,3.92103,4.31545,4.6999,4.69887,3.79289,3.40844,3.19037,	2,7.55168,6.81766,5.83332,4.9345,4.10288,3.3981,2.50776,1.77747,0.938307,1.57511e-08,2,6.84359,6.50038,5.6914,4.95879,4.12942,3.33641,2.51825,1.75564,0.928551,1.57469e-08,	
0.836077,2.85635,2.92245,3.42268,3.90709,4.32796,4.52317,4.69984,3.82945,3.4024,3.23173,0.000175966,1.64746,2.6782,3.47362,3.98584,4.35236,4.59206,4.6926,3.87289,3.42761,3.23967,	2,7.59711,6.82096,5.78797,4.92364,4.1637,3.36462,2.54952,1.74897,0.934062,8.48187e-09,2,6.93722,6.50705,5.72204,4.95112,4.10749,3.32689,2.52149,1.74367,0.922141,8.48918e-09,	
0.799197,2.89555,2.97378,3.42924,3.94469,4.37564,4.55376,4.73466,3.69265,3.51649,3.30165,0.000112638,1.62548,2.71725,3.4772,3.94903,4.40895,4.62919,4.87901,3.72973,3.5646,3.34234,	2,7.60747,6.82057,5.84054,4.88497,4.19853,3.37058,2.54373,1.78258,0.918368,4.29422e-09,2,7.06364,6.5637,5.73911,4.89852,4.11908,3.34027,2.53037,1.74394,0.907383,4.2919e-09,	
0.763944,2.93583,3.0188,3.45247,3.89966,4.40317,4.59372,4.79284,3.83982,3.42091,3.22375,7.93048e-05,1.67681,2.75214,3.48599,3.98519,4.43359,4.62221,4.83089,3.83362,3.46895,3.23299,	2,7.64005,6.82258,5.84281,4.93302,4.25157,3.36659,2.53159,1.76592,0.916786,2.29788e-09,2,7.11593,6.56025,5.75434,4.89811,4.1157,3.32465,2.52319,1.73189,0.894984,2.29446e-09,	
0.730246,2.93105,3.05168,3.46355,3.9489,4.33351,4.58066,4.76868,3.77351,3.49625,3.27241,5.12752e-05,1.61903,2.75901,3.52753,3.96437,4.35833,4.58231,4.81999,3.84792,3.55925,3.32318,	2,7.67316,6.83126,5.84899,5.00256,4.12319,3.34129,2.48374,1.76677,0.907579,1.28017e-09,2,7.21203,6.60541,5.76716,4.90818,4.10271,3.32842,2.49766,1.72858,0.903467,1.27595e-09,	
0.691072,2.91956,3.08351,3.51336,3.88624,4.25902,4.49562,4.74827,3.80591,3.49138,3.33385,3.28217e-05,1.52699,2.74826,3.56557,3.89585,4.33167,4.49231,4.82226,3.81771,3.52479,3.37168,	2,7.69754,6.83661,5.86744,4.93052,4.14149,3.26648,2.5269,1.75204,0.915362,6.69671e-10,2,7.24932,6.63225,5.7512,4.89447,4.10971,3.30982,2.49327,1.72155,0.903216,6.73625e-10,	
0.677354,2.96423,3.10144,3.50962,3.93989,4.19832,4.52947,4.76746,3.89873,3.4741,3.30083,2.20894e-05,1.51123,2.74736,3.53835,3.93427,4.23284,4.54662,4.87028,3.9269,3.53381,3.32863,	2,7.71863,6.85054,5.89227,4.92478,4.07528,3.26734,2.54113,1.74413,0.922951,3.6248e-10,2,7.31535,6.64053,5.77294,4.89922,4.0887,3.30881,2.49321,1.72078,0.907592,3.61093e-10,	
0.650729,2.98457,3.13665,3.50492,3.81878,4.1726,4.45856,4.76247,3.95856,3.51784,3.31269,1.57882e-05,1.53996,2.74743,3.52232,3.87921,4.17228,4.4849,4.8333,3.98441,3.57427,3.32997,	2,7.69655,6.82669,5.86147,4.95254,4.16408,3.32253,2.54464,1.76694,0.932177,1.90337e-10,2,7.3662,6.60062,5.78692,4.90521,4.0749,3.28874,2.50495,1.72571,0.914114,1.90981e-10,	
0.641017,3.06475,3.15836,3.51106,3.87283,4.22302,4.47921,4.74172,3.86634,3.47476,3.33291,1.0679e-05,1.57303,2.75595,3.55246,3.98776,4.23196,4.52367,4.75523,3.9049,3.50481,3.32965,	2,7.72063,6.84406,5.89961,4.95591,4.14686,3.26313,2.54164,1.77171,0.928405,1.04387e-10,2,7.42561,6.63624,5.80209,4.89069,4.06586,3.29383,2.50692,1.7377,0.920143,1.04168e-10,	
0.609677,3.04664,3.17543,3.52428,3.84816,4.16575,4.40896,4.63476,3.91981,3.55862,3.39252,7.33268e-06,1.56218,2.75303,3.55862,3.87701,4.265,4.45206,4.67528,3.94247,3.60957,3.41895,	2,7.74196,6.8578,5.88038,4.93217,4.12583,3.25237,2.59882,1.74958,0.926755,5.56976e-11,2,7.47482,6.64095,5.78985,4.82906,4.05597,3.28312,2.5103,1.73896,0.917214,5.55259e-11,	
0.582784,3.03233,3.21677,3.54891,3.82482,4.15344,4.41273,4.62613,3.73965,3.64312,3.46912,5.29374e-06,1.57916,2.77991,3.56563,3.89147,4.21466,4.4868,4.71426,3.74592,3.66341,3.47161,	2,7.75849,6.8242,5.86404,4.92853,4.12907,3.27016,2.58335,1.78036,0.924605,3.175e-11,2,7.51691,6.66412,5.79798,4.84755,4.06441,3.26259,2.52796,1.72439,0.903311,3.17413e-11,	
0.565518,3.0875,3.25187,3.56419,3.89586,4.08521,4.43749,4.56599,3.70399,3.65165,3.45685,3.68999e-06,1.59445,2.80026,3.61534,3.94487,4.07631,4.45852,4.63002,3.74201,3.69213,3.46338,	2,7.76925,6.83087,5.8668,4.97172,4.13093,3.29793,2.60195,1.74172,0.914427,1.77549e-11,2,7.55561,6.68112,5.80365,4.83774,4.07533,3.26201,2.52673,1.72642,0.896972,1.78412e-11,	
0.551521,3.14186,3.2847,3.56735,3.7707,4.09127,4.49731,4.62826,3.69596,3.67627,3.49402,2.49589e-06,1.5401,2.77653,3.59659,3.79529,4.06474,4.49755,4.68165,3.72928,3.68141,3.4924,	2,7.77939,6.84543,5.87729,4.91639,4.0916,3.34987,2.60111,1.74984,0.895336,9.56668e-12,2,7.55447,6.70517,5.81591,4.83273,4.06122,3.25467,2.54509,1.72241,0.901807,9.56621e-12,	
0.529842,3.12559,3.31707,3.52444,3.77176,4.07433,4.42255,4.62229,3.70731,3.6109,3.50112,1.74849e-06,1.52181,2.78251,3.5545,3.78453,4.14177,4.47689,4.69928,3.74203,3.67701,3.5338,	2,7.75545,6.85486,5.89202,4.91108,4.17615,3.34415,2.55066,1.75746,0.920297,5.36651e-12,2,7.51547,6.68433,5.82967,4.84105,4.03408,3.26861,2.53658,1.7259,0.904323,5.31029e-12,	
0.521934,3.21595,3.34934,3.49945,3.78268,4.05096,4.35411,4.58648,3.79032,3.63485,3.51398,1.21878e-06,1.52974,2.80302,3.53951,3.81765,4.04409,4.37188,4.57132,3.88828,3.63535,3.55121,	2,7.76843,6.85943,5.86612,4.89393,4.09866,3.33633,2.56102,1.79181,0.927864,2.8188e-12,2,7.50932,6.68295,5.80943,4.84617,4.04652,3.28504,2.53953,1.74638,0.917402,2.83369e-12,	
0.498911,3.18291,3.3604,3.54486,3.7898,4.07718,4.28926,4.56673,3.66962,3.6602,3.49705,8.20255e-07,1.58829,2.80123,3.56254,3.80735,4.16042,4.36487,4.58897,3.744,3.69081,3.51603,	2,7.78104,6.8336,5.88081,4.8895,4.16886,3.41899,2.59369,1.76353,0.916091,1.53484e-12,2,7.55216,6.67431,5.81618,4.85405,4.03837,3.28599,2.50165,1.75538,0.907903,1.54966e-12,	
0.479301,3.15809,3.37167,3.5662,3.84937,4.04935,4.28351,4.52505,3.67146,3.63732,3.52757,5.54816e-07,1.60779,2.82619,3.59393,3.86339,4.08093,4.26664,4.55797,3.65451,3.66303,3.54761,	2,7.78963,6.84775,5.89605,4.92239,4.12402,3.29352,2.53006,1.78874,0.925173,8.43129e-13,2,7.58571,6.69751,5.79744,4.81887,4.05451,3.29315,2.51075,1.76156,0.905036,8.44587e-13,	
0.467437,3.21162,3.40639,3.5843,3.88642,4.16222,4.30517,4.513,3.64354,3.62866,3.51295,3.79056e-07,1.64763,2.86128,3.60709,3.97013,4.17838,4.32715,4.58219,3.73106,3.64914,3.56128,	2,7.80148,6.86114,5.90024,4.94969,4.08664,3.38752,2.57403,1.79586,0.924368,4.33878e-13,2,7.62384,6.69797,5.79021,4.80989,4.06042,3.30106,2.52336,1.76143,0.907611,4.30958e-13,	
0.444584,3.15013,3.40679,3.5771,3.91426,4.15971,4.36436,4.56498,3.89168,3.51835,3.38512,2.36632e-07,1.60913,2.87221,3.62885,3.91247,4.17217,4.44997,4.61035,3.96289,3.59522,3.43593,	2,7.81407,6.87416,5.88281,4.92887,4.06402,3.34323,2.59362,1.78455,0.940283,2.11301e-13,2,7.65801,6.72893,5.80713,4.83116,4.01671,3.29616,2.53618,1.76066,0.920396,2.12314e-13,	
0.427109,3.11844,3.38247,3.56212,3.79762,4.19952,4.46907,4.6242,3.89956,3.54396,3.41697,1.87903e-07,1.65815,2.91881,3.59863,3.83656,4.25475,4.50537,4.60766,3.87691,3.57135,3.40607,	2,7.81928,6.87398,5.87359,4.95395,4.16408,3.44655,2.66512,1.81139,0.93907,1.1453e-13,2,7.60118,6.74542,5.76277,4.82445,4.03099,3.30886,2.55116,1.76176,0.92415,1.14823e-13,	
0.412837,3.10216,3.34588,3.53886,3.75827,4.1938,4.48283,4.64107,3.88426,3.59527,3.39992,1.36578e-07,1.60549,2.87328,3.56818,3.82359,4.21333,4.51676,4.69184,3.91334,3.65442,3.41952,	2,7.8241,6.87593,5.8938,4.96199,4.22917,3.46162,2.67155,1.80141,0.903709,6.89885e-14,2,7.59133,6.75992,5.77737,4.83981,4.05932,3.30527,2.5586,1.76497,0.915597,6.84715e-14,	
0.404532,3.10962,3.35906,3.56781,3.74194,4.17688,4.50872,4.63167,3.79769,3.60057,3.46422,1.07544e-07,1.61386,2.85386,3.59411,3.76987,4.2083,4.58291,4.70096,3.79075,3.62849,3.47304,	2,7.82875,6.88246,5.92099,4.99365,4.28234,3.43869,2.63282,1.77603,0.928292,4.43534e-14,2,7.61135,6.77505,5.79002,4.83976,4.07799,3.31754,2.55079,1.76235,0.917793,4.4407e-14,	
0.390838,3.07137,3.36131,3.56977,3.73228,4.17149,4.50645,4.70616,3.83352,3.63906,3.43006,8.65384e-08,1.63341,2.83473,3.58581,3.79093,4.214,4.52644,4.72682,3.83893,3.66798,3.44394,	2,7.8336,6.89088,5.94336,5.03789,4.26516,3.46381,2.6061,1.77957,0.929692,3.04555e-14,2,7.62982,6.76612,5.78783,4.84441,4.08757,3.3271,2.54985,1.76448,0.911359,3.0495e-14,	
0.38488,3.09151,3.3568,3.58768,3.81048,4.16529,4.51507,4.74073,3.77709,3.58913,3.42756,6.93556e-08,1.63734,2.81943,3.60537,3.8351,4.17956,4.55064,4.74595,3.80082,3.59945,3.46144,	2,7.83821,6.8834,5.95256,5.06665,4.26684,3.44361,2.59466,1.7582,0.926542,2.18883e-14,2,7.64832,6.75746,5.80144,4.86304,4.09,3.33888,2.54794,1.75882,0.913232,2.19256e-14,	
0.377747,3.0907,3.36508,3.57238,3.82118,4.1664,4.50211,4.73236,3.76136,3.56741,3.44432,5.80768e-08,1.60669,2.83568,3.60861,3.81653,4.1825,4.50481,4.78116,3.84384,3.57876,3.46322,	2,7.84104,6.87934,5.96326,5.0494,4.263,3.40354,2.57985,1.7656,0.92255,1.66477e-14,2,7.64375,6.75489,5.79794,4.8751,4.10062,3.34322,2.54509,1.75519,0.914418,1.66332e-14,	
0.372932,3.11344,3.3648,3.58692,3.7709,4.15209,4.46376,4.745,3.89496,3.52598,3.41522,4.9823e-08,1.64583,2.82159,3.61605,3.8128,4.15971,4.53196,4.76996,3.92922,3.55829,3.43708,	2,7.82809,6.89147,5.98229,5.085,4.27138,3.38467,2.56775,1.75503,0.932066,1.25728e-14,2,7.65723,6.76295,5.80978,4.88797,4.10553,3.34742,2.54703,1.75568,0.913154,1.25944e-14,	
0.365629,3.08615,3.36117,3.57972,3.81398,4.12915,4.49476,4.78406,3.96387,3.53403,3.37711,4.20305e-08,1.62617,2.81884,3.59987,3.83492,4.13882,4.52772,4.82358,3.96988,3.57959,3.41952,	2,7.83451,6.90725,5.99016,5.06812,4.24595,3.38669,2.57338,1.78828,0.928032,9.45328e-15,2,7.6441,6.76051,5.82012,4.90339,4.1072,3.34372,2.54831,1.75418,0.90955,9.46013e-15,	
0.360253,3.07851,3.36287,3.5737,3.84038,4.09266,4.48789,4.7897,3.94105,3.55211,3.39237,3.61538e-08,1.62772,2.81773,3.61611,3.8628,4.1454,4.50361,4.78858,3.99265,3.5735,3.41885,	2,7.82563,6.91881,6.00111,5.04427,4.23542,3.36411,2.57738,1.77497,0.928985,7.68509e-15,2,7.64318,6.77133,5.79731,4.91058,4.11293,3.34511,2.54521,1.74985,0.912684,7.69134e-15,	
0.351691,3.04542,3.36337,3.5908,3.84085,4.10126,4.47671,4.78348,3.96385,3.53505,3.38414,3.12788e-08,1.61657,2.80573,3.6117,3.84568,4.12161,4.49209,4.81178,4.02252,3.57302,3.42796,	2,7.83086,6.92783,5.9967,5.03061,4.22584,3.36042,2.58552,1.76977,0.916439,6.27813e-15,2,7.64039,6.76867,5.79515,4.91028,4.11354,3.34615,2.5391,1.74875,0.910988,6.28243e-15,	
0.347125,3.04475,3.36338,3.57912,3.79058,4.09354,4.44693,4.74692,4.02013,3.55282,3.41003,2.78683e-08,1.59092,2.80829,3.59269,3.82443,4.1417,4.47803,4.82731,4.02955,3.57098,3.42269,	2,7.82332,6.93351,5.99227,5.04094,4.23667,3.36777,2.58228,1.76691,0.912892,5.14241e-15,2,7.63749,6.76489,5.80231,4.91707,4.11251,3.34714,2.537,1.74787,0.910204,5.13094e-15,	
0.34393,3.05858,3.36002,3.56152,3.79845,4.09222,4.44786,4.76435,4.0267,3.57859,3.40909,2.48216e-08,1.57811,2.8114,3.58824,3.82381,4.0971,4.48441,4.77243,4.05182,3.59688,3.42687,	2,7.82925,6.92888,5.99214,5.0475,4.24459,3.36329,2.55563,1.76855,0.914917,4.21828e-15,2,7.64766,6.77276,5.79539,4.92265,4.11779,3.34294,2.53879,1.74889,0.907864,4.22562e-15,	
0.33944,3.06055,3.35228,3.55007,3.80419,4.0986,4.4422,4.75833,4.02214,3.53001,3.40809,2.22512e-08,1.57555,2.82319,3.57056,3.83297,4.12221,4.48481,4.77395,4.04085,3.55587,3.43611,	2,7.83262,6.93424,5.99201,5.05324,4.24762,3.37581,2.55577,1.75907,0.91881,3.44262e-15,2,7.64263,6.7724,5.80337,4.9288,4.12077,3.33946,2.53615,1.74786,0.907435,3.44271e-15,	
0.335676,3.06551,3.35614,3.55649,3.79922,4.09,4.42895,4.73994,4.01881,3.54114,3.41504,2.01277e-08,1.58923,2.81622,3.57803,3.8455,4.12283,4.46593,4.7627,4.02855,3.57405,3.45219,	2,7.83661,6.93956,5.99909,5.04971,4.23904,3.38583,2.5444,1.75972,0.918043,2.90581e-15,2,7.64996,6.78066,5.80305,4.92701,4.12493,3.33709,2.53636,1.74645,0.908821,2.90056e-15,	
0.333447,3.08155,3.3596,3.54489,3.80854,4.09817,4.43748,4.73208,4.03897,3.54194,3.41611,1.75984e-08,1.55824,2.80282,3.5646,3.8166,4.14171,4.45631,4.76456,4.08998,3.56946,3.45162,	2,7.84101,6.94502,6.0003,5.05854,4.242,3.35902,2.5465,1.76436,0.912792,2.39836e-15,2,7.64787,6.78883,5.8165,4.92505,4.13169,3.33856,2.53703,1.74747,0.907606,2.39311e-15,	
0.332587,3.0971,3.36382,3.53306,3.8067,4.08084,4.44125,4.74378,4.01696,3.54456,3.42777,1.5973e-08,1.55476,2.80109,3.55802,3.81307,4.09866,4.46876,4.80967,4.04858,3.5723,3.44505,	2,7.84394,6.94899,6.00015,5.06448,4.24264,3.37221,2.5509,1.76115,0.909853,2.04787e-15,2,7.65323,6.79651,5.82266,4.92984,4.13643,3.33974,2.53758,1.74849,0.905049,2.04526e-15,	
0.328562,3.08719,3.36772,3.53855,3.82919,4.07788,4.44178,4.76581,4.01369,3.54624,3.43308,1.4356e-08,1.54917,2.80232,3.54815,3.83442,4.10272,4.44434,4.78631,4.05663,3.57695,3.46243,	2,7.84876,6.94536,6.00132,5.07181,4.22402,3.37187,2.56644,1.76537,0.910912,1.73769e-15,2,7.65282,6.80297,5.82322,4.93467,4.13545,3.34111,2.53534,1.74502,0.905029,1.73653e-15,	
0.327403,3.10541,3.36909,3.51813,3.80497,4.0906,4.43267,4.77569,4.03704,3.5424,3.42113,1.27429e-08,1.53295,2.79658,3.52945,3.83414,4.1212,4.45069,4.81761,4.04411,3.57395,3.45428,	2,7.85251,6.94181,6.01043,5.07993,4.22042,3.37813,2.55647,1.75754,0.907637,1.47687e-15,2,7.66038,6.80846,5.82621,4.94119,4.13901,3.34243,2.53615,1.744,0.904664,1.47577e-15,	
0.325187,3.1111,3.36854,3.50907,3.82181,4.11195,4.42217,4.75172,4.01319,3.57043,3.43429,1.17026e-08,1.54865,2.79344,3.51591,3.8227,4.14121,4.45673,4.78498,4.03102,3.59095,3.45044,	2,7.856,6.94719,6.01125,5.07554,4.21821,3.38501,2.55848,1.76491,0.912859,1.26887e-15,2,7.65915,6.80662,5.83158,4.94518,4.13692,3.3439,2.5375,1.74323,0.904725,1.26816e-15,	
0.322349,3.1112,3.36863,3.4801,3.80266,4.09511,4.42505,4.7581,4.03012,3.5674,3.41057,1.05224e-08,1.54156,2.78876,3.49804,3.85173,4.13922,4.44914,4.78544,4.05358,3.58179,3.43539,	2,7.85902,6.94465,6.019,5.08553,4.215,3.37067,2.5636,1.75726,0.911983,1.08333e-15,2,7.64086,6.80545,5.83926,4.94983,4.14042,3.33419,2.53844,1.74458,0.904575,1.08544e-15,	
0.319282,3.10332,3.37068,3.48436,3.82331,4.08961,4.4161,4.75357,4.03408,3.5363,3.42279,9.76913e-09,1.54918,2.78669,3.49757,3.83498,4.12118,4.46363,4.7836,4.05504,3.568,3.44858,	2,7.86209,6.94249,6.02404,5.07795,4.19838,3.38158,2.5761,1.75257,0.907122,9.59021e-16,2,7.64909,6.80216,5.84308,4.95403,4.13796,3.32867,2.5366,1.74316,0.904374,9.60612e-16,	
0.316986,3.10505,3.37124,3.47834,3.80979,4.08769,4.42977,4.77394,4.05843,3.53761,3.41276,9.04441e-09,1.56203,2.78606,3.50953,3.82835,4.10426,4.44833,4.76419,4.08098,3.54919,3.43368,	2,7.85588,6.94078,6.02974,5.07814,4.18821,3.38631,2.58365,1.74467,0.910976,8.41834e-16,2,7.65399,6.80109,5.85104,4.94703,4.14043,3.33015,2.5352,1.74336,0.904651,8.42723e-16,	
0.313839,3.09867,3.37221,3.46367,3.80502,4.0765,4.42486,4.76854,4.05864,3.54992,3.41231,8.32537e-09,1.55581,2.78546,3.49727,3.82036,4.10348,4.44818,4.78192,4.07887,3.5755,3.44527,	2,7.85867,6.94009,6.03391,5.06712,4.20083,3.38814,2.5865,1.75167,0.910239,7.38482e-16,2,7.66098,6.80549,5.8501,4.94651,4.12587,3.32594,2.53424,1.74355,0.903817,7.37451e-16,	
0.312022,3.10484,3.37345,3.47615,3.81362,4.08293,4.43529,4.76099,4.0362,3.53209,3.40874,7.55576e-09,1.55902,2.78276,3.4993,3.83191,4.09478,4.45386,4.79147,4.07159,3.57191,3.44128,	2,7.86202,6.94043,6.03175,5.06667,4.19272,3.39054,2.59194,1.75026,0.90579,6.40513e-16,2,7.66912,6.80408,5.85597,4.94603,4.12463,3.32505,2.53632,1.74253,0.901767,6.40679e-16,	
0.309963,3.10623,3.37413,3.4763,3.81651,4.07919,4.42053,4.74745,4.0785,3.5164,3.42471,7.03968e-09,1.55891,2.78148,3.49888,3.83025,4.09771,4.44162,4.78468,4.09636,3.5533,3.43386,	2,7.86433,6.9396,6.03408,5.05419,4.1996,3.39252,2.60059,1.73629,0.907912,5.70375e-16,2,7.66796,6.80803,5.86059,4.94591,4.12234,3.32728,2.53563,1.73937,0.901612,5.70002e-16,	
0.307972,3.10819,3.37453,3.45776,3.81065,4.07126,4.41156,4.7456,4.09545,3.51456,3.41052,6.39837e-09,1.54918,2.77467,3.46809,3.82888,4.08097,4.42632,4.79124,4.14039,3.52992,3.4433,	2,7.86667,6.94527,6.03509,5.03984,4.18975,3.39909,2.58143,1.74387,0.913703,4.92349e-16,2,7.66693,6.80598,5.86624,4.94466,4.1261,3.32976,2.53557,1.73783,0.90201,4.92787e-16,	
0.306328,3.11301,3.37539,3.43097,3.80365,4.06,4.39919,4.76483,4.10942,3.52139,3.40261,5.82618e-09,1.54811,2.77026,3.44486,3.84243,4.11465,4.42288,4.77778,4.13021,3.5499,3.42764,	2,7.86924,6.9449,6.03582,5.04109,4.17994,3.39172,2.59001,1.74779,0.914902,4.27535e-16,2,7.67362,6.81027,5.8625,4.94384,4.12451,3.33223,2.53762,1.7367,0.901108,4.27246e-16,	
0.304191,3.11231,3.37546,3.41846,3.80179,4.06558,4.39558,4.76048,4.10905,3.51923,3.41396,5.48641e-09,1.55437,2.7712,3.44579,3.81506,4.09109,4.42227,4.80457,4.12479,3.5421,3.43828,	2,7.8645,6.94991,6.03618,5.0417,4.17424,3.39636,2.59342,1.75005,0.918506,3.81764e-16,2,7.67212,6.80858,5.86609,4.94227,4.11888,3.33393,2.53887,1.73587,0.90253,3.81199e-16,	
0.302644,3.11702,3.37634,3.42603,3.78996,4.07483,4.41051,4.7683,4.11421,3.52083,3.41921,5.05574e-09,1.55915,2.76723,3.44404,3.7994,4.09556,4.43941,4.80035,4.13838,3.54924,3.45812,	2,7.86797,6.95563,6.03162,5.03867,4.18334,3.40066,2.588,1.75212,0.914531,3.40552e-16,2,7.6733,6.81294,5.87086,4.94164,4.12072,3.33565,2.54022,1.73626,0.901426,3.40525e-16,	
0.301383,3.11822,3.37752,3.41425,3.78308,4.07936,4.41189,4.77772,4.13601,3.54546,3.4263,4.7343e-09,1.5562,2.77014,3.43086,3.80319,4.09801,4.4113,4.7885,4.16307,3.56379,3.44784,	2,7.87023,6.95341,6.02749,5.04434,4.18186,3.40012,2.5967,1.75831,0.913065,3.0701e-16,2,7.67198,6.81624,5.87581,4.94399,4.11545,3.33758,2.54214,1.73676,0.902455,3.07175e-16,	
0.29774,3.10335,3.37755,3.41539,3.76897,4.07511,4.40026,4.75461,4.15385,3.5594,3.41893,4.39389e-09,1.55645,2.77126,3.4249,3.78398,4.09838,4.41852,4.77461,4.1663,3.58434,3.4548,	2,7.8721,6.95175,6.02424,5.04981,4.18337,3.39329,2.587,1.76774,0.910165,2.74535e-16,2,7.67045,6.81489,5.87931,4.94321,4.11406,3.33945,2.53997,1.73475,0.901129,2.74848e-16,	
0.29586,3.10385,3.37855,3.41607,3.75523,4.06811,4.41564,4.74753,4.15697,3.55417,3.4325,4.1433e-09,1.56053,2.77133,3.41967,3.78788,4.08131,4.435,4.77115,4.17157,3.57326,3.467,	2,7.87466,6.95049,6.02627,5.04692,4.1743,3.37726,2.59101,1.77269,0.914528,2.47667e-16,2,7.67096,6.81833,5.88218,4.94618,4.11564,3.34043,2.54126,1.73462,0.901262,2.47703e-16,	
0.293341,3.09689,3.38004,3.4133,3.73962,4.04934,4.40303,4.74621,4.16254,3.56098,3.43813,3.88803e-09,1.55359,2.7749,3.43521,3.75546,4.07988,4.41567,4.7922,4.18501,3.59955,3.47131,	2,7.86999,6.95396,6.02734,5.04005,4.17433,3.39526,2.59375,1.77067,0.913639,2.2251e-16,2,7.66874,6.81692,5.88572,4.94528,4.11742,3.34162,2.53883,1.7359,0.90196,2.2239e-16,	
0.292003,3.10261,3.37724,3.41818,3.73201,4.04687,4.40046,4.75358,4.17411,3.57214,3.44322,3.6865e-09,1.56367,2.7766,3.43359,3.74876,4.06053,4.41515,4.77585,4.18311,3.59077,3.4682,	2,7.87186,6.95734,6.02337,5.03671,4.16999,3.3965,2.60129,1.76305,0.918149,2.01747e-16,2,7.66739,6.81526,5.88838,4.94751,4.11586,3.34081,2.54055,1.73704,0.900188,2.01919e-16,	
0.288975,3.09136,3.37923,3.41076,3.72962,4.04466,4.403,4.7532,4.17768,3.57945,3.45169,3.48369e-09,1.5682,2.77649,3.42742,3.74083,4.06253,4.42021,4.7915,4.18818,3.59871,3.47524,	2,7.87384,6.95552,6.0247,5.04564,4.17619,3.40385,2.6038,1.7606,0.919197,1.83129e-16,2,7.66658,6.81398,5.88684,4.95019,4.10838,3.33729,2.53994,1.73646,0.900834,1.83336e-16,	
0.287713,3.095,3.38009,3.41451,3.72276,4.03122,4.41033,4.77309,4.17029,3.58076,3.45469,3.23841e-09,1.56053,2.77694,3.41977,3.76908,4.06513,4.42542,4.78077,4.20875,3.59067,3.46979,	2,7.87565,6.95886,6.02631,5.04845,4.18218,3.39987,2.59661,1.75692,0.91725,1.66784e-16,2,7.67109,6.8178,5.89122,4.94173,4.11014,3.33917,2.54121,1.73726,0.902063,1.6686e-16,	
0.28546,3.0868,3.3824,3.40868,3.73051,4.04621,4.40017,4.7655,4.19088,3.57952,3.45286,2.99791e-09,1.54614,2.77294,3.42483,3.74543,4.07448,4.42804,4.78561,4.21757,3.59863,3.48051,	2,7.87788,6.95778,6.02783,5.0385,4.17708,3.40914,2.58145,1.75852,0.913965,1.50932e-16,2,7.67134,6.82172,5.88758,4.94429,4.10882,3.33821,2.54242,1.73681,0.902506,1.51027e-16,	
0.284261,3.08821,3.38153,3.41007,3.72276,4.04765,4.40061,4.7605,4.19761,3.57352,3.45815,2.79281e-09,1.54426,2.7691,3.42788,3.75456,4.07639,4.41437,4.78966,4.25107,3.59989,3.48411,	2,7.87955,6.95662,6.02892,5.04497,4.17785,3.40714,2.58459,1.75764,0.912678,1.37095e-16,2,7.67579,6.82568,5.8871,4.94665,4.11048,3.34,2.54169,1.73738,0.901918,1.37385e-16,	
0.28211,3.08434,3.38406,3.41026,3.72287,4.05102,4.3872,4.75863,4.24491,3.58342,3.46058,2.58905e-09,1.53924,2.76357,3.4278,3.74666,4.08293,4.40687,4.77682,4.29776,3.60898,3.48525,	2,7.88172,6.95584,6.03023,5.0448,4.18232,3.39344,2.59009,1.76831,0.907943,1.24521e-16,2,7.68163,6.8244,5.88649,4.94909,4.11253,3.33964,2.54311,1.73839,0.901289,1.24292e-16,	
0.280584,3.08682,3.38656,3.40673,3.73311,4.06131,4.38458,4.75363,4.25079,3.57986,3.47067,2.43954e-09,1.54647,2.76568,3.42608,3.75449,4.07546,4.41473,4.77633,4.2771,3.59745,3.49617,	2,7.88369,6.95928,6.02751,5.04831,4.1799,3.37797,2.59163,1.76833,0.913055,1.13181e-16,2,7.6766,6.82288,5.89008,4.95175,4.11393,3.34055,2.5427,1.73925,0.901971,1.13166e-16,	
0.278538,3.08021,3.38924,3.40341,3.73587,4.05476,4.39066,4.75545,4.25744,3.57383,3.46449,2.26122e-09,1.55093,2.75865,3.42926,3.74673,4.07908,4.40072,4.7953,4.29856,3.59135,3.48967,	2,7.88583,6.9633,6.02535,5.04248,4.17768,3.38185,2.58592,1.75529,0.909011,1.02849e-16,2,7.66725,6.82311,5.88562,4.95418,4.11299,3.34151,2.54365,1.73866,0.901352,1.02904e-16,	
0.276723,3.07961,3.38834,3.41262,3.71813,4.05699,4.39385,4.76636,4.27541,3.57488,3.46235,2.12233e-09,1.552,2.75687,3.42868,3.742,4.07907,4.4153,4.78689,4.28586,3.59272,3.48038,	2,7.88761,6.96591,6.0226,5.0429,4.19333,3.36573,2.58265,1.75413,0.908833,9.4456e-17,2,7.66726,6.82604,5.88902,4.9567,4.11445,3.3378,2.54465,1.73894,0.900075,9.43679e-17,	
0.275653,3.08885,3.39094,3.4108,3.72688,4.06606,4.39399,4.77072,4.27883,3.55962,3.45562,1.97251e-09,1.54237,2.75817,3.42399,3.74355,4.06662,4.42284,4.79745,4.33464,3.59522,3.4925,	2,7.88993,6.96878,6.02411,5.04469,4.20647,3.36443,2.56838,1.74965,0.908115,8.61576e-17,2,7.66398,6.82909,5.8936,4.95917,4.10851,3.33836,2.54534,1.73931,0.899435,8.61674e-17,	
0.274435,3.09416,3.39071,3.4072,3.73231,4.0592,4.39954,4.76843,4.29763,3.57347,3.46598,1.86462e-09,1.54219,2.75795,3.41264,3.74172,4.08412,4.42441,4.7789,4.32585,3.60703,3.49628,	2,7.89183,6.97101,6.01855,5.05287,4.21429,3.34796,2.55672,1.7555,0.911957,7.95204e-17,2,7.66937,6.83209,5.8925,4.96163,4.11049,3.33641,2.54557,1.73972,0.899995,7.9427e-17,	
0.273412,3.09756,3.39197,3.38898,3.7211,4.05039,4.40359,4.7566,4.30615,3.59062,3.48395,1.7864e-09,1.54305,2.75948,3.40272,3.73488,4.08142,4.42111,4.7691,4.31598,3.61301,3.50014,	2,7.89331,6.97276,6.02036,5.0515,4.20698,3.34569,2.54871,1.76228,0.91452,7.38667e-17,2,7.6735,6.83458,5.89106,4.96349,4.1091,3.33658,2.54418,1.73814,0.900605,7.38494e-17,	
0.271412,3.0928,3.39436,3.37097,3.72187,4.04602,4.40763,4.75044,4.31341,3.59963,3.48018,1.6732e-09,1.54081,2.75198,3.38872,3.73521,4.06486,4.42163,4.78397,4.35067,3.62666,3.50276,	2,7.89554,6.97473,6.01914,5.05114,4.19997,3.34041,2.55723,1.75844,0.915881,6.72415e-17,2,7.67962,6.83678,5.89157,4.96567,4.109,3.33469,2.54443,1.73857,0.899961,6.72873e-17,	
0.269945,3.09234,3.39541,3.37359,3.71165,4.04364,4.40387,4.75388,4.3136,3.62332,3.49579,1.5725e-09,1.53467,2.74597,3.39029,3.73406,4.05721,4.4095,4.76242,4.33808,3.65617,3.51613,	2,7.89259,6.96859,6.02118,5.04873,4.18731,3.3482,2.55766,1.75472,0.91897,6.1822e-17,2,7.68456,6.83618,5.8938,4.96508,4.10791,3.33289,2.54314,1.73911,0.9009,6.19081e-17,	
0.268669,3.09436,3.39749,3.37616,3.71279,4.03886,4.38783,4.74375,4.31406,3.63167,3.50139,1.49251e-09,1.53638,2.74436,3.38426,3.72681,4.06824,4.42504,4.79844,4.31641,3.66283,3.52892,	2,7.89422,6.96679,6.01921,5.04801,4.19233,3.34879,2.55965,1.75464,0.917093,5.77282e-17,2,7.68471,6.83884,5.89604,4.96391,4.10935,3.33124,2.5433,1.7364,0.901572,5.76749e-17,	
0.267102,3.0909,3.39977,3.36944,3.70833,4.04128,4.39187,4.75763,4.30451,3.63737,3.50301,1.40047e-09,1.52709,2.7402,3.39104,3.73688,4.05762,4.39371,4.77459,4.35108,3.6738,3.53225,	2,7.89559,6.96894,6.01718,5.04242,4.18868,3.35984,2.55694,1.75905,0.913936,5.30675e-17,2,7.68416,6.83395,5.89866,4.96556,4.1111,3.33182,2.54215,1.73704,0.900272,5.30288e-17,	
0.266336,3.09851,3.40285,3.37095,3.70629,4.02694,4.37546,4.74831,4.31873,3.64019,3.51668,1.33593e-09,1.52761,2.74021,3.38559,3.73168,4.05507,4.41008,4.76109,4.33624,3.64835,3.53677,	2,7.89707,6.96667,6.01161,5.04026,4.18377,3.3615,2.55496,1.76115,0.914716,4.92664e-17,2,7.68851,6.8364,5.90042,4.96365,4.1129,3.33056,2.53658,1.73747,0.899883,4.92115e-17,	
0.265732,3.10778,3.40274,3.36716,3.7143,4.02211,4.37728,4.7351,4.32458,3.63193,3.50891,1.26512e-09,1.52653,2.73865,3.38465,3.71613,4.02972,4.41593,4.74855,4.35811,3.66613,3.53797,	2,7.89841,6.96446,6.01301,5.02859,4.17866,3.35898,2.55873,1.75872,0.915308,4.55834e-17,2,7.69251,6.83507,5.903,4.96507,4.1142,3.32925,2.53703,1.73805,0.900066,4.55584e-17,	
