Prob_forager_death	Prob_recipients_death	Prob_gamma_stop		Av_return_0		Av_return_1	
0	0	0	0	0	
0.00304	0.00857	0.0009	14.1871	14.1871	
0.00255	0.00414	0.00094	24.3342	24.3342	
0.00226	0.00196	0.00091	36.4542	36.4542	
0.00241	0.00192	0.00097	36.0038	36.0038	
0.00195	0.00121	0.0009	47.0961	47.0961	
0.0017	0.00123	0.00107	47.34	47.34	
0.00158	0.00097	0.00108	51.9504	51.9504	
0.00156	0.00093	0.00113	52.2873	52.2873	
0.00124	0.00083	0.00092	61.4916	61.4916	
0.00144	0.00088	0.00102	56.9072	56.9072	
0.00135	0.00082	0.00089	58.2418	58.2418	
0.0013	0.00073	0.00101	59.6743	59.6743	
0.00093	0.00092	0.00085	63.9926	63.9926	
0.00103	0.00053	0.00092	67.8186	67.8186	
0.00097	0.00055	0.00104	66.1953	66.1953	
0.00092	0.00061	0.00088	66.166	66.166	
0.00106	0.00048	0.00095	61.7028	61.7028	
0.00105	0.00048	0.00103	61.8867	61.8867	
0.00087	0.00042	0.00097	66.1726	66.1726	
0.00093	0.00043	0.00103	61.8954	61.8954	
0.00091	0.00045	0.00087	65.5919	65.5919	
0.00079	0.00038	0.00099	66.2361	66.2361	
0.00085	0.00055	0.00095	60.1404	60.1404	
0.00088	0.00043	0.00116	56.336	56.336	
0.00087	0.00026	0.00094	66.6473	66.6473	
0.00079	0.00033	0.00091	64.9113	64.9113	
0.00097	0.00029	0.00096	59.1892	59.1892	
0.00072	0.00033	0.00089	63.1856	63.1856	
0.00069	0.00027	0.00093	63.3439	63.3439	
0.00075	0.00029	0.00085	62.3122	62.3122	
0.00099	0.00028	0.00122	48.996	48.996	
0.00089	0.00036	0.00109	48.9829	48.9829	
0.00069	0.00038	0.00096	55.6552	55.6552	
0.00065	0.00023	0.00106	56.4381	56.4381	
0.00063	0.00018	0.0009	62.538	62.538	
0.00081	0.00023	0.00107	49.8152	49.8152	
0.00069	0.00022	0.00103	52.3557	52.3557	
0.00071	0.0002	0.00116	49.3237	49.3237	
0.00069	0.00019	0.00085	58.2601	58.2601	
0.00074	0.00026	0.00094	49.4948	49.4948	
0.00062	0.00027	0.00112	48.199	48.199	
0.00042	0.00012	0.00093	63.0068	63.0068	
0.00056	0.00019	0.00106	49.337	49.337	
0.00046	0.00021	0.00094	53.8944	53.8944	
0.00064	0.00022	0.00132	39.0872	39.0872	
0.00057	0.0002	0.00095	48.4477	48.4477	
0.00052	0.00012	0.00094	51.057	51.057	
0.00051	0.0002	0.00118	41.9259	41.9259	
0.0005	0.00013	0.00095	46.9177	46.9177	
0.00041	0.0002	0.00099	46.9688	46.9688	
0.00047	0.00015	0.00105	42.6048	42.6048	
0.00053	0.00016	0.00097	42.7169	42.7169	
0.00065	0.00019	0.00116	36.615	36.615	
0.00068	0.00017	0.00101	35.2634	35.2634	
0.00047	0.00016	0.00096	40.5031	40.5031	
0.00038	0.00012	0.00087	44.8175	44.8175	
0.00051	0.00015	0.00106	35.7965	35.7965	
0.0006	0.00012	0.00116	31.3989	31.3989	
0.00039	0.00015	0.00119	32.3179	32.3179	
0.00035	0.00011	0.00096	35.5493	35.5493	
0.00025	0.00013	0.00079	41.5214	41.5214	
0.00051	0.00024	0.00094	27.6568	27.6568	
0.00045	9e-05	0.001	30.526	30.526	
0.00047	0.00012	0.00111	26.1882	26.1882	
0.0004	9e-05	0.00104	27.3464	27.3464	
0.00043	8e-05	0.00092	30.0909	30.0909	
0.00034	0.00011	0.00081	32.0635	32.0635	
0.00038	0.00015	0.00115	23.5298	23.5298	
0.00035	0.00015	0.00111	24.677	24.677	
0.00033	4e-05	0.00093	26.6077	26.6077	
0.00026	7e-05	0.00106	24.2878	24.2878	
0.00026	0.0001	0.00088	26.2581	26.2581	
0.00037	4e-05	0.00097	22.5072	22.5072	
0.00029	0.00012	0.00077	25.339	25.339	
0.00034	0.00011	0.00102	19.8231	19.8231	
0.00036	6e-05	0.00096	19.7101	19.7101	
0.00031	0.00012	0.001	17.7133	17.7133	
0.00026	0.0001	0.00086	19.459	19.459	
0.00027	5e-05	0.00091	17.878	17.878	
0.00024	8e-05	0.00092	15.7823	15.7823	
0.00026	9e-05	0.00101	15.4265	15.4265	
0.00028	0.0001	0.00103	13.8582	13.8582	
0.00032	0.00014	0.00108	12.9156	12.9156	
0.00024	9e-05	0.0011	13.958	13.958	
0.00019	9e-05	0.001	14.7031	14.7031	
0.00036	9e-05	0.00114	11.2767	11.2767	
0.00029	3e-05	0.0009	13.8934	13.8934	
0.00025	0.00015	0.00096	12.0074	12.0074	
0.00038	6e-05	0.00103	12.483	12.483	
0.00022	0.00015	0.00107	12.5139	12.5139	
0.00017	7e-05	0.00099	14.0894	14.0894	
0.00027	7e-05	0.00091	13.928	13.928	
0.00017	8e-05	0.00094	13.8992	13.8992	
0.0002	6e-05	0.00105	13.0153	13.0153	
0.00016	6e-05	0.00074	16.9583	16.9583	
0.00021	7e-05	0.00088	14.6466	14.6466	
0.00014	5e-05	0.00074	17.3118	17.3118	
0.00027	0.00012	0.00105	13.0347	13.0347	
0.00033	7e-05	0.00112	12.2763	12.2763	
0.00029	7e-05	0.0011	12.5411	12.5411	
0.00025	0.00011	0.00099	12.9926	12.9926	
0.00017	6e-05	0.001	15.9675	15.9675	
0.00015	5e-05	0.00087	16.514	16.514	
0.00015	8e-05	0.0008	16.5437	16.5437	
0.00017	7e-05	0.0009	14.7544	14.7544	
0.00022	8e-05	0.00098	13.7188	13.7188	
0.00024	6e-05	0.00085	14.3391	14.3391	
0.00021	8e-05	0.00102	13.0916	13.0916	
0.00016	9e-05	0.00089	15.1404	15.1404	
0.00017	6e-05	0.0008	16.8641	16.8641	
0.00021	5e-05	0.001	14.2698	14.2698	
7e-05	9e-05	0.00085	17.7921	17.7921	
0.00018	0.00013	0.00107	11.913	11.913	
0.00026	4e-05	0.00099	14.4031	14.4031	
0.00018	7e-05	0.00097	15.0246	15.0246	
0.0002	9e-05	0.00104	11.8947	11.8947	
0.00024	6e-05	0.00095	12.096	12.096	
0.00016	9e-05	0.00095	13.325	13.325	
0.00018	7e-05	0.00096	13.5207	13.5207	
0.00012	0.0001	0.00113	11.8222	11.8222	
0.00016	8e-05	0.00086	14.1818	14.1818	
0.00026	6e-05	0.00103	12.437	12.437	
0.00014	9e-05	0.00106	12.5194	12.5194	
0.00015	0.0001	0.00112	12.4818	12.4818	
0.00022	8e-05	0.00094	13.3306	13.3306	
0.00019	7e-05	0.00115	11.3404	11.3404	
0.00024	7e-05	0.00089	11.625	11.625	
0.00014	4e-05	0.00108	11.2143	11.2143	
0.00019	5e-05	0.00094	11.4576	11.4576	
0.0001	6e-05	0.00088	13.4904	13.4904	
0.00018	9e-05	0.00101	11.5547	11.5547	
0.00019	7e-05	0.00119	9.48276	9.48276	
0.00012	6e-05	0.00098	11.2845	11.2845	
0.00018	6e-05	0.00097	11.0826	11.0826	
0.00018	3e-05	0.00093	11.7719	11.7719	
0.00024	0.0001	0.00121	9.50968	9.50968	
0.0001	4e-05	0.00098	10.7054	10.7054	
0.00016	7e-05	0.00089	10.5179	10.5179	
0.00013	6e-05	0.00121	9.17143	9.17143	
0.00014	4e-05	0.00086	10.0481	10.0481	
0.00016	8e-05	0.00111	9.75556	9.75556	
0.00015	0.00011	0.00103	8.81395	8.81395	
9e-05	3e-05	0.00083	10.0947	10.0947	
0.00012	6e-05	0.00102	9.11667	9.11667	
0.00021	0.0001	0.00098	8.84496	8.84496	
0.00023	8e-05	0.00097	8.6875	8.6875	
0.00016	5e-05	0.00111	9.24242	9.24242	
0.00013	0.0001	0.00117	8.31429	8.31429	
0.00023	8e-05	0.00115	8.39726	8.39726	
0.0001	0.00013	0.00109	8.79545	8.79545	
0.00027	7e-05	0.00116	7.62667	7.62667	
0.00013	6e-05	0.00092	9.28829	9.28829	
0.00024	0.00012	0.00096	7.59848	7.59848	
0.00013	0.0001	0.00084	9.09346	9.09346	
0.00018	0.00012	0.00101	7.32061	7.32061	
0.0002	4e-05	0.00096	7.21667	7.21667	
0.00015	9e-05	0.00094	8.15254	8.15254	
0.00023	5e-05	0.00116	6.47917	6.47917	
0.0001	4e-05	0.00109	7.44715	7.44715	
0.00016	8e-05	0.00112	7.10294	7.10294	
0.00017	7e-05	0.00093	7.53846	7.53846	
8e-05	8e-05	0.00096	6.57143	6.57143	
0.00014	3e-05	0.00099	8.01724	8.01724	
0.00019	8e-05	0.00101	7.74219	7.74219	
0.00018	6e-05	0.0009	7.92105	7.92105	
0.00013	5e-05	0.00091	7.3945	7.3945	
0.00023	4e-05	0.00111	6.31159	6.31159	
0.00027	5e-05	0.00102	6.70896	6.70896	
0.00011	5e-05	0.00082	8.23469	8.23469	
0.00018	9e-05	0.00103	6.16923	6.16923	
9e-05	2e-05	0.00094	7.80952	7.80952	
0.00011	5e-05	0.00092	8.26852	8.26852	
0.00014	0.00014	0.0009	6.94068	6.94068	
0.00014	0.0001	0.00108	6.78788	6.78788	
0.00012	6e-05	0.00095	7.38053	7.38053	
0.00017	7e-05	0.00111	7.06667	7.06667	
0.00014	9e-05	0.00097	6.79167	6.79167	
0.00018	3e-05	0.00106	6.54331	6.54331	
0.00011	7e-05	0.00091	6.88073	6.88073	
5e-05	8e-05	0.00075	7.97727	7.97727	
0.00011	9e-05	0.00115	5.83704	5.83704	
0.0002	7e-05	0.00112	6.10791	6.10791	
0.0001	7e-05	0.00099	7.10345	7.10345	
0.00022	5e-05	0.00095	6.14754	6.14754	
0.0001	0.00011	0.00109	5.92308	5.92308	
0.00011	8e-05	0.00107	6.60317	6.60317	
0.00021	8e-05	0.00103	6.48485	6.48485	
0.00021	9e-05	0.00109	6.10791	6.10791	
0.00012	0.00011	0.00095	7.01695	7.01695	
0.00017	0.0001	0.00128	5.8129	5.8129	
0.00015	1e-05	0.00084	6.66	6.66	
0.00012	0.0001	0.00099	6.54545	6.54545	
0.0001	2e-05	0.00087	7.40404	7.40404	
0.00011	3e-05	0.00118	7.09848	7.09848	
0.00014	8e-05	0.00103	6.88	6.88	
9e-05	6e-05	0.00103	6.22034	6.22034	
0.0002	7e-05	0.00095	6.63115	6.63115	
0.00015	0.0001	0.001	6.12	6.12	
0.00017	2e-05	0.00086	6.65714	6.65714	
0.000250003	4.00004e-05	0.00099001	6.72656	6.72656	
