accept,reject,	accept,reject,	accept,reject,	accept,reject,	accept,reject,	accept,reject,	accept,reject,	accept,reject,	accept,reject,	accept,reject,	accept,reject,	wait,	wait,	wait,	wait,	wait,	wait,	wait,	wait,	wait,	wait,	wait,	
0.5,0.5,	0.5,0.5,	0.5,0.5,	0.5,0.5,	0.5,0.5,	0.5,0.5,	0.5,0.5,	0.5,0.5,	0.5,0.5,	0.5,0.5,	0.5,0.5,	1,	1,	1,	1,	1,	1,	1,	1,	1,	1,	1,	
0.5,0.5,	0.649671,0.350329,	0.655026,0.344974,	0.634043,0.365957,	0.618622,0.381378,	0.601386,0.398614,	0.586058,0.413942,	0.562536,0.437464,	0.54509,0.45491,	0.523281,0.476719,	0.500194,0.499806,	1,	1,	1,	1,	1,	1,	1,	1,	1,	1,	1,	
0.5,0.5,	0.863672,0.136328,	0.843109,0.156891,	0.798898,0.201102,	0.752816,0.247184,	0.704788,0.295212,	0.663765,0.336235,	0.621936,0.378064,	0.584119,0.415881,	0.54394,0.45606,	0.500219,0.499781,	1,	1,	1,	1,	1,	1,	1,	1,	1,	1,	1,	
0.5,0.5,	0.959842,0.0401582,	0.939901,0.0600987,	0.897431,0.102569,	0.840999,0.159001,	0.779112,0.220888,	0.726831,0.273169,	0.670775,0.329225,	0.617352,0.382648,	0.559037,0.440963,	0.500221,0.499779,	1,	1,	1,	1,	1,	1,	1,	1,	1,	1,	1,	
0.5,0.5,	0.989255,0.0107447,	0.978231,0.0217689,	0.949411,0.0505891,	0.904412,0.0955881,	0.841728,0.158272,	0.785888,0.214112,	0.717491,0.282509,	0.649254,0.350746,	0.577355,0.422645,	0.500221,0.499779,	1,	1,	1,	1,	1,	1,	1,	1,	1,	1,	1,	
0.5,0.5,	0.997211,0.00278903,	0.992322,0.00767811,	0.97622,0.0237799,	0.94461,0.0553904,	0.890594,0.109406,	0.831673,0.168327,	0.758925,0.241075,	0.686524,0.313476,	0.594974,0.405026,	0.500244,0.499756,	1,	1,	1,	1,	1,	1,	1,	1,	1,	1,	1,	
0.5,0.5,	0.999282,0.000717814,	0.997332,0.00266825,	0.989047,0.0109533,	0.969682,0.0303179,	0.927179,0.0728212,	0.876576,0.123424,	0.798848,0.201152,	0.718167,0.281833,	0.61382,0.38618,	0.500291,0.499709,	1,	1,	1,	1,	1,	1,	1,	1,	1,	1,	1,	
0.5,0.5,	0.999816,0.00018439,	0.999078,0.000922295,	0.995033,0.0049674,	0.984226,0.0157744,	0.953328,0.0466724,	0.911475,0.0885246,	0.836889,0.163111,	0.747745,0.252255,	0.634322,0.365678,	0.500302,0.499698,	1,	1,	1,	1,	1,	1,	1,	1,	1,	1,	1,	
0.5,0.5,	0.999953,4.73423e-05,	0.999682,0.000318209,	0.997777,0.00222277,	0.991963,0.00803715,	0.970081,0.0299194,	0.937699,0.0623012,	0.865337,0.134663,	0.774904,0.225096,	0.651744,0.348256,	0.500305,0.499695,	1,	1,	1,	1,	1,	1,	1,	1,	1,	1,	1,	
0.5,0.5,	0.999988,1.21536e-05,	0.99989,0.000109714,	0.999015,0.000984804,	0.995938,0.00406154,	0.981153,0.0188469,	0.955379,0.0446209,	0.893924,0.106076,	0.802889,0.197111,	0.673236,0.326764,	0.500322,0.499678,	1,	1,	1,	1,	1,	1,	1,	1,	1,	1,	1,	
0.5,0.5,	0.999997,3.11991e-06,	0.999962,3.782e-05,	0.999564,0.000435593,	0.997957,0.00204324,	0.988362,0.0116382,	0.968291,0.0317093,	0.915064,0.0849355,	0.823405,0.176595,	0.691947,0.308053,	0.500344,0.499656,	1,	1,	1,	1,	1,	1,	1,	1,	1,	1,	1,	
0.5,0.5,	0.999999,8.00899e-07,	0.999987,1.30362e-05,	0.999807,0.000192567,	0.998976,0.00102444,	0.992859,0.0071408,	0.977717,0.0222834,	0.931427,0.0685731,	0.842832,0.157168,	0.71076,0.28924,	0.500405,0.499595,	1,	1,	1,	1,	1,	1,	1,	1,	1,	1,	1,	
0.5,0.5,	1,2.05595e-07,	0.999996,4.49333e-06,	0.999915,8.5111e-05,	0.999487,0.000513122,	0.995626,0.00437429,	0.98469,0.0153103,	0.945433,0.0545665,	0.861502,0.138498,	0.727492,0.272508,	0.500323,0.499677,	1,	1,	1,	1,	1,	1,	1,	1,	1,	1,	1,	
0.5,0.5,	1,5.27771e-08,	0.999998,1.54876e-06,	0.999962,3.76139e-05,	0.999743,0.000256896,	0.99732,0.00267952,	0.989473,0.0105269,	0.956654,0.0433462,	0.874895,0.125105,	0.743076,0.256924,	0.500374,0.499626,	1,	1,	1,	1,	1,	1,	1,	1,	1,	1,	1,	
0.5,0.5,	1,1.35481e-08,	0.999999,5.33824e-07,	0.999983,1.66224e-05,	0.999871,0.000128588,	0.998359,0.00164132,	0.992731,0.00726855,	0.965274,0.0347256,	0.89024,0.10976,	0.761904,0.238096,	0.500438,0.499562,	1,	1,	1,	1,	1,	1,	1,	1,	1,	1,	1,	
0.5,0.5,	1,3.47787e-09,	1,1.83997e-07,	0.999993,7.34567e-06,	0.999936,6.43577e-05,	0.998997,0.00100323,	0.99495,0.00505021,	0.97143,0.0285703,	0.902699,0.0973009,	0.778688,0.221312,	0.500406,0.499594,	1,	1,	1,	1,	1,	1,	1,	1,	1,	1,	1,	
0.5,0.5,	1,8.92785e-10,	1,6.34198e-08,	0.999997,3.24613e-06,	0.999968,3.22093e-05,	0.999388,0.000612456,	0.996503,0.00349744,	0.976354,0.0236459,	0.916163,0.0838373,	0.789717,0.210283,	0.500446,0.499554,	1,	1,	1,	1,	1,	1,	1,	1,	1,	1,	1,	
0.5,0.5,	1,2.29182e-10,	1,2.18594e-08,	0.999999,1.4345e-06,	0.999984,1.61194e-05,	0.999626,0.00037396,	0.997586,0.00241401,	0.98064,0.0193601,	0.924432,0.0755685,	0.800966,0.199034,	0.500373,0.499627,	1,	1,	1,	1,	1,	1,	1,	1,	1,	1,	1,	
0.5,0.5,	1,5.88321e-11,	1,7.53446e-09,	0.999999,6.33916e-07,	0.999992,8.06703e-06,	0.999772,0.000228302,	0.998333,0.00166658,	0.984296,0.015704,	0.931763,0.0682371,	0.813845,0.186155,	0.500331,0.499669,	1,	1,	1,	1,	1,	1,	1,	1,	1,	1,	1,	
0.5,0.5,	1,1.51025e-11,	1,2.59696e-09,	1,2.80133e-07,	0.999996,4.03715e-06,	0.999861,0.000139364,	0.998849,0.00115055,	0.987181,0.012819,	0.937395,0.0626053,	0.825847,0.174153,	0.50037,0.49963,	1,	1,	1,	1,	1,	1,	1,	1,	1,	1,	1,	
0.5,0.5,	1,3.87688e-12,	1,8.95116e-10,	1,1.23793e-07,	0.999998,2.02039e-06,	0.999915,8.50707e-05,	0.999206,0.000794391,	0.989543,0.0104574,	0.942979,0.0570212,	0.831349,0.168651,	0.500361,0.499639,	1,	1,	1,	1,	1,	1,	1,	1,	1,	1,	1,	
0.5,0.5,	1,9.95212e-13,	1,3.08527e-10,	1,5.47052e-08,	0.999999,1.01111e-06,	0.999948,5.19275e-05,	0.999452,0.000548386,	0.991435,0.00856452,	0.947785,0.0522153,	0.840333,0.159667,	0.500409,0.499591,	1,	1,	1,	1,	1,	1,	1,	1,	1,	1,	1,	
0.5,0.5,	1,2.55476e-13,	1,1.06342e-10,	1,2.41747e-08,	0.999999,5.06007e-07,	0.999968,3.16961e-05,	0.999621,0.000379013,	0.992959,0.0070413,	0.952681,0.0473189,	0.846565,0.153435,	0.500449,0.499551,	1,	1,	1,	1,	1,	1,	1,	1,	1,	1,	1,	
0.5,0.5,	1,6.55818e-14,	1,3.66539e-11,	1,1.0683e-08,	1,2.53231e-07,	0.999981,1.93469e-05,	0.999738,0.00026197,	0.994202,0.00579762,	0.956738,0.0432615,	0.854973,0.145027,	0.500355,0.499645,	1,	1,	1,	1,	1,	1,	1,	1,	1,	1,	1,	
0.5,0.5,	1,1.68352e-14,	1,1.26338e-11,	1,4.72091e-09,	1,1.26729e-07,	0.999988,1.1809e-05,	0.999819,0.000181065,	0.995223,0.00477726,	0.960217,0.039783,	0.862321,0.137679,	0.500331,0.499669,	1,	1,	1,	1,	1,	1,	1,	1,	1,	1,	1,	
0.5,0.5,	1,4.32166e-15,	1,4.35459e-12,	1,2.08621e-09,	1,6.34215e-08,	0.999993,7.20797e-06,	0.999875,0.000125144,	0.996054,0.00394578,	0.963712,0.0362881,	0.868218,0.131782,	0.500381,0.499619,	1,	1,	1,	1,	1,	1,	1,	1,	1,	1,	1,	
0.5,0.5,	1,1.10939e-15,	1,1.50093e-12,	1,9.21913e-10,	1,3.17392e-08,	0.999996,4.3996e-06,	0.999914,8.64933e-05,	0.996725,0.00327471,	0.966582,0.0334175,	0.875794,0.124206,	0.500412,0.499588,	1,	1,	1,	1,	1,	1,	1,	1,	1,	1,	1,	
0.5,0.5,	1,2.84786e-16,	1,5.17337e-13,	1,4.07401e-10,	1,1.58839e-08,	0.999997,2.68543e-06,	0.99994,5.9779e-05,	0.997281,0.00271921,	0.969963,0.0300373,	0.882409,0.117591,	0.500413,0.499587,	1,	1,	1,	1,	1,	1,	1,	1,	1,	1,	1,	
0.5,0.5,	1,7.31059e-17,	1,1.78315e-13,	1,1.80034e-10,	1,7.94907e-09,	0.999998,1.63913e-06,	0.999959,4.13154e-05,	0.99774,0.00226008,	0.972757,0.0272427,	0.888965,0.111035,	0.500384,0.499616,	1,	1,	1,	1,	1,	1,	1,	1,	1,	1,	1,	
0.5,0.5,	1,1.87666e-17,	1,6.14612e-14,	1,7.95585e-11,	1,3.97811e-09,	0.999999,1.00049e-06,	0.999971,2.85545e-05,	0.99812,0.00188003,	0.975323,0.0246771,	0.894913,0.105087,	0.500389,0.499611,	1,	1,	1,	1,	1,	1,	1,	1,	1,	1,	1,	
0.5,0.5,	1,4.81748e-18,	1,2.11843e-14,	1,3.51576e-11,	1,1.99084e-09,	0.999999,6.10676e-07,	0.99998,1.97349e-05,	0.998435,0.00156508,	0.977435,0.022565,	0.897782,0.102218,	0.500368,0.499632,	1,	1,	1,	1,	1,	1,	1,	1,	1,	1,	1,	
0.5,0.5,	1,1.23667e-18,	1,7.30177e-15,	1,1.55364e-11,	1,9.96314e-10,	1,3.72744e-07,	0.999986,1.36394e-05,	0.998696,0.00130393,	0.978871,0.0211291,	0.900974,0.099026,	0.500365,0.499635,	1,	1,	1,	1,	1,	1,	1,	1,	1,	1,	1,	
0.5,0.5,	1,3.17459e-19,	1,2.51676e-15,	1,6.86568e-12,	1,4.98605e-10,	1,2.27515e-07,	0.999991,9.42662e-06,	0.998913,0.00108652,	0.980256,0.0197436,	0.906124,0.0938765,	0.500334,0.499666,	1,	1,	1,	1,	1,	1,	1,	1,	1,	1,	1,	
0.5,0.5,	1,8.14931e-20,	1,8.67471e-16,	1,3.034e-12,	1,2.49526e-10,	1,1.3887e-07,	0.999993,6.51504e-06,	0.999094,0.000905761,	0.981488,0.018512,	0.912568,0.0874318,	0.500331,0.499669,	1,	1,	1,	1,	1,	1,	1,	1,	1,	1,	1,	
0.5,0.5,	1,2.09197e-20,	1,2.98998e-16,	1,1.34075e-12,	1,1.24875e-10,	1,8.47632e-08,	0.999995,4.50276e-06,	0.999245,0.000755325,	0.982718,0.017282,	0.916966,0.0830342,	0.500344,0.499656,	1,	1,	1,	1,	1,	1,	1,	1,	1,	1,	1,	
0.5,0.5,	1,5.37018e-21,	1,1.03058e-16,	1,5.92489e-13,	1,6.24937e-11,	1,5.17376e-08,	0.999997,3.112e-06,	0.99937,0.000630213,	0.98393,0.0160698,	0.919849,0.080151,	0.500352,0.499648,	1,	1,	1,	1,	1,	1,	1,	1,	1,	1,	1,	
0.5,0.5,	1,1.37855e-21,	1,3.55219e-17,	1,2.61826e-13,	1,3.12749e-11,	1,3.15795e-08,	0.999998,2.1508e-06,	0.999474,0.000525852,	0.984861,0.0151392,	0.922485,0.0775147,	0.500276,0.499724,	1,	1,	1,	1,	1,	1,	1,	1,	1,	1,	1,	
0.5,0.5,	1,3.5388e-22,	1,1.22436e-17,	1,1.15703e-13,	1,1.56515e-11,	1,1.92755e-08,	0.999999,1.48649e-06,	0.999561,0.000438784,	0.985721,0.0142793,	0.925749,0.0742513,	0.500285,0.499715,	1,	1,	1,	1,	1,	1,	1,	1,	1,	1,	1,	
0.5,0.5,	1,9.08427e-23,	1,4.2201e-18,	1,5.11301e-14,	1,7.83278e-12,	1,1.17653e-08,	0.999999,1.02736e-06,	0.999634,0.000366133,	0.986569,0.013431,	0.928301,0.0716991,	0.50026,0.49974,	1,	1,	1,	1,	1,	1,	1,	1,	1,	1,	1,	
0.5,0.5,	1,2.33197e-23,	1,1.45458e-18,	1,2.25948e-14,	1,3.91991e-12,	1,7.1813e-09,	0.999999,7.10043e-07,	0.999694,0.000305525,	0.987394,0.0126061,	0.930406,0.0695938,	0.500318,0.499682,	1,	1,	1,	1,	1,	1,	1,	1,	1,	1,	1,	
0.5,0.5,	1,5.98629e-24,	1,5.0136e-19,	1,9.98484e-15,	1,1.96171e-12,	1,4.38331e-09,	1,4.90734e-07,	0.999745,0.000255401,	0.988091,0.0119091,	0.931424,0.0685763,	0.500273,0.499727,	1,	1,	1,	1,	1,	1,	1,	1,	1,	1,	1,	
0.5,0.5,	1,1.53671e-24,	1,1.72808e-19,	1,4.41238e-15,	1,9.81738e-13,	1,2.67548e-09,	1,3.39162e-07,	0.999786,0.000213614,	0.988708,0.0112916,	0.93334,0.0666596,	0.500287,0.499713,	1,	1,	1,	1,	1,	1,	1,	1,	1,	1,	1,	
0.5,0.5,	1,3.9448e-25,	1,5.9563e-20,	1,1.94987e-15,	1,4.9131e-13,	1,1.63305e-09,	1,2.34406e-07,	0.999821,0.000178667,	0.989358,0.0106418,	0.935083,0.0649173,	0.500265,0.499735,	1,	1,	1,	1,	1,	1,	1,	1,	1,	1,	1,	
0.5,0.5,	1,1.01265e-25,	1,2.05301e-20,	1,8.61664e-16,	1,2.45876e-13,	1,9.9678e-10,	1,1.62006e-07,	0.999851,0.000149442,	0.989974,0.010026,	0.936177,0.0638229,	0.500276,0.499724,	1,	1,	1,	1,	1,	1,	1,	1,	1,	1,	1,	
0.5,0.5,	1,2.59952e-26,	1,7.07626e-21,	1,3.80776e-16,	1,1.23048e-13,	1,6.08413e-10,	1,1.11967e-07,	0.999875,0.000124998,	0.990542,0.00945793,	0.937472,0.0625283,	0.500313,0.499687,	1,	1,	1,	1,	1,	1,	1,	1,	1,	1,	1,	
0.5,0.5,	1,6.67308e-27,	1,2.43903e-21,	1,1.68268e-16,	1,6.15794e-14,	1,3.71362e-10,	1,7.73843e-08,	0.999895,0.000104553,	0.991062,0.00893792,	0.938847,0.0611532,	0.50029,0.49971,	1,	1,	1,	1,	1,	1,	1,	1,	1,	1,	1,	
0.5,0.5,	1,1.71301e-27,	1,8.4068e-22,	1,7.43592e-17,	1,3.08173e-14,	1,2.26671e-10,	1,5.34828e-08,	0.999913,8.74524e-05,	0.991531,0.00846921,	0.938561,0.061439,	0.500266,0.499734,	1,	1,	1,	1,	1,	1,	1,	1,	1,	1,	1,	
0.5,0.5,	1,4.39738e-28,	1,2.89764e-22,	1,3.28599e-17,	1,1.54225e-14,	1,1.38355e-10,	1,3.69637e-08,	0.999927,7.31497e-05,	0.991954,0.00804629,	0.938965,0.0610347,	0.500293,0.499707,	1,	1,	1,	1,	1,	1,	1,	1,	1,	1,	1,	
0.5,0.5,	1,1.12883e-28,	1,9.98753e-23,	1,1.45211e-17,	1,7.71818e-15,	1,8.4449e-11,	1,2.55468e-08,	0.999939,6.11867e-05,	0.99233,0.00767047,	0.938124,0.0618758,	0.500291,0.499709,	1,	1,	1,	1,	1,	1,	1,	1,	1,	1,	1,	
0.5,0.5,	1,2.89775e-29,	1,3.44248e-23,	1,6.41699e-18,	1,3.86256e-15,	1,5.15458e-11,	1,1.76563e-08,	0.999949,5.1181e-05,	0.992651,0.00734883,	0.937003,0.0629972,	0.500326,0.499674,	1,	1,	1,	1,	1,	1,	1,	1,	1,	1,	1,	
0.5,0.5,	1,7.43867e-30,	1,1.18655e-23,	1,2.83572e-18,	1,1.93301e-15,	1,3.14625e-11,	1,1.22028e-08,	0.999957,4.28119e-05,	0.992942,0.00705772,	0.93629,0.0637099,	0.500324,0.499676,	1,	1,	1,	1,	1,	1,	1,	1,	1,	1,	1,	
0.5,0.5,	1,1.90954e-30,	1,4.08977e-24,	1,1.25313e-18,	1,9.67375e-16,	1,1.9204e-11,	1,8.43376e-09,	0.999964,3.58116e-05,	0.99319,0.00681028,	0.93467,0.0653304,	0.500333,0.499667,	1,	1,	1,	1,	1,	1,	1,	1,	1,	1,	1,	
0.5,0.5,	1,4.90188e-31,	1,1.40965e-24,	1,5.53768e-19,	1,4.84122e-16,	1,1.17217e-11,	1,5.82885e-09,	0.99997,2.99561e-05,	0.993377,0.00662276,	0.932642,0.0673584,	0.500318,0.499682,	1,	1,	1,	1,	1,	1,	1,	1,	1,	1,	1,	
0.5,0.5,	1,1.25834e-31,	1,4.85876e-25,	1,2.44715e-19,	1,2.42278e-16,	1,7.15468e-12,	1,4.02851e-09,	0.999975,2.50583e-05,	0.993533,0.00646736,	0.931019,0.0689813,	0.500298,0.499702,	1,	1,	1,	1,	1,	1,	1,	1,	1,	1,	1,	
0.5,0.5,	1,3.23021e-32,	1,1.67471e-25,	1,1.08141e-19,	1,1.21248e-16,	1,4.36706e-12,	1,2.78423e-09,	0.999979,2.09613e-05,	0.99367,0.00633049,	0.929596,0.0704036,	0.50027,0.49973,	1,	1,	1,	1,	1,	1,	1,	1,	1,	1,	1,	
0.5,0.5,	1,8.29209e-33,	1,5.77235e-26,	1,4.77886e-20,	1,6.06785e-17,	1,2.66556e-12,	1,1.92427e-09,	0.999982,1.75342e-05,	0.993788,0.00621162,	0.928701,0.0712987,	0.500263,0.499737,	1,	1,	1,	1,	1,	1,	1,	1,	1,	1,	1,	
0.5,0.5,	1,2.12862e-33,	1,1.9896e-26,	1,2.11182e-20,	1,3.03665e-17,	1,1.627e-12,	1,1.32993e-09,	0.999985,1.46675e-05,	0.993884,0.00611612,	0.927227,0.072773,	0.500264,0.499736,	1,	1,	1,	1,	1,	1,	1,	1,	1,	1,	1,	
0.5,0.5,	1,5.46427e-34,	1,6.85772e-27,	1,9.3323e-21,	1,1.51969e-17,	1,9.93085e-13,	1,9.19156e-10,	0.999988,1.22694e-05,	0.99396,0.00603998,	0.924837,0.0751629,	0.500256,0.499744,	1,	1,	1,	1,	1,	1,	1,	1,	1,	1,	1,	
0.5,0.5,	1,1.4027e-34,	1,2.36371e-27,	1,4.12402e-21,	1,7.60527e-18,	1,6.06158e-13,	1,6.35259e-10,	0.99999,1.02635e-05,	0.994033,0.00596675,	0.92251,0.0774905,	0.500276,0.499724,	1,	1,	1,	1,	1,	1,	1,	1,	1,	1,	1,	
0.5,0.5,	1,3.6008e-35,	1,8.14717e-28,	1,1.82244e-21,	1,3.80605e-18,	1,3.69985e-13,	1,4.39048e-10,	0.999991,8.58552e-06,	0.994102,0.00589841,	0.920235,0.0797647,	0.500291,0.499709,	1,	1,	1,	1,	1,	1,	1,	1,	1,	1,	1,	
0.5,0.5,	1,9.24343e-36,	1,2.80815e-28,	1,8.05352e-22,	1,1.90473e-18,	1,2.25831e-13,	1,3.03441e-10,	0.999993,7.18188e-06,	0.994165,0.0058352,	0.917299,0.0827007,	0.500275,0.499725,	1,	1,	1,	1,	1,	1,	1,	1,	1,	1,	1,	
0.5,0.5,	1,2.37283e-36,	1,9.67908e-29,	1,3.55892e-22,	1,9.53222e-19,	1,1.37842e-13,	1,2.09718e-10,	0.999994,6.00774e-06,	0.994212,0.00578802,	0.914647,0.0853532,	0.50031,0.49969,	1,	1,	1,	1,	1,	1,	1,	1,	1,	1,	1,	
0.5,0.5,	1,6.09117e-37,	1,3.33616e-29,	1,1.57271e-22,	1,4.77039e-19,	1,8.4136e-14,	1,1.44943e-10,	0.999995,5.02555e-06,	0.994253,0.00574654,	0.91281,0.0871895,	0.500317,0.499683,	1,	1,	1,	1,	1,	1,	1,	1,	1,	1,	1,	
0.5,0.5,	1,1.56363e-37,	1,1.1499e-29,	1,6.94996e-23,	1,2.38734e-19,	1,5.13548e-14,	1,1.00175e-10,	0.999996,4.20394e-06,	0.994289,0.00571128,	0.909181,0.0908191,	0.500334,0.499666,	1,	1,	1,	1,	1,	1,	1,	1,	1,	1,	1,	
0.5,0.5,	1,4.01392e-38,	1,3.96346e-30,	1,3.07124e-23,	1,1.19474e-19,	1,3.13458e-14,	1,6.92339e-11,	0.999996,3.51666e-06,	0.994319,0.00568109,	0.903995,0.0960049,	0.500317,0.499683,	1,	1,	1,	1,	1,	1,	1,	1,	1,	1,	1,	
0.5,0.5,	1,1.03039e-38,	1,1.36612e-30,	1,1.35721e-23,	1,5.97908e-20,	1,1.91328e-14,	1,4.78498e-11,	0.999997,2.94174e-06,	0.994342,0.00565817,	0.898806,0.101194,	0.500314,0.499686,	1,	1,	1,	1,	1,	1,	1,	1,	1,	1,	1,	
0.5,0.5,	1,2.64506e-39,	1,4.70871e-31,	1,5.99762e-24,	1,2.99222e-20,	1,1.16783e-14,	1,3.30706e-11,	0.999998,2.46081e-06,	0.99436,0.00564019,	0.893533,0.106467,	0.500339,0.499661,	1,	1,	1,	1,	1,	1,	1,	1,	1,	1,	1,	
0.5,0.5,	1,6.79e-40,	1,1.62299e-31,	1,2.6504e-24,	1,1.49746e-20,	1,7.12816e-15,	1,2.28562e-11,	0.999998,2.0585e-06,	0.99437,0.00563037,	0.888043,0.111957,	0.500342,0.499658,	1,	1,	1,	1,	1,	1,	1,	1,	1,	1,	1,	
0.5,0.5,	1,1.74302e-40,	1,5.59408e-32,	1,1.17123e-24,	1,7.494e-21,	1,4.35087e-15,	1,1.57966e-11,	0.999998,1.72197e-06,	0.994358,0.00564211,	0.882088,0.117912,	0.500351,0.499649,	1,	1,	1,	1,	1,	1,	1,	1,	1,	1,	1,	
0.5,0.5,	1,4.47442e-41,	1,1.92816e-32,	1,5.17578e-25,	1,3.75037e-21,	1,2.65568e-15,	1,1.09176e-11,	0.999999,1.44045e-06,	0.994332,0.00566769,	0.8788,0.1212,	0.500372,0.499628,	1,	1,	1,	1,	1,	1,	1,	1,	1,	1,	1,	
0.5,0.5,	1,1.14861e-41,	1,6.64593e-33,	1,2.28722e-25,	1,1.87687e-21,	1,1.62097e-15,	1,7.54549e-12,	0.999999,1.20496e-06,	0.994301,0.00569891,	0.875242,0.124758,	0.500385,0.499615,	1,	1,	1,	1,	1,	1,	1,	1,	1,	1,	1,	
0.5,0.5,	1,2.94852e-42,	1,2.29071e-33,	1,1.01074e-25,	1,9.39277e-22,	1,9.89404e-16,	1,5.21493e-12,	0.999999,1.00797e-06,	0.994266,0.00573418,	0.871084,0.128916,	0.500366,0.499634,	1,	1,	1,	1,	1,	1,	1,	1,	1,	1,	1,	
0.5,0.5,	1,7.569e-43,	1,7.89556e-34,	1,4.46655e-26,	1,4.7006e-22,	1,6.03911e-16,	1,3.60421e-12,	0.999999,8.43181e-07,	0.994222,0.00577772,	0.863964,0.136036,	0.500374,0.499626,	1,	1,	1,	1,	1,	1,	1,	1,	1,	1,	1,	
0.5,0.5,	1,1.943e-43,	1,2.72142e-34,	1,1.97381e-26,	1,2.35241e-22,	1,3.68614e-16,	1,2.49099e-12,	0.999999,7.05334e-07,	0.994173,0.00582729,	0.857984,0.142016,	0.500377,0.499623,	1,	1,	1,	1,	1,	1,	1,	1,	1,	1,	1,	
0.5,0.5,	1,4.98777e-44,	1,9.38015e-35,	1,8.72241e-27,	1,1.17726e-22,	1,2.24994e-16,	1,1.7216e-12,	0.999999,5.90023e-07,	0.994119,0.0058808,	0.856323,0.143677,	0.500358,0.499642,	1,	1,	1,	1,	1,	1,	1,	1,	1,	1,	1,	
0.5,0.5,	1,1.28038e-44,	1,3.23313e-35,	1,3.85451e-27,	1,5.8916e-23,	1,1.37331e-16,	1,1.18986e-12,	1,4.93564e-07,	0.994064,0.00593584,	0.855821,0.144179,	0.500353,0.499647,	1,	1,	1,	1,	1,	1,	1,	1,	1,	1,	1,	
0.5,0.5,	1,3.2868e-45,	1,1.11439e-35,	1,1.70334e-27,	1,2.94845e-23,	1,8.38241e-17,	1,8.22348e-13,	1,4.12874e-07,	0.994008,0.00599175,	0.85556,0.14444,	0.500348,0.499652,	1,	1,	1,	1,	1,	1,	1,	1,	1,	1,	1,	
0.5,0.5,	1,8.43738e-46,	1,3.84105e-36,	1,7.5272e-28,	1,1.47555e-23,	1,5.11644e-17,	1,5.68351e-13,	1,3.45376e-07,	0.993962,0.00603791,	0.855631,0.144369,	0.500354,0.499646,	1,	1,	1,	1,	1,	1,	1,	1,	1,	1,	1,	
0.5,0.5,	1,2.16591e-46,	1,1.32393e-36,	1,3.32633e-28,	1,7.38436e-24,	1,3.12297e-17,	1,3.92806e-13,	1,2.88912e-07,	0.993924,0.00607588,	0.855651,0.144349,	0.50036,0.49964,	1,	1,	1,	1,	1,	1,	1,	1,	1,	1,	1,	
0.5,0.5,	1,5.56e-47,	1,4.56328e-37,	1,1.46993e-28,	1,3.6955e-24,	1,1.90619e-17,	1,2.71481e-13,	1,2.4168e-07,	0.993892,0.00610825,	0.856998,0.143002,	0.500358,0.499642,	1,	1,	1,	1,	1,	1,	1,	1,	1,	1,	1,	
0.5,0.5,	1,1.42728e-47,	1,1.57286e-37,	1,6.49576e-29,	1,1.84941e-24,	1,1.1635e-17,	1,1.87629e-13,	1,2.02169e-07,	0.993861,0.00613872,	0.857214,0.142786,	0.500362,0.499638,	1,	1,	1,	1,	1,	1,	1,	1,	1,	1,	1,	
0.5,0.5,	1,3.66389e-48,	1,5.42131e-38,	1,2.87053e-29,	1,9.25535e-25,	1,7.10174e-18,	1,1.29677e-13,	1,1.69117e-07,	0.99383,0.00617027,	0.85799,0.14201,	0.500375,0.499625,	1,	1,	1,	1,	1,	1,	1,	1,	1,	1,	1,	
0.5,0.5,	1,9.40538e-49,	1,1.86861e-38,	1,1.26851e-29,	1,4.63183e-25,	1,4.33475e-18,	1,8.96239e-14,	1,1.41469e-07,	0.993804,0.00619574,	0.861525,0.138475,	0.50037,0.49963,	1,	1,	1,	1,	1,	1,	1,	1,	1,	1,	1,	
0.5,0.5,	1,2.4144e-49,	1,6.44068e-39,	1,5.60566e-30,	1,2.318e-25,	1,2.64583e-18,	1,6.1942e-14,	1,1.18341e-07,	0.993785,0.00621499,	0.864641,0.135359,	0.500352,0.499648,	1,	1,	1,	1,	1,	1,	1,	1,	1,	1,	1,	
0.5,0.5,	1,6.19789e-50,	1,2.21996e-39,	1,2.47719e-30,	1,1.16004e-25,	1,1.61496e-18,	1,4.28101e-14,	1,9.89944e-08,	0.993773,0.00622714,	0.869764,0.130236,	0.500353,0.499647,	1,	1,	1,	1,	1,	1,	1,	1,	1,	1,	1,	
0.5,0.5,	1,1.59103e-50,	1,7.65171e-40,	1,1.09469e-30,	1,5.80541e-26,	1,9.85736e-19,	1,2.95875e-14,	1,8.28104e-08,	0.993776,0.00622443,	0.873592,0.126408,	0.500365,0.499635,	1,	1,	1,	1,	1,	1,	1,	1,	1,	1,	1,	
0.5,0.5,	1,4.08424e-51,	1,2.63738e-40,	1,4.83753e-31,	1,2.90531e-26,	1,6.01672e-19,	1,2.04489e-14,	1,6.92722e-08,	0.993788,0.00621185,	0.878006,0.121994,	0.500356,0.499644,	1,	1,	1,	1,	1,	1,	1,	1,	1,	1,	1,	
0.5,0.5,	1,1.04844e-51,	1,9.09046e-41,	1,2.13774e-31,	1,1.45396e-26,	1,3.67248e-19,	1,1.41329e-14,	1,5.79473e-08,	0.993808,0.0061925,	0.881734,0.118266,	0.500371,0.499629,	1,	1,	1,	1,	1,	1,	1,	1,	1,	1,	1,	
0.5,0.5,	1,2.6914e-52,	1,3.13328e-41,	1,9.44686e-32,	1,7.27633e-27,	1,2.2416e-19,	1,9.76769e-15,	1,4.84738e-08,	0.99383,0.00617014,	0.883699,0.116301,	0.500346,0.499654,	1,	1,	1,	1,	1,	1,	1,	1,	1,	1,	1,	
0.5,0.5,	1,6.90896e-53,	1,1.07997e-41,	1,4.17465e-32,	1,3.64143e-27,	1,1.36822e-19,	1,6.75077e-15,	1,4.05491e-08,	0.993855,0.00614518,	0.886587,0.113413,	0.500346,0.499654,	1,	1,	1,	1,	1,	1,	1,	1,	1,	1,	1,	
0.5,0.5,	1,1.77356e-53,	1,3.72243e-42,	1,1.84481e-32,	1,1.82235e-27,	1,8.35134e-20,	1,4.66568e-15,	1,3.392e-08,	0.993885,0.00611545,	0.889012,0.110988,	0.500352,0.499648,	1,	1,	1,	1,	1,	1,	1,	1,	1,	1,	1,	
0.5,0.5,	1,4.55282e-54,	1,1.28304e-42,	1,8.15238e-33,	1,9.11995e-28,	1,5.09748e-20,	1,3.2246e-15,	1,2.83746e-08,	0.993923,0.00607701,	0.892229,0.107771,	0.500367,0.499633,	1,	1,	1,	1,	1,	1,	1,	1,	1,	1,	1,	
0.5,0.5,	1,1.16873e-54,	1,4.42235e-43,	1,3.6026e-33,	1,4.56407e-28,	1,3.11139e-20,	1,2.22863e-15,	1,2.37358e-08,	0.993974,0.00602562,	0.894292,0.105708,	0.500374,0.499626,	1,	1,	1,	1,	1,	1,	1,	1,	1,	1,	1,	
0.5,0.5,	1,3.00018e-55,	1,1.52429e-43,	1,1.59202e-33,	1,2.28408e-28,	1,1.89912e-20,	1,1.54028e-15,	1,1.98554e-08,	0.994038,0.00596195,	0.896986,0.103014,	0.500372,0.499628,	1,	1,	1,	1,	1,	1,	1,	1,	1,	1,	1,	
0.5,0.5,	1,7.70161e-56,	1,5.25388e-44,	1,7.03527e-34,	1,1.14307e-28,	1,1.15918e-20,	1,1.06454e-15,	1,1.66093e-08,	0.99412,0.00588038,	0.900786,0.0992145,	0.500373,0.499627,	1,	1,	1,	1,	1,	1,	1,	1,	1,	1,	1,	
0.5,0.5,	1,1.97704e-56,	1,1.8109e-44,	1,3.10895e-34,	1,5.72047e-29,	1,7.07541e-21,	1,7.35735e-16,	1,1.3894e-08,	0.994206,0.00579389,	0.904761,0.0952388,	0.500377,0.499623,	1,	1,	1,	1,	1,	1,	1,	1,	1,	1,	1,	
0.5,0.5,	1,5.07515e-57,	1,6.24177e-45,	1,1.37387e-34,	1,2.86281e-29,	1,4.31868e-21,	1,5.0849e-16,	1,1.16225e-08,	0.994293,0.00570733,	0.907365,0.0926348,	0.500387,0.499613,	1,	1,	1,	1,	1,	1,	1,	1,	1,	1,	1,	
0.5,0.5,	1,1.30282e-57,	1,2.1514e-45,	1,6.07124e-35,	1,1.43269e-29,	1,2.63603e-21,	1,3.51434e-16,	1,9.72241e-09,	0.994385,0.00561527,	0.911239,0.0887605,	0.500389,0.499611,	1,	1,	1,	1,	1,	1,	1,	1,	1,	1,	1,	
0.5,0.5,	1,3.34439e-58,	1,7.4154e-46,	1,2.68293e-35,	1,7.16988e-30,	1,1.60897e-21,	1,2.42888e-16,	1,8.13295e-09,	0.99448,0.00552033,	0.914014,0.0859861,	0.500388,0.499612,	1,	1,	1,	1,	1,	1,	1,	1,	1,	1,	1,	
0.5,0.5,	1,8.5852e-59,	1,2.55592e-46,	1,1.18561e-35,	1,3.58816e-30,	1,9.82083e-22,	1,1.67868e-16,	1,6.80334e-09,	0.994578,0.00542176,	0.916598,0.083402,	0.500382,0.499618,	1,	1,	1,	1,	1,	1,	1,	1,	1,	1,	1,	
0.5,0.5,	1,2.20386e-59,	1,8.80971e-47,	1,5.23931e-36,	1,1.79569e-30,	1,5.99442e-22,	1,1.16019e-16,	1,5.6911e-09,	0.994686,0.00531394,	0.918791,0.0812095,	0.500371,0.499629,	1,	1,	1,	1,	1,	1,	1,	1,	1,	1,	1,	
0.5,0.5,	1,5.65742e-60,	1,3.03651e-47,	1,2.3153e-36,	1,8.98652e-31,	1,3.65886e-22,	1,8.01843e-17,	1,4.7607e-09,	0.994798,0.00520171,	0.921409,0.0785909,	0.500368,0.499632,	1,	1,	1,	1,	1,	1,	1,	1,	1,	1,	1,	
0.5,0.5,	1,1.45228e-60,	1,1.04662e-47,	1,1.02315e-36,	1,4.4973e-31,	1,2.23329e-22,	1,5.5418e-17,	1,3.9824e-09,	0.994912,0.0050876,	0.92415,0.0758497,	0.500378,0.499622,	1,	1,	1,	1,	1,	1,	1,	1,	1,	1,	1,	
0.5,0.5,	1,3.72808e-61,	1,3.60747e-48,	1,4.52138e-37,	1,2.25067e-31,	1,1.36315e-22,	1,3.83012e-17,	1,3.33134e-09,	0.995026,0.00497354,	0.926449,0.0735508,	0.500381,0.499619,	1,	1,	1,	1,	1,	1,	1,	1,	1,	1,	1,	
0.5,0.5,	1,9.57016e-62,	1,1.24341e-48,	1,1.99804e-37,	1,1.12634e-31,	1,8.32039e-23,	1,2.64712e-17,	1,2.78672e-09,	0.995138,0.00486165,	0.927844,0.0721559,	0.5004,0.4996,	1,	1,	1,	1,	1,	1,	1,	1,	1,	1,	1,	
0.5,0.5,	1,2.45671e-62,	1,4.28577e-49,	1,8.82949e-38,	1,5.63678e-32,	1,5.07858e-23,	1,1.82951e-17,	1,2.33113e-09,	0.995249,0.00475061,	0.929847,0.0701526,	0.500408,0.499592,	1,	1,	1,	1,	1,	1,	1,	1,	1,	1,	1,	
0.5,0.5,	1,6.30648e-63,	1,1.47721e-49,	1,3.90182e-38,	1,2.82092e-32,	1,3.09986e-23,	1,1.26443e-17,	1,1.95003e-09,	0.99536,0.00464043,	0.931297,0.0687026,	0.500421,0.499579,	1,	1,	1,	1,	1,	1,	1,	1,	1,	1,	1,	
0.5,0.5,	1,1.6189e-63,	1,5.09162e-50,	1,1.72425e-38,	1,1.41173e-32,	1,1.89209e-23,	1,8.73892e-18,	1,1.63123e-09,	0.995465,0.00453457,	0.932513,0.0674867,	0.500413,0.499587,	1,	1,	1,	1,	1,	1,	1,	1,	1,	1,	1,	
0.5,0.5,	1,4.1558e-64,	1,1.75497e-50,	1,7.6196e-39,	1,7.06498e-33,	1,1.15489e-23,	1,6.03975e-18,	1,1.36455e-09,	0.99557,0.00443006,	0.934039,0.0659611,	0.500421,0.499579,	1,	1,	1,	1,	1,	1,	1,	1,	1,	1,	1,	
0.5,0.5,	1,1.06681e-64,	1,6.049e-51,	1,3.36716e-39,	1,3.53566e-33,	1,7.04919e-24,	1,4.17427e-18,	1,1.14147e-09,	0.995674,0.00432586,	0.93571,0.0642904,	0.500426,0.499574,	1,	1,	1,	1,	1,	1,	1,	1,	1,	1,	1,	
0.5,0.5,	1,2.73856e-65,	1,2.08496e-51,	1,1.48798e-39,	1,1.76942e-33,	1,4.30267e-24,	1,2.88497e-18,	1,9.54855e-10,	0.99578,0.0042202,	0.937377,0.0626231,	0.500429,0.499571,	1,	1,	1,	1,	1,	1,	1,	1,	1,	1,	1,	
0.5,0.5,	1,7.03001e-66,	1,7.18638e-52,	1,6.5755e-40,	1,8.85505e-34,	1,2.62626e-24,	1,1.9939e-18,	1,7.98751e-10,	0.995885,0.00411534,	0.938361,0.0616391,	0.500432,0.499568,	1,	1,	1,	1,	1,	1,	1,	1,	1,	1,	1,	
0.5,0.5,	1,1.80464e-66,	1,2.47699e-52,	1,2.90577e-40,	1,4.4315e-34,	1,1.60301e-24,	1,1.37805e-18,	1,6.68168e-10,	0.995986,0.00401398,	0.939066,0.060934,	0.500424,0.499576,	1,	1,	1,	1,	1,	1,	1,	1,	1,	1,	1,	
0.5,0.5,	1,4.63259e-67,	1,8.53763e-53,	1,1.28408e-40,	1,2.21774e-34,	1,9.78442e-25,	1,9.52414e-19,	1,5.58933e-10,	0.996085,0.0039155,	0.939797,0.0602034,	0.500433,0.499567,	1,	1,	1,	1,	1,	1,	1,	1,	1,	1,	1,	
0.5,0.5,	1,1.18921e-67,	1,2.94273e-53,	1,5.67447e-41,	1,1.10987e-34,	1,5.9722e-25,	1,6.58245e-19,	1,4.67556e-10,	0.99618,0.00381989,	0.940499,0.059501,	0.500422,0.499578,	1,	1,	1,	1,	1,	1,	1,	1,	1,	1,	1,	
0.5,0.5,	1,3.05275e-68,	1,1.0143e-53,	1,2.5076e-41,	1,5.55432e-35,	1,3.6453e-25,	1,4.54934e-19,	1,3.91118e-10,	0.996273,0.00372725,	0.941745,0.0582553,	0.500413,0.499587,	1,	1,	1,	1,	1,	1,	1,	1,	1,	1,	1,	
0.5,0.5,	1,7.83655e-69,	1,3.49605e-54,	1,1.10813e-41,	1,2.77965e-35,	1,2.22501e-25,	1,3.1442e-19,	1,3.27177e-10,	0.996365,0.00363493,	0.943042,0.0569577,	0.500421,0.499579,	1,	1,	1,	1,	1,	1,	1,	1,	1,	1,	1,	
0.5,0.5,	1,2.01168e-69,	1,1.20501e-54,	1,4.89691e-42,	1,1.39108e-35,	1,1.3581e-25,	1,2.17306e-19,	1,2.73688e-10,	0.996457,0.00354324,	0.944277,0.0557229,	0.500417,0.499583,	1,	1,	1,	1,	1,	1,	1,	1,	1,	1,	1,	
0.5,0.5,	1,5.16407e-70,	1,4.15341e-55,	1,2.16399e-42,	1,6.96162e-36,	1,8.28954e-26,	1,1.50187e-19,	1,2.28945e-10,	0.996547,0.00345318,	0.945706,0.0542942,	0.50043,0.49957,	1,	1,	1,	1,	1,	1,	1,	1,	1,	1,	1,	
0.5,0.5,	1,1.32564e-70,	1,1.43159e-55,	1,9.56283e-43,	1,3.48394e-36,	1,5.05976e-26,	1,1.03799e-19,	1,1.91516e-10,	0.996635,0.00336481,	0.947069,0.0529308,	0.500425,0.499575,	1,	1,	1,	1,	1,	1,	1,	1,	1,	1,	1,	
0.5,0.5,	1,3.40298e-71,	1,4.93437e-56,	1,4.2259e-43,	1,1.74353e-36,	1,3.08837e-26,	1,7.1739e-20,	1,1.60206e-10,	0.996722,0.0032781,	0.948544,0.0514565,	0.500427,0.499573,	1,	1,	1,	1,	1,	1,	1,	1,	1,	1,	1,	
0.5,0.5,	1,8.73562e-72,	1,1.70077e-56,	1,1.86746e-43,	1,8.7255e-37,	1,1.88507e-26,	1,4.95812e-20,	1,1.34015e-10,	0.996808,0.00319159,	0.950046,0.0499544,	0.500435,0.499565,	1,	1,	1,	1,	1,	1,	1,	1,	1,	1,	1,	
0.5,0.5,	1,2.24247e-72,	1,5.86218e-57,	1,8.25246e-44,	1,4.36667e-37,	1,1.15061e-26,	1,3.42672e-20,	1,1.12105e-10,	0.996894,0.00310589,	0.951224,0.0487757,	0.500423,0.499577,	1,	1,	1,	1,	1,	1,	1,	1,	1,	1,	1,	
0.5,0.5,	1,5.75654e-73,	1,2.02056e-57,	1,3.64683e-44,	1,2.1853e-37,	1,7.02306e-27,	1,2.36832e-20,	1,9.3778e-11,	0.996978,0.00302234,	0.952254,0.0477463,	0.500433,0.499567,	1,	1,	1,	1,	1,	1,	1,	1,	1,	1,	1,	
0.5,0.5,	1,1.47773e-73,	1,6.96444e-58,	1,1.61156e-44,	1,1.09363e-37,	1,4.28672e-27,	1,1.63682e-20,	1,7.84468e-11,	0.997059,0.00294068,	0.953274,0.0467265,	0.500438,0.499562,	1,	1,	1,	1,	1,	1,	1,	1,	1,	1,	1,	
0.5,0.5,	1,3.7934e-74,	1,2.40049e-58,	1,7.12164e-45,	1,5.47306e-38,	1,2.61652e-27,	1,1.13126e-20,	1,6.5622e-11,	0.997138,0.00286161,	0.954378,0.0456221,	0.500455,0.499545,	1,	1,	1,	1,	1,	1,	1,	1,	1,	1,	1,	
0.5,0.5,	1,9.73784e-75,	1,8.27396e-59,	1,3.14711e-45,	1,2.73899e-38,	1,1.59707e-27,	1,7.81851e-21,	1,5.48938e-11,	0.997215,0.00278499,	0.955539,0.0444613,	0.500456,0.499544,	1,	1,	1,	1,	1,	1,	1,	1,	1,	1,	1,	
0.5,0.5,	1,2.49975e-75,	1,2.85185e-59,	1,1.39073e-45,	1,1.37072e-38,	1,9.74816e-28,	1,5.40362e-21,	1,4.59195e-11,	0.997289,0.0027109,	0.956712,0.0432883,	0.500455,0.499545,	1,	1,	1,	1,	1,	1,	1,	1,	1,	1,	1,	
0.5,0.5,	1,6.41697e-76,	1,9.8297e-60,	1,6.14577e-46,	1,6.85977e-39,	1,5.95006e-28,	1,3.73462e-21,	1,3.84124e-11,	0.997361,0.00263904,	0.957958,0.0420419,	0.500454,0.499546,	1,	1,	1,	1,	1,	1,	1,	1,	1,	1,	1,	
0.5,0.5,	1,1.64727e-76,	1,3.38808e-60,	1,2.71587e-46,	1,3.43297e-39,	1,3.63179e-28,	1,2.58112e-21,	1,3.21326e-11,	0.997431,0.00256864,	0.959195,0.0408051,	0.500455,0.499545,	1,	1,	1,	1,	1,	1,	1,	1,	1,	1,	1,	
0.5,0.5,	1,4.22861e-77,	1,1.1678e-60,	1,1.20016e-46,	1,1.71803e-39,	1,2.21677e-28,	1,1.78389e-21,	1,2.68794e-11,	0.9975,0.00250009,	0.96031,0.03969,	0.500457,0.499543,	1,	1,	1,	1,	1,	1,	1,	1,	1,	1,	1,	
0.5,0.5,	1,1.0855e-77,	1,4.02514e-61,	1,5.30363e-47,	1,8.59785e-40,	1,1.35307e-28,	1,1.23291e-21,	1,2.24851e-11,	0.997567,0.00243309,	0.961364,0.038636,	0.500467,0.499533,	1,	1,	1,	1,	1,	1,	1,	1,	1,	1,	1,	
0.5,0.5,	1,2.78654e-78,	1,1.38738e-61,	1,2.34372e-47,	1,4.30278e-40,	1,8.25882e-29,	1,8.52103e-22,	1,1.88091e-11,	0.997633,0.00236744,	0.962361,0.0376393,	0.500479,0.499521,	1,	1,	1,	1,	1,	1,	1,	1,	1,	1,	1,	
0.5,0.5,	1,7.15318e-79,	1,4.78198e-62,	1,1.03571e-47,	1,2.15332e-40,	1,5.041e-29,	1,5.88916e-22,	1,1.57341e-11,	0.997697,0.00230333,	0.963372,0.0366276,	0.500482,0.499518,	1,	1,	1,	1,	1,	1,	1,	1,	1,	1,	1,	
0.5,0.5,	1,1.83625e-79,	1,1.64824e-62,	1,4.57688e-48,	1,1.07763e-40,	1,3.07692e-29,	1,4.07019e-22,	1,1.31618e-11,	0.99776,0.00224037,	0.964451,0.0355492,	0.500481,0.499519,	1,	1,	1,	1,	1,	1,	1,	1,	1,	1,	1,	
0.5,0.5,	1,4.71375e-80,	1,5.68113e-63,	1,2.02256e-48,	1,5.39299e-41,	1,1.87808e-29,	1,2.81304e-22,	1,1.10101e-11,	0.997821,0.0021787,	0.965477,0.0345228,	0.500472,0.499528,	1,	1,	1,	1,	1,	1,	1,	1,	1,	1,	1,	
0.5,0.5,	1,1.21004e-80,	1,1.95816e-63,	1,8.93787e-49,	1,2.69892e-41,	1,1.14634e-29,	1,1.94418e-22,	1,9.2101e-12,	0.997881,0.00211871,	0.966428,0.0335721,	0.500469,0.499531,	1,	1,	1,	1,	1,	1,	1,	1,	1,	1,	1,	
0.5,0.5,	1,3.10623e-81,	1,6.74935e-64,	1,3.94972e-49,	1,1.35067e-41,	1,6.99702e-30,	1,1.34369e-22,	1,7.70439e-12,	0.99794,0.0020603,	0.967308,0.0326922,	0.500468,0.499532,	1,	1,	1,	1,	1,	1,	1,	1,	1,	1,	1,	
0.5,0.5,	1,7.97385e-82,	1,2.32635e-64,	1,1.74541e-49,	1,6.75942e-42,	1,4.27083e-30,	1,9.28667e-23,	1,6.44485e-12,	0.997997,0.00200346,	0.968109,0.0318914,	0.500471,0.499529,	1,	1,	1,	1,	1,	1,	1,	1,	1,	1,	1,	
0.5,0.5,	1,2.04692e-82,	1,8.01843e-65,	1,7.71313e-50,	1,3.38274e-42,	1,2.60682e-30,	1,6.41832e-23,	1,5.39122e-12,	0.998052,0.00194816,	0.968874,0.0311259,	0.500462,0.499538,	1,	1,	1,	1,	1,	1,	1,	1,	1,	1,	1,	
0.5,0.5,	1,5.25455e-83,	1,2.76378e-65,	1,3.4085e-50,	1,1.69289e-42,	1,1.59115e-30,	1,4.43591e-23,	1,4.50984e-12,	0.998106,0.00189437,	0.969567,0.0304328,	0.500468,0.499532,	1,	1,	1,	1,	1,	1,	1,	1,	1,	1,	1,	
0.5,0.5,	1,1.34887e-83,	1,9.52612e-66,	1,1.50624e-50,	1,8.47206e-43,	1,9.71202e-31,	1,3.0658e-23,	1,3.77255e-12,	0.998158,0.00184242,	0.970123,0.0298767,	0.500465,0.499535,	1,	1,	1,	1,	1,	1,	1,	1,	1,	1,	1,	
0.5,0.5,	1,3.46261e-84,	1,3.28345e-66,	1,6.65622e-51,	1,4.23983e-43,	1,5.92801e-31,	1,2.11888e-23,	1,3.1558e-12,	0.998207,0.00179274,	0.970626,0.0293743,	0.500463,0.499537,	1,	1,	1,	1,	1,	1,	1,	1,	1,	1,	1,	
0.5,0.5,	1,8.88867e-85,	1,1.13173e-66,	1,2.94144e-51,	1,2.12182e-43,	1,3.61833e-31,	1,1.46442e-23,	1,2.63987e-12,	0.998255,0.00174452,	0.971147,0.0288529,	0.500467,0.499533,	1,	1,	1,	1,	1,	1,	1,	1,	1,	1,	1,	
0.5,0.5,	1,2.28176e-85,	1,3.90083e-67,	1,1.29985e-51,	1,1.06186e-43,	1,2.20855e-31,	1,1.01211e-23,	1,2.2083e-12,	0.998303,0.00169744,	0.971657,0.0283428,	0.500476,0.499524,	1,	1,	1,	1,	1,	1,	1,	1,	1,	1,	1,	
0.5,0.5,	1,5.85739e-86,	1,1.34453e-67,	1,5.74413e-52,	1,5.31409e-44,	1,1.34805e-31,	1,6.99503e-24,	1,1.84727e-12,	0.998348,0.00165158,	0.972109,0.027891,	0.500464,0.499536,	1,	1,	1,	1,	1,	1,	1,	1,	1,	1,	1,	
0.5,0.5,	1,1.50362e-86,	1,4.6343e-68,	1,2.53838e-52,	1,2.65943e-44,	1,8.22821e-32,	1,4.83449e-24,	1,1.54527e-12,	0.998393,0.00160699,	0.972498,0.0275017,	0.500459,0.499541,	1,	1,	1,	1,	1,	1,	1,	1,	1,	1,	1,	
0.5,0.5,	1,3.85986e-87,	1,1.59734e-68,	1,1.12173e-52,	1,1.33091e-44,	1,5.02232e-32,	1,3.34128e-24,	1,1.29265e-12,	0.998436,0.00156389,	0.972852,0.0271479,	0.500454,0.499546,	1,	1,	1,	1,	1,	1,	1,	1,	1,	1,	1,	
0.5,0.5,	1,9.90845e-88,	1,5.50568e-69,	1,4.95702e-53,	1,6.66053e-45,	1,3.06551e-32,	1,2.30927e-24,	1,1.08132e-12,	0.998478,0.00152206,	0.973247,0.0267526,	0.500447,0.499553,	1,	1,	1,	1,	1,	1,	1,	1,	1,	1,	1,	
0.5,0.5,	1,2.54355e-88,	1,1.89769e-69,	1,2.19055e-53,	1,3.33325e-45,	1,1.87112e-32,	1,1.59601e-24,	1,9.0454e-13,	0.998519,0.00148136,	0.973647,0.026353,	0.50044,0.49956,	1,	1,	1,	1,	1,	1,	1,	1,	1,	1,	1,	
0.5,0.5,	1,6.5294e-89,	1,6.54091e-70,	1,9.68022e-54,	1,1.66812e-45,	1,1.14209e-32,	1,1.10305e-24,	1,7.56662e-13,	0.998558,0.00144175,	0.974024,0.0259757,	0.500447,0.499553,	1,	1,	1,	1,	1,	1,	1,	1,	1,	1,	1,	
0.5,0.5,	1,1.67613e-89,	1,2.25451e-70,	1,4.27777e-54,	1,8.34811e-46,	1,6.97109e-33,	1,7.62356e-25,	1,6.3296e-13,	0.998596,0.00140351,	0.974405,0.0255948,	0.50045,0.49955,	1,	1,	1,	1,	1,	1,	1,	1,	1,	1,	1,	
0.5,0.5,	1,4.3027e-90,	1,7.77079e-71,	1,1.89038e-54,	1,4.17781e-46,	1,4.255e-33,	1,5.26889e-25,	1,5.29481e-13,	0.998634,0.00136629,	0.974774,0.0252261,	0.500458,0.499542,	1,	1,	1,	1,	1,	1,	1,	1,	1,	1,	1,	
0.5,0.5,	1,1.10452e-90,	1,2.67842e-71,	1,8.35376e-55,	1,2.09078e-46,	1,2.59716e-33,	1,3.6415e-25,	1,4.42919e-13,	0.99867,0.00133003,	0.975142,0.0248578,	0.500456,0.499544,	1,	1,	1,	1,	1,	1,	1,	1,	1,	1,	1,	
0.5,0.5,	1,2.83536e-91,	1,9.23192e-72,	1,3.6916e-55,	1,1.04633e-46,	1,1.58525e-33,	1,2.51676e-25,	1,3.70509e-13,	0.998705,0.00129476,	0.975455,0.0245451,	0.500471,0.499529,	1,	1,	1,	1,	1,	1,	1,	1,	1,	1,	1,	
0.5,0.5,	1,7.2785e-92,	1,3.18204e-72,	1,1.63135e-55,	1,5.23634e-47,	1,9.67602e-34,	1,1.73942e-25,	1,3.09936e-13,	0.998739,0.00126052,	0.975708,0.0242924,	0.500476,0.499524,	1,	1,	1,	1,	1,	1,	1,	1,	1,	1,	1,	
0.5,0.5,	1,1.86843e-92,	1,1.09678e-72,	1,7.20906e-56,	1,2.62052e-47,	1,5.90603e-34,	1,1.20217e-25,	1,2.59267e-13,	0.998773,0.00122746,	0.975933,0.0240673,	0.500471,0.499529,	1,	1,	1,	1,	1,	1,	1,	1,	1,	1,	1,	
0.5,0.5,	1,4.79634e-93,	1,3.78036e-73,	1,3.18574e-56,	1,1.31144e-47,	1,3.60492e-34,	1,8.30857e-26,	1,2.16881e-13,	0.998805,0.00119538,	0.976179,0.0238215,	0.500464,0.499536,	1,	1,	1,	1,	1,	1,	1,	1,	1,	1,	1,	
0.5,0.5,	1,1.23124e-93,	1,1.30301e-73,	1,1.40781e-56,	1,6.56308e-48,	1,2.20036e-34,	1,5.74232e-26,	1,1.81424e-13,	0.998836,0.0011642,	0.97641,0.0235898,	0.500456,0.499544,	1,	1,	1,	1,	1,	1,	1,	1,	1,	1,	1,	
0.5,0.5,	1,3.16066e-94,	1,4.49117e-74,	1,6.22122e-57,	1,3.28449e-48,	1,1.34305e-34,	1,3.96871e-26,	1,1.51764e-13,	0.998866,0.00113388,	0.976639,0.0233605,	0.500447,0.499553,	1,	1,	1,	1,	1,	1,	1,	1,	1,	1,	1,	
0.5,0.5,	1,8.11355e-95,	1,1.54801e-74,	1,2.74921e-57,	1,1.64372e-48,	1,8.19771e-35,	1,2.7429e-26,	1,1.26953e-13,	0.998896,0.00110446,	0.976853,0.0231467,	0.500451,0.499549,	1,	1,	1,	1,	1,	1,	1,	1,	1,	1,	1,	
0.5,0.5,	1,2.08279e-95,	1,5.33564e-75,	1,1.2149e-57,	1,8.22598e-49,	1,5.0037e-35,	1,1.89571e-26,	1,1.06198e-13,	0.998924,0.00107593,	0.977054,0.022946,	0.500448,0.499552,	1,	1,	1,	1,	1,	1,	1,	1,	1,	1,	1,	
0.5,0.5,	1,5.34661e-96,	1,1.83908e-75,	1,5.36873e-58,	1,4.11668e-49,	1,3.05415e-35,	1,1.31019e-26,	1,8.88365e-14,	0.998952,0.00104822,	0.977231,0.0227694,	0.500438,0.499562,	1,	1,	1,	1,	1,	1,	1,	1,	1,	1,	1,	
0.5,0.5,	1,1.3725e-96,	1,6.3389e-76,	1,2.37249e-58,	1,2.06019e-49,	1,1.86419e-35,	1,9.05512e-27,	1,7.43131e-14,	0.998979,0.00102131,	0.977387,0.0226132,	0.500438,0.499562,	1,	1,	1,	1,	1,	1,	1,	1,	1,	1,	1,	
0.5,0.5,	1,3.52327e-97,	1,2.18488e-76,	1,1.04842e-58,	1,1.03102e-49,	1,1.13786e-35,	1,6.25829e-27,	1,6.21641e-14,	0.999005,0.000995113,	0.977517,0.0224835,	0.500444,0.499556,	1,	1,	1,	1,	1,	1,	1,	1,	1,	1,	1,	
0.5,0.5,	1,9.0444e-98,	1,7.5308e-77,	1,4.63307e-59,	1,5.15973e-50,	1,6.94525e-36,	1,4.32531e-27,	1,5.20012e-14,	0.99903,0.000969606,	0.977629,0.0223715,	0.500447,0.499553,	1,	1,	1,	1,	1,	1,	1,	1,	1,	1,	1,	
0.5,0.5,	1,2.32174e-98,	1,2.5957e-77,	1,2.04739e-59,	1,2.58218e-50,	1,4.23923e-36,	1,2.98936e-27,	1,4.34998e-14,	0.999055,0.000944766,	0.977733,0.022267,	0.500439,0.499561,	1,	1,	1,	1,	1,	1,	1,	1,	1,	1,	1,	
0.5,0.5,	1,5.96002e-99,	1,8.94681e-78,	1,9.04759e-60,	1,1.29225e-50,	1,2.58753e-36,	1,2.06605e-27,	1,3.63883e-14,	0.999079,0.000920565,	0.97781,0.0221903,	0.500436,0.499564,	1,	1,	1,	1,	1,	1,	1,	1,	1,	1,	1,	
0.5,0.5,	1,1.52996e-99,	1,3.08377e-78,	1,3.99821e-60,	1,6.46706e-51,	1,1.57937e-36,	1,1.42791e-27,	1,3.04394e-14,	0.999103,0.000896994,	0.977838,0.0221624,	0.500444,0.499556,	1,	1,	1,	1,	1,	1,	1,	1,	1,	1,	1,	
0.5,0.5,	1,3.92749e-100,	1,1.06291e-78,	1,1.76684e-60,	1,3.23644e-51,	1,9.64016e-37,	1,9.86876e-28,	1,2.5463e-14,	0.999126,0.000874098,	0.977857,0.022143,	0.50045,0.49955,	1,	1,	1,	1,	1,	1,	1,	1,	1,	1,	1,	
0.5,0.5,	1,1.0082e-100,	1,3.6636e-79,	1,7.80782e-61,	1,1.61967e-51,	1,5.88414e-37,	1,6.82062e-28,	1,2.13002e-14,	0.999148,0.00085186,	0.977872,0.0221279,	0.500441,0.499559,	1,	1,	1,	1,	1,	1,	1,	1,	1,	1,	1,	
0.5,0.5,	1,2.58811e-101,	1,1.26276e-79,	1,3.45034e-61,	1,8.10563e-52,	1,3.59155e-37,	1,4.71395e-28,	1,1.7818e-14,	0.99917,0.000830195,	0.977866,0.0221336,	0.500447,0.499553,	1,	1,	1,	1,	1,	1,	1,	1,	1,	1,	1,	
0.5,0.5,	1,6.6438e-102,	1,4.35247e-80,	1,1.52473e-61,	1,4.05646e-52,	1,2.19221e-37,	1,3.25797e-28,	1,1.4905e-14,	0.999191,0.000809092,	0.977842,0.0221578,	0.500451,0.499549,	1,	1,	1,	1,	1,	1,	1,	1,	1,	1,	1,	
0.5,0.5,	1,1.70549e-102,	1,1.5002e-80,	1,6.73793e-62,	1,2.03005e-52,	1,1.33807e-37,	1,2.25169e-28,	1,1.24683e-14,	0.999211,0.000788534,	0.977809,0.0221911,	0.500451,0.499549,	1,	1,	1,	1,	1,	1,	1,	1,	1,	1,	1,	
0.5,0.5,	1,4.37808e-103,	1,5.17086e-81,	1,2.97755e-62,	1,1.01594e-52,	1,8.16732e-38,	1,1.55621e-28,	1,1.04299e-14,	0.999231,0.000768505,	0.977762,0.022238,	0.500444,0.499556,	1,	1,	1,	1,	1,	1,	1,	1,	1,	1,	1,	
0.5,0.5,	1,1.12387e-103,	1,1.78228e-81,	1,1.3158e-62,	1,5.08425e-53,	1,4.98515e-38,	1,1.07555e-28,	1,8.72479e-15,	0.999251,0.000748987,	0.977714,0.0222862,	0.500442,0.499558,	1,	1,	1,	1,	1,	1,	1,	1,	1,	1,	1,	
0.5,0.5,	1,2.88504e-104,	1,6.14313e-82,	1,5.81464e-63,	1,2.54441e-53,	1,3.04283e-38,	1,7.43348e-29,	1,7.29842e-15,	0.99927,0.000729967,	0.977659,0.0223406,	0.500447,0.499553,	1,	1,	1,	1,	1,	1,	1,	1,	1,	1,	1,	
0.5,0.5,	1,7.40603e-105,	1,2.1174e-82,	1,2.56954e-63,	1,1.27335e-53,	1,1.85728e-38,	1,5.13752e-29,	1,6.10524e-15,	0.999289,0.000711442,	0.977562,0.0224379,	0.500447,0.499553,	1,	1,	1,	1,	1,	1,	1,	1,	1,	1,	1,	
0.5,0.5,	1,1.90116e-105,	1,7.29822e-83,	1,1.1355e-63,	1,6.37245e-54,	1,1.13364e-38,	1,3.55071e-29,	1,5.10713e-15,	0.999307,0.00069341,	0.977431,0.0225691,	0.500442,0.499558,	1,	1,	1,	1,	1,	1,	1,	1,	1,	1,	1,	
0.5,0.5,	1,4.88037e-106,	1,2.51553e-83,	1,5.01787e-64,	1,3.18909e-54,	1,6.9195e-39,	1,2.45401e-29,	1,4.2722e-15,	0.999324,0.00067585,	0.977269,0.0227314,	0.500438,0.499562,	1,	1,	1,	1,	1,	1,	1,	1,	1,	1,	1,	
0.5,0.5,	1,1.25281e-106,	1,8.67049e-84,	1,2.21744e-64,	1,1.59598e-54,	1,4.22352e-39,	1,1.69605e-29,	1,3.57376e-15,	0.999341,0.000658746,	0.977087,0.0229128,	0.500434,0.499566,	1,	1,	1,	1,	1,	1,	1,	1,	1,	1,	1,	
0.5,0.5,	1,3.21603e-107,	1,2.98853e-84,	1,9.79905e-65,	1,7.98705e-55,	1,2.57794e-39,	1,1.17219e-29,	1,2.98951e-15,	0.999358,0.000642083,	0.976892,0.0231084,	0.500431,0.499569,	1,	1,	1,	1,	1,	1,	1,	1,	1,	1,	1,	
0.5,0.5,	1,8.25571e-108,	1,1.03008e-84,	1,4.33028e-65,	1,3.99711e-55,	1,1.57352e-39,	1,8.1014e-30,	1,2.50077e-15,	0.999374,0.000625841,	0.976697,0.0233026,	0.500428,0.499572,	1,	1,	1,	1,	1,	1,	1,	1,	1,	1,	1,	
0.5,0.5,	1,2.11928e-108,	1,3.55046e-85,	1,1.91359e-65,	1,2.00035e-55,	1,9.60442e-40,	1,5.59914e-30,	1,2.09193e-15,	0.99939,0.000610126,	0.97651,0.0234899,	0.500429,0.499571,	1,	1,	1,	1,	1,	1,	1,	1,	1,	1,	1,	
0.5,0.5,	1,5.44029e-109,	1,1.22376e-85,	1,8.45631e-66,	1,1.00107e-55,	1,5.86233e-40,	1,3.86975e-30,	1,1.74993e-15,	0.999405,0.000594826,	0.976341,0.0236593,	0.500441,0.499559,	1,	1,	1,	1,	1,	1,	1,	1,	1,	1,	1,	
0.5,0.5,	1,1.39655e-109,	1,4.21805e-86,	1,3.73691e-66,	1,5.00987e-56,	1,3.57824e-40,	1,2.67451e-30,	1,1.46385e-15,	0.99942,0.000579907,	0.976174,0.0238258,	0.50044,0.49956,	1,	1,	1,	1,	1,	1,	1,	1,	1,	1,	1,	
0.5,0.5,	1,3.585e-110,	1,1.45387e-86,	1,1.65137e-66,	1,2.50718e-56,	1,2.18408e-40,	1,1.84844e-30,	1,1.22453e-15,	0.999435,0.000565364,	0.976003,0.0239973,	0.500434,0.499566,	1,	1,	1,	1,	1,	1,	1,	1,	1,	1,	1,	
0.5,0.5,	1,9.20287e-111,	1,5.01116e-87,	1,7.29756e-67,	1,1.25472e-56,	1,1.33312e-40,	1,1.27752e-30,	1,1.02434e-15,	0.999449,0.000551186,	0.975834,0.0241657,	0.500434,0.499566,	1,	1,	1,	1,	1,	1,	1,	1,	1,	1,	1,	
0.5,0.5,	1,2.36242e-111,	1,1.72724e-87,	1,3.22485e-67,	1,6.27922e-57,	1,8.13705e-41,	1,8.82935e-31,	1,8.56876e-16,	0.999463,0.000537362,	0.975666,0.0243344,	0.500433,0.499567,	1,	1,	1,	1,	1,	1,	1,	1,	1,	1,	1,	
0.5,0.5,	1,6.06444e-112,	1,5.95341e-88,	1,1.42509e-67,	1,3.14243e-57,	1,4.96668e-41,	1,6.10225e-31,	1,7.16791e-16,	0.999476,0.000523883,	0.975499,0.024501,	0.500425,0.499575,	1,	1,	1,	1,	1,	1,	1,	1,	1,	1,	1,	
0.5,0.5,	1,1.55677e-112,	1,2.05201e-88,	1,6.29759e-68,	1,1.57263e-57,	1,3.03155e-41,	1,4.21746e-31,	1,5.99607e-16,	0.999489,0.000510741,	0.975342,0.0246578,	0.500423,0.499577,	1,	1,	1,	1,	1,	1,	1,	1,	1,	1,	1,	
0.5,0.5,	1,3.9963e-113,	1,7.07282e-89,	1,2.78296e-68,	1,7.8702e-58,	1,1.85039e-41,	1,2.91483e-31,	1,5.0158e-16,	0.999502,0.000497929,	0.975176,0.024824,	0.500427,0.499573,	1,	1,	1,	1,	1,	1,	1,	1,	1,	1,	1,	
0.5,0.5,	1,1.02587e-113,	1,2.43785e-89,	1,1.22981e-68,	1,3.93863e-58,	1,1.12944e-41,	1,2.01453e-31,	1,4.1958e-16,	0.999515,0.000485441,	0.974991,0.0250088,	0.500429,0.499571,	1,	1,	1,	1,	1,	1,	1,	1,	1,	1,	1,	
0.5,0.5,	1,2.63345e-114,	1,8.40272e-90,	1,5.43464e-69,	1,1.97109e-58,	1,6.89386e-42,	1,1.39231e-31,	1,3.50985e-16,	0.999527,0.000473332,	0.974798,0.0252018,	0.50043,0.49957,	1,	1,	1,	1,	1,	1,	1,	1,	1,	1,	1,	
0.5,0.5,	1,6.7602e-115,	1,2.89623e-90,	1,2.40161e-69,	1,9.86428e-59,	1,4.20786e-42,	1,9.62269e-32,	1,2.93605e-16,	0.999538,0.000461547,	0.974618,0.0253822,	0.500432,0.499568,	1,	1,	1,	1,	1,	1,	1,	1,	1,	1,	1,	
0.5,0.5,	1,1.73537e-115,	1,9.98267e-91,	1,1.06129e-69,	1,4.93657e-59,	1,2.56839e-42,	1,6.65056e-32,	1,2.45605e-16,	0.99955,0.000450057,	0.974441,0.0255591,	0.500426,0.499574,	1,	1,	1,	1,	1,	1,	1,	1,	1,	1,	1,	
0.5,0.5,	1,4.45479e-116,	1,3.44081e-91,	1,4.68994e-70,	1,2.4705e-59,	1,1.56769e-42,	1,4.59642e-32,	1,2.05452e-16,	0.999561,0.000438854,	0.974255,0.025745,	0.500425,0.499575,	1,	1,	1,	1,	1,	1,	1,	1,	1,	1,	1,	
0.5,0.5,	1,1.14357e-116,	1,1.18597e-91,	1,2.07252e-70,	1,1.23636e-59,	1,9.56882e-43,	1,3.17673e-32,	1,1.71864e-16,	0.999572,0.000427933,	0.974054,0.0259456,	0.500429,0.499571,	1,	1,	1,	1,	1,	1,	1,	1,	1,	1,	1,	
0.5,0.5,	1,2.93558e-117,	1,4.08778e-92,	1,9.15866e-71,	1,6.18736e-60,	1,5.8406e-43,	1,2.19554e-32,	1,1.43767e-16,	0.999583,0.000417335,	0.97384,0.0261603,	0.500427,0.499573,	1,	1,	1,	1,	1,	1,	1,	1,	1,	1,	1,	
0.5,0.5,	1,7.53578e-118,	1,1.40897e-92,	1,4.04729e-71,	1,3.09646e-60,	1,3.56498e-43,	1,1.51741e-32,	1,1.20263e-16,	0.999593,0.000407026,	0.973615,0.0263849,	0.500435,0.499565,	1,	1,	1,	1,	1,	1,	1,	1,	1,	1,	1,	
0.5,0.5,	1,1.9345e-118,	1,4.85645e-93,	1,1.78854e-71,	1,1.54963e-60,	1,2.176e-43,	1,1.04874e-32,	1,1.00602e-16,	0.999603,0.000397069,	0.973371,0.0266291,	0.500438,0.499562,	1,	1,	1,	1,	1,	1,	1,	1,	1,	1,	1,	
