k=0_act,k=1_act,k=2_act,k=3_act,k=4_act,k=5_act,k=6_act,k=7_act,k=8_act,k=9_act,k=10_act,k=0_wait,k=1_wait,k=2_wait,k=3_wait,k=4_wait,k=5_wait,k=6_wait,k=7_wait,k=8_wait,k=9_wait,k=10_wait,	k=0_act,k=1_act,k=2_act,k=3_act,k=4_act,k=5_act,k=6_act,k=7_act,k=8_act,k=9_act,k=10_act,k=0_wait,k=1_wait,k=2_wait,k=3_wait,k=4_wait,k=5_wait,k=6_wait,k=7_wait,k=8_wait,k=9_wait,k=10_wait,	
20,20,20,20,20,20,20,20,20,20,20,20,20,20,20,20,20,20,20,20,20,20,	20,20,20,20,20,20,20,20,20,20,20,20,20,20,20,20,20,20,20,20,20,20,	
6.94544,17.8641,18.5018,18.9735,19.1576,19.2743,19.384,19.5513,19.6466,19.916,19.6987,12.5481,18.4052,19.4742,19.6279,19.7227,19.7416,19.6827,19.9031,20.0969,20.3705,20.1997,	20,17.4511,18.5883,19.9788,20.8809,21.2721,21.4098,21.4259,21.1964,20.4781,19.8099,0.272527,13.6009,15.2007,17.3066,18.4811,19.834,20.49,20.747,20.776,20.1825,19.8859,	
3.00715,15.7636,18.4564,19.3727,20.4715,21.2271,21.6005,22.2163,22.5785,22.8639,23.0934,8.07249,15.6195,18.2135,19.3615,20.2458,20.9543,21.533,22.1344,22.684,23.0245,23.4867,	20,18.4845,20.6694,21.8543,22.5247,22.5229,22.5346,22.307,21.8302,21.2633,20.551,0.034211,12.9326,16.0939,18.3151,19.9891,20.9522,21.3389,21.8308,21.646,21.1551,20.6772,	
1.56731,14.2521,18.7666,20.5196,22.7073,24.225,25.0512,25.5476,26.4644,26.8331,26.776,4.98911,13.2972,17.4859,19.7251,21.6417,23.18,24.3946,25.3102,26.3064,26.9174,27.1571,	20,21.0332,23.319,24.2541,24.6271,24.6454,24.4407,24.1742,23.7243,23.1409,22.6045,0.0128082,14.7244,18.4461,20.3349,22.2476,23.006,23.3766,23.342,23.3605,22.951,22.6432,	
0.757708,12.1356,18.9461,22.514,25.576,26.9411,27.8715,28.5958,29.0619,29.4454,29.5792,3.08347,11.083,16.8748,20.4625,23.1917,25.432,26.8521,28.1741,29.0254,29.6019,29.8799,	20,23.1926,25.9246,26.6047,26.7619,26.5119,26.2484,25.9018,25.5449,25.0225,24.4256,0.00489239,14.7799,20.3123,22.3264,23.8019,24.724,24.9383,25.1121,25.1313,24.9135,24.4847,	
0.425751,11.2368,20.1661,24.0516,28.2895,30.5987,31.2655,32.0015,32.5267,33.2375,33.6462,2.06484,9.99601,16.3681,20.5532,24.4109,27.5714,30.0061,31.3779,32.269,33.1523,33.6025,	20,25.3703,27.644,28.5839,29.2122,29.1759,28.8635,28.4619,27.8743,27.1694,26.3708,0.00266756,18.2038,21.7269,24.0669,26.1289,27.5279,27.8691,27.8581,27.734,27.2717,26.5592,	
0.233306,11.3273,21.08,26.9216,31.4358,32.9776,34.3052,34.3935,35.0866,35.3249,35.8064,1.60709,9.7513,16.4691,21.6462,26.3399,29.5509,32.1168,33.6543,34.7627,35.5159,36.0218,	20,27.3219,29.8044,31.4004,31.8511,31.5999,31.0638,30.7913,30.1466,29.5267,28.8066,0.00143997,19.5408,22.5671,25.9085,28.3029,29.7063,29.9153,30.0163,29.6429,29.4281,28.8425,	
0.129785,11.9144,23.7094,30.691,33.8319,35.3578,35.8588,36.8734,37.071,37.6336,37.8525,1.30854,9.2438,17.5322,23.3666,28.3551,31.6299,33.8422,35.599,36.9189,37.6747,38.0804,	20,29.0723,32.5584,33.7757,34.155,33.8369,33.393,32.7871,32.2404,31.3269,30.4845,0.000885506,20.3953,25.8604,28.4621,30.7354,31.6854,31.9155,32.0629,32.0154,31.1739,30.486,	
0.0676436,13.2178,25.7512,33.2663,36.1063,36.7897,38.525,39.0811,39.2987,39.5872,39.7218,1.14865,9.94317,18.1781,24.6382,29.7132,32.885,35.5067,37.6234,38.8245,39.5764,40.159,	20,31.5427,34.7985,35.94,36.0863,35.8506,35.2776,34.5565,33.9758,33.4621,32.6044,0.000555569,22.3495,27.9285,30.0639,33.1921,33.596,34.2641,34.0002,33.4603,33.2965,32.5652,	
0.0381995,14.8224,28.4848,35.6195,37.9477,39.298,40.4795,40.9322,41.3666,41.5902,42.0412,1.09249,10.5038,20.4016,26.3966,31.4037,34.9577,37.8023,39.6108,40.9556,41.7304,42.2121,	20,33.3292,36.851,37.9633,38.4478,38.2283,37.8717,37.1247,36.6735,35.9789,35.1217,0.000366483,23.3058,29.4165,31.6663,34.5195,36.0586,36.4866,36.1928,36.0606,35.8106,35.1097,	
0.0192229,15.2049,30.8453,36.6014,40.2793,41.0071,42.1019,43.0268,43.1223,43.4125,43.764,1.05482,11.1991,21.8974,28.3753,33.131,36.5856,39.297,41.3649,42.581,43.4339,43.8861,	20,35.3964,39.1733,40.6824,40.9665,40.5161,39.8621,39.1456,38.2575,37.4849,36.6875,0.000235768,24.2893,30.2161,34.0792,36.8081,38.0056,38.179,38.0488,37.9735,37.3986,36.8075,	
0.0101199,16.442,31.6956,39.0777,41.8058,43.2612,43.1509,44.3885,44.4162,44.9454,45.2686,1.01845,11.755,22.989,29.9481,34.9306,38.5583,41.198,42.9314,44.1674,44.9775,45.397,	20,37.3778,41.1261,42.3982,42.4343,42.1239,41.5831,40.928,40.1628,39.3112,38.3633,0.000156307,25.8133,31.7101,36.0324,38.2527,39.3049,40.4108,40.0414,39.8561,38.7657,38.3083,	
0.00540828,17.6456,33.8985,40.1983,42.8697,43.8195,45.4885,45.9145,46.0379,46.3734,46.5318,0.993243,12.4709,24.0663,31.7202,36.7669,40.04,42.7617,44.6489,45.7601,46.3169,46.6701,	20,39.0293,43.1842,44.3095,44.2557,43.6806,42.9114,42.3189,41.5771,40.7905,39.892,0.000108408,26.3543,33.8762,38.6499,40.3226,41.0235,41.6852,41.8335,41.3999,40.6266,40.0207,	
0.00342736,19.236,36.7078,40.9263,44.0153,45.774,46.9862,47.2837,47.6316,47.8805,48.2179,0.983335,13.365,26.1413,32.6431,38.2938,41.1729,43.8241,45.7067,47.2066,47.7501,48.3551,	20,40.8896,44.9029,45.8562,46.0621,45.8367,45.2405,44.3848,43.1528,42.5398,41.7161,6.83574e-05,27.2063,34.3555,39.5739,42.1276,43.2283,43.5805,43.716,43.0525,42.6197,41.8346,	
0.00205548,20.2733,37.0809,42.7652,46.4779,47.3866,48.4525,49.0936,49.243,49.5904,49.8243,0.978418,14.3631,27.1329,34.2562,39.6814,42.8268,45.8015,47.572,48.853,49.6205,50.078,	20,42.413,46.3443,47.42,47.545,47.1976,46.6091,45.9068,45.1688,44.3683,43.546,5.24094e-05,28.9646,36.2298,41.7621,43.4768,45.3484,45.2317,45.2204,44.7326,44.3471,43.4759,	
0.00127675,21.3908,38.6993,44.5153,46.5837,49.0912,50.1436,50.6983,50.3208,50.8875,50.612,0.968659,15.4019,28.251,35.2099,40.8037,44.5992,46.9978,48.9722,50.1875,50.9417,51.299,	20,43.8936,47.8717,49.0955,49.2993,48.8493,48.1924,47.532,46.6911,45.8435,45.0547,3.97813e-05,29.9745,38.18,42.7713,45.4519,46.5104,47.0695,46.4888,46.1373,45.741,44.8139,	
0.000809109,22.585,38.9296,45.6473,48.5344,50.5367,50.854,51.655,51.708,51.9933,52.2557,0.963815,16.3799,28.9646,36.3242,42.2064,46.0768,48.6956,50.3506,51.402,52.0676,52.5462,	20,45.1306,49.215,50.3859,50.5301,50.2319,49.7725,49.001,48.1686,47.3646,46.4549,2.93013e-05,31.0393,38.3653,43.2514,46.7146,47.8393,48.6982,48.365,47.845,47.163,46.3432,	
0.000482819,24.0519,38.8595,47.4296,48.913,51.4221,52.254,52.393,52.9025,53.152,53.3038,0.94943,16.9851,30.2045,37.523,42.4316,46.9107,49.6741,51.2721,52.5743,53.2622,53.4631,	20,46.3844,50.4484,51.2923,51.6857,51.4497,50.644,49.7539,49.008,48.2583,47.5785,2.30353e-05,31.4581,39.6303,44.1437,48.0909,49.1016,49.68,49.1086,48.7783,48.2114,47.6828,	
0.000288112,22.8289,40.1598,47.5869,51.2428,52.326,53.4619,53.6135,53.7334,54.09,54.051,0.93996,17.8568,30.5256,38.9148,44.1087,47.8589,50.5524,52.551,53.403,54.003,54.14,	20,47.4812,51.7441,52.7885,52.6888,52.4132,51.7331,50.8139,49.4987,48.4749,47.8367,1.81093e-05,32.54,41.9254,45.287,48.8623,50.3987,50.7238,50.1492,49.6626,48.8814,47.9814,	
0.000187218,24.8239,41.3764,49.7723,52.3312,52.2422,53.9913,54.4275,54.6766,54.5074,54.9319,0.93526,18.5377,31.6864,40.453,45.3361,48.6004,51.1792,52.9928,54.3194,54.7731,55.0484,	20,48.8025,52.9275,53.7823,53.6947,53.1488,52.4363,51.5586,50.6204,49.7542,48.8606,1.46714e-05,34.7279,43.8076,47.173,49.8502,50.9525,51.0907,50.9504,50.3396,49.7027,48.8707,	
0.000118051,25.0661,41.9374,48.9205,52.4896,53.5594,54.417,54.9029,55.6164,55.6221,55.7566,0.930584,19.0765,32.4894,41.881,46.7265,49.805,52.1798,53.9671,55.2563,55.7481,55.8005,	20,49.7131,53.8152,54.6748,54.5393,54.0745,53.4209,52.5708,51.54,50.3734,49.4637,1.18267e-05,33.688,43.9492,48.3075,51.5963,52.1755,52.0064,52.2472,51.566,50.384,49.6215,	
7.55656e-05,25.9933,43.5571,48.5238,52.6894,55.4145,55.4659,56.2304,56.3492,56.4354,56.6699,0.921301,19.8943,33.1554,41.5219,47.2067,50.9151,52.9165,54.9745,56.1204,56.8093,57.0716,	20,50.7929,54.7083,55.4886,55.3793,55.1441,54.575,53.5847,52.6145,51.789,50.7126,9.43849e-06,34.1921,44.2271,50.0719,52.0189,52.1376,53.5327,53.3005,52.0459,51.5935,50.6176,	
5.11122e-05,28.0578,45.6112,49.7699,52.8571,55.6818,56.6563,57.0589,57.0702,57.2405,57.3429,0.916695,20.8567,33.8118,41.7959,47.0041,51.3314,54.176,56.0234,56.9533,57.3103,57.3565,	20,51.7829,55.5946,56.1639,56.329,55.7971,55.1532,54.3495,53.3879,52.7012,51.8367,7.80153e-06,34.9761,45.0826,50.9186,52.7923,53.6661,54.1963,53.8184,53.2468,52.3141,52.0187,	
3.35477e-05,29.029,46.5764,50.5311,53.4516,55.7403,56.6333,57.4274,57.5287,57.555,57.4735,0.912111,21.8878,35.5451,42.3671,47.092,51.3039,54.303,56.1879,57.3098,57.2959,57.3434,	20,52.8021,56.5265,57.2365,57.0954,56.4375,55.6664,55.1015,53.992,52.8872,51.7885,5.92174e-06,35.3821,46.3074,51.0636,52.834,54.33,54.5686,54.5876,53.8507,52.9903,52.004,	
2.15821e-05,27.8486,47.2743,50.7722,54.2031,56.2988,56.9901,56.7182,57.1855,57.008,57.5282,0.912111,22.6859,36.3877,43.2287,47.9963,52.1242,54.9332,56.3051,57.1174,57.5318,57.6212,	20,53.6184,57.3191,57.9647,57.592,56.7834,55.7715,54.8587,54.0683,53.1624,52.1949,4.77355e-06,35.6738,46.7632,52.0468,53.2361,54.997,54.6798,54.7056,53.8367,52.7765,52.304,	
1.41655e-05,28.9928,46.7262,51.082,54.4259,56.6205,57.4198,58.2988,58.3332,58.6704,58.6686,0.898498,23.1456,36.6437,43.8262,49.0632,52.6574,55.1813,56.7138,57.9799,58.784,58.7979,	20,54.6251,58.0135,58.3393,57.7167,56.9004,56.213,55.7042,55.0603,54.1759,53.2954,4.19027e-06,37.3741,46.9951,53.4067,54.5757,55.221,55.4405,54.9296,54.6169,54.2334,53.4748,	
9.67804e-06,30.4302,47.4368,51.3402,54.742,57.7488,58.0742,58.8881,58.6223,59.211,59.1221,0.885088,23.4701,37.7859,44.0859,49.0521,53.0832,55.7691,57.8349,58.6907,59.3396,59.2659,	20,55.335,58.5544,58.7038,58.3945,58.182,57.5443,56.5929,55.4745,54.3418,53.3594,3.55143e-06,38.3857,48.5676,53.8249,54.5532,55.2874,56.7826,56.4192,55.2798,54.3073,53.4951,	
6.04167e-06,28.9171,45.7004,53.0184,55.8988,58.6139,58.7506,59.2523,59.2027,59.6187,59.3312,0.871877,24.1208,37.5347,44.039,49.0421,53.7184,56.4021,58.2378,59.1985,59.7624,59.6797,	20,56.2285,59.1593,59.3998,59.1187,58.3278,57.1414,55.9937,55.359,54.5468,53.7269,3.07095e-06,40.0647,49.4631,54.8368,55.6248,56.7977,56.016,55.9039,55.1391,54.2292,53.5989,	
4.25376e-06,29.5805,45.24,52.4078,56.5222,58.9855,59.3145,59.9506,60.1439,59.9099,60.0906,0.863181,24.4994,37.7628,45.1926,49.7024,53.8029,57.0054,58.6737,59.8329,60.2558,60.1767,	20,56.783,59.6943,59.6023,59.3202,58.5296,57.754,57.0086,56.1728,55.1675,53.9538,2.60276e-06,39.0193,50.2927,55.151,56.1151,56.844,57.1351,56.4935,55.7538,55.2415,54.0638,	
3.02512e-06,30.0623,47.187,53.4542,57.1573,59.2677,59.4807,59.5942,59.9232,60.2713,60.1356,0.858865,24.9542,38.5928,45.5138,50.5057,54.492,57.1075,58.9488,59.9375,60.4038,60.2518,	20,57.4552,60.0886,60.0199,59.521,58.9444,58.3017,57.422,56.707,55.561,54.5174,2.2733e-06,40.1194,50.0864,55.3536,56.7406,57.4982,57.1394,56.7547,56.618,55.7937,54.6269,	
2.07717e-06,30.4061,46.6842,52.3083,57.6939,58.9396,59.9589,60.3854,60.9397,60.879,60.9652,0.858865,25.5989,38.3268,46.1331,51.3318,54.8206,57.4299,59.3863,60.5638,60.9729,61.1508,	20,57.9694,60.4399,60.4528,59.9699,59.179,58.4335,57.5951,56.7291,55.851,54.9652,1.96574e-06,41.1935,49.835,56.8593,57.6788,57.5304,57.7535,57.0832,56.391,55.7655,54.9943,	
1.26461e-06,29.5444,46.1729,52.8128,56.9112,59.36,59.6768,59.2815,59.8978,60.291,59.5472,0.858865,26.2878,38.1174,46.0072,51.2088,55.2753,57.7404,58.9422,59.937,60.4772,60.1165,	20,58.6084,60.869,60.7939,60.0634,58.9675,58.1268,56.8928,55.6289,54.6442,53.7563,1.70834e-06,42.0883,49.6176,56.0909,57.6565,56.9721,57.5003,57.1477,55.653,54.8458,53.6926,	
8.09491e-07,30.2777,45.8189,53.4118,56.1541,58.8124,58.7534,59.3183,58.7268,59.6986,59.6606,0.858865,26.8058,38.0965,45.6727,50.8105,55.0063,57.544,58.6523,59.1619,59.8522,59.8885,	20,59.2724,61.1558,60.5376,59.1922,58.4067,57.4354,56.522,55.6216,54.5718,53.541,1.42628e-06,43.6552,48.0486,55.931,57.2504,56.4958,57.0362,56.1115,55.4612,54.7385,53.2138,	
5.75681e-07,31.1266,46.076,53.8955,56.02,58.2524,58.6661,59.5212,59.4824,59.5064,59.7459,0.85457,27.1766,38.2541,45.618,50.9965,54.4549,56.8284,58.6801,59.5486,59.6834,59.8298,	20,59.7105,61.0338,60.4108,59.3658,58.4955,57.6036,56.5255,55.4379,54.4971,53.7848,1.17891e-06,43.3879,48.4662,56.0408,56.9937,56.9793,57.177,56.3353,55.6106,54.6133,53.8948,	
4.15606e-07,31.0402,45.6586,54.34,56.5389,57.8856,58.6682,59.3816,59.408,59.6658,59.9817,0.85457,27.5127,38.884,46.1482,50.7719,54.411,56.9991,58.6455,59.4558,59.7477,60.0393,	20,59.9896,61.1304,60.3214,59.2342,58.4012,57.494,56.5645,55.5288,54.6502,53.9285,1.05054e-06,43.8919,49.6461,56.0253,57.0734,57.26,56.8248,56.4823,55.3402,54.632,53.9582,	
3.06119e-07,31.7688,46.8803,53.547,57.496,57.8989,59.2496,59.357,59.9592,60.139,60.038,0.846046,27.6997,39.2912,45.9423,51.4214,54.9658,57.1188,58.7469,59.7347,60.2632,60.1518,	20,60.2801,60.9661,60.0309,59.1727,58.7123,57.9283,57.086,56.1319,55.2133,54.2891,9.59903e-07,44.8062,51.1202,55.8841,57.5126,57.273,57.1116,56.4304,55.642,55.2125,54.3404,	
2.07057e-07,31.9826,45.1551,53.7131,56.7351,58.322,58.9224,59.5257,59.2793,59.7799,59.536,0.833419,27.7541,39.1539,46.4316,51.3636,54.9739,57.0246,58.7929,59.4191,59.6563,59.6194,	20,60.5035,61.0146,60.244,59.6326,58.8031,57.6115,56.3757,55.2922,53.9454,53.2847,8.55378e-07,44.0183,52.2572,56.4963,57.028,57.1772,57.4379,56.4289,55.331,53.9508,53.3501,	
1.46515e-07,31.8945,45.7392,53.7444,56.0039,56.7727,59.1197,59.4187,59.3793,59.567,59.4845,0.833419,28.1293,39.3126,46.2384,51.2768,54.5805,57.1395,58.7677,59.6464,59.6595,59.6106,	20,60.6522,61.1042,60.3486,59.3938,58.4073,57.3469,56.4228,55.3786,54.103,53.089,7.66066e-07,42.9233,52.2469,56.2547,57.1578,57.5352,56.7749,56.1257,55.3122,54.4321,53.2107,	
1.03157e-07,32.6305,45.9483,51.9813,56.9066,57.2958,58.8379,58.777,59.0045,58.9062,58.8986,0.829252,28.3251,39.5046,46.1439,51.2255,54.3274,56.8804,58.2171,58.8816,58.9243,58.9583,	20,60.814,61.164,60.2677,59.1326,57.9125,56.6233,55.5828,54.667,53.9851,53.0047,6.92991e-07,43.4754,51.9466,56.694,56.881,57.339,56.506,55.2074,54.5211,53.933,53.2489,	
7.29946e-08,32.2586,44.4288,52.9876,56.9997,56.4568,59.1044,58.8172,59.3107,59.4968,59.6139,0.829252,28.5751,39.9163,46.4362,51.5976,54.2304,56.9376,58.3383,59.3069,59.3499,59.6638,	20,60.9251,61.1732,60.111,58.7277,57.8983,56.9373,55.9127,54.8226,54.1416,53.4785,6.30037e-07,43.6231,52.2702,56.551,57.4893,57.1183,56.0348,56.025,55.0183,53.9036,53.7161,	
5.06263e-08,29.902,44.3623,52.8017,56.5953,57.0769,59.184,58.7528,58.8657,59.3443,59.1879,0.825105,28.6074,40.0256,46.3238,51.6444,54.364,57.0427,58.356,58.8168,59.4626,59.4513,	20,61.048,61.1298,59.9488,58.757,57.8256,56.97,56.0011,54.9494,53.7715,53.2405,5.53052e-07,43.4937,52.2525,55.1441,56.4617,56.6059,56.2662,55.7267,54.6648,53.8518,53.2564,	
3.72893e-08,29.1214,45.9699,52.6552,56.7769,57.2797,57.8774,58.2524,58.5196,58.7943,58.5621,0.82098,28.6086,39.436,46.1406,51.491,54.3617,56.5083,57.837,58.6701,58.8841,58.4548,	20,61.2208,61.0536,59.8066,58.4422,57.3044,56.2829,55.389,54.7114,53.9972,52.949,4.83047e-07,43.1737,52.6971,53.9328,57.0277,56.4072,55.8478,55.0656,54.528,53.9176,53.1444,	
3.05146e-08,28.9161,46.4391,53.4525,56.3196,57.8464,58.6164,58.9151,58.8763,59.2244,59.47,0.81279,28.3598,39.6648,46.5437,51.5567,54.6588,56.8913,57.6191,58.9453,59.3969,59.2391,	20,61.2788,60.9879,59.6621,58.442,57.5697,56.7654,55.9004,55.4024,54.5242,53.6071,4.54848e-07,42.815,53.364,54.6297,56.597,56.6862,56.3602,55.5138,55.2424,54.2969,53.9129,	
2.3162e-08,29.9368,46.2777,53.8054,55.8589,58.1452,58.3711,58.2908,58.2889,58.6947,58.4489,0.808726,28.3217,39.9066,46.6555,51.0614,54.7204,56.8175,58.022,58.6477,58.9061,58.2539,	20,61.3554,60.8889,59.6133,58.6413,57.7653,56.6849,55.6861,54.7133,53.708,52.3957,4.13528e-07,43.2369,53.2801,55.4491,56.6832,56.6957,56.2719,55.2754,54.8281,53.624,52.7393,	
1.83924e-08,30.604,46.0449,54.3943,56.1243,57.6674,57.8334,58.0695,58.0807,58.4345,58.7472,0.808726,28.4474,40.2602,47.0257,51.6316,54.6375,56.6232,57.8339,58.4662,58.5345,58.7812,	20,61.394,60.8301,59.6348,58.6695,57.6144,56.5157,55.4717,54.4692,53.6629,52.9429,3.72211e-07,43.5655,53.1012,55.2957,56.1752,57.1202,56.1939,55.4886,54.5423,53.5916,52.9773,	
1.3412e-08,31.3212,45.8594,53.2905,55.5431,57.0637,56.7647,56.565,57.0791,56.9125,56.7085,0.804683,28.6415,40.0694,46.9332,51.281,54.5558,56.2508,56.8929,57.429,57.0214,56.7669,	20,61.4453,60.775,59.5935,58.2248,57.1021,55.6886,54.225,53.0338,51.8439,50.7552,3.33348e-07,43.9265,51.8622,55.2846,56.5063,56.9706,55.4291,54.2464,53.5751,52.2186,50.8692,	
1.01294e-08,31.8839,45.0357,53.6559,54.3665,56.4338,56.4207,56.7742,56.9807,57.0015,56.7458,0.800659,28.8693,39.7262,46.5151,50.9384,53.9675,55.877,56.8158,57.1574,57.1196,56.9702,	20,61.4876,60.6881,59.3464,57.8113,56.2676,55.016,54.0873,53.1585,52.1275,51.0789,3.0155e-07,43.9748,51.5903,56.0908,56.5415,56.7068,54.8428,54.0427,52.6148,51.6565,51.1949,	
7.88386e-09,31.0851,45.8175,53.2318,55.0613,55.4398,55.943,56.8633,57.1452,57.1831,57.205,0.792673,28.8655,39.1896,46.6032,50.7134,53.7889,55.5037,56.6655,57.3533,57.4103,57.2615,	20,61.5033,60.5757,59.0441,57.4067,56.0533,54.9869,54.0475,53.1827,52.1311,51.2441,2.83946e-07,44.8431,51.6853,55.5376,56.1623,55.2935,54.9089,53.7044,53.165,52.1472,51.3127,	
6.19793e-09,33.053,44.8056,52.0003,54.4823,55.1366,55.7073,55.8397,56.0833,56.4493,56.1103,0.780842,28.7423,39.1588,46.7503,50.6381,53.2651,54.9613,56.0816,56.5117,56.4324,56.3771,	20,61.4995,60.3633,58.553,56.6205,55.6292,54.433,53.466,52.43,51.2298,50.1222,2.56861e-07,44.1226,52.6556,56.0448,55.3454,54.9732,54.2882,53.2212,52.4702,51.4124,50.2932,	
4.89702e-09,33.1424,44.4476,50.918,53.7662,55.2986,55.6637,56.1457,56.2121,56.6126,56.0141,0.769188,28.7946,38.693,46.097,50.3178,53.0399,54.7312,55.7182,56.1833,56.6876,56.1285,	20,61.4656,60.0951,58.1664,56.216,54.993,54.0101,52.961,52.0534,50.9727,50.2088,2.40657e-07,44.5014,53.3745,55.3144,55.4928,55.0163,53.5426,52.9162,52.0401,51.2085,50.3016,	
3.98729e-09,32.9778,43.8135,51.3391,53.3346,55.3579,55.6073,55.5356,55.705,56.097,55.8417,0.769188,29.0586,38.8999,45.8948,50.2867,52.8096,54.7569,55.7607,56.2246,56.255,55.8983,	20,61.424,59.8536,57.8035,56.0819,54.9771,54.0162,53.0063,51.9318,50.9149,50.0456,2.177e-07,43.4184,53.4579,55.0375,55.3775,54.3207,53.6765,52.8566,51.5868,50.788,50.1348,	
3.15038e-09,31.8889,43.5762,51.2776,53.0889,54.9107,55.1338,55.1111,55.3402,55.606,55.4984,0.769188,29.1997,38.6082,45.8456,49.9369,52.655,54.4354,55.1944,55.5604,55.6474,55.6436,	20,61.3441,59.5933,57.4903,55.7545,54.727,53.299,52.0149,51.2941,50.4626,49.5848,2.01932e-07,44.0408,52.9815,54.2727,55.106,54.3362,53.6257,51.9133,51.2285,50.4457,49.5622,	
2.42752e-09,31.5373,43.758,50.6302,53.3052,54.131,54.34,54.7319,54.9217,55.2549,54.4355,0.765342,29.2473,38.6403,45.6346,49.5321,52.5164,53.9524,54.9605,55.4386,55.4318,54.5607,	20,61.2774,59.2825,57.0136,55.606,54.3269,53.1064,52.0119,50.8682,49.6768,48.646,1.8637e-07,43.1834,53.3513,54.7908,54.6191,53.6676,53.0062,52.0466,50.8299,49.8287,48.6749,	
1.77018e-09,31.7109,42.6792,50.5079,52.5672,53.6389,53.5172,53.595,53.6778,54.2165,52.9836,0.757708,29.2227,38.4767,45.0349,49.301,51.9307,53.3936,54.2951,54.547,54.3343,53.6316,	20,61.1489,58.944,56.7825,55.288,53.8085,52.3234,50.9206,49.4911,48.3091,47.7132,1.69439e-07,43.4608,52.9355,54.4054,53.6518,52.5097,52.2045,51.4015,49.6939,48.6047,47.5847,	
1.27796e-09,30.9535,42.2062,49.035,51.2853,52.5277,53.2332,53.1886,52.755,53.2203,53.1594,0.746399,29.0366,37.8367,44.5627,48.7416,51.4155,53.0147,53.8183,53.8358,53.2515,53.0171,	20,60.9961,58.6446,56.4746,54.518,52.9698,51.3045,49.7924,48.4558,47.3916,46.3525,1.55599e-07,44.2017,51.6922,54.2131,53.6937,52.0402,51.8031,49.3965,48.9456,47.6311,46.5835,	
1.0199e-09,30.7464,41.519,48.2199,51.1325,52.5546,52.1233,53.2005,52.6191,53.1829,52.6211,0.738954,28.862,37.7892,43.9739,48.4317,50.9654,52.2662,53.3299,53.5219,53.4237,52.7443,	20,60.8756,58.361,56.0784,53.9278,51.9736,50.4482,49.285,48.4292,46.9968,45.8275,1.43607e-07,44.9067,52.5066,53.4248,53.3444,51.6991,51.1879,49.2326,48.2784,47.2267,45.8594,	
8.4301e-10,30.7955,41.8723,47.2224,50.5234,51.9319,52.2903,52.7546,52.9099,53.3193,53.2867,0.738954,28.9922,37.5834,43.9686,47.9817,50.5075,51.9665,52.8872,53.1557,53.3543,53.3133,	20,60.4567,58.1485,55.6405,53.3145,51.3499,50.045,49.1098,48.1822,47.4449,46.7697,1.35223e-07,44.8457,51.6573,52.8407,53.4026,51.4815,50.443,49.2235,48.2412,47.2927,46.7901,	
6.59423e-10,30.0922,40.7053,46.8077,50.6381,52.0386,51.9388,52.0607,52.3347,52.1764,51.8575,0.731582,28.8581,37.2226,43.1793,47.5553,50.1652,51.7278,52.5839,53.0028,52.1917,51.997,	20,60.2589,57.7259,55.056,52.7539,51.2251,50.084,48.6542,47.2979,46.3768,45.0289,1.25429e-07,44.1501,51.9766,52.3491,53.019,51.0987,50.0883,48.9543,47.7224,46.3775,45.044,	
4.93063e-10,28.0704,41.1311,46.0823,50.0328,50.8472,51.0703,51.1998,51.3022,51.6038,50.8938,0.724285,28.6498,36.8284,42.6605,46.9597,49.4582,51.161,51.7008,51.8554,51.7063,50.9708,	20,59.777,57.254,54.4627,52.3209,50.618,48.7816,47.382,46.1526,45.0681,44.0402,1.18107e-07,44.8834,51.6777,51.7851,51.2291,50.8837,49.0135,47.8862,46.5022,44.8145,44.1425,	
4.07549e-10,29.0996,41.2768,45.3828,49.5244,50.0252,50.4056,50.2052,49.9646,50.1572,49.7633,0.720664,28.5523,36.6177,42.1761,46.3585,49.064,50.504,51.104,50.8816,50.1948,49.8672,	20,59.6022,56.8279,53.9775,51.7329,49.6994,47.9336,46.5788,45.1313,43.9927,43.0218,1.09552e-07,45.1117,51.5154,51.7293,50.1663,49.8304,48.1997,47.0187,45.7426,44.3782,43.074,	
3.45415e-10,29.4723,41.6664,45.1768,48.5665,49.4475,49.9004,49.6331,49.553,49.6198,49.3066,0.713475,28.3583,36.3377,41.8893,46.1975,48.6075,49.8726,50.3373,50.2968,49.7273,49.3784,	20,59.442,56.5048,53.5616,51.1166,48.9245,47.2383,46.0286,44.811,43.6119,42.6831,1.03675e-07,45.4376,51.5721,51.2308,50.3892,49.2195,47.2742,46.3705,45.1089,43.4564,42.7508,	
3.06263e-10,29.545,41.8365,44.8069,48.5427,49.2022,49.5442,49.2811,49.3579,49.7835,49.7936,0.709908,28.2828,36.2313,41.6899,45.9795,48.1177,49.5462,49.7733,49.8322,49.8296,49.825,	20,59.3308,56.2333,53.1354,50.4585,48.3266,46.7181,45.5526,44.8759,44.1228,43.5701,9.71349e-08,44.6497,50.6847,51.2294,50.2518,49.0523,46.8879,45.8182,44.8055,44.0281,43.5902,	
2.38369e-10,28.4016,40.6889,44.8209,47.5546,48.477,48.5447,48.4629,48.7357,48.566,47.7181,0.706358,28.2049,36.1137,41.4648,45.6049,47.7832,49.013,49.3085,49.4377,48.6148,47.9293,	20,59.1652,55.6721,52.6536,49.8423,47.6375,46.6236,45.4326,44.3491,42.9863,41.7223,8.6125e-08,42.8694,49.6491,50.6889,49.1883,48.3424,46.0648,45.2047,44.5921,43.1536,41.7475,	
1.93116e-10,26.3656,39.7416,44.8517,47.3486,47.9758,48.0251,47.6275,48.0791,47.8066,47.9951,0.695815,27.7722,35.9735,41.2409,44.754,47.2067,48.4432,48.8669,48.6415,47.9192,48.045,	20,58.9297,55.1453,51.9042,49.21,47.3388,45.7869,44.2265,42.9289,42.0659,41.2758,8.2326e-08,43.2397,49.5354,49.5229,49.238,48.1328,45.9043,44.4868,43.1963,42.2254,41.3169,	
1.55672e-10,25.6437,40.2083,43.6133,46.7996,47.2102,47.2967,46.6129,47.1947,46.2357,46.6681,0.682003,27.1897,35.9257,40.9748,44.5655,46.6775,47.8024,48.084,47.7647,46.4062,46.7108,	20,58.7643,54.67,51.2841,48.5246,46.6997,44.9037,43.3042,41.9681,40.7411,39.516,7.752e-08,42.4476,48.5888,49.3325,49.0944,47.2311,45.5771,43.741,42.2355,40.9876,39.4649,	
1.28673e-10,24.6893,39.9588,42.9383,46.46,46.3416,46.6091,46.1399,46.4545,46.1226,45.1634,0.6752,26.8228,35.8076,40.5515,44.0483,46.1516,47.3125,47.5536,46.9317,46.2604,45.305,	20,58.4448,54.1457,50.6554,47.9872,45.905,43.9483,42.3195,40.8751,40.1189,38.6999,7.41006e-08,42.7646,48.8668,48.5749,48.4752,46.4254,44.7052,42.135,41.3723,40.3629,38.7527,	
1.04246e-10,23.7408,39.7463,42.4215,45.46,45.3199,45.5568,45.6438,46.2645,45.5305,45.425,0.671824,26.5249,35.5311,40.2887,43.7738,45.6652,46.6611,46.606,46.5844,45.65,45.4502,	20,58.1596,53.7085,50.0828,47.3257,45.046,43.1853,41.7821,40.6868,39.3271,38.2131,7.11879e-08,42.9907,48.4457,48.5906,47.8668,45.6256,44.2327,41.7438,40.961,39.6004,38.262,	
8.92428e-11,23.6088,39.0897,42.2356,44.8082,44.8619,45.2369,45.3184,46.0167,45.65,45.5213,0.661797,25.89,34.9359,40.0369,43.1986,45.0343,46.0273,46.3637,46.2999,45.6939,45.5842,	20,57.8267,53.2724,49.4909,46.6829,44.3937,42.5816,41.2391,40.1968,39.3075,38.4668,6.7369e-08,43.3669,48.5345,48.4848,47.2717,45.0283,43.2373,41.1042,40.2592,39.2985,38.4871,	
7.41356e-11,23.949,38.4138,41.6179,43.7005,44.351,44.8299,43.9875,44.9904,44.2227,43.7509,0.658488,25.5874,34.5431,39.5893,42.8308,44.6448,45.6049,45.6373,45.3113,44.2653,43.9277,	20,57.4814,52.7699,48.9178,45.8847,43.7804,41.8813,40.6359,39.2491,37.8438,36.7898,6.24894e-08,42.7833,47.5786,47.824,45.8798,44.7949,42.5795,40.8192,39.3865,38.2185,36.7291,	
6.34662e-11,25.0091,37.6902,41.2127,43.578,43.5001,44.0825,43.2683,43.9484,43.2631,42.6681,0.645417,24.9435,34.356,38.9127,42.1763,44.0297,45.0889,44.9011,44.4202,43.4709,42.5442,	20,57.0611,52.0871,48.1216,45.1741,42.9847,41.1353,39.5883,38.2779,37.0814,35.6223,5.79632e-08,42.6749,47.5755,47.4518,45.419,44.3903,41.1886,40.3674,38.1681,37.1575,35.7334,	
5.43323e-11,25.0126,36.8841,40.9006,43.4137,43.2995,43.0684,42.4454,43.3833,42.6621,42.3724,0.638979,24.7114,33.8232,38.609,41.8021,43.5831,44.526,44.3432,43.7602,42.7264,42.4565,	20,56.7772,51.6311,47.5218,44.557,42.1548,40.29,38.613,37.4263,36.234,35.3425,5.68126e-08,43.0133,47.6406,47.2663,45.1712,44.0452,40.9503,39.3262,37.8462,36.3563,35.4208,	
4.86593e-11,24.8598,37.0843,40.6713,42.5237,42.5726,42.3838,41.8861,42.8692,41.4534,41.4742,0.626295,24.2864,33.2873,38.3108,41.456,43.1721,43.9557,43.7954,43.1701,41.5429,41.5468,	20,56.1185,51.0632,46.8697,43.8376,41.3322,39.6343,38.1165,36.6974,35.3189,34.2073,5.48538e-08,43.8215,47.4249,46.7964,45.0193,42.9609,40.697,38.4956,37.3988,35.6766,34.3107,	
4.33607e-11,24.583,36.8168,40.1791,42.356,42.2749,41.8792,41.3677,42.3111,41.3993,41.0678,0.616947,23.9777,33.0903,37.9376,41.1053,42.8135,43.3114,42.9513,42.3653,41.4551,40.9299,	20,55.8282,50.6162,46.416,43.3255,40.8456,38.9853,37.5562,36.4091,35.1767,33.8646,5.2172e-08,43.3487,47.3956,46.3381,44.6505,42.3431,39.6564,38.0761,36.7197,35.4416,33.9028,	
3.67501e-11,23.5029,36.4778,39.6769,41.3468,41.7489,41.0818,40.785,41.8561,40.5762,40.3228,0.604701,23.5328,32.6958,37.3982,40.6453,42.4184,42.9215,42.6882,41.9472,40.5944,40.4822,	20,55.4771,49.9643,45.7885,42.7139,40.2314,38.3439,36.852,35.5137,34.2087,33.0574,5.11363e-08,43.4643,47.2579,46.3334,44.2873,41.2811,38.9634,37.2513,35.9201,34.5204,33.0839,	
3.19378e-11,22.919,36.0602,39.353,40.5953,41.4418,40.7948,40.1789,41.3703,40.6233,40.1279,0.601677,23.4012,32.3576,37.1074,40.2288,42.0498,42.3033,41.7942,41.4201,40.7219,40.2275,	20,55.1333,49.5037,45.3173,42.1513,39.6844,37.7672,36.2873,35.0933,34.2361,33.1451,4.81512e-08,42.031,46.8984,45.6293,43.658,40.9014,38.5956,36.6561,35.4016,34.1396,33.1788,	
2.72046e-11,22.5291,35.2479,38.6646,40.4824,40.1761,40.1378,39.95,40.3227,39.0986,39.3157,0.595675,23.1692,32.2342,36.8435,39.9069,41.5991,41.9454,41.4973,40.4512,39.1308,39.5057,	20,54.8522,49.1177,44.8818,41.6693,39.1419,37.2691,35.7022,34.4843,32.9965,31.7317,4.55681e-08,41.5668,45.6093,44.9239,43.0714,40.0135,38.017,36.1766,34.9363,33.2399,31.6111,	
2.30571e-11,22.2768,34.5274,37.9883,39.6742,39.7276,39.5459,39.1993,39.2183,38.5154,38.6033,0.586785,22.8354,32.0283,36.5991,39.547,41.1415,41.5117,41.1902,39.249,38.5335,38.7748,	20,54.6561,48.647,44.3311,41.1057,38.5833,36.5623,34.8254,33.3053,32.1452,30.8138,4.4218e-08,40.6771,45.2287,44.2584,42.7053,39.7582,37.3937,35.7208,33.7552,32.5833,30.8319,	
2.01385e-11,22.3513,33.8367,37.2583,39.326,38.9736,38.6694,38.1693,38.3824,37.4937,37.1865,0.575137,22.3963,31.6964,36.1914,39.1703,40.688,41.1451,40.4315,38.6324,37.5665,37.3945,	20,54.2532,48.1651,43.8536,40.5618,37.9576,35.7916,33.9745,32.4942,31.0639,29.9967,4.16367e-08,39.9949,43.8619,44.0032,42.1155,38.9441,36.5782,35.0417,33.0594,31.3914,29.9715,	
1.78559e-11,21.8575,33.1606,37.2542,38.6678,38.6045,38.1306,37.4634,37.9222,36.8951,36.4928,0.5694,22.1748,31.3066,35.8373,38.6298,40.252,40.5646,39.6276,38.0284,36.9145,36.7568,	20,53.9205,47.7415,43.3642,40.0097,37.298,35.0132,33.2191,31.8366,30.6364,29.3979,3.96011e-08,39.7216,43.8749,43.7174,41.5869,38.242,35.9878,34.2752,31.988,31.0037,29.4264,	
1.59116e-11,21.4725,32.7904,36.6402,37.8199,37.8176,37.4229,36.8531,37.1535,36.0398,36.2323,0.558097,21.7448,30.8558,35.5698,38.2621,39.7835,40.0298,39.4225,37.2334,36.1065,36.2742,	20,53.6033,47.2615,42.8376,39.3389,36.5346,34.2746,32.5431,31.0177,29.5227,28.5959,3.86209e-08,40.1611,43.7034,43.4591,40.7862,37.9411,35.4215,33.8177,31.7547,29.8891,28.6746,	
1.4108e-11,21.1735,31.7479,36.2201,37.6328,37.5045,37.0859,36.1854,35.647,35.1689,35.7213,0.558097,21.7303,30.6469,35.2462,37.9354,39.4544,39.7526,38.4598,35.7949,35.225,35.7363,	20,53.019,46.8086,42.3236,38.8118,36.0241,33.7102,31.8792,30.3619,28.8485,27.3443,3.71028e-08,40.406,43.0196,42.79,40.4617,37.6839,34.9555,32.7336,30.7932,29.1569,27.2704,	
1.25089e-11,21.1266,31.772,35.7243,36.6536,36.6747,36.3678,35.2205,34.8209,34.406,34.5088,0.55253,21.5085,30.3659,34.9269,37.3998,39.001,39.1968,37.828,34.9401,34.4161,34.5428,	20,52.6766,46.2563,41.8086,38.1849,35.2754,32.8001,30.7814,29.3366,27.9032,26.7432,3.54662e-08,39.631,42.5193,42.5367,39.8669,37.2584,34.4572,32.0545,29.7549,28.0987,26.7744,	
1.09256e-11,20.6393,31.1834,34.1851,36.2135,36.0236,35.208,34.374,33.8531,33.4352,33.6117,0.549767,21.3903,30.1321,34.709,37.1012,38.5684,38.6115,37.2429,33.8561,33.4384,33.6479,	20,52.4571,45.9184,41.2985,37.6043,34.5607,31.8511,29.951,28.2952,26.8648,25.9172,3.37323e-08,39.1835,41.4642,42.2385,39.3418,36.8117,33.6112,31.0963,28.7917,27.0448,25.9226,	
9.44742e-12,20.2819,30.3837,33.368,35.5217,35.2147,34.0701,33.3686,32.8053,32.7825,32.2261,0.541562,21.0828,29.9088,34.3159,36.7411,38.159,38.0901,36.4339,32.7778,32.7249,32.2859,	20,52.0962,45.4247,40.6446,36.8241,33.5798,31.051,29.0839,27.5652,26.0811,24.3258,3.14462e-08,38.4741,41.7233,41.5203,38.0787,36.1684,32.4021,30.36,27.8238,26.2338,24.3456,	
8.41868e-12,20.5449,29.2123,32.7658,34.8364,34.6181,33.5106,32.4622,32.3843,31.4564,31.2166,0.538854,20.9655,29.6437,33.9846,36.3926,37.6784,37.4731,35.5124,32.3874,31.5354,31.4348,	20,51.7574,44.9972,39.9074,36.0406,32.7153,30.1985,28.2183,26.6621,24.9811,23.4593,3.00591e-08,38.6868,41.0722,40.6355,37.2034,35.5936,32.0096,29.871,27.2555,25.2543,23.4623,	
7.6539e-12,20.342,29.1118,31.9747,34.052,34.0974,32.8796,31.4999,31.0268,31.2702,30.9311,0.538854,20.9523,29.472,33.4979,36.0296,37.202,36.8895,34.7157,31.056,31.2814,31.4071,	20,51.4382,44.5235,39.3261,35.267,31.8935,29.3896,27.4365,25.961,24.4452,23.3026,2.87332e-08,38.6074,40.4657,39.9701,36.8767,35.0113,31.3733,28.8752,26.4108,24.5916,23.2448,	
6.4223e-12,19.6667,27.8155,31.3787,33.5672,33.0807,31.9405,30.7653,29.7782,30.1033,30.2243,0.53616,20.8261,29.116,33.0964,35.6159,36.8175,36.3465,34.086,29.7569,30.104,30.2697,	20,50.8435,43.8112,38.5934,34.4178,31.0971,28.6529,26.7617,25.2082,23.3396,21.5826,2.74658e-08,38.5155,39.7334,39.52,35.8451,34.1301,30.515,28.3277,25.5408,23.7657,21.6656,	
5.60936e-12,18.9706,27.5788,30.2216,33.1684,32.2554,31.6099,29.9097,29.7137,29.4654,29.8108,0.530812,20.6143,28.8957,32.7212,35.2517,36.3417,36.1235,33.1049,29.6833,29.5788,29.7596,	20,50.5308,43.1685,37.83,33.6897,30.438,27.9407,25.9416,24.4075,22.7572,21.5186,2.70558e-08,38.9269,39.5094,39.0433,35.6887,33.7549,29.6284,27.3535,24.6914,22.8949,21.5903,	
4.97356e-12,18.6942,27.2842,29.5269,32.2254,31.766,30.8195,29.1565,28.7245,28.9627,28.802,0.528158,20.4922,28.7216,32.3972,34.8742,35.9174,35.6164,32.6887,28.7881,28.9744,28.8511,	20,50.1101,42.6251,37.1973,32.9709,29.6927,27.2279,25.264,23.7538,22.1641,20.6552,2.50962e-08,38.3372,38.7565,38.553,35.4433,32.7419,29.338,26.7632,23.9256,22.3724,20.687,	
4.19423e-12,17.7325,26.4995,29.1403,31.3639,30.6873,30.0788,28.7661,27.9965,28.5411,28.6284,0.517673,20.092,28.3831,31.9129,34.3084,35.4253,34.9817,32.2502,27.7742,28.538,28.6812,	20,49.4361,41.6878,36.2421,31.9932,28.8448,26.3768,24.5105,23.0243,21.4504,19.8383,2.43526e-08,38.6919,38.5484,37.8522,34.6668,32.4909,28.6321,25.5823,23.2996,21.6773,19.9219,	
3.7563e-12,17.758,25.6512,28.7377,30.868,30.1936,29.5814,28.2975,27.763,27.4051,27.5249,0.517673,20.0572,28.1488,31.5312,33.9788,34.876,34.4088,31.3708,27.7655,27.4228,27.7698,	20,48.8975,41.0984,35.4671,31.2406,28.0845,25.6694,23.9372,22.5968,20.9316,19.4374,2.25887e-08,38.1967,37.2124,37.292,34.2928,31.4337,27.8722,24.873,22.9908,21.1104,19.4387,	
3.4668e-12,17.6452,25.3262,28.4584,30.0594,29.8375,28.8269,27.661,27.0318,27.4023,27.2563,0.515085,19.9535,27.9621,31.2362,33.4321,34.522,33.7888,30.8526,26.9946,27.3993,27.3128,	20,48.3771,40.3133,34.7184,30.5119,27.3752,24.9732,23.4791,22.337,20.5297,19.1367,2.18099e-08,38.4101,36.8371,36.805,33.9716,30.9155,27.2943,24.3009,22.5728,20.7496,19.1684,	
3.02798e-12,16.9454,25.1731,27.8308,29.61,29.1626,28.2803,27.3517,26.8596,26.8763,27.1816,0.515085,19.8988,27.7159,30.9173,32.9494,34.0282,33.3819,29.8474,26.9942,26.927,27.1952,	20,47.914,39.7336,34.0284,29.844,26.7007,24.5604,23.078,21.9388,20.3304,18.7383,2.10579e-08,37.5879,36.8502,36.2618,33.3723,30.2898,26.5898,24.0637,22.1607,20.5279,18.6691,	
2.78064e-12,16.8586,24.9093,27.3485,29.3439,28.6765,27.8545,26.9092,26.6466,26.4491,26.5995,0.515085,19.8374,27.5152,30.5596,32.6395,33.6887,32.8027,29.4882,26.5059,26.5009,26.6924,	20,47.3369,39.0515,33.3799,29.2129,26.1277,24.2068,22.7153,21.6673,19.9656,18.2788,2.02302e-08,37.4473,36.3221,35.9511,33.055,29.7988,25.8649,23.508,21.8819,20.1107,18.4013,	
2.5154e-12,17.0482,24.3135,26.8893,28.685,28.2581,27.4824,26.5764,25.6115,26.0138,26.3396,0.515085,19.7546,27.2751,30.2977,32.2074,33.2747,32.2818,29.1787,25.7399,26.036,26.3045,	20,46.8564,38.3414,32.5659,28.5003,25.6379,23.7481,22.4475,21.16,19.5255,18.0009,1.96308e-08,37.1563,36.3583,35.3157,32.2451,29.09,25.1822,22.9679,21.3461,19.6786,18.0384,	
2.32154e-12,16.8896,24.1663,26.3066,28.2839,27.6085,27.2362,26.2137,26.0859,25.9345,26.1693,0.515085,19.7546,27.26,30.089,31.8708,32.8125,31.9726,28.4076,26.1372,25.9944,26.1971,	20,46.5125,37.7653,32.0189,27.9751,25.27,23.4813,22.0839,20.8879,19.6165,18.5888,1.90492e-08,36.8621,36.4844,34.8397,31.5968,28.6833,24.8184,22.6005,20.9795,19.6312,18.64,	
2.11064e-12,16.3334,23.8652,26.0332,27.7724,27.2014,26.9784,26.0721,25.7316,25.7655,25.8839,0.509947,19.5438,27.04,29.8038,31.5034,32.1216,31.6201,28.4422,25.7665,25.8427,25.9421,	20,46.003,37.0784,31.2644,27.4005,24.8746,23.1354,21.7721,20.5848,19.4326,18.2853,1.83924e-08,36.5626,35.8492,34.0278,31.1419,28.3312,24.3918,22.3896,20.7039,19.5203,18.3188,	
1.9676e-12,16.1451,23.7073,25.8994,27.4726,26.8973,26.7505,25.9171,25.4913,25.726,26.1053,0.509947,19.5126,26.9582,29.6651,31.2482,31.6154,30.9459,28.2694,25.54,25.8328,26.1425,	20,45.7621,36.4626,30.7388,26.9663,24.5689,22.9037,21.7043,20.759,19.3871,18.4636,1.79372e-08,36.482,35.7407,33.4407,30.6649,27.8427,24.0413,22.108,20.7795,19.46,18.4557,	
1.72718e-12,15.2838,23.283,25.5053,26.9164,26.665,26.4792,25.4223,25.427,25.3093,25.2514,0.507397,19.334,26.702,29.3587,30.8578,31.2069,30.6611,27.7021,25.3559,25.3527,25.3036,	20,45.1755,35.69,30.0074,26.4604,24.2294,22.6316,21.5661,20.4941,19.0837,17.5746,1.689e-08,35.3469,35.4217,32.5575,30.2872,27.2341,23.2426,21.9183,20.5958,19.2252,17.6829,	
1.46386e-12,14.846,22.6858,24.9675,26.2641,26.0641,26.1718,24.85,24.8847,24.8507,24.7992,0.507397,19.2285,26.5079,29.0407,30.4569,30.8388,30.4985,26.8517,24.902,24.8828,24.8658,	20,44.5739,34.9928,29.3868,26.0572,23.9473,22.5026,21.296,20.086,18.4965,17.0625,1.63077e-08,34.9664,34.8979,31.9777,29.5284,26.5664,22.9109,21.3274,20.0476,18.6007,17.0953,	
1.26581e-12,14.2908,21.8958,24.5884,25.9287,25.667,25.8169,24.3833,24.1761,24.3377,24.5997,0.507397,19.2049,26.3298,28.7688,30.2654,30.1954,30.3403,26.3221,24.1689,24.3647,24.6244,	20,44.0996,34.4354,28.8064,25.6906,23.6315,22.1201,20.7186,19.5396,18.2001,16.8014,1.57454e-08,34.2922,34.5503,31.0521,28.9834,25.3936,22.8188,21.0635,19.5886,18.2645,16.813,	
1.12041e-12,13.9868,21.4978,23.8885,25.7159,25.377,25.3011,24.2187,24.0142,23.8441,23.9442,0.507397,19.1319,26.1946,28.4565,29.8733,29.96,29.4942,26.5198,24.0494,23.8582,23.9602,	20,43.6307,33.8593,28.3576,25.2865,23.3131,21.7839,20.4707,19.3465,17.8842,16.3692,1.49229e-08,34.4668,33.5502,30.3414,28.2118,24.8085,22.4122,20.7379,19.4503,17.9347,16.3794,	
1.03456e-12,13.9377,21.1335,23.4667,25.4152,25.0371,24.9998,23.9435,23.8499,24.0153,23.9628,0.507397,19.1082,26.0527,28.2475,29.5769,29.6132,29.1204,25.7483,23.9277,24.0374,23.8635,	20,43.179,33.4183,27.9329,24.9826,23.0107,21.5232,20.2883,19.1639,17.8618,16.7063,1.45095e-08,34.1373,33.1021,29.8434,27.868,24.2363,22.1194,20.5125,19.1958,17.887,16.7755,	
9.66272e-13,13.9633,21.0755,23.0709,25.1437,24.8909,24.8159,23.728,23.8671,23.8762,24.0035,0.507397,19.0606,25.9536,27.9643,29.3293,29.3581,28.9475,25.194,23.89,23.8832,24.0322,	20,42.661,32.8098,27.5927,24.7081,22.7719,21.3275,20.1053,19.0409,17.8904,16.8144,1.41843e-08,34.3402,32.9788,29.5008,27.5171,23.9001,21.9927,20.3874,19.0775,17.9057,16.845,	
9.04371e-13,13.8767,20.8883,23.0371,24.9025,24.7686,24.6753,23.6454,23.7588,23.7314,23.7604,0.507397,19.0606,25.9096,27.7859,29.0248,29.1159,28.6717,25.2479,23.7637,23.7611,23.8019,	20,42.4642,32.4763,27.2981,24.4663,22.5729,21.2001,20.1052,19.2247,17.9354,16.8635,1.36919e-08,33.9248,32.8263,28.9025,27.2602,23.7622,21.5662,20.1727,19.2578,17.9661,16.8735,	
8.40654e-13,13.8247,20.6209,22.8799,24.7082,24.6355,24.3805,23.6581,23.5731,23.5317,23.4373,0.507397,18.9931,25.703,27.6099,28.799,28.8764,28.2532,25.4083,23.5742,23.5591,23.4977,	20,42.1161,32.0695,26.9947,24.1913,22.3667,21.1714,20.149,19.1643,17.8539,16.5614,1.329e-08,33.5263,32.6702,28.4415,26.6068,23.5881,21.255,20.1095,19.2132,17.8727,16.5777,	
7.6676e-13,13.5921,20.276,22.6466,24.454,24.3992,24.0734,23.2429,23.4294,23.3509,23.2507,0.507397,18.9931,25.616,27.3614,28.5166,28.7389,27.9043,25.1478,23.3816,23.3829,23.2847,	20,41.6621,31.6323,26.6843,23.9565,22.1817,21.0894,20.0323,18.9316,17.6206,16.3274,1.28522e-08,32.7111,32.5019,28.1775,26.1629,23.2799,21.0378,20.134,18.9623,17.6644,16.3874,	
6.97864e-13,13.3916,20.051,22.2748,24.1512,24.29,23.7732,23.2403,23.074,23.1742,23.3144,0.50533,18.8997,25.526,27.0521,28.2575,28.4371,27.7297,24.9904,23.2031,23.2612,23.3391,	20,41.1826,31.2028,26.3874,23.7474,22.0627,21.0163,19.8916,18.7962,17.5234,16.1024,1.25381e-08,32.5138,31.806,27.8654,25.6419,23.1992,20.999,19.9273,18.8176,17.5705,16.0699,	
6.41723e-13,13.3362,19.8972,21.7461,23.8421,24.0585,23.6285,22.9838,22.9217,23.054,22.8552,0.50533,18.8997,25.4381,26.6848,28.0951,28.2342,27.4728,24.7628,22.9211,23.0686,22.8756,	20,40.6489,30.7955,26.1014,23.5673,22.0224,20.8993,19.7073,18.4541,17.1115,15.8659,1.21432e-08,32.3755,31.1618,27.5754,25.0951,22.8604,21.0682,19.9227,18.5248,17.1848,15.8947,	
6.02682e-13,13.4064,19.8737,21.6932,23.6635,23.9091,23.4022,22.8322,22.846,22.7452,22.7736,0.50533,18.8787,25.2676,26.3586,27.8813,28.0229,27.2451,24.6879,22.8311,22.7306,22.9721,	20,40.0624,30.3266,25.809,23.4204,21.9404,20.7236,19.5068,18.3214,17.07,15.6223,1.17204e-08,32.524,31.1356,27.3899,24.9399,22.5354,21.0178,19.6214,18.4909,17.1243,15.5592,	
5.6451e-13,13.4583,19.9123,21.4309,23.3112,23.7157,23.3126,22.8078,22.8311,22.8658,22.8529,0.50533,18.7752,25.1436,26.1555,27.5325,27.8343,27.134,24.4545,22.8314,22.875,22.867,	20,39.6251,29.8903,25.5448,23.2798,21.8289,20.5631,19.3583,18.069,17.0093,16.0595,1.14535e-08,32.6385,30.8287,27.3386,24.7043,22.3385,20.9712,19.5415,18.0396,17.0432,16.0685,	
5.21481e-13,13.3818,19.8554,21.0244,23.1814,23.5188,23.2267,22.5729,22.783,22.5259,22.5891,0.50533,18.755,25.0058,25.8515,27.2188,27.5592,27.0404,24.4065,22.9215,22.5147,22.6134,	20,39.197,29.4593,25.2768,23.1279,21.6772,20.3497,19.095,18.0583,16.8614,15.5045,1.12392e-08,32.4842,30.5223,27.2399,24.468,22.2545,20.8002,19.3038,18.0793,16.8958,15.5761,	
5.08182e-13,13.484,19.8806,20.994,23.1355,23.43,23.051,22.492,22.5615,22.7069,22.6896,0.50533,18.7164,24.8741,25.6977,27.065,27.384,26.7464,24.0018,22.6803,22.7209,22.725,	20,38.8434,29.2042,25.122,23.0126,21.5282,20.1944,19.061,18.1291,16.961,15.6862,1.08697e-08,32.1619,30.3794,26.9706,24.2435,22.18,20.6425,19.1991,18.1879,16.9775,15.6765,	
4.75994e-13,13.5103,19.8197,20.857,22.8139,23.158,22.9268,22.2515,22.2721,22.2923,22.1246,0.50533,18.6784,24.7829,25.4986,26.8542,27.1973,26.57,23.9297,22.2883,22.3605,22.1569,	20,38.3773,28.9293,24.956,22.8912,21.4056,20.0986,18.8993,17.7552,16.7291,15.2997,1.03677e-08,31.4837,30.0162,26.629,24.1318,21.9451,20.4453,19.1556,17.757,16.8423,15.3107,	
4.33716e-13,13.3536,19.8034,20.2643,22.5794,23.0017,22.6539,22.112,22.3717,22.1345,22.1108,0.50533,18.6418,24.6588,25.1942,26.5427,27.0023,26.4619,23.7885,22.3936,22.1589,22.1342,	20,37.7808,28.5284,24.738,22.736,21.2639,19.93,18.7055,17.6235,16.4384,15.4505,1.02206e-08,31.3871,29.8382,26.556,23.8259,21.8378,20.171,18.9861,17.6132,16.4266,15.4836,	
4.07139e-13,13.2595,19.577,20.423,22.3052,22.8135,22.4704,21.9588,22.1426,22.3145,21.8881,0.50533,18.6418,24.591,24.9851,26.2489,26.7083,26.2015,23.6711,22.1423,22.3294,22.0036,	20,37.3769,28.2121,24.5437,22.5618,21.0528,19.7899,18.6706,17.6767,16.5328,15.0418,9.97241e-09,31.4675,29.4511,26.1665,23.6332,21.6833,20.0879,18.8518,17.6694,16.5707,15.0519,	
3.7995e-13,13.1909,19.5956,20.1433,22.118,22.6369,22.3956,21.6972,21.7956,21.8827,21.7417,0.50533,18.6049,24.5055,24.7395,26.0525,26.493,26.1326,23.4021,21.7979,21.8248,21.7622,	20,36.9575,27.9529,24.3102,22.4407,20.9506,19.6986,18.551,17.5692,16.197,14.708,9.66636e-09,31.4378,29.1079,25.7089,23.3507,21.6208,19.8184,18.6798,17.5653,16.2655,14.721,	
3.50166e-13,12.8948,19.3756,19.9711,22.0941,22.5546,22.2809,21.5072,21.4732,21.6271,21.6233,0.50533,18.586,24.4394,24.4956,25.8053,26.3842,25.8377,23.2477,21.4648,21.6285,21.6573,	20,36.659,27.7328,24.1944,22.3237,20.8576,19.6143,18.4242,17.2281,15.9187,14.3959,9.4716e-09,31.4245,28.6786,25.5442,23.1658,21.4473,19.7041,18.6818,17.2466,15.9801,14.4113,	
3.31882e-13,12.8422,19.2723,20.0456,21.843,22.4733,22.1812,21.497,21.1065,21.4513,21.5342,0.50533,18.5106,24.3574,24.3475,25.569,26.25,25.685,23.0862,21.1611,21.4089,21.5525,	20,36.368,27.4916,24.0589,22.202,20.6786,19.4153,18.1893,17.1303,15.7641,14.2579,9.19016e-09,30.7874,28.6158,25.4101,22.9633,21.3907,19.6717,18.4853,17.1497,15.7761,14.2733,	
3.12754e-13,12.9526,19.009,19.9524,21.6041,22.298,22.0075,21.4208,21.1693,21.178,21.2528,0.50533,18.4924,24.291,24.2073,25.4077,26.0576,25.4746,22.9424,21.2472,21.2234,21.2636,	20,36.1092,27.3019,23.9391,22.0719,20.5733,19.268,18.0542,16.9586,15.6326,14.2955,8.98013e-09,30.5627,28.2942,25.2751,22.8358,21.1905,19.5819,18.3025,16.967,15.6443,14.2915,	
3.00769e-13,12.9263,18.937,19.9069,21.4166,22.1851,21.8642,21.2291,20.9356,20.8613,20.7683,0.50533,18.4381,24.176,24.03,25.1617,25.8902,25.414,22.9379,20.9359,20.8877,20.7655,	20,35.7072,27.0394,23.788,21.938,20.4451,19.1142,17.9271,16.86,15.445,13.7823,8.69283e-09,30.3525,27.8979,25.0637,22.7098,21.0685,19.4548,18.1227,16.9397,15.4784,13.7947,	
2.85721e-13,12.8474,18.9268,19.8954,21.2442,22.0407,21.698,20.8458,20.886,20.8929,20.7709,0.50533,18.4035,24.0956,23.8806,25.0327,25.6499,25.2486,22.7326,20.9704,20.9093,20.8074,	20,35.3186,26.8473,23.6554,21.8195,20.3128,18.9649,17.8606,16.784,15.4063,13.8245,8.47261e-09,30.1334,27.6975,24.8671,22.5907,21.0274,19.2616,17.9224,16.8093,15.423,13.8482,	
2.63174e-13,12.6481,18.6392,19.78,21.0871,21.8987,21.5019,20.7245,20.7077,20.686,20.7125,0.50533,18.3856,24.0152,23.7015,24.8291,25.4741,25.073,22.5407,20.7874,20.6576,20.7798,	20,34.9903,26.6237,23.5236,21.6853,20.1833,18.8603,17.6557,16.5049,15.1151,13.7874,8.31324e-09,30.0679,27.3238,24.6035,22.4274,20.8417,19.1616,17.8594,16.5662,15.1691,13.7479,	
2.5193e-13,12.5233,18.6434,19.5315,21.0411,21.8056,21.3691,20.6599,20.574,20.4913,20.3737,0.50533,18.3675,23.9515,23.5323,24.6293,25.3528,24.9196,22.3201,20.669,20.5162,20.4432,	20,34.6931,26.4188,23.4112,21.573,20.0516,18.6695,17.4928,16.3561,15.0629,13.588,8.08303e-09,29.8916,26.9057,24.3216,22.3915,20.7114,18.9873,17.7564,16.382,15.0806,13.5876,	
2.4055e-13,12.2755,18.541,19.4025,20.9724,21.6464,21.1911,20.4203,20.4837,20.4214,20.1338,0.50533,18.3492,23.9044,23.3259,24.49,25.1786,24.7347,22.0042,20.4998,20.4397,20.2207,	20,34.3825,26.253,23.2819,21.4393,19.8945,18.5613,17.4321,16.3305,14.9408,13.2899,7.83758e-09,29.822,26.4987,24.1345,22.1134,20.6221,18.8729,17.6214,16.2978,14.9755,13.3552,	
2.24988e-13,11.9834,18.439,19.3194,20.8361,21.5382,20.9729,20.2672,20.4989,20.3404,20.1811,0.50533,18.3307,23.8744,23.2285,24.3171,25.0436,24.5049,21.7773,20.5142,20.3496,20.1796,	20,34.2096,26.1159,23.1816,21.3151,19.7615,18.4467,17.2459,16.095,14.9008,13.4608,7.64889e-09,29.4856,26.0941,23.9241,22.056,20.3881,18.7407,17.4815,16.0961,14.9613,13.477,	
2.12499e-13,11.9367,18.1215,19.31,20.7656,21.2975,20.851,20.0722,20.3627,20.0639,19.8352,0.50533,18.2926,23.7977,23.0815,24.1473,24.8463,24.3432,21.6685,20.4113,20.0957,19.843,	20,33.8723,25.926,23.0324,21.1779,19.6259,18.2552,17.0939,16.1169,14.5823,13.1293,7.48995e-09,29.3532,25.8821,23.5476,22.0471,20.1737,18.6431,17.371,16.16,14.6279,13.1284,	
1.9789e-13,11.6583,17.9178,19.1781,20.5859,21.1047,20.7483,19.813,19.9921,20.0715,19.8487,0.50533,18.2351,23.7064,22.9976,24.0064,24.6261,24.3068,21.6199,20.0809,20.0806,19.8743,	20,33.5868,25.7865,22.9132,21.0533,19.5016,18.171,17.039,16.0125,14.3093,13.1415,7.33579e-09,28.9419,25.6013,23.4913,21.8583,20.0482,18.4215,17.1494,16.0284,14.343,13.1528,	
1.8993e-13,11.5164,17.7118,19.2093,20.5183,20.9514,20.6095,19.7516,19.7253,19.8505,19.7316,0.50533,18.1964,23.6459,22.8757,23.887,24.4827,24.1406,21.348,19.7235,19.8624,19.7525,	20,33.3493,25.6555,22.8025,20.9376,19.391,18.0705,16.8636,15.7158,14.1928,12.94,7.25026e-09,28.5205,25.5405,23.4043,21.808,19.9222,18.3865,17.1063,15.7305,14.2433,12.9433,	
1.79757e-13,11.5061,17.5559,19.0736,20.4016,20.8666,20.3784,19.6825,19.583,19.536,19.6596,0.50533,18.1769,23.6331,22.7835,23.7618,24.3073,23.952,21.267,19.6041,19.5902,19.6808,	20,33.1563,25.5382,22.6995,20.8226,19.2744,17.9209,16.6532,15.5779,14.1595,12.7276,7.1461e-09,28.4927,25.4781,23.3356,21.6507,19.8076,18.1468,17.016,15.6223,14.1695,12.7759,	
1.74692e-13,11.5644,17.4642,19.0109,20.2706,20.7412,20.3122,19.5411,19.612,19.4929,19.3593,0.50533,18.1769,23.5639,22.5973,23.5604,24.158,23.9385,21.3313,19.603,19.525,19.4588,	20,32.8197,25.3264,22.5507,20.69,19.1457,17.7879,16.6038,15.5187,13.9549,12.7591,7.02456e-09,28.396,25.3451,23.335,21.5181,19.7864,18.0842,16.8775,15.5359,13.9612,12.819,	
1.66022e-13,11.491,17.2926,18.8287,20.1435,20.5535,20.2136,19.4683,19.4959,19.2684,19.3007,0.50533,18.1769,23.5115,22.4803,23.3898,23.9472,23.8426,21.2018,19.542,19.2742,19.3333,	20,32.6362,25.1817,22.4171,20.561,19.0086,17.668,16.4802,15.3307,14.0019,12.6583,6.8478e-09,28.1248,25.0613,23.0921,21.3651,19.6986,17.9815,16.5964,15.3643,14.0201,12.6746,	
1.57429e-13,11.5942,17.1847,18.7428,19.7998,20.419,20.0493,19.1651,19.2886,19.0299,18.8698,0.50533,18.1398,23.4352,22.3967,23.2633,23.8769,23.4882,21.0581,19.3243,19.0711,18.9055,	20,32.3861,25.0547,22.3293,20.4441,18.8901,17.524,16.2345,15.0097,13.8725,12.2046,6.715e-09,28.0617,24.9749,22.8995,21.1758,19.5856,17.9196,16.4687,15.0289,13.8922,12.1821,	
1.52288e-13,11.6093,17.0651,18.5939,19.6781,20.1989,19.9095,18.9569,19.1457,18.8931,18.8119,0.50533,18.1037,23.4114,22.2763,23.1159,23.7469,23.4295,20.7894,19.1906,18.8943,18.8359,	20,32.1945,24.9171,22.2171,20.3399,18.7108,17.3449,16.0463,14.9352,13.8405,12.0511,6.60477e-09,27.9584,24.7904,22.712,21.1805,19.4537,17.7736,16.3736,14.9571,13.8661,12.0731,	
1.44965e-13,11.4545,16.8528,18.5032,19.553,20.0088,19.8027,18.8442,19.1939,18.8138,18.5305,0.50533,18.0858,23.3119,22.2003,23.0197,23.555,23.3487,20.6101,19.224,18.8334,18.5558,	20,32.0408,24.8237,22.103,20.2064,18.5389,17.1774,15.9152,14.9008,13.6211,12.019,6.49698e-09,27.7603,24.602,22.5214,21.0796,19.3331,17.7006,16.2253,14.9126,13.6455,12.0172,	
1.38066e-13,11.3907,16.8637,18.4579,19.2906,19.8462,19.5995,18.6973,19.1469,18.7266,18.5799,0.50533,18.0138,23.2488,22.1484,22.8469,23.4563,23.1097,20.5462,19.1339,18.7374,18.5936,	20,31.8565,24.6902,21.9948,20.0082,18.3599,17.0267,15.8144,14.7981,13.644,11.9502,6.44447e-09,27.8084,24.424,22.2977,20.9431,19.2121,17.5779,16.1358,14.8364,13.6533,11.961,	
1.29461e-13,11.2498,16.6518,18.2611,19.0566,19.6967,19.341,18.5085,19.0316,18.5495,18.1916,0.50533,17.9779,23.1741,22.0657,22.636,23.2044,22.9557,20.5845,19.0382,18.5652,18.2089,	20,31.6754,24.5442,21.8257,19.8325,18.2238,16.859,15.7019,14.4465,13.3045,11.8796,6.27395e-09,27.4848,24.3254,22.0667,20.7115,19.1496,17.456,15.9517,14.448,13.3366,11.8803,	
1.26078e-13,11.2163,16.5071,18.2125,19.0005,19.584,19.1832,18.4216,18.726,18.2988,18.3176,0.50533,17.96,23.1282,22.0025,22.4679,23.0201,22.8142,20.4003,18.7873,18.3238,18.3491,	20,31.5136,24.4442,21.7174,19.7171,18.1079,16.7034,15.4674,14.3643,13.2322,11.7801,6.20772e-09,27.449,24.2037,21.9633,20.5945,19.0603,17.3202,15.8241,14.3729,13.2346,11.7501,	
1.20898e-13,11.0929,16.4024,18.1649,18.948,19.382,19.0937,18.3379,18.6819,18.3033,18.0827,0.50533,17.9421,23.0136,21.9509,22.357,22.8858,22.7116,20.2698,18.6859,18.2561,18.0912,	20,31.3547,24.3174,21.5945,19.6001,17.9903,16.5935,15.3936,14.2749,12.899,11.7851,6.09485e-09,27.1293,24.2203,21.8118,20.5601,18.925,17.155,15.7249,14.2851,12.9746,11.7843,	
1.16887e-13,11.0072,16.414,18.055,18.8486,19.2777,18.9568,18.1322,18.192,18.1203,17.9041,0.50533,17.8888,22.9648,21.7768,22.321,22.7554,22.571,20.078,18.273,18.1545,17.897,	20,31.0159,24.1877,21.4678,19.4762,17.8597,16.4217,15.1553,13.8991,12.736,11.7082,6.00074e-09,27.147,24.0422,21.7122,20.4837,18.8689,17.018,15.5714,13.9084,12.7378,11.6575,	
1.12756e-13,10.9903,16.3689,17.8683,18.7484,19.0764,18.8692,18.0363,17.8825,18.0367,17.9358,0.50533,17.8356,22.8998,21.7083,22.1868,22.6231,22.497,20.1009,17.8924,18.0469,17.9762,	20,30.8372,24.0641,21.3429,19.355,17.7349,16.2954,15.0471,13.9145,12.7248,11.4237,5.93941e-09,27.1246,23.9996,21.7076,20.3154,18.794,16.7835,15.3575,13.9255,12.7274,11.4662,	
1.08257e-13,10.8792,16.3448,17.7757,18.4413,18.948,18.7671,17.9562,17.5775,17.9731,17.77,0.50533,17.8182,22.8398,21.5207,21.9807,22.5066,22.4301,20.0582,17.6137,17.9965,17.8101,	20,30.5037,23.8683,21.1757,19.2053,17.5652,16.1,14.8704,13.754,12.5701,11.3268,5.81957e-09,26.9317,23.8495,21.6735,20.2198,18.6057,16.5761,15.2152,13.8208,12.6233,11.3251,	
1.04239e-13,10.8788,16.1278,17.6376,18.3907,18.7874,18.6597,17.8523,17.5793,17.6184,17.4537,0.50533,17.8007,22.8128,21.4377,21.8197,22.3298,22.3293,19.9078,17.6788,17.6656,17.5036,	20,30.3484,23.7651,21.0677,19.09,17.4294,15.9851,14.704,13.6124,12.4438,11.2642,5.66067e-09,26.628,23.6291,21.4666,20.1433,18.3623,16.5062,15.0084,13.6305,12.4523,11.2413,	
1.01922e-13,10.8786,16.0786,17.4975,18.3591,18.697,18.531,17.7048,17.5311,17.5495,17.4277,0.50533,17.8007,22.7796,21.3453,21.7784,22.2159,22.2254,19.6744,17.5403,17.5624,17.4241,	20,30.2235,23.6929,20.9867,19.0024,17.3353,15.8656,14.5922,13.5045,12.3392,11.2219,5.61835e-09,26.7095,23.5798,21.3506,20.0474,18.2506,16.3982,14.932,13.5195,12.347,11.2704,	
9.89389e-14,10.9054,15.9634,17.4499,18.2047,18.5136,18.3698,17.6011,17.3504,17.342,17.2959,0.50533,17.8007,22.7628,21.2563,21.6675,22.0771,22.0545,19.5959,17.3217,17.3565,17.3103,	20,30.1142,23.5955,20.8841,18.8869,17.2058,15.7533,14.531,13.4024,12.0613,11.121,5.53557e-09,26.5178,23.4907,21.3424,19.9461,18.0472,16.3205,14.8082,13.4094,12.0967,11.1607,	
9.39751e-14,10.7187,15.7614,17.3555,18.135,18.4159,18.2323,17.4238,17.3154,17.1361,17.0894,0.50533,17.8007,22.7129,21.2002,21.534,21.928,21.8854,19.4868,17.3218,17.1496,17.1113,	20,30.0326,23.4862,20.7736,18.7556,17.077,15.6346,14.3686,13.2088,11.9942,11.0374,5.40151e-09,26.2494,23.4502,21.2731,19.8314,17.8229,16.0758,14.6882,13.2163,12.0065,11.0495,	
8.88651e-14,10.3818,15.6928,17.2584,18.074,18.2731,18.0826,17.2752,17.3838,16.9622,16.8031,0.50533,17.7305,22.6244,21.1479,21.4636,21.808,21.7639,19.2913,17.4538,16.9879,16.8105,	20,29.8324,23.3906,20.6557,18.5924,16.9037,15.5045,14.2458,13.1228,11.8656,10.9095,5.29759e-09,25.9413,23.3442,21.2587,19.6747,17.6405,15.9554,14.5359,13.125,11.8576,10.9083,	
8.55054e-14,10.4569,15.577,17.1423,17.9294,18.1129,17.8934,17.0741,17.4035,16.7987,16.6256,0.50533,17.6778,22.5629,21.0648,21.3936,21.5931,21.6023,19.2777,17.4002,16.824,16.6462,	20,29.6628,23.2776,20.5137,18.4463,16.7698,15.3689,14.119,12.9526,11.7335,10.7428,5.23419e-09,25.8142,23.2958,21.234,19.5463,17.5628,15.8081,14.4346,12.9759,11.7376,10.7477,	
8.28911e-14,10.4638,15.5732,17.0178,17.8049,17.9817,17.7392,16.7881,17.1005,16.6645,16.422,0.50533,17.6605,22.4705,20.9318,21.3306,21.4784,21.5102,19.1197,17.1408,16.7151,16.4053,	20,29.4336,23.139,20.3771,18.3219,16.6475,15.2366,13.9725,12.7817,11.5106,10.5981,5.11074e-09,25.5518,23.0921,21.1662,19.5082,17.4101,15.7869,14.313,12.7773,11.4945,10.5742,	
7.85017e-14,10.3647,15.4137,16.9025,17.6336,17.6411,17.5583,16.6533,17.0816,16.4893,16.2038,0.50533,17.6436,22.3959,20.8044,21.2183,21.3617,21.3873,18.981,17.0922,16.5003,16.2408,	20,29.21,22.9933,20.2337,18.1875,16.5113,15.0955,13.8061,12.5917,11.3733,10.5055,5.01499e-09,25.414,22.995,21.013,19.2852,17.2998,15.6067,14.1707,12.5971,11.3567,10.529,	
7.66794e-14,10.3647,15.3004,16.8153,17.55,17.5159,17.3716,16.4784,16.9005,16.4451,16.0287,0.50533,17.6264,22.3051,20.7128,21.1373,21.1859,21.2883,18.8358,16.9104,16.4315,16.1038,	20,29.0156,22.8772,20.0966,18.0589,16.3761,14.9319,13.6043,12.5367,11.1864,10.4418,4.86437e-09,25.1454,22.734,20.9727,19.2398,17.1952,15.5438,14.022,12.5516,11.2021,10.4541,	
7.20164e-14,10.1777,15.1165,16.657,17.3802,17.3665,17.2357,16.3572,16.6129,16.2058,16.0649,0.50533,17.5757,22.1979,20.668,21.0303,21.0608,21.0918,18.7677,16.6341,16.1774,16.0843,	20,28.8609,22.7641,19.9593,17.9189,16.2319,14.7783,13.4719,12.1618,11.0647,10.3274,4.78583e-09,24.8565,22.5391,20.8667,19.0303,17.0886,15.4259,13.8434,12.1901,11.0747,10.3206,	
6.98889e-14,10.0878,15.0396,16.5113,17.2998,17.2706,17.114,16.1855,16.7133,16.1129,15.924,0.50533,17.5585,22.124,20.5945,20.9454,20.931,20.9083,18.6565,16.752,16.1156,15.9087,	20,28.7543,22.6089,19.8418,17.7856,16.1011,14.6341,13.3366,12.2377,11.0697,10.1478,4.72007e-09,24.655,22.4434,20.8417,18.9165,17.0207,15.2738,13.6526,12.247,11.0932,10.1719,	
6.61553e-14,9.91621,14.9562,16.2998,17.1418,17.0717,17.0052,16.0557,16.4603,16.0634,15.784,0.50533,17.5072,22.0508,20.515,20.8466,20.8053,20.8436,18.5262,16.5085,16.068,15.8505,	20,28.6252,22.4952,19.7149,17.6694,15.979,14.4959,13.1654,11.901,11.1622,9.98496,4.59224e-09,24.313,22.3049,20.79,18.8356,16.8337,15.0577,13.5181,11.8947,11.1779,10.0144,	
6.42307e-14,9.9576,14.7753,16.2298,17.0749,17.0082,16.9282,15.8948,16.4896,16.0869,15.6522,0.50533,17.5072,22.0347,20.3414,20.7656,20.7883,20.75,18.2401,16.5359,16.0845,15.6332,	20,28.4633,22.3901,19.6111,17.5713,15.8564,14.3678,13.066,11.9919,10.9938,9.96764,4.48924e-09,24.2834,22.0708,20.6282,18.7836,16.6806,14.9534,13.4177,12.0151,11.0248,9.97668,	
6.1682e-14,9.81266,14.7688,16.164,16.8723,16.8839,16.7782,15.7832,16.2983,15.8342,15.5449,0.50533,17.4901,21.9297,20.2914,20.6705,20.6919,20.6391,18.2019,16.2751,15.8911,15.5484,	20,28.3374,22.2346,19.5053,17.4562,15.7286,14.2493,12.9855,11.8385,10.8998,9.82179,4.36977e-09,23.9542,21.8942,20.5021,18.5672,16.6092,14.8122,13.363,11.8662,10.916,9.80368,	
5.89924e-14,9.75525,14.5404,15.9982,16.8066,16.7219,16.701,15.6931,16.0928,15.5547,15.5787,0.50533,17.4901,21.8654,20.177,20.6033,20.613,20.5859,18.0955,16.1191,15.5615,15.605,	20,28.1902,22.1381,19.4066,17.355,15.6223,14.1492,12.8736,11.598,10.8229,9.65319,4.33092e-09,24.025,21.7206,20.3325,18.4995,16.5418,14.7127,13.2388,11.6106,10.8353,9.68895,	
5.70661e-14,9.66388,14.539,15.902,16.6714,16.6421,16.5843,15.637,15.9395,15.4943,15.4591,0.50533,17.473,21.7776,20.0567,20.4884,20.594,20.5328,17.9531,15.9851,15.5268,15.4243,	20,27.9904,22.0085,19.2993,17.2416,15.5091,14.0382,12.7226,11.6279,10.6545,9.48188,4.2454e-09,23.9764,21.5658,20.293,18.365,16.382,14.6377,13.143,11.6511,10.6791,9.4869,	
5.42545e-14,9.58439,14.3823,15.7126,16.517,16.5135,16.4623,15.5395,15.7623,15.3253,15.2135,0.50533,17.4042,21.7007,20.0245,20.4139,20.4734,20.4032,17.8611,15.7501,15.3309,15.2187,	20,27.8812,21.9257,19.2015,17.1325,15.3968,13.9237,12.6304,11.4861,10.3482,9.30223,4.19894e-09,23.8545,21.3955,20.1644,18.21,16.2221,14.5491,13.0762,11.4961,10.361,9.31299,	
5.30841e-14,9.60661,14.3465,15.6169,16.4261,16.3657,16.356,15.4461,15.5592,15.0753,15.133,0.50533,17.4042,21.6527,19.8826,20.337,20.3761,20.3136,17.814,15.561,15.0857,15.1765,	20,27.6885,21.8062,19.0987,17.0232,15.286,13.7927,12.458,11.321,10.164,9.23949,4.16256e-09,23.851,21.3397,20.1168,18.1946,16.1705,14.4489,12.9743,11.3258,10.1723,9.23843,	
5.12776e-14,9.57948,14.2452,15.5002,16.3274,16.2777,16.2486,15.3134,15.3329,14.8874,15.0207,0.50533,17.3031,21.5476,19.8209,20.2963,20.2779,20.2069,17.7394,15.3421,14.9016,15.0295,	20,27.5105,21.7065,18.9913,16.9084,15.1731,13.6626,12.3215,11.1359,10.0469,9.11452,4.09111e-09,23.8345,21.0828,20.0307,18.0951,16.079,14.2892,12.8461,11.1505,10.0762,9.11617,	
4.94399e-14,9.51879,14.1638,15.4046,16.2277,16.1886,16.109,15.1749,15.3286,14.8759,14.8163,0.50533,17.2533,21.5266,19.7364,20.2262,20.2106,19.9976,17.5758,15.3476,14.865,14.8472,	20,27.3671,21.6218,18.9075,16.8152,15.0349,13.5414,12.1795,11.0112,9.97105,9.06057,4.03002e-09,23.7902,20.9393,19.9679,18.0279,15.8535,14.202,12.7217,11.0246,9.9857,9.05571,	
4.86052e-14,9.51267,14.1103,15.3766,16.1369,16.1116,16.042,15.0012,15.2709,14.7014,14.5683,0.50533,17.2533,21.5109,19.6689,20.1678,20.0866,19.9766,17.3024,15.2968,14.7265,14.5849,	20,27.2864,21.5669,18.847,16.7514,14.9566,13.4165,12.0799,10.8488,9.92483,8.97493,3.96195e-09,23.4996,20.8223,19.8173,18.0084,15.7981,14.1229,12.548,10.8506,9.96063,8.96901,	
4.71868e-14,9.51663,13.9432,15.2862,15.9727,16.0232,15.9176,14.8925,15.1545,14.5839,14.6104,0.50533,17.2533,21.4635,19.5964,20.0454,20.008,19.8635,17.2475,15.1756,14.5944,14.618,	20,27.2065,21.4723,18.7486,16.6365,14.8354,13.294,11.9753,10.8678,9.78553,8.85204,3.9369e-09,23.4148,20.7634,19.8066,17.8678,15.7505,13.9799,12.4511,10.8718,9.78776,8.88584,	
4.53438e-14,9.52089,13.8753,15.1231,15.8496,15.8833,15.7671,14.7146,15.0414,14.5435,14.4728,0.50533,17.2047,21.4274,19.5032,19.8962,19.9418,19.7578,17.2304,15.0923,14.613,14.4915,	20,27.0969,21.3483,18.5937,16.499,14.6776,13.18,11.9069,10.8175,9.70522,8.75935,3.87132e-09,23.4513,20.5393,19.702,17.7347,15.7178,13.7852,12.4071,10.8212,9.67972,8.7932,	
4.36725e-14,9.48511,13.8053,15.0332,15.7697,15.7829,15.6678,14.5679,14.975,14.4493,14.4923,0.50533,17.1567,21.3916,19.3425,19.7947,19.9164,19.7079,17.0695,15.0006,14.4894,14.5041,	20,26.9294,21.225,18.4929,16.388,14.5712,13.0931,11.8497,10.666,9.69555,8.66165,3.82314e-09,23.4789,20.328,19.6526,17.6874,15.6384,13.6809,12.2838,10.6792,9.69749,8.64267,	
4.25127e-14,9.36062,13.7567,14.9685,15.6869,15.6867,15.6061,14.5394,14.9145,14.3106,14.427,0.50533,17.1567,21.3916,19.245,19.7401,19.7983,19.6459,16.8428,14.9384,14.3508,14.4654,	20,26.8517,21.1708,18.4151,16.3025,14.4919,13.0203,11.7677,10.6456,9.61996,8.46408,3.7838e-09,23.3428,20.2827,19.6078,17.6287,15.5599,13.6079,12.1473,10.6574,9.65499,8.46518,	
4.05512e-14,9.2487,13.6038,14.8861,15.5792,15.575,15.4382,14.4131,14.8631,14.1891,14.1274,0.50533,17.1406,21.3534,19.1761,19.6221,19.7338,19.533,16.782,14.9458,14.218,14.16,	20,26.7556,21.0807,18.3254,16.1974,14.369,12.9327,11.6632,10.4343,9.55338,8.32864,3.7528e-09,23.3189,20.2857,19.3846,17.5101,15.4371,13.4823,12.0202,10.4703,9.53044,8.32683,	
3.83788e-14,9.09316,13.4498,14.7299,15.4423,15.4602,15.3032,14.294,14.7038,14.0909,14.1232,0.50533,17.1406,21.3058,19.055,19.4952,19.6705,19.4474,16.8341,14.7107,14.1052,14.1373,	20,26.613,20.9626,18.2117,16.0719,14.2812,12.8368,11.5075,10.347,9.39415,8.1977,3.71474e-09,23.1416,20.2085,19.236,17.4319,15.356,13.3985,11.92,10.3685,9.39731,8.20263,	
3.75336e-14,9.08077,13.3827,14.6199,15.3904,15.3999,15.228,14.2402,14.5987,14.0349,14.1428,0.50533,17.1081,21.2771,18.9699,19.3986,19.5821,19.3352,16.8418,14.6048,14.0652,14.1493,	20,26.5088,20.8295,18.1145,15.9692,14.199,12.7396,11.4343,10.3162,9.33297,8.13367,3.67731e-09,23.0322,20.1606,19.1697,17.3492,15.301,13.2749,11.8308,10.3178,9.37278,8.11788,	
3.6198e-14,9.02417,13.2366,14.5486,15.3083,15.3236,15.1575,14.1544,14.5252,14.0093,13.8434,0.50533,17.1081,21.261,18.8978,19.3055,19.4858,19.2747,16.614,14.547,13.9916,13.8501,	20,26.4429,20.7603,18.0383,15.8888,14.1141,12.6553,11.3188,10.1444,9.23069,8.007,3.61129e-09,22.9429,20.1022,19.038,17.2351,15.1597,13.2131,11.7615,10.1611,9.2437,8.02913,	
3.55532e-14,8.97427,13.1974,14.5261,15.2204,15.2481,15.0658,14.0808,14.4958,13.8738,13.8304,0.50533,17.092,21.2226,18.8746,19.2121,19.4026,19.1709,16.4465,14.5097,13.9092,13.8426,	20,26.4053,20.6984,17.9647,15.8054,14.028,12.5537,11.2228,10.047,9.26119,7.88844,3.59686e-09,22.8793,20.0795,18.9742,17.1823,15.0723,13.1664,11.6856,10.0726,9.25206,7.89639,	
3.47861e-14,8.95036,13.188,14.3772,15.1333,15.1365,14.9887,13.9616,14.582,13.8163,13.6992,0.50533,17.0759,21.1371,18.7673,19.1625,19.2479,19.1422,16.4443,14.5825,13.8359,13.7319,	20,26.2381,20.5849,17.8436,15.6983,13.9366,12.4515,11.1407,10.0805,9.13368,7.83844,3.56131e-09,22.8223,20.0294,18.8323,17.1649,14.9931,13.1041,11.5985,10.0655,9.13534,7.83875,	
3.38388e-14,8.8656,13.1961,14.2431,15.0336,15.0625,14.882,13.8757,14.4358,13.8296,13.5548,0.50533,17.0436,21.1095,18.7179,19.0644,19.156,19.0303,16.367,14.4519,13.8514,13.6113,	20,26.183,20.5123,17.7467,15.6039,13.8148,12.3595,11.1063,10.0849,9.07779,7.7426,3.46432e-09,22.5515,19.9392,18.7204,17.0854,14.8625,13.0638,11.4705,10.088,9.0738,7.7624,	
3.29245e-14,8.82005,13.1279,14.1623,14.9515,14.9845,14.7991,13.7988,14.3043,13.7313,13.4487,0.50533,17.0276,21.0726,18.6331,18.974,19.0929,18.9495,16.2139,14.3469,13.7442,13.4921,	20,26.0735,20.4296,17.6655,15.5084,13.7254,12.2836,11.0626,9.92618,8.96771,7.73986,3.39716e-09,22.3304,19.8794,18.6079,16.9477,14.756,13.0261,11.3924,9.91412,8.95592,7.76469,	
3.21658e-14,8.71161,13.1339,14.0496,14.8783,14.8984,14.7006,13.7315,14.1964,13.6073,13.5076,0.50533,17.0117,21.0513,18.4825,18.8843,19.0026,18.9006,16.2361,14.1947,13.6134,13.5316,	20,25.9033,20.3302,17.5599,15.3788,13.6451,12.2249,10.9999,9.86524,8.86369,7.65275,3.35773e-09,22.2913,19.8127,18.5596,16.8973,14.7294,12.9792,11.3194,9.8672,8.8647,7.64835,	
3.11266e-14,8.64066,13.0428,13.9361,14.7889,14.7768,14.6094,13.6738,14.0867,13.4954,13.423,0.50533,16.9795,20.9937,18.3635,18.7903,18.9401,18.784,16.1538,14.0989,13.527,13.4922,	20,25.7364,20.221,17.457,15.2715,13.5354,12.1446,10.8969,9.64426,8.78199,7.65244,3.31267e-09,22.25,19.6597,18.5028,16.7952,14.6658,12.8996,11.2166,9.64982,8.76733,7.64856,	
3.03012e-14,8.62173,12.9971,13.7846,14.6538,14.7151,14.5269,13.6173,13.9878,13.4139,13.3353,0.50533,16.9795,20.9937,18.2605,18.6814,18.8654,18.6883,16.1137,13.9993,13.4328,13.3958,	20,25.6757,20.1397,17.3702,15.1817,13.462,12.0498,10.7756,9.54374,8.65236,7.62673,3.25594e-09,21.9596,19.5706,18.4481,16.6926,14.6078,12.84,11.1086,9.54776,8.66097,7.62453,	
2.92779e-14,8.59661,12.8836,13.6903,14.5289,14.6193,14.45,13.5548,13.9346,13.2945,13.2324,0.50533,16.9635,20.942,18.153,18.5651,18.8278,18.6171,16.1145,13.9344,13.3054,13.2504,	20,25.5633,20.0349,17.2708,15.0855,13.3848,11.9688,10.6517,9.49692,8.5112,7.54115,3.23737e-09,22.0077,19.5238,18.2513,16.6259,14.5397,12.7464,11.0352,9.48108,8.51403,7.54622,	
2.86731e-14,8.57791,12.8186,13.6262,14.4826,14.5494,14.3819,13.4658,13.7638,13.27,13.2197,0.50533,16.9635,20.8961,18.1064,18.4717,18.7809,18.4958,16.0145,13.7922,13.2754,13.2369,	20,25.4551,19.9714,17.2032,15.0067,13.3134,11.8856,10.5881,9.49769,8.38147,7.49324,3.19468e-09,21.9363,19.4842,18.2398,16.5439,14.4567,12.6177,10.9532,9.52913,8.37843,7.50542,	
2.84042e-14,8.57251,12.8241,13.5921,14.4189,14.4901,14.3049,13.4051,13.6772,13.2671,13.2191,0.50533,16.9635,20.8809,18.0546,18.399,18.7174,18.3937,15.8931,13.6965,13.3062,13.239,	20,25.4044,19.9181,17.1377,14.9392,13.2529,11.8151,10.5563,9.5768,8.33571,7.43522,3.14682e-09,21.853,19.4203,18.1535,16.4504,14.4257,12.5524,10.918,9.57599,8.34419,7.45562,	
2.78252e-14,8.53554,12.7871,13.5465,14.3361,14.4102,14.1792,13.3371,13.4778,13.0427,13.1256,0.50533,16.9635,20.8507,17.9443,18.3081,18.6789,18.3562,15.8374,13.4791,13.0795,13.163,	20,25.2789,19.8245,17.0489,14.8709,13.1829,11.749,10.4902,9.35888,8.21221,7.33583,3.09426e-09,21.7886,19.3107,18.0699,16.4272,14.3356,12.47,10.8984,9.34382,8.20982,7.33264,	
2.68094e-14,8.42857,12.6762,13.4946,14.2911,14.3454,14.0468,13.2563,13.2299,12.9991,13.0727,0.50533,16.9322,20.7949,17.8747,18.2481,18.618,18.2625,15.7883,13.2405,12.9951,13.0887,	20,25.1716,19.7387,16.9698,14.7894,13.1057,11.6715,10.4004,9.22595,8.12141,7.22083,3.05419e-09,21.6324,19.1489,17.9574,16.3224,14.2775,12.3583,10.8415,9.2326,8.15199,7.23262,	
2.63185e-14,8.46618,12.592,13.4551,14.1957,14.2622,14.0002,13.2062,13.2438,12.8323,12.9875,0.50533,16.9008,20.7093,17.8679,18.1561,18.5573,18.2149,15.6474,13.2811,12.8631,12.9822,	20,25.0896,19.6473,16.8874,14.7186,13.0288,11.5881,10.3023,9.16887,8.08657,7.17701,3.01491e-09,21.4608,19.0311,17.91,16.2879,14.1951,12.2623,10.7633,9.1813,8.11459,7.16375,	
2.52761e-14,8.44758,12.4641,13.313,14.0223,14.1923,13.9512,13.1676,13.0916,12.7355,12.964,0.50533,16.8699,20.6691,17.7664,18.1071,18.5105,18.197,15.6027,13.1125,12.7515,12.9822,	20,24.9678,19.5634,16.8042,14.6516,12.9674,11.5214,10.2511,9.10003,7.9666,7.08158,2.98739e-09,21.3625,18.9136,17.8196,16.2236,14.0739,12.2137,10.6516,9.09425,7.97114,7.10961,	
2.48185e-14,8.41815,12.3818,13.2695,13.9504,14.1169,13.884,13.1133,12.901,12.6789,12.7589,0.50533,16.8545,20.6341,17.6746,18.0523,18.4143,18.1295,15.6082,12.9336,12.6862,12.7724,	20,24.8478,19.4927,16.7242,14.5744,12.8977,11.4535,10.173,8.95635,7.83635,7.01854,2.92798e-09,21.2274,18.8024,17.7363,16.1124,14.025,12.1619,10.5768,8.96185,7.85097,7.02688,	
2.43277e-14,8.36607,12.3663,13.2061,13.8887,14.0014,13.8194,13.031,12.9224,12.5438,12.6299,0.50533,16.8545,20.5742,17.6314,18.0001,18.2859,18.0727,15.4553,12.9472,12.5683,12.6498,	20,24.7609,19.3966,16.6489,14.503,12.7978,11.3723,10.0887,8.9384,7.72997,6.9547,2.88579e-09,21.071,18.813,17.6933,16.0328,13.916,12.0792,10.4749,8.96255,7.76196,6.97406,	
2.34219e-14,8.35156,12.2186,13.061,13.765,13.9103,13.7374,12.9288,12.9316,12.445,12.55,0.50533,16.8545,20.4997,17.5381,17.9323,18.199,18.0016,15.4728,12.9217,12.4493,12.5627,	20,24.6201,19.3019,16.5543,14.4147,12.7216,11.2921,10.0078,8.89175,7.66927,6.90518,2.84443e-09,20.9621,18.7773,17.5394,15.9764,13.8364,12.0656,10.4186,8.89702,7.688,6.9109,	
2.25555e-14,8.27736,12.1584,12.9225,13.6467,13.8434,13.6304,12.8366,12.8517,12.4001,12.4008,0.50533,16.8391,20.4652,17.4705,17.8346,18.1597,17.9329,15.2858,12.8805,12.4013,12.4717,	20,24.5351,19.2236,16.4788,14.3446,12.6407,11.1769,9.9395,8.75277,7.58684,6.92736,2.79888e-09,20.7357,18.6936,17.46,15.9406,13.7307,11.9287,10.3512,8.76863,7.62468,6.92328,	
2.2078e-14,8.25464,12.1217,12.885,13.554,13.7545,13.5726,12.7161,12.8238,12.3605,12.3089,0.50533,16.7632,20.3242,17.4485,17.7393,18.0941,17.9297,15.3613,12.8455,12.3722,12.3227,	20,24.3895,19.1061,16.3744,14.2548,12.558,11.1117,9.86954,8.73396,7.52975,6.83153,2.74451e-09,20.6411,18.7092,17.3537,15.804,13.6903,11.859,10.2484,8.75747,7.5441,6.83262,	
2.14224e-14,8.25875,12.0185,12.7673,13.4372,13.6489,13.4542,12.6236,12.7387,12.2383,12.1481,0.50533,16.7632,20.295,17.3573,17.6255,17.9632,17.8306,15.4026,12.7562,12.269,12.1651,	20,24.2909,19.0167,16.2736,14.1359,12.4737,11.0363,9.79928,8.66591,7.43954,6.70915,2.69625e-09,20.5097,18.693,17.2798,15.6726,13.657,11.7288,10.1794,8.66923,7.42188,6.71888,	
2.08628e-14,8.25658,11.958,12.7108,13.3033,13.5673,13.3978,12.554,12.7317,12.1507,12.1807,0.50533,16.7332,20.2422,17.351,17.5716,17.9168,17.7262,15.2527,12.7433,12.1698,12.2156,	20,24.2307,18.9644,16.2194,14.0834,12.418,10.9874,9.72955,8.59775,7.41177,6.67809,2.6915e-09,20.4549,18.668,17.2156,15.5853,13.6116,11.649,10.1215,8.60237,7.42429,6.66024,	
2.04285e-14,8.27527,11.8792,12.6511,13.2008,13.4644,13.3297,12.4763,12.6355,12.1762,12.0838,0.50533,16.7183,20.1942,17.3128,17.4986,17.801,17.6703,15.1491,12.6739,12.1939,12.1083,	20,24.1709,18.9059,16.144,14.0155,12.3455,10.9158,9.65333,8.4957,7.37194,6.66929,2.64477e-09,20.2953,18.676,17.1273,15.4874,13.4895,11.6036,10.0318,8.53386,7.36206,6.66319,	
2.00755e-14,8.28528,11.7994,12.5897,13.1726,13.4109,13.2631,12.3757,12.5904,12.1666,12.1448,0.50533,16.6743,20.1812,17.2443,17.4507,17.7101,17.574,15.0833,12.602,12.1856,12.1573,	20,24.1041,18.8504,16.0771,13.9483,12.288,10.858,9.62305,8.52895,7.28603,6.64626,2.63558e-09,20.2847,18.6819,17.0221,15.4314,13.4703,11.5366,9.94539,8.54194,7.29226,6.66581,	
1.96963e-14,8.23267,11.7686,12.5237,13.125,13.3502,13.1725,12.3101,12.5852,12.0464,12.1152,0.50533,16.6743,20.1522,17.0823,17.3922,17.6248,17.4153,15.1027,12.648,12.0474,12.1232,	20,23.9647,18.7452,15.9513,13.859,12.2015,10.7693,9.54978,8.48203,7.20936,6.58694,2.62189e-09,20.3369,18.5983,16.9504,15.3597,13.4267,11.4691,9.91509,8.48193,7.22062,6.60458,	
1.92263e-14,8.20063,11.7374,12.4395,13.0305,13.2852,13.0869,12.2455,12.704,11.9876,11.9837,0.50533,16.6597,20.1334,16.9712,17.2958,17.5383,17.3385,15.0473,12.6926,11.9955,12.0029,	20,23.8774,18.6707,15.8649,13.7744,12.1228,10.7084,9.48833,8.33107,7.21857,6.544,2.58597e-09,20.2036,18.5456,16.9229,15.2647,13.3465,11.412,9.86103,8.35068,7.22235,6.5483,	
1.89317e-14,8.19739,11.6829,12.3999,12.9866,13.2286,13.0051,12.1879,12.566,11.8968,11.9426,0.50533,16.6597,20.119,16.8782,17.2244,17.4701,17.2276,15.0041,12.6143,11.9091,11.9807,	20,23.7836,18.5652,15.7977,13.7097,12.0614,10.65,9.41154,8.24931,7.20729,6.46469,2.55955e-09,20.1461,18.5585,16.8257,15.1996,13.319,11.3611,9.81616,8.25877,7.19502,6.47212,	
1.82967e-14,8.11749,11.609,12.3664,12.8925,13.1167,12.921,12.1317,12.5967,11.83,11.9303,0.50533,16.6308,20.0531,16.8523,17.1475,17.3904,17.1353,14.9359,12.6309,11.8434,11.9419,	20,23.6903,18.4898,15.7181,13.6383,11.9977,10.586,9.3331,8.1553,7.25639,6.40522,2.52921e-09,20.1231,18.4043,16.7485,15.0502,13.2932,11.3235,9.74855,8.14733,7.26545,6.41611,	
1.78373e-14,8.08529,11.5356,12.2888,12.8377,13.0668,12.8513,12.0885,12.5771,11.8074,11.7642,0.50533,16.6019,20.0162,16.7748,17.1036,17.3313,17.0435,14.8345,12.6237,11.8383,11.78,	20,23.5978,18.4207,15.6504,13.5723,11.9346,10.5196,9.25534,8.05143,7.24178,6.40671,2.48669e-09,20.0319,18.3124,16.662,14.9455,13.2207,11.2005,9.67765,8.05008,7.24292,6.40395,	
1.73333e-14,8.09365,11.4813,12.1915,12.7563,13.0088,12.7795,11.9661,12.5464,11.8297,11.7699,0.50533,16.5875,19.9978,16.7286,17.05,17.2144,17.0191,14.7196,12.5724,11.8459,11.7658,	20,23.5345,18.3697,15.5817,13.5143,11.8804,10.4585,9.19082,8.05024,7.23735,6.31774,2.4783e-09,20.0183,18.3191,16.5794,14.8945,13.1935,11.1488,9.62298,8.0558,7.24662,6.32963,	
1.66213e-14,7.99664,11.3342,12.08,12.7225,12.9119,12.7048,11.9317,12.5603,11.8066,11.7564,0.50533,16.5731,19.9508,16.6806,16.987,17.0637,16.9501,14.637,12.5606,11.8316,11.8136,	20,23.4787,18.3092,15.4996,13.4439,11.8061,10.3874,9.16444,8.11568,7.19833,6.23305,2.46174e-09,19.9317,18.2639,16.4837,14.7862,13.001,11.0508,9.55455,8.12297,7.23203,6.2363,	
