k=0_act,k=1_act,k=2_act,k=3_act,k=4_act,k=5_act,k=6_act,k=7_act,k=8_act,k=9_act,k=10_act,k=0_wait,k=1_wait,k=2_wait,k=3_wait,k=4_wait,k=5_wait,k=6_wait,k=7_wait,k=8_wait,k=9_wait,k=10_wait,	k=0_act,k=1_act,k=2_act,k=3_act,k=4_act,k=5_act,k=6_act,k=7_act,k=8_act,k=9_act,k=10_act,k=0_wait,k=1_wait,k=2_wait,k=3_wait,k=4_wait,k=5_wait,k=6_wait,k=7_wait,k=8_wait,k=9_wait,k=10_wait,	k=0_act,k=1_act,k=2_act,k=3_act,k=4_act,k=5_act,k=6_act,k=7_act,k=8_act,k=9_act,k=10_act,k=0_wait,k=1_wait,k=2_wait,k=3_wait,k=4_wait,k=5_wait,k=6_wait,k=7_wait,k=8_wait,k=9_wait,k=10_wait,	
2,2,2,2,2,2,2,2,2,2,2,2,2,2,2,2,1.996,2,2,2,2,2,	2,2,2,2,2,2,2,2,2,2,2,2,2,2,2,2,2,2,2,2,2,1.996,	2,2,2,2,2,2,2,2,1.996,2,2,2,2,2,2,2,2,2,2,2,2,2,	
1.74196,1.32003,1.36416,1.34922,1.32034,1.35983,1.30865,1.26143,1.24855,1.0706,1.00686,0.827177,1.48748,1.65071,1.65116,1.636,1.74541,1.61415,1.60271,1.58833,1.45377,1.37146,	1.88242,1.75227,1.60529,1.59369,1.62628,1.56824,1.55026,1.47699,1.47818,1.35362,0.860931,0.925312,1.04253,0.985781,0.873906,0.961462,0.942152,0.934429,0.89615,0.914203,0.84697,0.718195,	1.86705,1.67294,1.59179,1.66697,1.55974,1.51096,1.54389,1.58812,1.47042,1.36184,0.804634,0.938371,1.02132,0.928883,0.991286,0.958444,0.950617,0.962965,0.930217,0.885779,0.870397,0.687451,	
1.52941,1.03832,1.18472,1.26698,1.25955,1.33276,1.30124,1.2863,1.27044,1.21889,1.20099,0.214148,0.996835,1.36786,1.56646,1.631,1.66467,1.66311,1.65672,1.63984,1.61608,1.64522,	1.67372,1.50408,1.53107,1.51541,1.53029,1.48489,1.45899,1.39341,1.2355,0.948261,0.334412,0.433275,0.758335,0.821292,0.793193,0.862379,0.788256,0.801705,0.734956,0.707207,0.5741,0.301039,	1.71248,1.54498,1.50149,1.47672,1.51909,1.47054,1.46877,1.39785,1.26022,0.918912,0.334988,0.454601,0.78545,0.795744,0.819964,0.81423,0.798365,0.797929,0.746066,0.708094,0.558448,0.319526,	
1.30829,0.990524,1.23381,1.4166,1.45958,1.57929,1.55278,1.53531,1.59156,1.55346,1.49228,0.0209124,0.804312,1.30407,1.66262,1.82796,1.94142,2.00582,1.94517,2.00214,2.03535,2.03968,	1.50179,1.61019,1.67054,1.72871,1.76601,1.75298,1.64137,1.49742,1.23419,0.842758,0.192065,0.230613,0.756254,0.852818,0.857571,0.867461,0.897835,0.836955,0.791223,0.663862,0.493431,0.210323,	1.53545,1.70261,1.68663,1.78766,1.79699,1.73913,1.66426,1.47298,1.19338,0.793834,0.179677,0.232002,0.785379,0.872575,0.916009,0.917324,0.881017,0.867895,0.766885,0.671229,0.449918,0.178134,	
1.15558,1.18432,1.37844,1.63087,1.72906,1.80639,1.96148,1.97729,1.99005,1.98086,1.78739,0.00108261,0.810048,1.40961,1.78842,2.00632,2.07561,2.28434,2.37788,2.46547,2.48359,2.38882,	1.37848,1.90225,2.14344,2.22319,2.14719,2.02024,1.88808,1.62395,1.27076,0.828692,0.163584,0.128787,0.790494,1.00123,1.10173,1.10771,1.1067,0.965125,0.869868,0.723064,0.484667,0.18683,	1.34951,2.07715,2.20074,2.1647,2.18086,2.08515,1.87705,1.61513,1.29355,0.852629,0.154245,0.131918,0.87184,1.0793,1.06927,1.0892,1.07631,0.96649,0.854315,0.707182,0.471054,0.162242,	
0.996457,1.32889,1.50614,1.6734,1.88722,2.02808,2.11941,2.1841,2.25427,2.27392,2.03669,4.33764e-05,0.84639,1.41642,1.71471,2.12393,2.33301,2.42366,2.63115,2.6549,2.74305,2.6904,	1.20514,2.35895,2.51795,2.55495,2.41504,2.25476,1.9511,1.74466,1.37284,0.848601,0.151977,0.0726451,0.960116,1.18751,1.25549,1.25275,1.05659,1.11621,0.956366,0.763695,0.496034,0.168383,	1.18382,2.40555,2.51967,2.48885,2.4053,2.27536,2.11978,1.7966,1.37004,0.870274,0.148108,0.0726451,0.939689,1.20374,1.26275,1.22066,1.1596,1.08201,0.956012,0.730407,0.503932,0.17131,	
0.842217,1.67083,1.71001,1.82412,1.9868,2.17414,2.25918,2.29679,2.44484,2.46781,2.28074,1.63991e-06,0.890602,1.47853,1.92157,2.20841,2.33638,2.48346,2.65797,2.84531,2.84504,2.80753,	1.01739,2.71648,2.78814,2.70872,2.62652,2.3393,2.13257,1.87256,1.42751,0.882007,0.163993,0.0369257,1.07649,1.37139,1.38418,1.3524,1.24319,1.12565,1.01203,0.803173,0.55703,0.166387,	1.04679,2.72739,2.88703,2.71088,2.63586,2.42305,2.14678,1.82836,1.40964,0.850873,0.15758,0.0413066,1.04504,1.47672,1.46148,1.33502,1.30399,1.1608,1.00841,0.830144,0.497914,0.180439,	
0.679817,1.7604,1.78573,1.91958,2.10663,2.22201,2.38761,2.44685,2.53666,2.59867,2.32549,6.92157e-08,0.89584,1.53128,1.92751,2.26738,2.42291,2.66637,2.79756,2.83382,2.94432,2.8746,	0.897825,3.00966,3.01427,2.84652,2.72774,2.47724,2.16769,1.84057,1.47381,0.9087,0.178987,0.0221624,1.23805,1.5757,1.46785,1.45628,1.35532,1.23915,1.04159,0.801899,0.534234,0.189865,	0.936483,3.04268,3.05111,2.91215,2.73318,2.51543,2.20709,1.88068,1.498,0.899158,0.159748,0.023114,1.19147,1.55275,1.43363,1.41064,1.37743,1.12642,0.962647,0.805523,0.530522,0.185739,	
0.518818,1.87408,1.9238,1.93086,2.0868,2.2564,2.44308,2.5275,2.59175,2.59605,2.40671,4.48389e-09,0.931464,1.47336,1.89618,2.23867,2.43014,2.6668,2.70949,2.82633,2.99718,3.00668,	0.808769,3.27809,3.08133,2.90672,2.69767,2.51764,2.28366,1.93487,1.44529,0.935079,0.176572,0.0128052,1.27805,1.54753,1.4923,1.46012,1.34695,1.24096,1.05652,0.808564,0.512346,0.180598,	0.832259,3.17134,2.99955,2.9846,2.79481,2.47718,2.32219,1.97284,1.51494,0.931284,0.169752,0.0137621,1.29435,1.55234,1.55933,1.48374,1.43052,1.33139,1.08763,0.864155,0.544572,0.17773,	
0.399131,1.98515,1.94527,2.02367,2.11984,2.29189,2.36991,2.51513,2.60405,2.65153,2.34331,2.96346e-10,0.937478,1.55368,2.04988,2.30702,2.55952,2.62367,2.74947,2.83071,2.92478,2.94732,	0.71094,3.19139,3.05114,2.9679,2.84663,2.60965,2.30356,1.95985,1.45792,0.908169,0.165924,0.00684298,1.30935,1.61546,1.60124,1.50796,1.37661,1.26688,1.09882,0.844569,0.531724,0.180714,	0.725951,3.32011,3.20164,2.99986,2.7794,2.60298,2.32676,1.96058,1.56376,0.913458,0.18188,0.00759376,1.31792,1.60319,1.59771,1.4788,1.39062,1.23902,1.05397,0.882104,0.552074,0.190326,	
0.302782,2.01248,2.06452,2.03263,2.1124,2.29536,2.44604,2.55728,2.70093,2.62499,2.32799,2.50546e-11,0.886808,1.56044,2.0455,2.29239,2.41738,2.60581,2.70096,2.96878,2.90528,2.85508,	0.650023,3.31677,3.35142,3.1448,2.8823,2.60311,2.22911,1.95174,1.50968,0.908475,0.16804,0.00409887,1.35124,1.6877,1.6312,1.62407,1.37871,1.24827,1.07524,0.847994,0.548509,0.189023,	0.64434,3.22938,3.13413,3.10467,2.80066,2.57572,2.21688,1.89432,1.51252,0.927581,0.19105,0.00434388,1.31087,1.58816,1.6823,1.5002,1.42479,1.28727,1.00394,0.845268,0.544405,0.193496,	
0.232933,2.05205,2.113,2.0614,2.17936,2.30702,2.44004,2.56122,2.67416,2.76647,2.41533,2.74792e-12,0.927361,1.55441,1.99449,2.29305,2.52427,2.60916,2.81731,2.91235,2.93335,2.95633,	0.571018,3.37376,3.31787,3.16557,2.85918,2.72373,2.31664,2.06687,1.57132,0.953362,0.172831,0.00229362,1.39913,1.70788,1.67534,1.59016,1.40851,1.27866,1.08897,0.902584,0.579769,0.189892,	0.587884,3.3697,3.17902,2.92846,2.87424,2.59325,2.39783,1.99034,1.53085,0.96024,0.188167,0.00245026,1.31929,1.57188,1.6398,1.54361,1.47081,1.2993,1.11752,0.888136,0.559813,0.214318,	
0.181727,2.09904,2.18081,2.09132,2.16347,2.29246,2.41033,2.52138,2.63526,2.71434,2.33858,2.85527e-13,0.958325,1.56275,2.00642,2.28837,2.49372,2.63254,2.75568,2.86764,2.91996,2.84749,	0.508582,3.37628,3.25085,3.10323,2.86916,2.6448,2.40443,2.06227,1.54307,0.946192,0.178281,0.0013711,1.42292,1.63767,1.65869,1.56894,1.40532,1.35729,1.13297,0.865046,0.558191,0.197621,	0.522561,3.34416,3.19463,3.12169,2.88198,2.6304,2.31799,1.94488,1.52669,0.931758,0.173945,0.00136289,1.4072,1.60695,1.63018,1.57705,1.49649,1.32263,1.06833,0.869875,0.556318,0.192525,	
0.134856,2.11294,2.22684,2.10979,2.15564,2.30813,2.41224,2.57226,2.71699,2.68175,2.46657,3.78759e-14,0.90916,1.60333,2.045,2.30036,2.45887,2.57383,2.73685,2.96755,2.9265,2.94973,	0.449315,3.37414,3.22367,3.1396,2.94084,2.65767,2.4031,1.9689,1.58977,0.958304,0.18331,0.000738596,1.34775,1.71794,1.67573,1.67545,1.50538,1.26354,1.07598,0.867448,0.581869,0.203698,	0.468155,3.34787,3.27208,3.13117,2.79285,2.71352,2.3673,2.02824,1.5186,0.943493,0.187177,0.000781181,1.32385,1.65309,1.75471,1.51647,1.46867,1.28267,1.15192,0.852144,0.577045,0.209399,	
0.102712,2.08684,2.19917,2.12752,2.15958,2.31235,2.42984,2.58129,2.70799,2.73687,2.36962,5.09525e-15,0.966452,1.59874,2.03122,2.29897,2.48928,2.60125,2.70612,2.87545,2.94219,2.87405,	0.408189,3.48732,3.31819,3.10309,2.85082,2.55668,2.29101,2.03177,1.57917,0.978497,0.190428,0.000420813,1.30969,1.6758,1.6881,1.57493,1.46851,1.29885,1.12924,0.860682,0.563113,0.201732,	0.410273,3.43839,3.37446,3.08471,2.85892,2.60806,2.38303,2.02735,1.54991,0.947665,0.184479,0.000454076,1.41219,1.70515,1.75165,1.59234,1.45988,1.29415,1.07627,0.865514,0.570265,0.207338,	
0.0769876,2.11799,2.26136,2.18783,2.18903,2.29464,2.45753,2.58811,2.63592,2.75087,2.49114,7.71376e-16,0.938329,1.59986,2.0275,2.31002,2.4695,2.70019,2.79622,2.86108,2.97705,2.89665,	0.37529,3.4375,3.25025,3.16808,2.93759,2.71502,2.41854,2.05701,1.47244,0.937296,0.178702,0.000246079,1.42133,1.65755,1.70033,1.59055,1.47842,1.33228,1.13368,0.877771,0.542758,0.198653,	0.369,3.40994,3.28309,3.04201,2.95269,2.72049,2.35745,1.97297,1.56966,1.01386,0.177892,0.000261311,1.32841,1.72868,1.70228,1.62824,1.47628,1.31892,1.13748,0.865691,0.581941,0.184901,	
0.0597034,2.17989,2.33167,2.24124,2.22869,2.31011,2.44117,2.61839,2.67493,2.7702,2.42775,1.22282e-16,0.984727,1.60609,2.04405,2.32869,2.49095,2.63679,2.80367,2.89526,3.06174,2.86368,	0.338878,3.51177,3.37177,3.26694,2.92431,2.74655,2.38213,2.0156,1.59662,0.992777,0.206156,0.000144766,1.37717,1.62735,1.59428,1.61073,1.45079,1.3566,1.1099,0.893579,0.621768,0.229947,	0.324645,3.45116,3.30033,3.15366,2.91025,2.57117,2.37465,2.01962,1.57149,0.99293,0.201255,0.000151285,1.38101,1.77762,1.74097,1.62259,1.47008,1.35433,1.15163,0.851329,0.60377,0.214053,	
0.0455641,2.12292,2.26671,2.19862,2.21217,2.36735,2.49874,2.58345,2.65515,2.70306,2.47849,1.88114e-17,0.986882,1.64972,2.04945,2.3169,2.56334,2.76679,2.85828,2.90982,3.01332,2.88853,	0.300532,3.44584,3.28782,3.24441,2.94093,2.65751,2.3743,2.03517,1.61147,1.02204,0.195412,7.86109e-05,1.34913,1.71988,1.60157,1.56617,1.53692,1.32934,1.13615,0.928352,0.582383,0.213543,	0.291973,3.44764,3.36477,3.17608,2.97864,2.72509,2.42217,2.08936,1.57211,1.00039,0.185629,9.28213e-05,1.38033,1.76184,1.74049,1.63669,1.41365,1.34507,1.15529,0.893665,0.60017,0.207062,	
0.0349128,2.10643,2.2503,2.21515,2.20496,2.3328,2.48033,2.58925,2.71048,2.76615,2.37007,3.2632e-18,0.936828,1.60476,2.02232,2.40076,2.47576,2.69843,2.7787,2.96411,2.99886,2.85256,	0.26759,3.37478,3.27424,3.16238,2.86492,2.64576,2.39818,2.03499,1.56507,0.956858,0.199569,4.35504e-05,1.37366,1.6762,1.61478,1.60698,1.42813,1.39163,1.12339,0.928677,0.574286,0.208824,	0.263112,3.39423,3.3108,3.26204,3.03964,2.76725,2.41864,2.05453,1.57882,0.993548,0.191423,5.10129e-05,1.37808,1.7229,1.73391,1.69647,1.52117,1.28286,1.16026,0.866408,0.576678,0.19259,	
0.0268587,2.14316,2.29512,2.24725,2.22492,2.30933,2.44159,2.6107,2.67839,2.76681,2.38776,5.85663e-19,0.957471,1.57851,2.02577,2.36611,2.50102,2.56918,2.8127,2.89896,2.99992,2.91929,	0.239214,3.51821,3.23904,3.15237,2.9902,2.72483,2.40968,2.0748,1.58552,1.0032,0.182043,2.40305e-05,1.37795,1.72369,1.65204,1.59019,1.49363,1.41037,1.15137,0.879886,0.605114,0.200772,	0.237576,3.46437,3.41167,3.21994,2.93338,2.66244,2.39777,2.01344,1.55518,0.947693,0.185735,2.92981e-05,1.24188,1.72914,1.74912,1.6538,1.43051,1.28741,1.13719,0.880664,0.578054,0.202414,	
0.0211227,2.13351,2.24981,2.23405,2.23928,2.37777,2.45957,2.59429,2.69153,2.76277,2.43597,1.06809e-19,0.968671,1.62767,2.06566,2.34603,2.58726,2.70888,2.8126,2.85004,2.9655,3.04429,	0.209187,3.55376,3.43222,3.24449,3.08839,2.72426,2.42621,2.0112,1.54621,0.944951,0.186511,1.43078e-05,1.45073,1.78582,1.74234,1.67157,1.44268,1.21519,1.14338,0.904547,0.563496,0.207648,	0.211956,3.51168,3.34772,3.14401,3.00028,2.77571,2.35206,2.0468,1.57706,0.945508,0.195968,1.63289e-05,1.3669,1.69812,1.73496,1.67886,1.44047,1.33519,1.12259,0.900588,0.591013,0.208661,	
0.0164463,2.11145,2.28636,2.25766,2.19572,2.27438,2.46455,2.60009,2.73733,2.75817,2.43796,2.26802e-20,0.912291,1.6064,2.1048,2.31385,2.49928,2.63494,2.74784,2.9024,2.98106,2.96833,	0.184032,3.55103,3.42543,3.2374,2.92436,2.74717,2.42972,1.95718,1.57273,1.00571,0.192642,7.99026e-06,1.40827,1.79774,1.76448,1.6953,1.44048,1.35385,1.10032,0.870877,0.572134,0.217968,	0.189099,3.5733,3.30162,3.14174,2.92068,2.663,2.3753,2.00348,1.54851,0.966681,0.195184,9.51051e-06,1.37831,1.70786,1.67343,1.5947,1.49817,1.38879,1.14626,0.877141,0.57771,0.218635,	
0.0124264,2.07626,2.28558,2.2405,2.18466,2.38654,2.50009,2.65223,2.72737,2.73089,2.42227,4.87419e-21,0.9559,1.57169,2.03286,2.30793,2.57689,2.74572,2.87043,2.98494,2.91162,2.91445,	0.166836,3.58451,3.38304,3.22034,3.03266,2.69967,2.35809,2.02917,1.6143,0.988279,0.187495,5.00158e-06,1.48938,1.71518,1.80561,1.6706,1.54105,1.32856,1.11509,0.907472,0.602901,0.208052,	0.166026,3.61582,3.3325,3.18636,2.85709,2.71386,2.45191,2.02768,1.60823,0.967244,0.191979,5.25828e-06,1.35909,1.68975,1.65658,1.5013,1.43508,1.34173,1.17439,0.934216,0.581951,0.208959,	
0.00955971,2.11668,2.28506,2.25943,2.22576,2.3019,2.46405,2.57647,2.7515,2.7707,2.38569,9.96373e-22,0.979414,1.57658,2.04958,2.33594,2.4982,2.61469,2.76295,2.92538,2.93805,2.82688,	0.143576,3.52749,3.35421,3.14231,3.01696,2.73326,2.39831,2.02026,1.52711,0.939073,0.180948,2.7598e-06,1.37601,1.77975,1.76439,1.6582,1.52725,1.35047,1.10426,0.90349,0.571065,0.188822,	0.148716,3.46234,3.28062,3.19972,2.97354,2.67984,2.40611,2.01099,1.56269,0.961165,0.194432,2.87831e-06,1.31703,1.72177,1.61572,1.59901,1.50312,1.35371,1.12337,0.902754,0.575758,0.203743,	
0.00709407,2.06957,2.27247,2.26208,2.22821,2.30307,2.44423,2.58303,2.69241,2.78264,2.45844,1.9924e-22,1.00238,1.61296,2.05312,2.37186,2.47989,2.63452,2.76598,2.89252,3.07226,2.95825,	0.128092,3.43381,3.31336,3.14853,2.97888,2.72483,2.40716,2.05223,1.61264,0.970823,0.181403,1.59458e-06,1.41219,1.74387,1.70148,1.66825,1.47408,1.31714,1.12859,0.901129,0.591405,0.199973,	0.132413,3.4435,3.39533,3.22654,3.04119,2.76422,2.33335,2.01525,1.54528,0.993974,0.187012,1.53507e-06,1.28509,1.70604,1.72432,1.60728,1.45452,1.35137,1.16198,0.827611,0.568941,0.208615,	
0.00544662,2.04997,2.28159,2.26261,2.19183,2.32307,2.44904,2.60243,2.65478,2.75967,2.44335,4.13031e-23,0.996855,1.65114,2.07395,2.29996,2.4863,2.67283,2.88701,2.93338,2.98437,2.90474,	0.115428,3.44958,3.36333,3.15544,2.83458,2.61781,2.36091,2.03595,1.6245,0.981472,0.18222,8.86942e-07,1.31829,1.7142,1.7397,1.53451,1.53061,1.29969,1.08541,0.894662,0.594713,0.198989,	0.118133,3.51475,3.43553,3.18795,3.04489,2.66584,2.34298,2.04197,1.64884,1.00294,0.201783,9.30598e-07,1.46524,1.82552,1.75628,1.61337,1.49514,1.3044,1.1017,0.884646,0.597962,0.222027,	
0.0041401,2.08092,2.31587,2.29726,2.18919,2.30773,2.4418,2.57661,2.66767,2.73582,2.46307,9.0017e-24,0.937105,1.57854,2.02612,2.31604,2.45722,2.59856,2.86174,2.87051,2.97493,2.9304,	0.103808,3.5368,3.33201,3.12354,2.90678,2.70018,2.36878,1.97092,1.54767,0.994593,0.197062,5.09396e-07,1.44515,1.67387,1.6741,1.50131,1.51471,1.33038,1.08899,0.880938,0.575601,0.21662,	0.106667,3.552,3.34593,3.05603,2.94619,2.73343,2.41884,2.0572,1.55725,0.975435,0.19716,5.37688e-07,1.46895,1.70054,1.74776,1.57855,1.50293,1.2814,1.13235,0.91443,0.598144,0.20433,	
0.00332843,2.18509,2.33337,2.31533,2.27891,2.35321,2.49356,2.63821,2.72796,2.7157,2.47623,2.01358e-24,1.02019,1.63488,2.07224,2.40898,2.54017,2.65799,2.85597,3.01125,2.99992,3.01637,	0.0902338,3.46059,3.43214,3.21044,3.03008,2.72233,2.46103,2.10404,1.64013,0.989467,0.204369,2.86188e-07,1.43016,1.79521,1.65706,1.58292,1.54166,1.30062,1.18929,0.916411,0.58719,0.210333,	0.094783,3.52165,3.28161,3.17046,2.99615,2.82242,2.46899,2.12499,1.67129,1.01328,0.206944,3.12541e-07,1.32813,1.73434,1.6541,1.58182,1.5504,1.38521,1.17558,0.9438,0.603678,0.226475,	
0.00259154,2.08938,2.2337,2.21739,2.20195,2.34349,2.47993,2.55265,2.6612,2.65267,2.37948,4.36217e-25,0.968273,1.62836,2.03547,2.35902,2.48381,2.65779,2.84006,2.94018,3.00198,2.87879,	0.0771883,3.51599,3.3496,3.14914,2.98296,2.74966,2.40865,2.04355,1.59954,1.01389,0.191629,1.63381e-07,1.33952,1.7415,1.71066,1.5579,1.43931,1.26251,1.19073,0.846698,0.581819,0.209206,	0.0860987,3.48518,3.28812,3.06224,2.87613,2.67731,2.4359,2.03697,1.59791,1.01976,0.195288,1.76649e-07,1.38015,1.72322,1.73106,1.6076,1.44165,1.36018,1.20407,0.894929,0.565884,0.22086,	
0.00197779,2.21921,2.38895,2.37784,2.23186,2.31325,2.48536,2.51025,2.64698,2.72686,2.60403,1.00955e-25,1.02345,1.6926,2.01569,2.30447,2.53057,2.6392,2.78746,2.92313,3.05394,3.00564,	0.0674991,3.52343,3.38869,3.22932,3.04106,2.75868,2.44587,2.12661,1.5956,0.990558,0.204628,9.40225e-08,1.40484,1.73135,1.77163,1.64281,1.61527,1.31754,1.22694,0.927216,0.600437,0.219212,	0.0757445,3.48129,3.25855,3.17634,2.97942,2.68464,2.46249,2.08857,1.58111,0.991653,0.197504,1.01455e-07,1.28355,1.62701,1.66872,1.54323,1.50743,1.34778,1.18803,0.91078,0.603279,0.225756,	
0.00148839,2.1235,2.30938,2.31616,2.29723,2.36003,2.56578,2.60659,2.72007,2.79657,2.47217,1.95512e-26,0.995325,1.6956,2.07989,2.40458,2.63865,2.82358,2.81666,2.97288,3.0017,2.95791,	0.0607039,3.44006,3.41394,3.24826,3.18588,2.88168,2.47002,2.10725,1.61307,1.00771,0.192588,5.49816e-08,1.31585,1.72145,1.74757,1.70999,1.51438,1.36297,1.13943,0.944857,0.618402,0.200781,	0.0692191,3.56424,3.40586,3.23494,3.01526,2.80732,2.42055,2.01054,1.54163,0.962861,0.201505,5.98046e-08,1.42373,1.84496,1.69029,1.60609,1.5374,1.3581,1.14598,0.885339,0.58396,0.207066,	
0.00111116,2.05237,2.26372,2.2813,2.24877,2.35953,2.50947,2.62279,2.68526,2.75469,2.37694,4.26957e-27,0.983098,1.64994,2.04284,2.31621,2.53831,2.6737,2.83084,2.89181,2.92527,2.9319,	0.0543746,3.39742,3.45174,3.2866,3.06271,2.7136,2.41863,2.01532,1.58057,0.986004,0.179156,3.05208e-08,1.31261,1.70579,1.81457,1.58406,1.41809,1.3489,1.16724,0.919782,0.567171,0.189173,	0.0625005,3.53423,3.38529,3.15633,2.92253,2.74725,2.40262,2.01911,1.55466,0.983263,0.186661,3.35321e-08,1.43588,1.78049,1.64964,1.55679,1.51854,1.35639,1.17944,0.881361,0.60253,0.207865,	
0.000861698,2.12271,2.29325,2.28972,2.2574,2.4053,2.47937,2.57495,2.64933,2.69672,2.4104,9.70475e-28,0.961031,1.58373,2.07995,2.33916,2.59029,2.8175,2.77649,2.88478,2.92743,2.80693,	0.0487053,3.49806,3.4726,3.26488,3.05583,2.78675,2.38292,1.97857,1.53177,0.999176,0.183468,1.84286e-08,1.3825,1.70696,1.80086,1.67014,1.5658,1.29457,1.14318,0.919072,0.580088,0.196785,	0.0557602,3.52654,3.22492,3.1645,2.99093,2.66237,2.37271,2.04073,1.52011,0.963151,0.184532,1.93744e-08,1.37521,1.66492,1.77125,1.58198,1.43548,1.33064,1.1974,0.854928,0.55738,0.200549,	
0.000643301,2.10606,2.32638,2.35408,2.25394,2.33654,2.50976,2.62683,2.67462,2.77136,2.56194,2.30522e-28,0.972163,1.63691,2.06897,2.34171,2.52682,2.73466,2.85213,2.94527,2.9543,2.92138,	0.0431925,3.47923,3.34148,3.18641,3.0076,2.8235,2.46594,2.05044,1.59686,0.986167,0.19404,1.08849e-08,1.37096,1.80449,1.74874,1.63483,1.49372,1.25827,1.11483,0.901247,0.602239,0.216759,	0.0500465,3.51749,3.39926,3.23263,3.00491,2.7341,2.4228,2.08313,1.59696,0.964312,0.187536,1.11719e-08,1.39898,1.72409,1.64755,1.57912,1.46788,1.40143,1.18323,0.90856,0.61054,0.216776,	
0.00048315,2.10045,2.30662,2.30596,2.22652,2.31617,2.40981,2.59312,2.65604,2.7122,2.38933,5.64266e-29,0.982686,1.65079,2.00047,2.31734,2.54012,2.65714,2.72051,2.85371,2.96779,2.81312,	0.0395505,3.50821,3.24339,3.13409,2.90361,2.68965,2.42235,2.09195,1.5138,0.967217,0.190947,6.57236e-09,1.45559,1.73889,1.7406,1.59735,1.51722,1.36928,1.1934,0.845406,0.560877,0.207859,	0.0455521,3.51371,3.36458,3.19459,2.91873,2.68346,2.41102,2.04017,1.6012,0.980264,0.196038,6.55922e-09,1.29881,1.6976,1.69918,1.6294,1.44285,1.35338,1.12871,0.959583,0.573666,0.191724,	
0.000380729,2.10021,2.27085,2.28883,2.24643,2.41521,2.49262,2.67715,2.77576,2.77555,2.5442,1.24713e-29,0.987924,1.64505,2.08009,2.4056,2.58686,2.775,2.88762,2.94468,3.03896,3.06522,	0.0361432,3.4741,3.3951,3.24926,3.01895,2.69939,2.39619,2.07151,1.57992,0.988101,0.192146,3.79743e-09,1.44169,1.76822,1.67937,1.65511,1.55314,1.33408,1.15832,0.890604,0.586308,0.206105,	0.0408844,3.46456,3.48156,3.36033,3.14815,2.81882,2.44934,2.09215,1.63929,1.01286,0.19851,4.02443e-09,1.4219,1.76002,1.76422,1.59912,1.52466,1.3776,1.14102,0.920979,0.58229,0.213091,	
0.000291728,2.09884,2.29557,2.32924,2.25741,2.33533,2.47174,2.5729,2.74386,2.78877,2.54069,3.2287e-30,0.974282,1.61996,2.07658,2.28774,2.46422,2.67193,2.81611,2.89272,2.94359,3.05182,	0.0321809,3.56665,3.44428,3.2907,3.00299,2.67301,2.37357,2.09612,1.60065,1.02596,0.18716,2.14202e-09,1.38689,1.80604,1.72739,1.59142,1.45414,1.29787,1.13287,0.902241,0.599689,0.202117,	0.0370642,3.47552,3.34905,3.28019,3.08778,2.72724,2.48334,2.08847,1.59058,0.955485,0.196857,2.31134e-09,1.2718,1.74488,1.73366,1.63267,1.50439,1.34772,1.2029,0.879176,0.578547,0.222531,	
0.000232199,2.11416,2.29204,2.27642,2.20262,2.32468,2.5273,2.63194,2.71516,2.70212,2.4225,7.85578e-31,0.991406,1.66586,2.06075,2.36148,2.6048,2.74447,2.8575,2.91768,2.97051,2.95263,	0.028085,3.50937,3.36614,3.21498,3.04288,2.77322,2.44573,2.05831,1.60486,0.985264,0.192074,1.17722e-09,1.4176,1.69155,1.71984,1.53745,1.46372,1.32031,1.15384,0.880702,0.580418,0.202283,	0.0338711,3.55784,3.48671,3.26958,2.9648,2.72102,2.38231,2.06883,1.61084,0.995765,0.202139,1.29596e-09,1.37088,1.72771,1.76163,1.6657,1.52101,1.4034,1.15929,0.889756,0.600398,0.217019,	
0.000176853,2.13362,2.37217,2.36028,2.27537,2.37684,2.57292,2.6021,2.70884,2.78707,2.55185,1.7328e-31,0.947554,1.65249,2.05381,2.39522,2.58913,2.72295,2.81768,2.94446,3.0177,2.84612,	0.0252577,3.49733,3.36542,3.21914,3.01482,2.79394,2.40876,2.03494,1.57827,0.986139,0.185069,6.69374e-10,1.37193,1.79175,1.78917,1.67567,1.52856,1.38583,1.16371,0.902856,0.561798,0.20718,	0.0304003,3.59061,3.39628,3.32243,3.11067,2.75164,2.40612,2.04464,1.59506,1.03348,0.195484,7.59355e-10,1.47105,1.74354,1.77235,1.62783,1.51361,1.29839,1.15085,0.908514,0.62278,0.21847,	
0.00013524,2.14765,2.37205,2.36854,2.37812,2.33452,2.49548,2.61553,2.65445,2.80112,2.52345,4.00225e-32,0.933604,1.62177,2.11945,2.42416,2.61103,2.63487,2.74346,2.96522,2.97213,2.98179,	0.022579,3.63646,3.4824,3.29754,2.97884,2.76429,2.38188,2.07408,1.57509,0.960322,0.188648,3.77575e-10,1.32832,1.76672,1.78421,1.58816,1.49437,1.30776,1.13348,0.901223,0.574174,0.196924,	0.0275597,3.47462,3.35287,3.38279,3.07248,2.79,2.45308,2.04765,1.59533,0.966511,0.182798,4.61264e-10,1.33811,1.8121,1.78156,1.70415,1.60829,1.38924,1.23052,0.882079,0.591423,0.206525,	
0.000105088,2.15628,2.33425,2.37263,2.2965,2.38915,2.47773,2.63081,2.74543,2.8061,2.59045,9.5832e-33,0.974927,1.65458,2.09546,2.34856,2.51984,2.76556,2.92887,3.03399,3.10405,3.10186,	0.0198239,3.61641,3.43996,3.28401,3.12314,2.81765,2.46495,2.08156,1.6145,0.98529,0.184442,2.13407e-10,1.37332,1.81924,1.8136,1.61422,1.60442,1.32511,1.14488,0.916589,0.571714,0.193407,	0.0241969,3.57557,3.4238,3.29044,3.06556,2.72678,2.45451,2.06793,1.62476,1.00084,0.186355,2.8301e-10,1.47391,1.77587,1.79923,1.65269,1.55036,1.3907,1.15499,0.969952,0.596919,0.203899,	
8.11697e-05,2.13923,2.32714,2.33152,2.322,2.36509,2.4866,2.64547,2.68754,2.71507,2.47037,2.11806e-33,0.989019,1.64307,2.1322,2.47058,2.59469,2.6965,2.83412,2.82398,2.88927,2.95197,	0.017545,3.6091,3.49755,3.25168,3.00617,2.78294,2.42697,1.99785,1.52929,0.944923,0.181806,1.1473e-10,1.42079,1.82911,1.78794,1.62833,1.46255,1.25828,1.15947,0.866792,0.57946,0.206706,	0.0218483,3.56771,3.59649,3.25847,2.97965,2.72657,2.44857,2.00424,1.60365,1.00002,0.188591,1.55849e-10,1.47086,1.72612,1.7496,1.60271,1.53109,1.37203,1.1505,0.883002,0.584305,0.203772,	
6.29467e-05,2.13539,2.30963,2.3088,2.29438,2.38168,2.48184,2.69589,2.71547,2.76792,2.47436,5.03115e-34,0.969498,1.66327,2.05829,2.36895,2.53821,2.7632,2.87264,2.9835,3.1272,3.09672,	0.0157156,3.54795,3.42546,3.36994,3.097,2.79799,2.44544,2.0608,1.63106,0.999695,0.195016,6.48455e-11,1.42926,1.73802,1.7634,1.60614,1.59604,1.38785,1.1608,0.92112,0.578819,0.209986,	0.0194142,3.54198,3.48033,3.2493,3.00133,2.76204,2.46733,2.09979,1.65502,0.963156,0.185971,9.16846e-11,1.42697,1.80487,1.65528,1.67157,1.4943,1.41033,1.14063,0.881881,0.605688,0.217056,	
4.89126e-05,2.1629,2.31479,2.32541,2.28569,2.31703,2.44467,2.62671,2.72791,2.75558,2.47333,1.31562e-34,0.981788,1.62237,2.11557,2.3425,2.50532,2.6745,2.85705,2.8796,2.92812,3.02009,	0.0140208,3.48203,3.43814,3.33186,3.05064,2.73565,2.42669,2.0134,1.55982,0.997354,0.191896,3.73172e-11,1.37552,1.79725,1.75586,1.62566,1.50395,1.35292,1.13565,0.91438,0.582002,0.210882,	0.0171823,3.56075,3.38701,3.17202,3.04919,2.74051,2.43122,2.02763,1.55461,0.957696,0.198831,4.94884e-11,1.46712,1.75112,1.73708,1.60275,1.5511,1.40819,1.1613,0.859363,0.551363,0.20422,	
3.67357e-05,2.11779,2.33113,2.30308,2.28182,2.35787,2.49705,2.59477,2.67758,2.77534,2.52323,3.23325e-35,0.982483,1.62497,1.97196,2.30301,2.51428,2.81067,2.84272,2.8419,2.97198,2.92298,	0.0125841,3.46711,3.41682,3.19818,2.98211,2.63175,2.40794,2.03019,1.5803,0.97205,0.184796,2.08817e-11,1.4118,1.78695,1.73614,1.5908,1.55853,1.25609,1.14065,0.892398,0.593324,0.217504,	0.0155146,3.58828,3.4329,3.22139,3.05759,2.81302,2.37122,1.99583,1.54444,0.976283,0.193129,3.09158e-11,1.4936,1.79219,1.76229,1.68816,1.51589,1.36316,1.07594,0.875278,0.573694,0.205727,	
2.95929e-05,2.08725,2.28699,2.28022,2.21786,2.37032,2.51539,2.59952,2.64752,2.77733,2.48325,8.18825e-36,0.971787,1.65286,2.03495,2.36936,2.59821,2.68847,2.82303,2.87702,2.95848,3.06589,	0.0112045,3.57301,3.42964,3.18624,3.01494,2.75421,2.4558,2.0239,1.56869,0.962257,0.198024,1.1969e-11,1.38616,1.67483,1.66055,1.55076,1.50054,1.33368,1.15275,0.867867,0.557779,0.213763,	0.013897,3.58201,3.46405,3.25744,3.00559,2.69039,2.47262,2.0366,1.55418,1.00735,0.188531,1.92362e-11,1.49421,1.83062,1.76449,1.66985,1.52022,1.37883,1.11014,0.93953,0.59482,0.20799,	
2.30873e-05,2.09581,2.31418,2.36133,2.2978,2.29402,2.42595,2.53857,2.6018,2.70768,2.47183,2.06954e-36,0.979458,1.62287,2.08494,2.36042,2.50963,2.60772,2.78671,2.87798,2.91522,2.88231,	0.0100363,3.62932,3.39067,3.13183,3.00396,2.68491,2.35387,2.01011,1.59601,0.989135,0.187058,6.61755e-12,1.39154,1.70569,1.63703,1.55497,1.48963,1.30665,1.14093,0.915019,0.581199,0.207698,	0.0121525,3.56245,3.40201,3.14211,2.90813,2.76739,2.44403,2.06798,1.60715,0.978783,0.194995,1.1159e-11,1.4911,1.74484,1.76852,1.60197,1.49924,1.348,1.1121,0.928107,0.588194,0.206214,	
1.7655e-05,2.09815,2.23877,2.29489,2.27518,2.35327,2.42039,2.60826,2.64002,2.64712,2.44223,5.3471e-37,1.00605,1.67633,2.09986,2.3556,2.57731,2.6372,2.79923,2.7656,2.81213,3.00444,	0.00886475,3.47216,3.43456,3.2075,2.90148,2.67854,2.414,2.07198,1.65379,0.998085,0.185945,3.77033e-12,1.37332,1.74943,1.66472,1.61958,1.50917,1.33515,1.08852,0.907321,0.594123,0.21167,	0.0108854,3.50012,3.26854,3.16017,2.99503,2.7234,2.41415,2.05592,1.61303,1.01335,0.188171,6.16973e-12,1.36093,1.63191,1.74311,1.61329,1.47809,1.36045,1.13556,0.907773,0.579317,0.207301,	
1.36093e-05,2.08445,2.24901,2.2776,2.26254,2.3622,2.51043,2.5969,2.69777,2.67891,2.42962,1.38987e-37,1.00273,1.62787,2.11785,2.42251,2.66535,2.73792,2.85135,3.00382,2.98583,2.90299,	0.00797233,3.45499,3.37573,3.16048,3.02692,2.82169,2.55489,2.18333,1.61943,0.998281,0.189275,2.23589e-12,1.39984,1.78077,1.58791,1.64538,1.49035,1.37916,1.21281,0.95748,0.603859,0.20519,	0.00977001,3.43653,3.29886,3.16323,2.96451,2.72089,2.48563,2.14652,1.62381,0.984347,0.196417,3.35699e-12,1.33258,1.63028,1.61268,1.55661,1.49503,1.38355,1.18211,0.86442,0.585992,0.206021,	
1.05963e-05,2.14277,2.29801,2.31551,2.29486,2.38262,2.506,2.671,2.69413,2.73883,2.45725,3.56953e-38,0.978712,1.61914,2.04068,2.27783,2.49006,2.63208,2.8193,2.90933,2.91846,2.96226,	0.00708414,3.52618,3.51115,3.31264,3.12327,2.79227,2.45365,2.04984,1.60299,1.00901,0.192573,1.32328e-12,1.37126,1.78085,1.68827,1.65043,1.46495,1.34046,1.17547,0.937791,0.609653,0.211611,	0.00871638,3.39143,3.28043,3.15179,3.01111,2.65523,2.4109,2.01946,1.6018,0.96946,0.184355,1.9749e-12,1.36494,1.6982,1.74611,1.60068,1.47819,1.31195,1.17941,0.873512,0.59661,0.219999,	
8.41718e-06,2.13699,2.31326,2.31897,2.24993,2.36629,2.52226,2.52225,2.57091,2.71881,2.48134,9.02178e-39,0.991754,1.57491,2.02437,2.40195,2.5475,2.69236,2.76774,2.74923,2.79798,2.92038,	0.00625721,3.67749,3.43798,3.18273,2.96393,2.67676,2.39033,2.04556,1.57579,0.994004,0.192655,7.84736e-13,1.41535,1.74676,1.67351,1.69578,1.53689,1.37243,1.12096,0.913799,0.607864,0.205241,	0.00791775,3.49773,3.43551,3.28812,2.99715,2.65379,2.30204,2.00666,1.55896,0.970452,0.182293,1.18531e-12,1.41717,1.69604,1.64527,1.61237,1.36635,1.2744,1.12541,0.919238,0.596915,0.202028,	
6.91121e-06,2.11,2.27763,2.29865,2.27407,2.38965,2.46972,2.62534,2.62967,2.74767,2.46073,2.77983e-39,0.979806,1.63337,2.07773,2.32939,2.53781,2.68278,2.84242,2.84432,2.95927,3.00428,	0.00563914,3.54854,3.41385,3.15258,2.96477,2.71404,2.44738,2.0189,1.62378,1.0013,0.184166,4.58722e-13,1.40323,1.7013,1.70122,1.58367,1.50852,1.33397,1.1387,0.903125,0.567895,0.207584,	0.00699428,3.53685,3.46549,3.23421,3.00156,2.79372,2.36197,2.02136,1.5511,0.979591,0.186397,7.47543e-13,1.45044,1.81395,1.72091,1.63895,1.47252,1.32841,1.1012,0.906573,0.554359,0.201933,	
5.75854e-06,2.12299,2.31342,2.3321,2.31689,2.34361,2.49376,2.63665,2.69729,2.71342,2.47875,1.1018e-39,0.974598,1.67177,2.06414,2.38315,2.54255,2.6832,2.80837,2.9526,3.00418,3.01501,	0.00518644,3.58946,3.45786,3.21322,3.04127,2.81293,2.49559,2.06279,1.59505,0.969842,0.189059,3.20126e-13,1.45919,1.68587,1.77439,1.57519,1.51615,1.3545,1.11111,0.902808,0.578051,0.201351,	0.00644564,3.57565,3.39307,3.23803,2.95372,2.7427,2.3939,2.0787,1.58829,0.960966,0.180866,4.98633e-13,1.42211,1.82979,1.70685,1.64808,1.52092,1.33391,1.10097,0.87441,0.575972,0.194565,	
4.9426e-06,2.08305,2.2923,2.28482,2.28244,2.35783,2.51287,2.60951,2.69719,2.74022,2.39555,4.77141e-40,0.981555,1.62994,2.09201,2.37172,2.54271,2.70936,2.85035,2.92376,2.97339,2.85513,	0.00476627,3.54707,3.47105,3.21951,3.03672,2.77507,2.43912,2.07126,1.62713,0.97909,0.188952,2.30072e-13,1.30814,1.67211,1.71483,1.68557,1.49389,1.36958,1.14347,0.878966,0.56563,0.208627,	0.00594572,3.5078,3.40591,3.23182,2.94382,2.72885,2.39791,2.04856,1.586,0.941971,0.176431,3.45774e-13,1.4543,1.77955,1.72389,1.62649,1.48977,1.32716,1.09658,0.914357,0.578214,0.184597,	
4.32915e-06,2.07964,2.26328,2.26635,2.25012,2.34805,2.46884,2.56753,2.66589,2.73122,2.44201,2.43353e-40,0.985962,1.64388,2.05667,2.31694,2.53734,2.65508,2.77941,2.84158,2.90727,2.92969,	0.00451669,3.55158,3.46712,3.26152,2.98005,2.72145,2.35389,2.06722,1.57504,0.987201,0.188332,1.75756e-13,1.39492,1.68158,1.70144,1.65412,1.5041,1.29464,1.1578,0.882759,0.565128,0.208283,	0.00559366,3.42091,3.40716,3.2216,2.98965,2.69617,2.44478,2.07326,1.54589,0.970996,0.179137,2.60275e-13,1.36915,1.69255,1.73888,1.62338,1.45672,1.34785,1.14928,0.890129,0.569816,0.190383,	
3.8101e-06,2.1006,2.29637,2.28482,2.28397,2.33437,2.44736,2.56095,2.67417,2.72591,2.52576,1.28845e-40,0.946956,1.64833,2.08219,2.34846,2.52418,2.63322,2.80731,2.9304,2.90319,2.95109,	0.00428989,3.51827,3.41655,3.16803,2.97332,2.77081,2.45498,2.09092,1.60185,0.956622,0.185765,1.34731e-13,1.31376,1.73431,1.72024,1.66567,1.53295,1.31346,1.14989,0.869358,0.577668,0.198243,	0.00530271,3.41809,3.35978,3.23907,3.04138,2.76245,2.45371,2.0534,1.57579,0.971319,0.182399,1.99008e-13,1.37303,1.70192,1.69063,1.659,1.50631,1.36477,1.15998,0.891054,0.593501,0.203544,	
3.43637e-06,2.09524,2.26649,2.28942,2.27253,2.35686,2.49598,2.59458,2.65561,2.69547,2.44317,7.30192e-41,0.964602,1.59643,2.05261,2.35256,2.5765,2.74555,2.82188,2.91367,2.9734,2.96131,	0.00408834,3.49662,3.42163,3.20545,3.03225,2.77584,2.46395,2.05276,1.55343,0.9649,0.187122,1.08405e-13,1.33801,1.75751,1.71574,1.65051,1.52315,1.36237,1.17193,0.888165,0.573319,0.212536,	0.00507685,3.42421,3.35943,3.25024,2.99295,2.72507,2.47782,2.05547,1.59364,1.00035,0.193504,1.57754e-13,1.30257,1.7172,1.76843,1.61021,1.48695,1.36888,1.10349,0.901457,0.571853,0.20755,	
3.05416e-06,2.073,2.29437,2.29566,2.27416,2.35029,2.48804,2.61499,2.68523,2.75326,2.46391,4.34666e-41,0.964607,1.59667,2.02943,2.31466,2.54093,2.70082,2.8075,2.93438,2.96728,2.97448,	0.00393064,3.51348,3.36662,3.21978,3.01706,2.75844,2.4258,2.05265,1.58337,0.987225,0.194261,8.668e-14,1.34316,1.70305,1.72977,1.579,1.5585,1.34672,1.14499,0.871181,0.56293,0.207345,	0.00482305,3.42989,3.38905,3.25862,3.01877,2.77599,2.43775,2.03822,1.59088,0.987624,0.185362,1.26044e-13,1.34651,1.73525,1.75994,1.58365,1.50792,1.38157,1.14588,0.906806,0.572685,0.200623,	
2.77091e-06,2.09436,2.31678,2.33141,2.2706,2.3562,2.45256,2.57918,2.71197,2.76994,2.48993,2.62896e-41,0.97023,1.59428,2.01812,2.32853,2.53861,2.62989,2.72919,2.89004,3.03574,3.04288,	0.00376974,3.57034,3.36994,3.23668,2.98607,2.77294,2.41766,1.99794,1.58825,0.995215,0.192464,6.97331e-14,1.36897,1.67941,1.71909,1.57671,1.51613,1.3492,1.16157,0.884251,0.588122,0.197005,	0.00460969,3.44767,3.38209,3.25091,3.03368,2.77852,2.43239,2.01142,1.56594,0.983889,0.18671,1.03937e-13,1.37107,1.72196,1.79016,1.61574,1.499,1.3929,1.1526,0.897777,0.581819,0.202859,	
2.52271e-06,2.10776,2.29726,2.29956,2.2721,2.36583,2.46899,2.56625,2.6981,2.75093,2.41528,1.6656e-41,0.973848,1.6068,2.03835,2.34405,2.55168,2.71893,2.77782,2.93422,3.01785,2.95964,	0.00362456,3.54966,3.35212,3.25074,3.01353,2.73787,2.46862,2.02969,1.57203,1.00449,0.187701,5.7551e-14,1.34253,1.7433,1.72683,1.59031,1.50707,1.34606,1.14566,0.903238,0.583608,0.213441,	0.00442054,3.45117,3.38283,3.25358,3.00756,2.77686,2.39958,2.05784,1.58199,0.986021,0.188256,8.43011e-14,1.37234,1.67436,1.75291,1.66419,1.50197,1.36338,1.15781,0.875768,0.565555,0.208604,	
2.31607e-06,2.11355,2.29404,2.32812,2.30483,2.34405,2.49898,2.5869,2.73102,2.77713,2.48125,1.09475e-41,0.990578,1.62879,2.05705,2.35913,2.58772,2.67201,2.80669,2.92105,3.01904,2.96744,	0.00350432,3.53652,3.37241,3.23697,2.96675,2.75432,2.43584,2.0654,1.57836,0.998733,0.188973,4.7923e-14,1.38309,1.75275,1.75526,1.59172,1.48852,1.3533,1.15557,0.909548,0.593996,0.203389,	0.0042849,3.44245,3.35039,3.24481,3.01724,2.81136,2.46094,2.08337,1.60745,0.981413,0.19477,6.96071e-14,1.38259,1.71536,1.75039,1.66424,1.49555,1.38222,1.17041,0.887255,0.576829,0.212181,	
2.14684e-06,2.14063,2.32249,2.3329,2.3103,2.35837,2.49946,2.61169,2.73303,2.76061,2.51683,7.22961e-42,1.01568,1.62442,2.07637,2.38509,2.56558,2.692,2.8243,2.94315,3.01651,3.02982,	0.00340068,3.55022,3.42072,3.2451,2.99763,2.75402,2.4527,2.05882,1.6088,0.999132,0.194142,4.0951e-14,1.41602,1.75096,1.78538,1.639,1.52577,1.34072,1.14244,0.911558,0.596035,0.215556,	0.00411201,3.48713,3.35733,3.24302,3.05458,2.84826,2.45474,2.09462,1.61351,0.998146,0.192654,5.89718e-14,1.3422,1.74831,1.71597,1.67725,1.49537,1.35709,1.14621,0.911843,0.572708,0.211043,	
2.01084e-06,2.16032,2.31194,2.34084,2.30084,2.36157,2.49415,2.60564,2.69929,2.74842,2.45945,4.82724e-42,1.00862,1.65587,2.10888,2.37992,2.59911,2.71198,2.82964,2.89869,2.91556,2.92236,	0.00328007,3.54467,3.40448,3.2016,3.03035,2.78627,2.46396,2.06395,1.60412,1.00247,0.192015,3.49824e-14,1.39471,1.69859,1.73458,1.61511,1.53783,1.34024,1.13579,0.905998,0.603004,0.204613,	0.00397513,3.44602,3.37701,3.25475,3.08529,2.77034,2.40478,2.05922,1.61008,0.96473,0.187846,5.07085e-14,1.38807,1.74006,1.72985,1.69037,1.51348,1.32944,1.15673,0.908043,0.586973,0.200978,	
1.83467e-06,2.1082,2.30776,2.31888,2.27687,2.38029,2.51443,2.61568,2.69563,2.74021,2.4628,3.35938e-42,1.01571,1.6561,2.10183,2.39193,2.5548,2.71756,2.87917,2.90352,2.96214,2.93114,	0.00316365,3.52047,3.3356,3.23417,3.02368,2.77012,2.46379,2.08647,1.60831,0.973918,0.191931,2.99862e-14,1.36634,1.68893,1.72767,1.61178,1.52585,1.37533,1.15333,0.891128,0.578795,0.210142,	0.00386199,3.48658,3.40313,3.26846,3.07322,2.74399,2.45084,2.06935,1.57868,0.970202,0.19195,4.37394e-14,1.40242,1.74743,1.73698,1.67266,1.5208,1.34506,1.16225,0.908555,0.592915,0.202701,	
1.70871e-06,2.09649,2.30396,2.30036,2.28523,2.37571,2.48931,2.61624,2.70709,2.72302,2.43999,2.3667e-42,0.994369,1.66352,2.06453,2.36775,2.5687,2.72376,2.83967,2.92619,2.91835,2.95295,	0.00305779,3.51186,3.3267,3.24832,3.00674,2.76254,2.44163,2.07173,1.59332,0.983032,0.189932,2.56696e-14,1.36942,1.69818,1.77392,1.61432,1.49928,1.33369,1.14379,0.891602,0.586261,0.208254,	0.00373253,3.49589,3.42393,3.32547,3.04043,2.75874,2.43114,2.06041,1.57984,0.965935,0.186687,3.75852e-14,1.34828,1.73271,1.73437,1.64661,1.51666,1.32957,1.17823,0.877623,0.590021,0.200567,	
1.59674e-06,2.09886,2.2974,2.29566,2.29933,2.37568,2.49931,2.61766,2.72427,2.7402,2.50001,1.69326e-42,1.01113,1.65048,2.07528,2.34866,2.5288,2.70251,2.81309,2.91941,2.99126,2.9936,	0.00296702,3.50059,3.33324,3.23601,3.02843,2.75815,2.4482,2.0604,1.60872,0.984916,0.187531,2.2176e-14,1.36172,1.68457,1.73584,1.66862,1.50161,1.34878,1.15646,0.906546,0.57888,0.206819,	0.00362578,3.51295,3.45589,3.32457,3.01584,2.7798,2.44345,2.04885,1.5814,0.984377,0.191923,3.3043e-14,1.34531,1.73308,1.75844,1.63422,1.54347,1.33756,1.16221,0.874909,0.585673,0.209717,	
1.50632e-06,2.13806,2.31702,2.33028,2.30731,2.33012,2.46505,2.57855,2.6808,2.76023,2.51169,1.24707e-42,1.00871,1.6432,2.08036,2.37366,2.50859,2.63826,2.74842,2.88487,2.97075,2.96339,	0.00289672,3.46534,3.3339,3.24751,3.03977,2.75568,2.44305,2.0766,1.59458,0.972545,0.188033,1.93812e-14,1.35288,1.72727,1.73696,1.64072,1.52641,1.33027,1.17322,0.911658,0.579317,0.205535,	0.00352946,3.47992,3.41371,3.25909,2.99893,2.73124,2.42665,2.03683,1.5997,1.00296,0.193988,2.88553e-14,1.38369,1.71433,1.72084,1.63139,1.52981,1.35522,1.15749,0.900983,0.600024,0.209775,	
1.41357e-06,2.14066,2.32466,2.32232,2.31932,2.33093,2.4624,2.59185,2.68222,2.72841,2.47519,9.00022e-43,1.00467,1.64861,2.09527,2.37282,2.53265,2.69329,2.82234,2.89876,2.93205,2.96823,	0.00281305,3.4855,3.37603,3.28563,3.02737,2.79468,2.44977,2.04406,1.57005,0.991238,0.18562,1.68912e-14,1.32703,1.72711,1.75612,1.65234,1.51508,1.34117,1.15646,0.898299,0.581004,0.2041,	0.00343118,3.50129,3.43875,3.2573,3.01949,2.72626,2.41974,2.0683,1.60066,0.989126,0.191633,2.55862e-14,1.36956,1.70052,1.75236,1.64309,1.49405,1.35147,1.14343,0.893563,0.589217,0.20291,	
1.32942e-06,2.13947,2.34135,2.34297,2.31382,2.34345,2.48461,2.60339,2.67428,2.73944,2.48294,6.67317e-43,0.998607,1.65371,2.05529,2.39096,2.54574,2.70591,2.82312,2.87496,2.95442,3.0065,	0.00274498,3.47715,3.43167,3.28462,3.06732,2.7757,2.43028,2.03125,1.57609,0.984089,0.189027,1.49353e-14,1.31074,1.70474,1.74099,1.65661,1.50836,1.35546,1.16352,0.891781,0.582448,0.207817,	0.00334807,3.53017,3.44616,3.2436,3.0478,2.76985,2.4173,2.06993,1.59804,0.978727,0.193582,2.26745e-14,1.38423,1.76668,1.73776,1.64545,1.50131,1.36242,1.13675,0.902707,0.589474,0.208848,	
1.24906e-06,2.11728,2.32772,2.34381,2.31581,2.35903,2.4721,2.60116,2.68566,2.71043,2.46211,5.0316e-43,1.00883,1.67344,2.08749,2.35877,2.539,2.68964,2.81382,2.87576,2.9102,2.94484,	0.00266789,3.48999,3.46189,3.22777,3.03207,2.78138,2.39959,2.05277,1.57728,0.975896,0.1872,1.30414e-14,1.33813,1.69817,1.74402,1.66683,1.50373,1.34996,1.16309,0.902352,0.585041,0.206727,	0.00327106,3.49475,3.44322,3.26609,3.01079,2.71883,2.43515,2.04642,1.59576,0.97806,0.194757,1.99309e-14,1.35575,1.7619,1.73477,1.63701,1.50425,1.34737,1.14415,0.908176,0.589777,0.202824,	
1.17794e-06,2.11888,2.32015,2.33257,2.29483,2.34493,2.48802,2.6021,2.67982,2.72898,2.45607,3.85382e-43,0.996115,1.65477,2.0999,2.33862,2.50351,2.71697,2.8022,2.90425,2.96589,2.96043,	0.00260291,3.54253,3.4285,3.24158,3.06056,2.73504,2.4073,2.05765,1.58252,0.979549,0.189406,1.17724e-14,1.39782,1.75675,1.72077,1.67399,1.53646,1.3287,1.14336,0.890617,0.593551,0.20613,	0.00318319,3.53744,3.40037,3.24281,3.00732,2.73883,2.4449,2.04489,1.56673,0.983935,0.188761,1.75739e-14,1.34177,1.72829,1.73052,1.63402,1.49201,1.3411,1.13139,0.889902,0.598183,0.206971,	
1.11293e-06,2.10595,2.31013,2.32755,2.28512,2.34189,2.47144,2.61118,2.67834,2.72831,2.4357,2.8878e-43,0.993833,1.65607,2.09015,2.36388,2.54507,2.71112,2.80731,2.88433,2.92262,2.92237,	0.00255727,3.51546,3.45189,3.25103,3.02383,2.74839,2.43723,2.05083,1.57863,0.983886,0.191725,1.0556e-14,1.36892,1.75346,1.75263,1.63794,1.5315,1.31854,1.1471,0.870856,0.581775,0.210972,	0.00310815,3.51696,3.39327,3.2037,2.98516,2.74454,2.45118,2.03652,1.56896,0.971454,0.190665,1.57524e-14,1.36957,1.73575,1.73114,1.60886,1.51945,1.34517,1.13103,0.891625,0.583991,0.207911,	
1.05035e-06,2.0932,2.29035,2.2959,2.26389,2.34825,2.47564,2.60252,2.67999,2.72923,2.39566,2.23958e-43,0.988892,1.64849,2.05282,2.36974,2.55679,2.6618,2.806,2.87438,2.94647,2.89513,	0.00248672,3.53861,3.43983,3.24572,3.03628,2.75383,2.42577,2.06099,1.5616,0.986608,0.191609,9.37914e-15,1.32933,1.71486,1.71711,1.62996,1.52515,1.32847,1.12412,0.860538,0.582677,0.209194,	0.00304301,3.50305,3.3932,3.18265,2.95569,2.75065,2.42374,2.03454,1.57873,0.978846,0.191738,1.41433e-14,1.35917,1.71948,1.71677,1.6262,1.51664,1.37176,1.13284,0.892014,0.595294,0.210266,	
9.9834e-07,2.08954,2.28103,2.27,2.25844,2.3357,2.48013,2.5931,2.67624,2.71606,2.45264,1.77739e-43,0.99497,1.64455,2.04558,2.35296,2.54962,2.69335,2.80302,2.89657,2.9795,2.95419,	0.00243712,3.53956,3.41818,3.23949,3.02568,2.7625,2.41872,2.0643,1.58935,0.981876,0.191315,8.39162e-15,1.38967,1.7222,1.6922,1.65664,1.49778,1.33921,1.13104,0.853822,0.582155,0.210562,	0.00297183,3.52516,3.36688,3.18845,2.99612,2.73639,2.44544,2.05938,1.60093,1.00184,0.19266,1.26295e-14,1.37274,1.70649,1.70007,1.62372,1.48852,1.35063,1.14413,0.886193,0.601776,0.207413,	
9.54253e-07,2.11036,2.29083,2.29305,2.28185,2.35323,2.49188,2.57957,2.66873,2.74317,2.47533,1.39581e-43,0.993039,1.63729,2.05538,2.34662,2.55378,2.69593,2.79074,2.89704,3.0319,3.00821,	0.00238347,3.55884,3.43165,3.26293,3.02013,2.76926,2.43678,2.0754,1.58586,0.987931,0.188409,7.54843e-15,1.37658,1.70989,1.68688,1.62519,1.50238,1.33432,1.17284,0.863477,0.576336,0.202166,	0.00290419,3.52751,3.37828,3.20098,2.97664,2.76853,2.48375,2.05965,1.61792,1.00316,0.190666,1.1377e-14,1.41698,1.71826,1.7007,1.62206,1.51534,1.35113,1.14473,0.892604,0.59759,0.207963,	
9.08837e-07,2.12494,2.31218,2.31259,2.3025,2.34152,2.48125,2.56696,2.67066,2.74886,2.4845,1.09938e-43,0.988132,1.66379,2.0934,2.33868,2.5468,2.67395,2.77507,2.90249,2.9848,2.98231,	0.00233759,3.53278,3.39928,3.24012,3.02857,2.75139,2.42557,2.05362,1.6022,0.986453,0.185689,6.79877e-15,1.37801,1.7083,1.71058,1.64601,1.50066,1.34138,1.17411,0.884043,0.572794,0.20408,	0.00285346,3.52821,3.40185,3.22695,3.02754,2.77849,2.43882,2.05576,1.61576,1.00062,0.192048,1.03194e-14,1.41133,1.72799,1.69955,1.63169,1.53195,1.33717,1.14256,0.886177,0.604995,0.205538,	
8.62952e-07,2.12478,2.31236,2.30703,2.30686,2.34358,2.46283,2.55192,2.66664,2.74125,2.48184,8.79713e-44,0.981396,1.6572,2.10282,2.38,2.54098,2.71216,2.77493,2.87114,2.94196,2.97968,	0.00228391,3.53425,3.40656,3.24218,3.00814,2.74637,2.44277,2.06482,1.59854,0.987932,0.187501,6.13569e-15,1.36721,1.70247,1.70816,1.62687,1.48982,1.33808,1.16264,0.893398,0.580374,0.200855,	0.00280093,3.5361,3.42827,3.21186,3.03987,2.75474,2.42638,2.04753,1.59539,1.0021,0.195632,9.32604e-15,1.40948,1.71742,1.70981,1.62424,1.53605,1.36033,1.14936,0.893774,0.595159,0.207952,	
8.20136e-07,2.11754,2.30528,2.3078,2.30447,2.35917,2.46642,2.56296,2.6759,2.72732,2.4341,7.11826e-44,0.978857,1.62935,2.08597,2.35856,2.51305,2.72465,2.81221,2.85439,2.92546,2.94108,	0.00223036,3.54207,3.41903,3.23689,2.9942,2.74597,2.45008,2.03125,1.59105,0.999849,0.186149,5.5614e-15,1.37593,1.70299,1.68392,1.63198,1.4706,1.33899,1.15054,0.908701,0.576024,0.197707,	0.00274199,3.49245,3.39417,3.22156,3.02961,2.76039,2.43791,2.05019,1.58023,0.995822,0.188379,8.42683e-15,1.40001,1.73208,1.72406,1.64045,1.54004,1.32937,1.14363,0.899541,0.591337,0.201739,	
7.84119e-07,2.10566,2.28999,2.30369,2.30102,2.36328,2.48378,2.57581,2.68121,2.71488,2.46066,5.73622e-44,0.975583,1.62651,2.06684,2.34984,2.56247,2.71648,2.83407,2.91793,2.97984,2.94029,	0.00218537,3.54964,3.42143,3.24842,3.02302,2.7374,2.4532,2.04401,1.59621,0.995999,0.19071,5.05834e-15,1.36804,1.73276,1.71768,1.64538,1.48906,1.3424,1.15266,0.905113,0.585093,0.202388,	0.00268482,3.485,3.40397,3.24796,3.02037,2.78126,2.45743,2.04313,1.5833,0.988006,0.189319,7.6745e-15,1.38717,1.72757,1.72636,1.63878,1.52497,1.33787,1.13289,0.906465,0.583172,0.206392,	
7.50488e-07,2.10448,2.29566,2.3064,2.30431,2.3387,2.49448,2.60566,2.69302,2.73507,2.4854,4.61669e-44,0.984512,1.61544,2.05662,2.36103,2.52568,2.70151,2.85967,2.9721,2.98851,2.95708,	0.00214156,3.54932,3.43795,3.24246,3.02707,2.76197,2.46529,2.06104,1.58819,0.983467,0.192727,4.63694e-15,1.38822,1.73596,1.71911,1.65719,1.49624,1.33537,1.15225,0.900613,0.587317,0.205986,	0.00263881,3.47652,3.40901,3.27174,3.01956,2.78974,2.45071,2.04572,1.58452,0.988923,0.1896,7.02352e-15,1.36847,1.71171,1.74359,1.64248,1.53152,1.35986,1.12652,0.895061,0.581449,0.212103,	
7.19054e-07,2.10131,2.29928,2.32074,2.31006,2.33865,2.47293,2.612,2.7157,2.75547,2.47124,3.8077e-44,0.987487,1.61221,2.04493,2.35498,2.51759,2.65739,2.8308,2.93386,3.00454,2.9348,	0.00209622,3.53477,3.44018,3.27373,3.03233,2.7527,2.4456,2.06811,1.58913,0.990491,0.192681,4.22884e-15,1.37996,1.72215,1.71886,1.64478,1.48656,1.33046,1.15323,0.900758,0.587701,0.205288,	0.00258379,3.48557,3.40813,3.24051,3.01697,2.76645,2.4307,2.0364,1.59069,0.981821,0.192596,6.39512e-15,1.35618,1.71988,1.74257,1.65057,1.55062,1.36977,1.14294,0.896755,0.584661,0.20698,	
6.87852e-07,2.11291,2.29951,2.32191,2.31076,2.33309,2.45743,2.60441,2.71593,2.76676,2.46745,3.11996e-44,0.984183,1.60324,2.05844,2.35668,2.52238,2.64683,2.78204,2.91337,2.97083,2.96989,	0.00206717,3.54834,3.46614,3.22908,2.99462,2.75414,2.47028,2.05554,1.56231,0.989034,0.191443,3.8953e-15,1.36015,1.7294,1.72476,1.66246,1.50585,1.34921,1.15771,0.903072,0.584646,0.210256,	0.00254716,3.49286,3.42494,3.21866,3.0308,2.76452,2.40591,2.03341,1.59035,0.986991,0.190955,5.8646e-15,1.37313,1.70168,1.72062,1.64166,1.51752,1.36349,1.14652,0.897406,0.575021,0.207813,	
6.63318e-07,2.12259,2.30436,2.31318,2.30529,2.32769,2.46804,2.59471,2.70283,2.76042,2.48348,2.58584e-44,0.98006,1.60868,2.06723,2.37765,2.53997,2.68536,2.81137,2.91196,2.96782,2.9815,	0.00203155,3.574,3.47438,3.2253,3.00163,2.79036,2.47659,2.03302,1.57907,0.98604,0.188665,3.57441e-15,1.36385,1.77568,1.74636,1.63219,1.53376,1.37367,1.15614,0.891718,0.582724,0.207202,	0.00250638,3.49949,3.41713,3.26255,3.02973,2.7472,2.40022,2.03351,1.59463,0.99869,0.193104,5.3365e-15,1.35472,1.68753,1.71235,1.62995,1.51644,1.3586,1.13706,0.885513,0.581491,0.206686,	
6.39367e-07,2.12448,2.30302,2.31721,2.29993,2.33646,2.48202,2.57877,2.69682,2.75474,2.46475,2.13981e-44,0.993855,1.62455,2.06429,2.35831,2.53403,2.68084,2.78325,2.91329,2.96969,2.99003,	0.00200458,3.5697,3.45451,3.21881,3.02572,2.79697,2.44693,2.03643,1.59063,0.99997,0.188575,3.3019e-15,1.36391,1.74877,1.74922,1.64976,1.5446,1.36975,1.15904,0.894463,0.582854,0.206045,	0.00246035,3.49966,3.42305,3.25227,3.00727,2.75703,2.3948,2.03845,1.57881,0.991024,0.19281,4.93092e-15,1.37957,1.71859,1.70698,1.59346,1.49595,1.33338,1.1378,0.883073,0.581938,0.208982,	
6.16371e-07,2.11794,2.31491,2.31469,2.30132,2.32711,2.48758,2.58098,2.69167,2.7464,2.48552,1.77442e-44,1.00172,1.63104,2.07891,2.35607,2.52372,2.70307,2.82691,2.90448,2.99814,2.98319,	0.00197028,3.57601,3.43225,3.18835,3.04355,2.79593,2.45946,2.06519,1.60028,0.990767,0.191242,3.01428e-15,1.37543,1.77784,1.73295,1.64377,1.52473,1.37157,1.16142,0.894802,0.586393,0.205598,	0.00241895,3.51768,3.4109,3.28211,2.98279,2.73668,2.38552,2.04523,1.60404,0.986476,0.192707,4.5516e-15,1.3799,1.73373,1.73058,1.59803,1.50122,1.32406,1.13615,0.898169,0.585037,0.209236,	
5.96369e-07,2.11722,2.31667,2.31374,2.31609,2.33344,2.49716,2.59408,2.67571,2.75425,2.47355,1.47088e-44,1.00003,1.64568,2.09549,2.3848,2.54536,2.69428,2.81669,2.89061,2.99829,2.96213,	0.00194059,3.58109,3.4199,3.20086,3.04256,2.80162,2.46423,2.05893,1.60165,0.996119,0.192637,2.76484e-15,1.38904,1.76226,1.7364,1.63968,1.5452,1.37055,1.16505,0.90961,0.590855,0.207696,	0.00236798,3.52213,3.40658,3.26615,3.00686,2.75489,2.3971,2.04819,1.60351,0.986931,0.194815,4.16664e-15,1.35193,1.75697,1.70511,1.59967,1.49631,1.32597,1.13063,0.89582,0.596059,0.205872,	
5.75232e-07,2.11366,2.30851,2.31056,2.31402,2.3372,2.49731,2.58815,2.66728,2.76045,2.46213,1.23501e-44,0.991128,1.65271,2.10375,2.38636,2.54221,2.69483,2.79454,2.88314,2.97467,2.96557,	0.00191245,3.58072,3.4134,3.22952,3.03787,2.79246,2.44953,2.06412,1.60846,0.997041,0.189006,2.56001e-15,1.41062,1.75757,1.74726,1.64682,1.53358,1.37373,1.15989,0.912707,0.599765,0.202828,	0.0023263,3.53215,3.4115,3.23248,3.01641,2.71766,2.43539,2.06082,1.59423,0.990197,0.193115,3.85795e-15,1.34936,1.7161,1.69672,1.60714,1.48871,1.31792,1.12823,0.886149,0.595911,0.206545,	
5.56508e-07,2.12685,2.29775,2.30803,2.31888,2.34073,2.48333,2.59795,2.6839,2.75503,2.45239,1.04151e-44,0.995578,1.64925,2.07141,2.38699,2.55318,2.65984,2.80074,2.91986,2.97585,2.97477,	0.00188001,3.56212,3.42632,3.23754,3.05236,2.7703,2.43012,2.07428,1.6023,0.997199,0.188742,2.37446e-15,1.42266,1.7642,1.74284,1.61396,1.52648,1.37174,1.16385,0.913662,0.600498,0.206026,	0.00228233,3.53326,3.3975,3.22759,3.00652,2.7275,2.43889,2.07661,1.60031,0.987414,0.197014,3.55821e-15,1.34306,1.71679,1.68435,1.6161,1.48811,1.32679,1.14486,0.892879,0.591909,0.210981,	
5.36629e-07,2.11935,2.29405,2.30393,2.31389,2.34584,2.48674,2.60176,2.67496,2.75935,2.4589,8.80613e-45,0.996764,1.65824,2.06791,2.37164,2.56785,2.68052,2.8074,2.92001,2.99236,2.93944,	0.0018502,3.56472,3.44641,3.22338,3.03434,2.74504,2.44204,2.07184,1.60143,0.988998,0.19052,2.20722e-15,1.43887,1.75282,1.76512,1.63402,1.53176,1.37093,1.15731,0.898668,0.593002,0.208638,	0.00224922,3.53787,3.3906,3.20563,3.00635,2.74395,2.45866,2.07612,1.61195,0.99321,0.194351,3.29584e-15,1.32591,1.71667,1.6932,1.60909,1.49791,1.34501,1.14381,0.896553,0.584667,0.209335,	
5.21031e-07,2.13369,2.29573,2.31194,2.31157,2.36135,2.48946,2.59668,2.6812,2.74785,2.46174,7.44046e-45,0.994024,1.65197,2.07765,2.36113,2.56598,2.70422,2.80843,2.91489,2.98266,2.94314,	0.00182485,3.56895,3.40638,3.21916,3.01771,2.74479,2.43928,2.07719,1.59712,0.989268,0.191076,2.05904e-15,1.43309,1.76707,1.76134,1.62894,1.50184,1.37612,1.17555,0.895121,0.587762,0.204386,	0.00221538,3.55542,3.41139,3.2246,3.03613,2.74849,2.46603,2.08165,1.58526,0.983947,0.193246,3.07446e-15,1.35781,1.72414,1.71541,1.62165,1.50359,1.34885,1.15192,0.900936,0.58838,0.206321,	
5.02936e-07,2.11729,2.29714,2.30521,2.31364,2.36035,2.48969,2.58778,2.68366,2.75543,2.44942,6.28818e-45,0.99969,1.64804,2.0902,2.36534,2.52169,2.67475,2.80713,2.90188,2.95611,2.95949,	0.00179552,3.56449,3.41192,3.20199,3.03436,2.75798,2.43692,2.06263,1.60354,0.984757,0.188784,1.91037e-15,1.44772,1.75222,1.74533,1.62902,1.48793,1.35965,1.16152,0.895098,0.588795,0.203206,	0.00217687,3.56325,3.4025,3.21674,3.01264,2.73835,2.46671,2.07114,1.59574,0.99019,0.190929,2.84036e-15,1.37128,1.72435,1.70662,1.6177,1.49744,1.3701,1.15398,0.895207,0.584618,0.208747,	
4.86907e-07,2.11845,2.29365,2.30693,2.3083,2.3605,2.47727,2.58789,2.67763,2.73693,2.44996,5.37996e-45,1.00856,1.6402,2.09291,2.37327,2.54553,2.66925,2.78425,2.90323,2.97203,2.98052,	0.00177033,3.56989,3.41893,3.21351,3.04718,2.74794,2.42502,2.07386,1.60111,0.982102,0.188451,1.77376e-15,1.42446,1.7591,1.72823,1.63209,1.48845,1.35342,1.15125,0.892315,0.592308,0.20241,	0.00214133,3.56686,3.4028,3.21794,2.98803,2.73692,2.46035,2.0791,1.60966,0.985795,0.18972,2.63459e-15,1.37489,1.73997,1.7062,1.64376,1.50513,1.3548,1.15576,0.896473,0.58062,0.208622,	
4.71394e-07,2.12217,2.30011,2.30447,2.30977,2.34726,2.46917,2.60709,2.67319,2.73187,2.44205,4.5986e-45,1.00189,1.63211,2.07789,2.36147,2.55691,2.68222,2.79969,2.88652,2.94077,2.93192,	0.00174059,3.5528,3.42676,3.22627,3.02114,2.73822,2.42422,2.06317,1.59305,0.976082,0.190439,1.64902e-15,1.42782,1.75761,1.73331,1.63051,1.48756,1.34304,1.15544,0.895618,0.588273,0.203034,	0.00210696,3.57784,3.39476,3.20935,2.97846,2.74836,2.47573,2.075,1.60366,0.979046,0.190059,2.43359e-15,1.38234,1.73082,1.71463,1.63371,1.50733,1.32603,1.14218,0.894472,0.579644,0.205147,	
4.55815e-07,2.12047,2.29517,2.30413,2.31338,2.33811,2.46728,2.60334,2.66882,2.7269,2.43591,3.96497e-45,0.989942,1.62926,2.05771,2.35811,2.55382,2.67441,2.81449,2.90648,2.94556,2.94211,	0.00171225,3.54898,3.42398,3.225,3.02128,2.74439,2.41327,2.05521,1.59227,0.982768,0.191012,1.52948e-15,1.41066,1.75363,1.71934,1.62054,1.51381,1.33854,1.15163,0.899259,0.593419,0.203818,	0.00207476,3.56848,3.38128,3.19713,3.00109,2.74603,2.46531,2.08554,1.59251,0.984202,0.191088,2.26343e-15,1.37561,1.71279,1.71522,1.62944,1.51615,1.32602,1.14029,0.892871,0.580759,0.205651,	
4.42751e-07,2.12429,2.29716,2.29483,2.30538,2.32941,2.4739,2.59379,2.66594,2.72729,2.41267,3.40735e-45,0.989453,1.62801,2.07587,2.36445,2.54095,2.68376,2.8014,2.90325,2.94544,2.92526,	0.00168648,3.54605,3.40884,3.22546,3.00753,2.73535,2.41109,2.05889,1.59335,0.988581,0.191647,1.41925e-15,1.36434,1.73552,1.71654,1.61376,1.50594,1.32858,1.14897,0.902631,0.589858,0.206577,	0.00204914,3.5492,3.38105,3.22622,3.02937,2.75926,2.44987,2.08689,1.58299,0.978466,0.190655,2.1208e-15,1.39827,1.70021,1.71162,1.63199,1.52202,1.328,1.15669,0.888187,0.588423,0.203246,	
4.27235e-07,2.10145,2.29344,2.28059,2.29744,2.3346,2.47369,2.59304,2.66651,2.73143,2.4192,2.91225e-45,0.988442,1.63249,2.08049,2.36663,2.55146,2.69347,2.80194,2.90926,2.96509,2.92722,	0.00166517,3.53993,3.39108,3.22358,3.01278,2.70819,2.41492,2.04118,1.58412,0.98728,0.191894,1.32594e-15,1.36389,1.73573,1.71555,1.63203,1.504,1.32665,1.13261,0.897617,0.597854,0.207211,	0.00202273,3.55113,3.3712,3.24368,3.0701,2.77056,2.44861,2.09409,1.59203,0.980287,0.189171,1.97354e-15,1.39207,1.7099,1.70981,1.63712,1.52019,1.34794,1.14161,0.885506,0.586839,0.203981,	
4.13176e-07,2.08957,2.28866,2.27553,2.29782,2.34383,2.46834,2.58981,2.67622,2.74661,2.42757,2.49927e-45,0.992825,1.63085,2.07373,2.37778,2.54835,2.6956,2.80149,2.91373,3.0064,2.91714,	0.00163972,3.54586,3.41705,3.2241,3.00468,2.71638,2.43777,2.05757,1.5975,0.980929,0.189931,1.24339e-15,1.38968,1.73161,1.72974,1.63187,1.48074,1.32846,1.1356,0.897451,0.590471,0.202708,	0.00199322,3.54124,3.39602,3.25795,3.04178,2.75057,2.42502,2.07241,1.59464,0.974572,0.190252,1.84534e-15,1.39718,1.72331,1.71388,1.6517,1.52517,1.32008,1.14169,0.895567,0.576123,0.204455,	
3.99303e-07,2.08073,2.28497,2.28752,2.28915,2.34456,2.4609,2.59093,2.68089,2.75105,2.45475,2.15657e-45,0.995759,1.63217,2.06945,2.38628,2.56242,2.68403,2.79661,2.91609,3.00246,2.9575,	0.00161884,3.54114,3.42258,3.24244,3.00576,2.74691,2.44414,2.05522,1.58534,0.981891,0.188128,1.1624e-15,1.36972,1.73418,1.71249,1.63547,1.49849,1.34525,1.14457,0.89599,0.587005,0.203227,	0.00197162,3.53051,3.40517,3.26363,3.0333,2.74451,2.43826,2.08376,1.59462,0.982625,0.190341,1.73256e-15,1.36366,1.73384,1.7113,1.65669,1.52457,1.32872,1.14536,0.899089,0.571582,0.208358,	
3.87994e-07,2.10281,2.29355,2.30184,2.3,2.34077,2.4583,2.59129,2.67879,2.74384,2.48621,1.86666e-45,0.996086,1.63593,2.0649,2.38607,2.53511,2.67902,2.81103,2.91949,2.97123,2.99167,	0.00159446,3.53083,3.42433,3.26181,2.98589,2.75494,2.44695,2.06377,1.58568,0.976849,0.191909,1.08271e-15,1.36561,1.72869,1.73277,1.61938,1.49895,1.34053,1.15519,0.899386,0.578486,0.207652,	0.00194145,3.51738,3.39969,3.26752,3.02185,2.75282,2.46841,2.09641,1.5969,0.977171,0.190106,1.6187e-15,1.36375,1.72323,1.72601,1.67042,1.51619,1.34095,1.14005,0.904662,0.578919,0.205749,	
3.76294e-07,2.11643,2.29666,2.3123,2.30946,2.34884,2.46757,2.58985,2.67744,2.74593,2.47565,1.61992e-45,0.999094,1.63633,2.07367,2.37981,2.57376,2.68765,2.79015,2.88267,2.96791,2.93542,	0.00157585,3.51789,3.40981,3.24079,2.99121,2.7697,2.43641,2.07469,1.58142,0.989299,0.191216,1.01256e-15,1.36062,1.7326,1.74504,1.61095,1.50709,1.3337,1.15448,0.895206,0.582353,0.205585,	0.00191701,3.51803,3.40584,3.24932,3.01232,2.7609,2.45535,2.08387,1.5975,0.984071,0.189452,1.52676e-15,1.37607,1.72827,1.72647,1.6665,1.51342,1.34027,1.15765,0.906048,0.59065,0.203756,	
3.65106e-07,2.11297,2.299,2.31094,2.30897,2.35545,2.46851,2.58393,2.6769,2.74789,2.445,1.40863e-45,0.998891,1.63189,2.07952,2.37611,2.56705,2.70148,2.80241,2.88862,2.94363,2.96198,	0.00155631,3.51193,3.38248,3.24095,3.00009,2.77333,2.44785,2.07947,1.58773,0.988304,0.189935,9.48076e-16,1.36338,1.72995,1.73606,1.63428,1.50401,1.34833,1.15144,0.891806,0.582857,0.204523,	0.00189409,3.52731,3.42425,3.23767,3.01021,2.74181,2.46568,2.07273,1.59264,0.979852,0.18992,1.43147e-15,1.3621,1.72935,1.73094,1.65344,1.52281,1.34844,1.15529,0.904186,0.589872,0.20179,	
