Prob_forag_in_death	Prob_forag_out_death	Prob_recipients_death	Prob_gamma_stop		Av_return_0		Av_return_1	
0	0	0	0	0	0	
0.00127972	0.00176702	0.00087473	0.000913144	17.647	17.647	
0.000413178	0.000897631	0.000540138	0.000956656	29.7838	29.7838	
0.00026076	0.000894659	0.000434237	0.000949212	33.5221	33.5221	
0.000219457	0.000950981	0.000402338	0.000950981	33.9297	33.9297	
0.000171187	0.000934529	0.00034022	0.000963599	35.8458	35.8458	
0.000167715	0.000939855	0.000335429	0.000956191	35.414	35.414	
0.000156006	0.000937113	0.000336758	0.000990909	35.4524	35.4524	
0.00016388	0.000968571	0.000321456	0.00098748	35.3688	35.3688	
0.000152512	0.000969321	0.000345967	0.000983651	35.3729	35.3729	
0.000151762	0.00104275	0.000289817	0.000946801	36.0443	36.0443	
0.000137022	0.00110279	0.000317512	0.000927021	35.5455	35.5455	
0.0001345	0.00106106	0.000292351	0.000962049	36.1826	36.1826	
0.000100992	0.00106282	0.000343374	0.000889694	36.8026	36.8026	
0.000117927	0.00100287	0.00030505	0.000962907	36.8054	36.8054	
9.41496e-05	0.001057	0.000354274	0.000957997	35.7774	35.7774	
0.000116507	0.0010406	0.000311681	0.000897203	36.9764	36.9764	
8.32544e-05	0.00100103	0.000288417	0.000965354	37.3582	37.3582	
9.32436e-05	0.000971963	0.000285812	0.00097399	37.4752	37.4752	
7.87348e-05	0.000937841	0.000304973	0.00097671	37.8417	37.8417	
8.30063e-05	0.00100766	0.000318513	0.00100283	36.3717	36.3717	
9.91429e-05	0.000974575	0.000322214	0.000952763	37.2972	37.2972	
9.93921e-05	0.00100913	0.000343815	0.000990878	35.7073	35.7073	
9.25709e-05	0.00102029	0.000301862	0.000964951	36.6778	36.6778	
8.21354e-05	0.000999821	0.000318401	0.000967372	36.4655	36.4655	
9.12273e-05	0.000985456	0.000315787	0.000957386	36.9386	36.9386	
8.98679e-05	0.000993596	0.000311004	0.000926953	37.6046	37.6046	
8.38529e-05	0.00104317	0.000316445	0.000973293	36.1565	36.1565	
6.8761e-05	0.000903269	0.000265667	0.000951193	39.1471	39.1471	
8.72548e-05	0.00106911	0.000314501	0.000969392	36.2699	36.2699	
9.14924e-05	0.00105216	0.00032509	0.00091687	36.6911	36.6911	
9.40445e-05	0.00102175	0.000284093	0.000917914	37.7587	37.7587	
8.00018e-05	0.000983313	0.00030583	0.000929641	37.7687	37.7687	
7.14333e-05	0.000985573	0.000327144	0.000993855	36.2873	36.2873	
7.46022e-05	0.000951178	0.000299445	0.000984335	37.3522	37.3522	
6.09624e-05	0.00100846	0.000297579	0.000940267	37.4536	37.4536	
7.9562e-05	0.000983009	0.000308826	0.000956838	36.7388	36.7388	
8.4571e-05	0.00101062	0.000310798	0.000971509	35.9391	35.9391	
5.95422e-05	0.000936727	0.000294521	0.00098989	37.2881	37.2881	
8.01794e-05	0.000909061	0.00027521	0.000969738	38.195	38.195	
9.12103e-05	0.000901968	0.000340068	0.00101683	36.0364	36.0364	
7.28622e-05	0.000996531	0.000336287	0.000928152	35.9472	35.9472	
7.24361e-05	0.000882606	0.000300888	0.000930525	38.528	38.528	
7.01227e-05	0.0009738	0.000282753	0.00092856	37.3551	37.3551	
8.41592e-05	0.000966148	0.000316439	0.000962781	36.145	36.145	
7.55759e-05	0.000929471	0.000320352	0.000929471	37.2526	37.2526	
7.55042e-05	0.00092696	0.000324087	0.000973424	36.1045	36.1045	
6.00282e-05	0.000845103	0.000306026	0.000918078	39.1294	39.1294	
6.47376e-05	0.000805101	0.000271898	0.00100638	38.36	38.36	
6.47364e-05	0.000868445	0.000294367	0.000975932	37.4141	37.4141	
6.25897e-05	0.000816074	0.000302116	0.000936439	38.6305	38.6305	
7.31495e-05	0.000841818	0.000305789	0.000954541	37.7784	37.7784	
6.35209e-05	0.000830754	0.000333796	0.000975233	36.9836	36.9836	
8.21172e-05	0.00078509	0.000302341	0.00094186	38.4561	38.4561	
4.95596e-05	0.000757373	0.000298628	0.000947987	39.3311	39.3311	
6.61978e-05	0.000761274	0.000295344	0.000920404	39.3994	39.3994	
7.49324e-05	0.000826713	0.000326754	0.000997461	36.6418	36.6418	
6.5495e-05	0.000793218	0.000293515	0.000893886	39.7238	39.7238	
5.49428e-05	0.000909608	0.000305238	0.000968214	36.6154	36.6154	
9.17722e-05	0.000836962	0.00031692	0.000944642	37.4542	37.4542	
9.26843e-05	0.000870481	0.000355707	0.00101828	34.6125	34.6125	
7.77547e-05	0.000829809	0.000347984	0.000972572	36.3444	36.3444	
8.13295e-05	0.000799094	0.000322736	0.000917861	37.8326	37.8326	
5.87637e-05	0.000755915	0.000291148	0.000926865	38.9034	38.9034	
6.56924e-05	0.000796192	0.000254887	0.000949912	38.3605	38.3605	
7.23472e-05	0.000805197	0.000237138	0.000976687	37.8155	37.8155	
6.49858e-05	0.000747337	0.000295144	0.000951771	38.1893	38.1893	
7.43675e-05	0.000694096	0.000261663	0.000964023	39.3198	39.3198	
5.57682e-05	0.000688738	0.000309514	0.000971762	38.3104	38.3104	
4.53917e-05	0.000689386	0.000266676	0.000929111	40.0573	40.0573	
5.13974e-05	0.000658173	0.000269837	0.0008966	40.9163	40.9163	
5.2916e-05	0.000642143	0.000297474	0.000888131	40.7293	40.7293	
6.98096e-05	0.000681	0.000323404	0.000941718	38.036	38.036	
6.00139e-05	0.000668726	0.000257202	0.000918784	40.4074	40.4074	
7.07672e-05	0.000665212	0.000342513	0.00102754	36.4691	36.4691	
5.14327e-05	0.000665768	0.000344313	0.000980078	37.4955	37.4955	
5.35831e-05	0.000642997	0.000273708	0.000973185	39.2459	39.2459	
3.4449e-05	0.00067032	0.000279898	0.000940171	39.7442	39.7442	
5.33219e-05	0.00062401	0.000288226	0.000896384	41.0627	41.0627	
6.94065e-05	0.000646348	0.000307991	0.000931204	39.1146	39.1146	
6.49634e-05	0.000601994	0.000347915	0.00100477	37.7634	37.7634	
6.98258e-05	0.000577518	0.00032149	0.000899007	40.9494	40.9494	
6.39016e-05	0.000686942	0.000299176	0.000986117	37.4636	37.4636	
6.78225e-05	0.000640707	0.000274176	0.00102311	38.1741	38.1741	
6.577e-05	0.000651853	0.000315696	0.000933933	38.5617	38.5617	
6.55404e-05	0.000659774	0.000297117	0.000937957	38.6545	38.6545	
5.93118e-05	0.000650983	0.000350084	0.000934523	38.1095	38.1095	
5.83404e-05	0.000697168	0.00030337	0.000901359	38.6845	38.6845	
5.10096e-05	0.000692272	0.000266707	0.00100124	37.6058	37.6058	
5.96594e-05	0.00060387	0.000280836	0.000973468	39.7018	39.7018	
4.92246e-05	0.000655846	0.000327199	0.000956985	38.5706	38.5706	
6.85574e-05	0.000631603	0.0003282	0.000977308	37.9142	37.9142	
5.3698e-05	0.000686463	0.000329444	0.000978174	37.1304	37.1304	
6.26543e-05	0.000610515	0.0003191	0.000973327	38.768	38.768	
6.03869e-05	0.00066131	0.000288679	0.00103247	36.9877	36.9877	
6.59726e-05	0.000555636	0.000281483	0.000966133	40.7427	40.7427	
5.73184e-05	0.000602578	0.000292471	0.000952367	39.9799	39.9799	
6.27939e-05	0.000664447	0.000293525	0.000990099	37.9368	37.9368	
6.03911e-05	0.000627478	0.000313739	0.000969203	38.568	38.568	
4.99562e-05	0.000658247	0.000321777	0.000957984	38.1885	38.1885	
5.89299e-05	0.00063055	0.000307909	0.000929619	39.5191	39.5191	
5.7239e-05	0.000634032	0.000327289	0.000996545	37.7356	37.7356	
4.42701e-05	0.000650771	0.000267096	0.000950332	39.3958	39.3958	
5.77377e-05	0.000624752	0.000242795	0.000946011	40.4177	40.4177	
7.1099e-05	0.000619154	0.000302171	0.000971686	38.3741	38.3741	
6.66008e-05	0.000578687	0.000291563	0.000939811	40.6175	40.6175	
5.31352e-05	0.000599247	0.000298148	0.000978573	39.3703	39.3703	
4.88117e-05	0.000576865	0.000319494	0.00102357	38.3434	38.3434	
5.6014e-05	0.000617628	0.000296285	0.000961082	38.9718	38.9718	
6.77233e-05	0.000634538	0.0003342	0.000979044	37.7202	37.7202	
4.72072e-05	0.000584189	0.000290619	0.000942668	40.6131	40.6131	
6.93466e-05	0.000638874	0.000292141	0.000970852	38.5501	38.5501	
6.39532e-05	0.000638044	0.000285558	0.000978632	38.5	38.5	
6.33656e-05	0.000652813	0.000291776	0.000988798	38.1004	38.1004	
8.02392e-05	0.000638942	0.000277865	0.000991102	38.0157	38.0157	
6.11891e-05	0.000628308	0.000285052	0.000984995	38.1409	38.1409	
5.03896e-05	0.000699527	0.000297892	0.000938136	38.0493	38.0493	
7.18673e-05	0.000600391	0.000291961	0.00100914	37.8976	37.8976	
6.73318e-05	0.000608979	0.000291771	0.00102344	37.8475	37.8475	
7.74799e-05	0.000636229	0.00030545	0.000916349	38.9122	38.9122	
6.58275e-05	0.000620873	0.000293231	0.000981428	38.4912	38.4912	
5.52002e-05	0.000610186	0.000326726	0.000959291	38.445	38.445	
5.84212e-05	0.000584212	0.000269636	0.000990164	39.674	39.674	
6.71136e-05	0.000641308	0.000338551	0.00103653	36.1124	36.1124	
4.80833e-05	0.000622077	0.000314044	0.000939127	38.8922	38.8922	
4.94032e-05	0.000636253	0.000270969	0.000908719	40.4551	40.4551	
5.73515e-05	0.000665579	0.00032147	0.000947809	37.6098	37.6098	
5.57106e-05	0.000623357	0.000299633	0.000966655	38.6625	38.6625	
6.06845e-05	0.000620499	0.0002837	0.000983089	38.419	38.419	
5.92372e-05	0.000644015	0.000279478	0.000953871	38.9075	38.9075	
4.4233e-05	0.000594858	0.000259297	0.00100668	39.2098	39.2098	
7.155e-05	0.000595235	0.000245097	0.000952986	40.2033	40.2033	
6.98153e-05	0.000652622	0.000298992	0.000939472	38.1378	38.1378	
6.22977e-05	0.000638172	0.00030693	0.000926869	38.7164	38.7164	
5.50183e-05	0.000652578	0.000296487	0.00100256	36.8789	36.8789	
6.86031e-05	0.000623526	0.000278986	0.000971115	38.438	38.438	
6.40556e-05	0.00062378	0.000276049	0.00100811	37.9296	37.9296	
5.35746e-05	0.000626057	0.000251035	0.00102404	38.4064	38.4064	
5.5454e-05	0.000643882	0.000294214	0.000998172	37.478	37.478	
6.47106e-05	0.000657891	0.000272709	0.000955251	37.8136	37.8136	
5.39979e-05	0.000654146	0.000288503	0.00100282	37.0162	37.0162	
5.75573e-05	0.000653353	0.000270675	0.00103914	36.9192	36.9192	
4.68063e-05	0.000596001	0.00021999	0.0008862	42.0535	42.0535	
5.75395e-05	0.000573839	0.000297028	0.000984391	38.7553	38.7553	
5.60566e-05	0.000711607	0.000283397	0.000987219	36.0963	36.0963	
7.15261e-05	0.000673278	0.000258116	0.000995146	37.0389	37.0389	
4.55606e-05	0.000622138	0.000273364	0.00098348	38.1804	38.1804	
5.46771e-05	0.000601448	0.000256201	0.000995123	38.6298	38.6298	
5.38294e-05	0.000588957	0.000197902	0.000926182	41.733	41.733	
8.02571e-05	0.000664088	0.000276966	0.000964659	37.1783	37.1783	
4.89018e-05	0.00071933	0.000271326	0.0010364	35.2789	35.2789	
5.37636e-05	0.000572424	0.000271981	0.000966164	39.3087	39.3087	
6.49399e-05	0.000627224	0.000281934	0.000934501	38.7809	38.7809	
7.31179e-05	0.000651703	0.000270218	0.00099186	37.0344	37.0344	
5.75107e-05	0.000603862	0.000228445	0.000958511	39.8444	39.8444	
4.28725e-05	0.00061927	0.000254059	0.000938432	39.7748	39.7748	
4.91998e-05	0.000601507	0.000255521	0.000963364	39.2165	39.2165	
5.57443e-05	0.000696007	0.000246868	0.00104799	35.7868	35.7868	
5.72048e-05	0.000573637	0.000231997	0.000953413	40.1094	40.1094	
5.8837e-05	0.000637666	0.000283054	0.000985917	37.3908	37.3908	
6.86478e-05	0.000609848	0.000265012	0.000927543	39.0068	39.0068	
3.35649e-05	0.000656914	0.000268519	0.000998956	37.0669	37.0669	
7.00588e-05	0.000671927	0.000245206	0.000995153	37.1767	37.1767	
6.76384e-05	0.000682826	0.000230293	0.000948548	38.0885	38.0885	
5.6431e-05	0.000633639	0.000248296	0.000967388	38.1345	38.1345	
5.17327e-05	0.000625643	0.000224714	0.000989388	38.1009	38.1009	
6.16645e-05	0.000647477	0.00025964	0.000962291	37.7118	37.7118	
4.66529e-05	0.000609705	0.000247743	0.000984537	38.7402	38.7402	
6.40492e-05	0.000667713	0.000281816	0.00108563	34.7277	34.7277	
6.02758e-05	0.000636969	0.000294863	0.000966042	37.4717	37.4717	
5.70396e-05	0.000640473	0.000226529	0.00098597	37.9539	37.9539	
6.65912e-05	0.000573334	0.000258244	0.00092578	39.9955	39.9955	
6.62081e-05	0.000655621	0.000268062	0.00104318	35.4337	35.4337	
5.55483e-05	0.000627369	0.000245066	0.00103091	36.8357	36.8357	
6.86146e-05	0.000700849	0.000289161	0.00103412	34.6971	34.6971	
5.75028e-05	0.000645674	0.000280942	0.000985762	36.7982	36.7982	
4.56643e-05	0.000611575	0.000210382	0.000963842	39.6696	39.6696	
5.72193e-05	0.000662109	0.000228877	0.000938396	38.5503	38.5503	
4.77568e-05	0.000579668	0.000215729	0.000933727	40.278	40.278	
6.25625e-05	0.000694773	0.000256835	0.000940083	36.6184	36.6184	
5.90081e-05	0.000640893	0.00024095	0.00102445	36.9858	36.9858	
5.45411e-05	0.000675979	0.000223123	0.000937116	38.0962	38.0962	
6.12339e-05	0.000600755	0.000239971	0.00105256	37.1456	37.1456	
5.45514e-05	0.000608331	0.000246308	0.0010497	36.854	36.854	
5.80609e-05	0.000651941	0.000235561	0.000992012	37.3442	37.3442	
5.47931e-05	0.000660838	0.000247399	0.00100952	36.4916	36.4916	
4.17677e-05	0.000556345	0.000230558	0.000967339	40.1079	40.1079	
5.48954e-05	0.000633793	0.000256179	0.00102305	36.4505	36.4505	
5.66699e-05	0.000610035	0.000206678	0.000953387	39.3148	39.3148	
5.19694e-05	0.000616927	0.0002347	0.000987418	37.8262	37.8262	
4.01591e-05	0.000645892	0.000252668	0.000972185	37.4081	37.4081	
5.00447e-05	0.000718976	0.000290259	0.000934168	35.7598	35.7598	
5.67322e-05	0.000662432	0.000253626	0.000954436	37.0805	37.0805	
5.73531e-05	0.000600521	0.000247968	0.000904155	39.2321	39.2321	
5.16414e-05	0.000706321	0.000221558	0.00104449	35.8576	35.8576	
5.0417e-05	0.000598282	0.000273933	0.000989854	37.2162	37.2162	
4.70572e-05	0.000606701	0.000270579	0.000926018	38.6603	38.6603	
7.78106e-05	0.000678306	0.00024189	0.000994623	35.7368	35.7368	
5.70377e-05	0.000595541	0.000238216	0.00101661	37.6887	37.6887	
5.22807e-05	0.000642547	0.000254658	0.00096129	37.3989	37.3989	
5.56751e-05	0.000610739	0.000273314	0.00102746	36.3937	36.3937	
