accept,reject,	accept,reject,	accept,reject,	accept,reject,	accept,reject,	accept,reject,	accept,reject,	accept,reject,	accept,reject,	accept,reject,	accept,reject,	wait,	wait,	wait,	wait,	wait,	wait,	wait,	wait,	wait,	wait,	wait,	
0.5,0.5,	0.5,0.5,	0.5,0.5,	0.5,0.5,	0.5,0.5,	0.5,0.5,	0.5,0.5,	0.5,0.5,	0.5,0.5,	0.5,0.5,	0.5,0.5,	1,	1,	1,	1,	1,	1,	1,	1,	1,	1,	1,	
0.5,0.5,	0.568642,0.431358,	0.568213,0.431787,	0.595041,0.404959,	0.584312,0.415688,	0.54575,0.45425,	0.550001,0.449999,	0.467819,0.532181,	0.380034,0.619966,	0.175734,0.824266,	0.458522,0.541478,	1,	1,	1,	1,	1,	1,	1,	1,	1,	1,	1,	
0.5,0.5,	0.627457,0.372543,	0.632462,0.367538,	0.689394,0.310606,	0.678997,0.321003,	0.646396,0.353604,	0.654549,0.345451,	0.60427,0.39573,	0.441388,0.558612,	0.168191,0.831809,	0.669808,0.330192,	1,	1,	1,	1,	1,	1,	1,	1,	1,	1,	1,	
0.5,0.5,	0.67427,0.32573,	0.694602,0.305398,	0.735849,0.264151,	0.717337,0.282663,	0.689016,0.310984,	0.673261,0.326739,	0.663988,0.336012,	0.46813,0.53187,	0.194042,0.805958,	0.790193,0.209807,	1,	1,	1,	1,	1,	1,	1,	1,	1,	1,	1,	
0.5,0.5,	0.708209,0.291791,	0.727259,0.272741,	0.749298,0.250702,	0.755431,0.244569,	0.722685,0.277315,	0.711319,0.288681,	0.674047,0.325953,	0.448555,0.551445,	0.196802,0.803198,	0.760046,0.239954,	1,	1,	1,	1,	1,	1,	1,	1,	1,	1,	1,	
0.5,0.5,	0.723849,0.276151,	0.768202,0.231798,	0.766781,0.233219,	0.780764,0.219236,	0.736796,0.263204,	0.720469,0.279531,	0.622246,0.377754,	0.46097,0.53903,	0.201224,0.798776,	0.744462,0.255538,	1,	1,	1,	1,	1,	1,	1,	1,	1,	1,	1,	
0.5,0.5,	0.748657,0.251343,	0.784047,0.215953,	0.784502,0.215498,	0.780633,0.219367,	0.748363,0.251637,	0.702845,0.297155,	0.618996,0.381004,	0.452345,0.547655,	0.182229,0.817771,	0.678021,0.321979,	1,	1,	1,	1,	1,	1,	1,	1,	1,	1,	1,	
0.5,0.5,	0.772487,0.227513,	0.804091,0.195909,	0.802022,0.197978,	0.793589,0.206411,	0.758744,0.241256,	0.701645,0.298355,	0.62263,0.37737,	0.489868,0.510132,	0.227375,0.772625,	0.786156,0.213844,	1,	1,	1,	1,	1,	1,	1,	1,	1,	1,	1,	
0.5,0.5,	0.781678,0.218322,	0.814805,0.185195,	0.812374,0.187626,	0.799391,0.200609,	0.746455,0.253545,	0.713169,0.286831,	0.583363,0.416637,	0.497611,0.502389,	0.243407,0.756593,	0.90552,0.09448,	1,	1,	1,	1,	1,	1,	1,	1,	1,	1,	1,	
0.5,0.5,	0.797635,0.202365,	0.828294,0.171706,	0.816802,0.183198,	0.803921,0.196079,	0.744308,0.255692,	0.692821,0.307179,	0.595535,0.404465,	0.537957,0.462043,	0.248796,0.751204,	0.675923,0.324077,	1,	1,	1,	1,	1,	1,	1,	1,	1,	1,	1,	
0.5,0.5,	0.806873,0.193127,	0.845791,0.154209,	0.830475,0.169525,	0.817004,0.182996,	0.736731,0.263269,	0.669616,0.330384,	0.603057,0.396943,	0.520572,0.479428,	0.310821,0.689179,	0.79551,0.20449,	1,	1,	1,	1,	1,	1,	1,	1,	1,	1,	1,	
0.5,0.5,	0.825584,0.174416,	0.853514,0.146486,	0.843708,0.156292,	0.81925,0.18075,	0.722695,0.277305,	0.684528,0.315472,	0.606106,0.393894,	0.512882,0.487118,	0.381437,0.618563,	0.833358,0.166642,	1,	1,	1,	1,	1,	1,	1,	1,	1,	1,	1,	
0.5,0.5,	0.832117,0.167883,	0.857625,0.142375,	0.853592,0.146408,	0.8299,0.1701,	0.735556,0.264444,	0.69362,0.30638,	0.57499,0.42501,	0.46815,0.53185,	0.334148,0.665852,	0.482,0.518,	1,	1,	1,	1,	1,	1,	1,	1,	1,	1,	1,	
0.5,0.5,	0.835384,0.164616,	0.864825,0.135175,	0.860945,0.139055,	0.841253,0.158747,	0.742198,0.257802,	0.715585,0.284415,	0.588614,0.411386,	0.401693,0.598307,	0.34449,0.65551,	0.27612,0.72388,	1,	1,	1,	1,	1,	1,	1,	1,	1,	1,	1,	
0.5,0.5,	0.845196,0.154804,	0.873638,0.126362,	0.867478,0.132522,	0.855117,0.144883,	0.744343,0.255657,	0.727046,0.272954,	0.571437,0.428563,	0.338348,0.661652,	0.368191,0.631809,	0.37136,0.62864,	1,	1,	1,	1,	1,	1,	1,	1,	1,	1,	1,	
0.5,0.5,	0.862609,0.137391,	0.879974,0.120026,	0.876551,0.123449,	0.864323,0.135677,	0.756401,0.243599,	0.745764,0.254236,	0.595349,0.404651,	0.32751,0.67249,	0.400704,0.599296,	0.0650797,0.93492,	1,	1,	1,	1,	1,	1,	1,	1,	1,	1,	1,	
0.5,0.5,	0.86394,0.13606,	0.884028,0.115972,	0.878327,0.121673,	0.8734,0.1266,	0.763487,0.236513,	0.736614,0.263386,	0.59714,0.40286,	0.320819,0.679181,	0.371438,0.628562,	0.0401559,0.959844,	1,	1,	1,	1,	1,	1,	1,	1,	1,	1,	1,	
0.5,0.5,	0.867076,0.132924,	0.889669,0.110331,	0.88294,0.11706,	0.881869,0.118131,	0.769955,0.230045,	0.72069,0.27931,	0.655687,0.344313,	0.305698,0.694302,	0.399481,0.600519,	0.0580667,0.941933,	1,	1,	1,	1,	1,	1,	1,	1,	1,	1,	1,	
0.5,0.5,	0.8701,0.1299,	0.893189,0.106811,	0.885729,0.114271,	0.879203,0.120797,	0.781575,0.218425,	0.708347,0.291653,	0.638654,0.361346,	0.267432,0.732568,	0.366878,0.633122,	0.0816998,0.9183,	1,	1,	1,	1,	1,	1,	1,	1,	1,	1,	1,	
0.5,0.5,	0.873839,0.126161,	0.896355,0.103645,	0.890255,0.109745,	0.883652,0.116348,	0.799268,0.200732,	0.696683,0.303317,	0.63203,0.36797,	0.298071,0.701929,	0.421401,0.578599,	0.202278,0.797722,	1,	1,	1,	1,	1,	1,	1,	1,	1,	1,	1,	
0.5,0.5,	0.877083,0.122917,	0.899672,0.100328,	0.901191,0.0988094,	0.888731,0.111269,	0.798176,0.201824,	0.721896,0.278104,	0.604712,0.395288,	0.299549,0.700451,	0.380471,0.619529,	0.10915,0.89085,	1,	1,	1,	1,	1,	1,	1,	1,	1,	1,	1,	
0.5,0.5,	0.878395,0.121605,	0.905629,0.0943712,	0.90586,0.0941399,	0.89717,0.10283,	0.796961,0.203039,	0.740255,0.259745,	0.582876,0.417124,	0.277189,0.722811,	0.370542,0.629458,	0.0704014,0.929599,	1,	1,	1,	1,	1,	1,	1,	1,	1,	1,	1,	
0.5,0.5,	0.879246,0.120754,	0.909728,0.0902725,	0.909068,0.0909321,	0.900841,0.0991585,	0.805248,0.194752,	0.756147,0.243853,	0.585144,0.414856,	0.257528,0.742472,	0.387809,0.612191,	0.0662188,0.933781,	1,	1,	1,	1,	1,	1,	1,	1,	1,	1,	1,	
0.5,0.5,	0.884144,0.115856,	0.915071,0.0849294,	0.91002,0.0899804,	0.901455,0.0985447,	0.801294,0.198706,	0.765876,0.234124,	0.600589,0.399411,	0.254524,0.745476,	0.413928,0.586072,	0.0383332,0.961667,	1,	1,	1,	1,	1,	1,	1,	1,	1,	1,	1,	
0.5,0.5,	0.885726,0.114274,	0.918071,0.0819293,	0.913775,0.0862253,	0.908479,0.0915207,	0.799003,0.200997,	0.75731,0.24269,	0.626057,0.373943,	0.235068,0.764932,	0.40696,0.59304,	0.0622261,0.937774,	1,	1,	1,	1,	1,	1,	1,	1,	1,	1,	1,	
0.5,0.5,	0.892576,0.107424,	0.921559,0.0784411,	0.918013,0.0819869,	0.909445,0.0905548,	0.794509,0.205491,	0.770444,0.229556,	0.639756,0.360244,	0.226596,0.773404,	0.440207,0.559793,	0.0444101,0.95559,	1,	1,	1,	1,	1,	1,	1,	1,	1,	1,	1,	
0.5,0.5,	0.898012,0.101988,	0.922309,0.0776905,	0.92138,0.0786199,	0.91028,0.08972,	0.811452,0.188548,	0.767929,0.232071,	0.648784,0.351216,	0.215394,0.784606,	0.472136,0.527864,	0.165392,0.834608,	1,	1,	1,	1,	1,	1,	1,	1,	1,	1,	1,	
0.5,0.5,	0.904508,0.0954922,	0.927763,0.0722373,	0.925256,0.0747444,	0.913801,0.0861991,	0.805689,0.194311,	0.749843,0.250157,	0.634341,0.365659,	0.184957,0.815043,	0.471425,0.528575,	0.137241,0.862759,	1,	1,	1,	1,	1,	1,	1,	1,	1,	1,	1,	
0.5,0.5,	0.905886,0.0941141,	0.928645,0.0713548,	0.929919,0.0700812,	0.915631,0.0843695,	0.81112,0.18888,	0.761077,0.238923,	0.668732,0.331268,	0.21321,0.78679,	0.461279,0.538721,	0.123737,0.876263,	1,	1,	1,	1,	1,	1,	1,	1,	1,	1,	1,	
0.5,0.5,	0.90838,0.0916204,	0.931601,0.0683988,	0.935127,0.064873,	0.917291,0.0827085,	0.80531,0.19469,	0.745044,0.254956,	0.644355,0.355645,	0.247192,0.752808,	0.491208,0.508792,	0.169083,0.830917,	1,	1,	1,	1,	1,	1,	1,	1,	1,	1,	1,	
0.5,0.5,	0.910757,0.0892432,	0.932556,0.0674443,	0.936848,0.0631515,	0.919185,0.0808151,	0.804129,0.195871,	0.754983,0.245017,	0.624605,0.375395,	0.21755,0.78245,	0.509215,0.490785,	0.20143,0.79857,	1,	1,	1,	1,	1,	1,	1,	1,	1,	1,	1,	
0.5,0.5,	0.91258,0.0874199,	0.934096,0.0659044,	0.938198,0.0618022,	0.919734,0.0802657,	0.812165,0.187835,	0.757988,0.242012,	0.634713,0.365287,	0.184817,0.815183,	0.523273,0.476727,	0.0910246,0.908975,	1,	1,	1,	1,	1,	1,	1,	1,	1,	1,	1,	
0.5,0.5,	0.919361,0.0806386,	0.933793,0.0662067,	0.940795,0.0592049,	0.920424,0.0795761,	0.816383,0.183617,	0.754647,0.245353,	0.626862,0.373138,	0.184789,0.815211,	0.533734,0.466266,	0.110347,0.889653,	1,	1,	1,	1,	1,	1,	1,	1,	1,	1,	1,	
0.5,0.5,	0.922141,0.0778587,	0.936075,0.0639245,	0.942325,0.0576745,	0.92249,0.0775095,	0.81677,0.18323,	0.760167,0.239833,	0.587271,0.412729,	0.161694,0.838306,	0.560837,0.439163,	0.234099,0.765901,	1,	1,	1,	1,	1,	1,	1,	1,	1,	1,	1,	
0.5,0.5,	0.9244,0.0755998,	0.936846,0.0631542,	0.943388,0.0566119,	0.926319,0.0736808,	0.828171,0.171829,	0.777334,0.222666,	0.620104,0.379896,	0.142517,0.857483,	0.60609,0.39391,	0.221275,0.778725,	1,	1,	1,	1,	1,	1,	1,	1,	1,	1,	1,	
0.5,0.5,	0.927076,0.0729242,	0.937382,0.0626184,	0.944871,0.055129,	0.92682,0.0731803,	0.842179,0.157821,	0.78037,0.21963,	0.623486,0.376514,	0.12467,0.87533,	0.598212,0.401788,	0.470126,0.529874,	1,	1,	1,	1,	1,	1,	1,	1,	1,	1,	1,	
0.5,0.5,	0.929562,0.0704385,	0.938323,0.0616768,	0.947627,0.0523731,	0.926588,0.0734122,	0.843814,0.156186,	0.767332,0.232668,	0.627521,0.372479,	0.121437,0.878563,	0.616744,0.383256,	0.748741,0.251259,	1,	1,	1,	1,	1,	1,	1,	1,	1,	1,	1,	
0.5,0.5,	0.930239,0.0697611,	0.939735,0.0602647,	0.950001,0.0499987,	0.926864,0.0731365,	0.83959,0.16041,	0.749155,0.250845,	0.623262,0.376738,	0.119665,0.880335,	0.64012,0.35988,	0.670836,0.329164,	1,	1,	1,	1,	1,	1,	1,	1,	1,	1,	1,	
0.5,0.5,	0.932425,0.0675754,	0.941203,0.0587971,	0.950561,0.0494388,	0.92801,0.0719904,	0.832804,0.167196,	0.757846,0.242154,	0.673717,0.326283,	0.116481,0.883519,	0.669592,0.330408,	0.682593,0.317407,	1,	1,	1,	1,	1,	1,	1,	1,	1,	1,	1,	
0.5,0.5,	0.932744,0.0672565,	0.943652,0.0563484,	0.952025,0.0479753,	0.929331,0.0706692,	0.83674,0.16326,	0.757495,0.242505,	0.692882,0.307118,	0.103285,0.896715,	0.644586,0.355414,	0.380358,0.619642,	1,	1,	1,	1,	1,	1,	1,	1,	1,	1,	1,	
0.5,0.5,	0.934415,0.0655847,	0.945273,0.0547273,	0.952652,0.047348,	0.933328,0.0666725,	0.836104,0.163896,	0.738269,0.261731,	0.691592,0.308408,	0.0873489,0.912651,	0.648323,0.351677,	0.424263,0.575737,	1,	1,	1,	1,	1,	1,	1,	1,	1,	1,	1,	
0.5,0.5,	0.936143,0.0638569,	0.947506,0.0524939,	0.953663,0.0463366,	0.937331,0.0626685,	0.842841,0.157159,	0.739024,0.260976,	0.734702,0.265298,	0.090884,0.909116,	0.62333,0.37667,	0.471532,0.528468,	1,	1,	1,	1,	1,	1,	1,	1,	1,	1,	1,	
0.5,0.5,	0.938182,0.0618182,	0.948503,0.051497,	0.954307,0.0456935,	0.937326,0.0626738,	0.839494,0.160506,	0.74695,0.25305,	0.739299,0.260701,	0.0972085,0.902792,	0.618472,0.381528,	0.583545,0.416455,	1,	1,	1,	1,	1,	1,	1,	1,	1,	1,	1,	
0.5,0.5,	0.93946,0.0605405,	0.949761,0.050239,	0.955449,0.0445507,	0.93926,0.0607397,	0.844822,0.155178,	0.7449,0.2551,	0.740047,0.259953,	0.0878902,0.91211,	0.625376,0.374624,	0.570345,0.429655,	1,	1,	1,	1,	1,	1,	1,	1,	1,	1,	1,	
0.5,0.5,	0.940118,0.0598816,	0.951192,0.0488079,	0.955487,0.0445128,	0.938661,0.0613388,	0.842392,0.157608,	0.758157,0.241843,	0.749223,0.250777,	0.1008,0.8992,	0.622795,0.377205,	0.791219,0.208781,	1,	1,	1,	1,	1,	1,	1,	1,	1,	1,	1,	
0.5,0.5,	0.940807,0.059193,	0.951654,0.0483464,	0.957015,0.0429846,	0.940954,0.0590461,	0.838808,0.161192,	0.771164,0.228836,	0.744994,0.255006,	0.0847899,0.91521,	0.616374,0.383626,	0.779638,0.220362,	1,	1,	1,	1,	1,	1,	1,	1,	1,	1,	1,	
0.5,0.5,	0.941607,0.0583934,	0.952078,0.0479221,	0.957801,0.0421994,	0.942209,0.0577909,	0.839535,0.160465,	0.771423,0.228577,	0.75592,0.24408,	0.0768047,0.923195,	0.613886,0.386114,	0.888531,0.111469,	1,	1,	1,	1,	1,	1,	1,	1,	1,	1,	1,	
0.5,0.5,	0.942164,0.0578362,	0.953132,0.0468682,	0.958774,0.0412264,	0.943352,0.056648,	0.844903,0.155097,	0.772566,0.227434,	0.747849,0.252151,	0.0718389,0.928161,	0.62039,0.37961,	0.911202,0.0887983,	1,	1,	1,	1,	1,	1,	1,	1,	1,	1,	1,	
0.5,0.5,	0.942371,0.0576291,	0.954738,0.0452616,	0.960047,0.0399527,	0.944399,0.055601,	0.850075,0.149925,	0.779272,0.220728,	0.73488,0.26512,	0.0628034,0.937197,	0.622255,0.377745,	0.947755,0.0522449,	1,	1,	1,	1,	1,	1,	1,	1,	1,	1,	1,	
0.5,0.5,	0.942666,0.0573339,	0.955504,0.0444962,	0.960979,0.0390214,	0.944774,0.0552259,	0.851745,0.148255,	0.762746,0.237254,	0.751367,0.248633,	0.0553386,0.944661,	0.614844,0.385156,	0.937924,0.0620762,	1,	1,	1,	1,	1,	1,	1,	1,	1,	1,	1,	
0.5,0.5,	0.943297,0.0567029,	0.955778,0.0442221,	0.962643,0.0373568,	0.944872,0.0551284,	0.85596,0.14404,	0.777163,0.222837,	0.777028,0.222972,	0.0719634,0.928037,	0.624534,0.375466,	0.954215,0.0457846,	1,	1,	1,	1,	1,	1,	1,	1,	1,	1,	1,	
0.5,0.5,	0.945386,0.0546144,	0.956055,0.0439454,	0.962811,0.037189,	0.946173,0.0538273,	0.858585,0.141415,	0.789418,0.210582,	0.779549,0.220451,	0.0605695,0.939431,	0.611684,0.388316,	0.955116,0.0448839,	1,	1,	1,	1,	1,	1,	1,	1,	1,	1,	1,	
0.5,0.5,	0.945771,0.0542286,	0.956589,0.0434105,	0.963285,0.0367146,	0.947389,0.0526112,	0.866047,0.133953,	0.786588,0.213412,	0.778335,0.221665,	0.0539286,0.946071,	0.633901,0.366099,	0.968023,0.0319773,	1,	1,	1,	1,	1,	1,	1,	1,	1,	1,	1,	
0.5,0.5,	0.945534,0.0544665,	0.957603,0.0423966,	0.963671,0.0363295,	0.946366,0.053634,	0.87212,0.12788,	0.785814,0.214186,	0.794829,0.205171,	0.0472732,0.952727,	0.610752,0.389248,	0.973355,0.0266455,	1,	1,	1,	1,	1,	1,	1,	1,	1,	1,	1,	
0.5,0.5,	0.9473,0.0527003,	0.958786,0.0412139,	0.963921,0.0360794,	0.947044,0.0529555,	0.878634,0.121366,	0.782449,0.217551,	0.806078,0.193922,	0.0459097,0.95409,	0.611866,0.388134,	0.974384,0.025616,	1,	1,	1,	1,	1,	1,	1,	1,	1,	1,	1,	
0.5,0.5,	0.947536,0.0524639,	0.959765,0.0402348,	0.964511,0.0354895,	0.947496,0.0525037,	0.880555,0.119445,	0.773678,0.226322,	0.807687,0.192313,	0.0467361,0.953264,	0.61263,0.38737,	0.975841,0.0241594,	1,	1,	1,	1,	1,	1,	1,	1,	1,	1,	1,	
0.5,0.5,	0.947513,0.052487,	0.959624,0.0403765,	0.965665,0.0343349,	0.946287,0.0537126,	0.869444,0.130556,	0.777299,0.222701,	0.819572,0.180428,	0.054817,0.945183,	0.616474,0.383526,	0.97314,0.0268604,	1,	1,	1,	1,	1,	1,	1,	1,	1,	1,	1,	
0.5,0.5,	0.948611,0.0513887,	0.960572,0.0394281,	0.966248,0.0337517,	0.947114,0.0528864,	0.866852,0.133148,	0.77973,0.22027,	0.814302,0.185698,	0.0565649,0.943435,	0.636056,0.363944,	0.97586,0.0241397,	1,	1,	1,	1,	1,	1,	1,	1,	1,	1,	1,	
0.5,0.5,	0.950297,0.0497033,	0.96144,0.0385603,	0.96663,0.0333703,	0.947746,0.0522542,	0.86407,0.13593,	0.77484,0.22516,	0.816005,0.183995,	0.0567996,0.9432,	0.65244,0.34756,	0.976207,0.0237929,	1,	1,	1,	1,	1,	1,	1,	1,	1,	1,	1,	
0.5,0.5,	0.952433,0.0475666,	0.961847,0.0381526,	0.966762,0.0332375,	0.948829,0.0511705,	0.861908,0.138092,	0.756962,0.243038,	0.831024,0.168976,	0.0497549,0.950245,	0.660524,0.339476,	0.971126,0.0288744,	1,	1,	1,	1,	1,	1,	1,	1,	1,	1,	1,	
0.5,0.5,	0.95201,0.0479896,	0.96221,0.0377904,	0.966771,0.0332294,	0.949645,0.0503549,	0.858277,0.141723,	0.743714,0.256286,	0.825279,0.174721,	0.0431314,0.956869,	0.659876,0.340124,	0.960699,0.0393013,	1,	1,	1,	1,	1,	1,	1,	1,	1,	1,	1,	
0.5,0.5,	0.952254,0.047746,	0.96257,0.0374296,	0.966788,0.0332121,	0.949657,0.0503434,	0.855827,0.144173,	0.749621,0.250379,	0.841312,0.158688,	0.0383866,0.961613,	0.656013,0.343987,	0.955013,0.0449872,	1,	1,	1,	1,	1,	1,	1,	1,	1,	1,	1,	
0.5,0.5,	0.951676,0.0483245,	0.963466,0.0365342,	0.9664,0.0336001,	0.950643,0.0493574,	0.860085,0.139915,	0.750961,0.249039,	0.853233,0.146767,	0.0329303,0.96707,	0.646776,0.353224,	0.943111,0.0568887,	1,	1,	1,	1,	1,	1,	1,	1,	1,	1,	1,	
0.5,0.5,	0.95273,0.0472701,	0.963544,0.0364558,	0.966327,0.0336731,	0.950293,0.0497073,	0.868112,0.131888,	0.751154,0.248846,	0.864207,0.135793,	0.0344136,0.965586,	0.646312,0.353688,	0.908794,0.091206,	1,	1,	1,	1,	1,	1,	1,	1,	1,	1,	1,	
0.5,0.5,	0.953208,0.0467924,	0.963748,0.0362516,	0.966523,0.0334769,	0.950915,0.0490847,	0.865102,0.134898,	0.750926,0.249074,	0.875209,0.124791,	0.0313961,0.968604,	0.645053,0.354947,	0.910182,0.0898179,	1,	1,	1,	1,	1,	1,	1,	1,	1,	1,	1,	
0.5,0.5,	0.953435,0.0465649,	0.963877,0.0361227,	0.966576,0.0334236,	0.950833,0.0491668,	0.858608,0.141392,	0.757227,0.242773,	0.87495,0.12505,	0.0270495,0.972951,	0.64648,0.35352,	0.90112,0.09888,	1,	1,	1,	1,	1,	1,	1,	1,	1,	1,	1,	
0.5,0.5,	0.953175,0.0468246,	0.96435,0.0356504,	0.966565,0.0334351,	0.951716,0.0482839,	0.859868,0.140132,	0.768125,0.231875,	0.884181,0.115819,	0.0239543,0.976046,	0.642007,0.357993,	0.921549,0.0784512,	1,	1,	1,	1,	1,	1,	1,	1,	1,	1,	1,	
0.5,0.5,	0.953764,0.046236,	0.96519,0.0348098,	0.966392,0.0336081,	0.951662,0.0483381,	0.859523,0.140477,	0.765769,0.234231,	0.889553,0.110447,	0.0229577,0.977042,	0.649982,0.350018,	0.919554,0.0804457,	1,	1,	1,	1,	1,	1,	1,	1,	1,	1,	1,	
0.5,0.5,	0.954336,0.0456642,	0.965455,0.0345453,	0.96648,0.0335203,	0.952398,0.0476017,	0.859555,0.140445,	0.770453,0.229547,	0.894282,0.105718,	0.0167165,0.983284,	0.634441,0.365559,	0.914535,0.0854647,	1,	1,	1,	1,	1,	1,	1,	1,	1,	1,	1,	
0.5,0.5,	0.954112,0.0458876,	0.965848,0.0341522,	0.966869,0.0331305,	0.953175,0.0468246,	0.866521,0.133479,	0.764227,0.235773,	0.894621,0.105379,	0.0153914,0.984609,	0.631921,0.368079,	0.903556,0.0964436,	1,	1,	1,	1,	1,	1,	1,	1,	1,	1,	1,	
0.5,0.5,	0.954295,0.0457055,	0.966358,0.0336417,	0.967476,0.0325235,	0.954037,0.0459629,	0.864802,0.135198,	0.760451,0.239549,	0.898451,0.101549,	0.0144384,0.985562,	0.635275,0.364725,	0.887366,0.112634,	1,	1,	1,	1,	1,	1,	1,	1,	1,	1,	1,	
0.5,0.5,	0.954505,0.0454955,	0.96668,0.0333204,	0.967295,0.0327052,	0.954458,0.0455423,	0.867561,0.132439,	0.757415,0.242585,	0.898234,0.101766,	0.0135404,0.98646,	0.629886,0.370114,	0.859176,0.140824,	1,	1,	1,	1,	1,	1,	1,	1,	1,	1,	1,	
0.5,0.5,	0.955003,0.0449974,	0.96717,0.0328305,	0.967545,0.0324551,	0.954285,0.0457146,	0.867861,0.132139,	0.749784,0.250216,	0.89653,0.10347,	0.0134535,0.986547,	0.628824,0.371176,	0.867143,0.132857,	1,	1,	1,	1,	1,	1,	1,	1,	1,	1,	1,	
0.5,0.5,	0.955135,0.0448655,	0.968027,0.0319733,	0.967909,0.0320911,	0.954661,0.0453394,	0.865465,0.134535,	0.752964,0.247036,	0.895692,0.104308,	0.0129446,0.987055,	0.633939,0.366061,	0.831029,0.168971,	1,	1,	1,	1,	1,	1,	1,	1,	1,	1,	1,	
0.5,0.5,	0.95509,0.0449105,	0.968041,0.0319593,	0.968141,0.0318593,	0.954533,0.0454665,	0.862867,0.137133,	0.741854,0.258146,	0.897781,0.102219,	0.0137413,0.986259,	0.631356,0.368644,	0.829962,0.170038,	1,	1,	1,	1,	1,	1,	1,	1,	1,	1,	1,	
0.5,0.5,	0.955316,0.0446842,	0.968174,0.0318259,	0.968402,0.0315982,	0.954735,0.0452654,	0.862275,0.137725,	0.736477,0.263523,	0.895143,0.104857,	0.0124943,0.987506,	0.632281,0.367719,	0.844789,0.155211,	1,	1,	1,	1,	1,	1,	1,	1,	1,	1,	1,	
0.5,0.5,	0.955562,0.0444379,	0.968306,0.031694,	0.96865,0.0313503,	0.954449,0.0455513,	0.861,0.139,	0.733225,0.266775,	0.895147,0.104853,	0.0125248,0.987475,	0.626868,0.373132,	0.831407,0.168593,	1,	1,	1,	1,	1,	1,	1,	1,	1,	1,	1,	
0.5,0.5,	0.955945,0.0440546,	0.968322,0.0316779,	0.968811,0.031189,	0.954992,0.0450082,	0.862033,0.137967,	0.73487,0.26513,	0.892119,0.107881,	0.0120756,0.987924,	0.626612,0.373388,	0.844013,0.155987,	1,	1,	1,	1,	1,	1,	1,	1,	1,	1,	1,	
0.5,0.5,	0.956634,0.0433658,	0.968578,0.0314224,	0.968773,0.0312267,	0.955238,0.0447618,	0.864175,0.135825,	0.742242,0.257758,	0.894895,0.105105,	0.0111382,0.988862,	0.623041,0.376959,	0.847982,0.152018,	1,	1,	1,	1,	1,	1,	1,	1,	1,	1,	1,	
0.5,0.5,	0.956514,0.0434863,	0.96879,0.0312096,	0.96887,0.0311298,	0.955324,0.0446758,	0.865229,0.134771,	0.737976,0.262024,	0.892535,0.107465,	0.0105056,0.989494,	0.625211,0.374789,	0.865688,0.134312,	1,	1,	1,	1,	1,	1,	1,	1,	1,	1,	1,	
0.5,0.5,	0.956723,0.0432767,	0.968997,0.0310033,	0.968828,0.0311721,	0.955603,0.044397,	0.865438,0.134562,	0.735135,0.264865,	0.892702,0.107298,	0.0105196,0.98948,	0.622715,0.377285,	0.865197,0.134803,	1,	1,	1,	1,	1,	1,	1,	1,	1,	1,	1,	
0.5,0.5,	0.957131,0.0428686,	0.969025,0.0309754,	0.969255,0.0307451,	0.955545,0.0444553,	0.865602,0.134398,	0.738565,0.261435,	0.893563,0.106437,	0.0104222,0.989578,	0.625361,0.374639,	0.859611,0.140389,	1,	1,	1,	1,	1,	1,	1,	1,	1,	1,	1,	
0.5,0.5,	0.957315,0.0426847,	0.969134,0.0308659,	0.969456,0.0305441,	0.955375,0.0446254,	0.864209,0.135791,	0.736544,0.263456,	0.891736,0.108264,	0.0105299,0.98947,	0.625499,0.374501,	0.852384,0.147616,	1,	1,	1,	1,	1,	1,	1,	1,	1,	1,	1,	
0.5,0.5,	0.957495,0.0425046,	0.969154,0.0308455,	0.969663,0.0303374,	0.95546,0.0445405,	0.863326,0.136674,	0.730591,0.269409,	0.892494,0.107506,	0.0106253,0.989375,	0.623167,0.376833,	0.875947,0.124053,	1,	1,	1,	1,	1,	1,	1,	1,	1,	1,	1,	
0.5,0.5,	0.957739,0.042261,	0.969116,0.0308841,	0.969604,0.0303957,	0.955699,0.0443015,	0.862507,0.137493,	0.7336,0.2664,	0.893398,0.106602,	0.0103729,0.989627,	0.623271,0.376729,	0.87965,0.12035,	1,	1,	1,	1,	1,	1,	1,	1,	1,	1,	1,	
0.5,0.5,	0.957999,0.0420013,	0.969391,0.0306092,	0.969668,0.0303323,	0.955565,0.0444352,	0.86301,0.13699,	0.735391,0.264609,	0.89327,0.10673,	0.0101395,0.989861,	0.623601,0.376399,	0.887785,0.112215,	1,	1,	1,	1,	1,	1,	1,	1,	1,	1,	1,	
0.5,0.5,	0.958019,0.041981,	0.969765,0.030235,	0.969736,0.0302641,	0.955745,0.0442553,	0.862799,0.137201,	0.73639,0.26361,	0.894396,0.105604,	0.00976425,0.990236,	0.62415,0.37585,	0.884084,0.115916,	1,	1,	1,	1,	1,	1,	1,	1,	1,	1,	1,	
0.5,0.5,	0.957905,0.0420948,	0.969814,0.0301863,	0.969667,0.0303326,	0.955914,0.0440864,	0.862344,0.137656,	0.736153,0.263847,	0.896165,0.103835,	0.00974709,0.990253,	0.627043,0.372957,	0.861543,0.138457,	1,	1,	1,	1,	1,	1,	1,	1,	1,	1,	1,	
0.5,0.5,	0.957625,0.0423746,	0.969836,0.0301643,	0.970032,0.029968,	0.955791,0.0442092,	0.862609,0.137391,	0.741172,0.258828,	0.895445,0.104555,	0.00964373,0.990356,	0.628511,0.371489,	0.856564,0.143436,	1,	1,	1,	1,	1,	1,	1,	1,	1,	1,	1,	
0.5,0.5,	0.957579,0.0424212,	0.969905,0.0300951,	0.970151,0.0298494,	0.955749,0.0442507,	0.861098,0.138902,	0.737774,0.262226,	0.895164,0.104836,	0.00983899,0.990161,	0.628173,0.371827,	0.855899,0.144101,	1,	1,	1,	1,	1,	1,	1,	1,	1,	1,	1,	
0.5,0.5,	0.957777,0.0422227,	0.969988,0.0300119,	0.970284,0.0297156,	0.95591,0.0440902,	0.859936,0.140064,	0.741393,0.258607,	0.893304,0.106696,	0.00973921,0.990261,	0.628978,0.371022,	0.860114,0.139886,	1,	1,	1,	1,	1,	1,	1,	1,	1,	1,	1,	
0.5,0.5,	0.957992,0.042008,	0.97001,0.0299901,	0.970389,0.0296108,	0.955977,0.0440227,	0.860154,0.139846,	0.738151,0.261849,	0.894498,0.105502,	0.00941924,0.990581,	0.629611,0.370389,	0.84188,0.15812,	1,	1,	1,	1,	1,	1,	1,	1,	1,	1,	1,	
0.5,0.5,	0.958116,0.0418835,	0.970129,0.0298713,	0.970499,0.0295006,	0.955927,0.0440732,	0.860911,0.139089,	0.738437,0.261563,	0.892614,0.107386,	0.00940401,0.990596,	0.630052,0.369948,	0.846821,0.153179,	1,	1,	1,	1,	1,	1,	1,	1,	1,	1,	1,	
0.5,0.5,	0.958022,0.041978,	0.970198,0.0298017,	0.970464,0.0295361,	0.956172,0.0438281,	0.861482,0.138518,	0.737486,0.262514,	0.893632,0.106368,	0.00929289,0.990707,	0.625521,0.374479,	0.845993,0.154007,	1,	1,	1,	1,	1,	1,	1,	1,	1,	1,	1,	
0.5,0.5,	0.95809,0.0419101,	0.970213,0.0297873,	0.97062,0.0293798,	0.956136,0.0438636,	0.859137,0.140863,	0.733579,0.266421,	0.893898,0.106102,	0.00919771,0.990802,	0.62437,0.37563,	0.847758,0.152242,	1,	1,	1,	1,	1,	1,	1,	1,	1,	1,	1,	
0.5,0.5,	0.957987,0.0420135,	0.970211,0.0297889,	0.970753,0.0292465,	0.956219,0.0437813,	0.858914,0.141086,	0.73755,0.26245,	0.894629,0.105371,	0.00918018,0.99082,	0.624143,0.375857,	0.840041,0.159959,	1,	1,	1,	1,	1,	1,	1,	1,	1,	1,	1,	
0.5,0.5,	0.95828,0.0417196,	0.970257,0.029743,	0.970791,0.0292085,	0.956125,0.0438748,	0.859436,0.140564,	0.739083,0.260917,	0.894509,0.105491,	0.00899387,0.991006,	0.619312,0.380688,	0.861436,0.138564,	1,	1,	1,	1,	1,	1,	1,	1,	1,	1,	1,	
0.5,0.5,	0.958398,0.0416017,	0.970295,0.0297055,	0.97079,0.0292096,	0.956044,0.0439563,	0.858945,0.141055,	0.738041,0.261959,	0.893712,0.106288,	0.00861676,0.991383,	0.616675,0.383325,	0.866792,0.133208,	1,	1,	1,	1,	1,	1,	1,	1,	1,	1,	1,	
0.5,0.5,	0.958471,0.041529,	0.970362,0.0296379,	0.970748,0.0292521,	0.956009,0.0439912,	0.85864,0.14136,	0.742303,0.257697,	0.8936,0.1064,	0.00844347,0.991557,	0.618569,0.381431,	0.861607,0.138393,	1,	1,	1,	1,	1,	1,	1,	1,	1,	1,	1,	
0.5,0.5,	0.958478,0.0415224,	0.970404,0.0295963,	0.970758,0.0292421,	0.956302,0.0436983,	0.859724,0.140276,	0.741907,0.258093,	0.892656,0.107344,	0.00840492,0.991595,	0.618192,0.381808,	0.861425,0.138575,	1,	1,	1,	1,	1,	1,	1,	1,	1,	1,	1,	
0.5,0.5,	0.958475,0.0415251,	0.970412,0.0295883,	0.970939,0.0290607,	0.956075,0.0439251,	0.860525,0.139475,	0.743276,0.256724,	0.893341,0.106659,	0.00829698,0.991703,	0.617628,0.382372,	0.857393,0.142607,	1,	1,	1,	1,	1,	1,	1,	1,	1,	1,	1,	
0.5,0.5,	0.958478,0.0415222,	0.97039,0.0296104,	0.971196,0.0288036,	0.956158,0.0438418,	0.860027,0.139973,	0.745096,0.254904,	0.894713,0.105287,	0.00821866,0.991781,	0.618923,0.381077,	0.868893,0.131107,	1,	1,	1,	1,	1,	1,	1,	1,	1,	1,	1,	
0.5,0.5,	0.958571,0.041429,	0.970402,0.0295985,	0.97116,0.0288398,	0.956193,0.0438073,	0.859737,0.140263,	0.748195,0.251805,	0.893294,0.106706,	0.00819016,0.99181,	0.620326,0.379674,	0.868415,0.131585,	1,	1,	1,	1,	1,	1,	1,	1,	1,	1,	1,	
0.5,0.5,	0.958769,0.0412305,	0.970483,0.0295173,	0.9712,0.0288002,	0.95619,0.0438103,	0.86017,0.13983,	0.747484,0.252516,	0.893143,0.106857,	0.00809542,0.991905,	0.620306,0.379694,	0.866919,0.133081,	1,	1,	1,	1,	1,	1,	1,	1,	1,	1,	1,	
0.5,0.5,	0.958721,0.0412789,	0.970578,0.0294216,	0.971185,0.0288154,	0.956086,0.0439142,	0.859979,0.140021,	0.74557,0.25443,	0.893239,0.106761,	0.00808662,0.991913,	0.621848,0.378152,	0.85981,0.14019,	1,	1,	1,	1,	1,	1,	1,	1,	1,	1,	1,	
0.5,0.5,	0.958806,0.0411939,	0.970611,0.0293887,	0.971253,0.0287467,	0.956291,0.0437093,	0.861096,0.138904,	0.748548,0.251452,	0.895727,0.104273,	0.0079275,0.992073,	0.619578,0.380422,	0.864697,0.135303,	1,	1,	1,	1,	1,	1,	1,	1,	1,	1,	1,	
0.5,0.5,	0.958923,0.0410768,	0.970643,0.0293567,	0.971231,0.0287694,	0.956453,0.0435474,	0.860836,0.139164,	0.749009,0.250991,	0.896942,0.103058,	0.007675,0.992325,	0.620859,0.379141,	0.874131,0.125869,	1,	1,	1,	1,	1,	1,	1,	1,	1,	1,	1,	
0.5,0.5,	0.959103,0.0408965,	0.970718,0.0292822,	0.971244,0.0287556,	0.95652,0.0434799,	0.860793,0.139207,	0.744471,0.255529,	0.898194,0.101806,	0.00772037,0.99228,	0.620656,0.379344,	0.874199,0.125801,	1,	1,	1,	1,	1,	1,	1,	1,	1,	1,	1,	
0.5,0.5,	0.959269,0.0407311,	0.970847,0.0291531,	0.971229,0.0287705,	0.956621,0.0433786,	0.861208,0.138792,	0.740989,0.259011,	0.896767,0.103233,	0.00780175,0.992198,	0.619201,0.380799,	0.873906,0.126094,	1,	1,	1,	1,	1,	1,	1,	1,	1,	1,	1,	
0.5,0.5,	0.959283,0.040717,	0.971023,0.0289768,	0.971333,0.0286667,	0.956397,0.043603,	0.86137,0.13863,	0.743323,0.256677,	0.896544,0.103456,	0.00789224,0.992108,	0.619842,0.380158,	0.878533,0.121467,	1,	1,	1,	1,	1,	1,	1,	1,	1,	1,	1,	
0.5,0.5,	0.959343,0.0406567,	0.971127,0.028873,	0.971352,0.0286485,	0.956516,0.0434843,	0.861953,0.138047,	0.744916,0.255084,	0.897805,0.102195,	0.00774306,0.992257,	0.622294,0.377706,	0.883183,0.116817,	1,	1,	1,	1,	1,	1,	1,	1,	1,	1,	1,	
0.5,0.5,	0.959464,0.0405363,	0.971145,0.0288546,	0.971547,0.0284535,	0.956478,0.043522,	0.863643,0.136357,	0.746664,0.253336,	0.896314,0.103686,	0.00753485,0.992465,	0.622045,0.377955,	0.884275,0.115725,	1,	1,	1,	1,	1,	1,	1,	1,	1,	1,	1,	
0.5,0.5,	0.959596,0.0404044,	0.971175,0.0288249,	0.97156,0.0284404,	0.956746,0.0432539,	0.865332,0.134668,	0.743367,0.256633,	0.896375,0.103625,	0.00747596,0.992524,	0.623117,0.376883,	0.886257,0.113743,	1,	1,	1,	1,	1,	1,	1,	1,	1,	1,	1,	
0.5,0.5,	0.959759,0.0402408,	0.971154,0.0288457,	0.971556,0.0284443,	0.956709,0.0432906,	0.865005,0.134995,	0.738643,0.261357,	0.896496,0.103504,	0.0074144,0.992586,	0.622268,0.377732,	0.882252,0.117748,	1,	1,	1,	1,	1,	1,	1,	1,	1,	1,	1,	
0.5,0.5,	0.959913,0.0400874,	0.971174,0.0288255,	0.971578,0.0284218,	0.956566,0.0434345,	0.864235,0.135765,	0.738338,0.261662,	0.897778,0.102222,	0.00728748,0.992713,	0.622487,0.377513,	0.880309,0.119691,	1,	1,	1,	1,	1,	1,	1,	1,	1,	1,	1,	
0.5,0.5,	0.95986,0.0401399,	0.971257,0.0287427,	0.971555,0.0284447,	0.956453,0.0435471,	0.864146,0.135854,	0.740344,0.259656,	0.898866,0.101134,	0.00724433,0.992756,	0.622449,0.377551,	0.877128,0.122872,	1,	1,	1,	1,	1,	1,	1,	1,	1,	1,	1,	
0.5,0.5,	0.959889,0.0401113,	0.971384,0.0286162,	0.971629,0.0283714,	0.956352,0.0436477,	0.863931,0.136069,	0.742347,0.257653,	0.900312,0.0996877,	0.00718924,0.992811,	0.621962,0.378038,	0.873364,0.126636,	1,	1,	1,	1,	1,	1,	1,	1,	1,	1,	1,	
0.5,0.5,	0.959933,0.0400671,	0.971368,0.0286325,	0.971604,0.0283964,	0.956183,0.0438166,	0.864049,0.135951,	0.740988,0.259012,	0.89996,0.10004,	0.00722321,0.992777,	0.622089,0.377911,	0.870372,0.129628,	1,	1,	1,	1,	1,	1,	1,	1,	1,	1,	1,	
0.5,0.5,	0.960001,0.039999,	0.971433,0.0285672,	0.971635,0.0283648,	0.956112,0.0438882,	0.863689,0.136311,	0.743099,0.256901,	0.900123,0.0998765,	0.00724843,0.992752,	0.623212,0.376788,	0.867822,0.132178,	1,	1,	1,	1,	1,	1,	1,	1,	1,	1,	1,	
0.5,0.5,	0.959967,0.0400328,	0.971564,0.0284356,	0.971629,0.0283706,	0.956167,0.0438331,	0.863649,0.136351,	0.74364,0.25636,	0.900235,0.0997646,	0.00713765,0.992862,	0.626383,0.373617,	0.866379,0.133621,	1,	1,	1,	1,	1,	1,	1,	1,	1,	1,	1,	
0.5,0.5,	0.960054,0.0399457,	0.971579,0.0284214,	0.971693,0.0283067,	0.956099,0.0439006,	0.863362,0.136638,	0.741039,0.258961,	0.898798,0.101202,	0.00699061,0.993009,	0.62577,0.37423,	0.869426,0.130574,	1,	1,	1,	1,	1,	1,	1,	1,	1,	1,	1,	
0.5,0.5,	0.960189,0.0398106,	0.971618,0.0283822,	0.971707,0.0282934,	0.956145,0.043855,	0.863745,0.136255,	0.743419,0.256581,	0.89844,0.10156,	0.00679302,0.993207,	0.625183,0.374817,	0.867191,0.132809,	1,	1,	1,	1,	1,	1,	1,	1,	1,	1,	1,	
0.5,0.5,	0.960168,0.0398318,	0.971739,0.0282611,	0.971783,0.0282166,	0.956117,0.0438834,	0.862633,0.137367,	0.744431,0.255569,	0.899221,0.100779,	0.00668905,0.993311,	0.62408,0.37592,	0.868168,0.131832,	1,	1,	1,	1,	1,	1,	1,	1,	1,	1,	1,	
0.5,0.5,	0.960172,0.0398275,	0.971716,0.0282842,	0.971847,0.028153,	0.956024,0.043976,	0.862329,0.137671,	0.74238,0.25762,	0.89844,0.10156,	0.0066589,0.993341,	0.625439,0.374561,	0.86915,0.13085,	1,	1,	1,	1,	1,	1,	1,	1,	1,	1,	1,	
0.5,0.5,	0.960191,0.0398095,	0.971694,0.0283061,	0.971843,0.0281568,	0.956082,0.0439184,	0.861782,0.138218,	0.741511,0.258489,	0.898238,0.101762,	0.00668291,0.993317,	0.627601,0.372399,	0.876313,0.123687,	1,	1,	1,	1,	1,	1,	1,	1,	1,	1,	1,	
0.5,0.5,	0.960145,0.0398547,	0.97175,0.0282504,	0.971971,0.0280291,	0.955969,0.0440313,	0.861767,0.138233,	0.74033,0.25967,	0.898203,0.101797,	0.00659847,0.993402,	0.627868,0.372132,	0.873419,0.126581,	1,	1,	1,	1,	1,	1,	1,	1,	1,	1,	1,	
0.5,0.5,	0.960125,0.0398751,	0.971855,0.028145,	0.971956,0.0280445,	0.955983,0.0440169,	0.861508,0.138492,	0.738643,0.261357,	0.898023,0.101977,	0.00656374,0.993436,	0.627602,0.372398,	0.872422,0.127578,	1,	1,	1,	1,	1,	1,	1,	1,	1,	1,	1,	
0.5,0.5,	0.960148,0.0398515,	0.971946,0.0280537,	0.971998,0.0280021,	0.956077,0.043923,	0.861062,0.138938,	0.738361,0.261639,	0.898606,0.101394,	0.00652481,0.993475,	0.627387,0.372613,	0.87732,0.12268,	1,	1,	1,	1,	1,	1,	1,	1,	1,	1,	1,	
0.5,0.5,	0.960247,0.0397528,	0.971919,0.0280808,	0.972011,0.027989,	0.95598,0.0440205,	0.86068,0.13932,	0.738265,0.261735,	0.899869,0.100131,	0.00655096,0.993449,	0.627982,0.372018,	0.876862,0.123138,	1,	1,	1,	1,	1,	1,	1,	1,	1,	1,	1,	
0.5,0.5,	0.96015,0.03985,	0.972025,0.0279747,	0.972058,0.0279422,	0.956013,0.0439866,	0.860325,0.139675,	0.739435,0.260565,	0.898743,0.101257,	0.00647063,0.993529,	0.628067,0.371933,	0.878496,0.121504,	1,	1,	1,	1,	1,	1,	1,	1,	1,	1,	1,	
0.5,0.5,	0.960185,0.0398145,	0.97201,0.02799,	0.972079,0.0279208,	0.956013,0.0439866,	0.860854,0.139146,	0.741585,0.258415,	0.900616,0.0993838,	0.00647065,0.993529,	0.628225,0.371775,	0.872432,0.127568,	1,	1,	1,	1,	1,	1,	1,	1,	1,	1,	1,	
0.5,0.5,	0.960184,0.0398155,	0.97207,0.0279295,	0.972093,0.0279065,	0.955973,0.0440273,	0.861262,0.138738,	0.742776,0.257224,	0.901106,0.0988938,	0.00631885,0.993681,	0.628684,0.371316,	0.8758,0.1242,	1,	1,	1,	1,	1,	1,	1,	1,	1,	1,	1,	
0.5,0.5,	0.960219,0.0397809,	0.972074,0.027926,	0.972085,0.0279153,	0.955905,0.0440953,	0.860263,0.139737,	0.740821,0.259179,	0.90009,0.0999104,	0.0062641,0.993736,	0.629235,0.370765,	0.875306,0.124694,	1,	1,	1,	1,	1,	1,	1,	1,	1,	1,	1,	
0.5,0.5,	0.960417,0.0395834,	0.972063,0.0279372,	0.972036,0.0279643,	0.955912,0.0440876,	0.860118,0.139882,	0.741205,0.258795,	0.900327,0.099673,	0.00620509,0.993795,	0.628441,0.371559,	0.876662,0.123338,	1,	1,	1,	1,	1,	1,	1,	1,	1,	1,	1,	
0.5,0.5,	0.960493,0.0395069,	0.972228,0.0277722,	0.972051,0.0279489,	0.955918,0.0440818,	0.860578,0.139422,	0.738541,0.261459,	0.900688,0.0993116,	0.00611203,0.993888,	0.627059,0.372941,	0.873929,0.126071,	1,	1,	1,	1,	1,	1,	1,	1,	1,	1,	1,	
0.5,0.5,	0.960496,0.0395035,	0.972209,0.0277915,	0.972057,0.0279428,	0.955879,0.044121,	0.860281,0.139719,	0.739607,0.260393,	0.901109,0.0988911,	0.00602319,0.993977,	0.626894,0.373106,	0.870159,0.129841,	1,	1,	1,	1,	1,	1,	1,	1,	1,	1,	1,	
0.5,0.5,	0.960591,0.0394086,	0.972169,0.027831,	0.972068,0.0279322,	0.955833,0.0441674,	0.860498,0.139502,	0.738509,0.261491,	0.902008,0.0979917,	0.00597315,0.994027,	0.626768,0.373232,	0.872742,0.127258,	1,	1,	1,	1,	1,	1,	1,	1,	1,	1,	1,	
0.5,0.5,	0.960694,0.039306,	0.972219,0.0277806,	0.972106,0.0278941,	0.955697,0.0443033,	0.860157,0.139843,	0.737884,0.262116,	0.90231,0.0976901,	0.00591112,0.994089,	0.626489,0.373511,	0.871429,0.128571,	1,	1,	1,	1,	1,	1,	1,	1,	1,	1,	1,	
0.5,0.5,	0.960662,0.0393375,	0.972297,0.0277032,	0.972116,0.0278844,	0.955707,0.0442931,	0.860383,0.139617,	0.736946,0.263054,	0.901477,0.0985232,	0.00582096,0.994179,	0.626257,0.373743,	0.878839,0.121161,	1,	1,	1,	1,	1,	1,	1,	1,	1,	1,	1,	
0.5,0.5,	0.960706,0.039294,	0.972244,0.0277565,	0.972145,0.027855,	0.955662,0.044338,	0.860196,0.139804,	0.73471,0.26529,	0.899621,0.100379,	0.00575703,0.994243,	0.626304,0.373696,	0.879751,0.120249,	1,	1,	1,	1,	1,	1,	1,	1,	1,	1,	1,	
0.5,0.5,	0.960809,0.0391911,	0.972278,0.0277219,	0.972191,0.0278094,	0.955613,0.0443866,	0.860148,0.139852,	0.734109,0.265891,	0.899038,0.100962,	0.00572042,0.99428,	0.626222,0.373778,	0.881413,0.118587,	1,	1,	1,	1,	1,	1,	1,	1,	1,	1,	1,	
0.5,0.5,	0.960804,0.0391962,	0.972274,0.0277258,	0.972228,0.0277718,	0.955691,0.0443086,	0.859898,0.140102,	0.733885,0.266115,	0.89867,0.10133,	0.00568773,0.994312,	0.626068,0.373932,	0.883901,0.116099,	1,	1,	1,	1,	1,	1,	1,	1,	1,	1,	1,	
0.5,0.5,	0.960984,0.0390162,	0.972245,0.0277555,	0.972222,0.0277775,	0.955694,0.0443062,	0.861022,0.138978,	0.733398,0.266602,	0.897689,0.102311,	0.00557128,0.994429,	0.627931,0.372069,	0.886366,0.113634,	1,	1,	1,	1,	1,	1,	1,	1,	1,	1,	1,	
0.5,0.5,	0.961014,0.0389859,	0.972274,0.027726,	0.972226,0.0277739,	0.955785,0.0442147,	0.861271,0.138729,	0.732711,0.267289,	0.897261,0.102739,	0.005471,0.994529,	0.626025,0.373975,	0.887506,0.112494,	1,	1,	1,	1,	1,	1,	1,	1,	1,	1,	1,	
0.5,0.5,	0.961108,0.0388923,	0.972243,0.0277568,	0.9723,0.0276995,	0.955661,0.044339,	0.860722,0.139278,	0.730459,0.269541,	0.897081,0.102919,	0.00546536,0.994535,	0.627005,0.372995,	0.884717,0.115283,	1,	1,	1,	1,	1,	1,	1,	1,	1,	1,	1,	
0.5,0.5,	0.961181,0.0388186,	0.972232,0.0277683,	0.972301,0.0276988,	0.955597,0.0444028,	0.861255,0.138745,	0.730271,0.269729,	0.898168,0.101832,	0.00541433,0.994586,	0.626603,0.373397,	0.886875,0.113125,	1,	1,	1,	1,	1,	1,	1,	1,	1,	1,	1,	
0.5,0.5,	0.961154,0.038846,	0.972218,0.0277821,	0.972322,0.0276775,	0.955711,0.0442894,	0.862235,0.137765,	0.730447,0.269553,	0.896542,0.103458,	0.00540965,0.99459,	0.62661,0.37339,	0.884216,0.115784,	1,	1,	1,	1,	1,	1,	1,	1,	1,	1,	1,	
0.5,0.5,	0.961181,0.0388191,	0.97221,0.0277903,	0.972335,0.0276649,	0.955664,0.0443355,	0.862169,0.137831,	0.729387,0.270613,	0.897081,0.102919,	0.00536733,0.994633,	0.627724,0.372276,	0.882702,0.117298,	1,	1,	1,	1,	1,	1,	1,	1,	1,	1,	1,	
0.5,0.5,	0.961179,0.038821,	0.972238,0.0277617,	0.972353,0.0276473,	0.955617,0.0443831,	0.862146,0.137854,	0.729325,0.270675,	0.897368,0.102632,	0.00531149,0.994689,	0.627928,0.372072,	0.880853,0.119147,	1,	1,	1,	1,	1,	1,	1,	1,	1,	1,	1,	
0.5,0.5,	0.961264,0.0387363,	0.972308,0.0276921,	0.972325,0.0276747,	0.955517,0.0444831,	0.862942,0.137058,	0.726064,0.273936,	0.896517,0.103483,	0.00525532,0.994745,	0.627457,0.372543,	0.880212,0.119788,	1,	1,	1,	1,	1,	1,	1,	1,	1,	1,	1,	
0.5,0.5,	0.961218,0.0387821,	0.972329,0.027671,	0.972388,0.0276124,	0.955492,0.0445084,	0.863088,0.136912,	0.725414,0.274586,	0.896353,0.103647,	0.00520586,0.994794,	0.624752,0.375248,	0.875755,0.124245,	1,	1,	1,	1,	1,	1,	1,	1,	1,	1,	1,	
0.5,0.5,	0.961239,0.038761,	0.972334,0.0276665,	0.972355,0.0276451,	0.95554,0.04446,	0.862717,0.137283,	0.725617,0.274383,	0.896012,0.103988,	0.00513483,0.994865,	0.623671,0.376329,	0.873821,0.126179,	1,	1,	1,	1,	1,	1,	1,	1,	1,	1,	1,	
0.5,0.5,	0.961347,0.0386528,	0.972396,0.0276037,	0.972376,0.0276243,	0.95555,0.0444502,	0.862073,0.137927,	0.722731,0.277269,	0.896791,0.103209,	0.00510665,0.994893,	0.623135,0.376865,	0.873288,0.126712,	1,	1,	1,	1,	1,	1,	1,	1,	1,	1,	1,	
0.5,0.5,	0.961414,0.0385858,	0.972388,0.0276116,	0.97235,0.0276498,	0.955542,0.0444575,	0.861671,0.138329,	0.721486,0.278514,	0.897078,0.102922,	0.00505834,0.994942,	0.622499,0.377501,	0.870023,0.129977,	1,	1,	1,	1,	1,	1,	1,	1,	1,	1,	1,	
0.5,0.5,	0.96139,0.0386099,	0.972355,0.0276454,	0.97232,0.02768,	0.955531,0.0444686,	0.861245,0.138755,	0.721218,0.278782,	0.89761,0.10239,	0.00501593,0.994984,	0.622486,0.377514,	0.868753,0.131247,	1,	1,	1,	1,	1,	1,	1,	1,	1,	1,	1,	
0.5,0.5,	0.961364,0.0386361,	0.972362,0.0276382,	0.972348,0.0276518,	0.955581,0.0444193,	0.861571,0.138429,	0.721363,0.278637,	0.898098,0.101902,	0.00493274,0.995067,	0.62323,0.37677,	0.867739,0.132261,	1,	1,	1,	1,	1,	1,	1,	1,	1,	1,	1,	
0.5,0.5,	0.961362,0.0386378,	0.972421,0.0275788,	0.972365,0.0276349,	0.955634,0.0443664,	0.861104,0.138896,	0.723389,0.276611,	0.897596,0.102404,	0.00484699,0.995153,	0.62336,0.37664,	0.861592,0.138408,	1,	1,	1,	1,	1,	1,	1,	1,	1,	1,	1,	
0.5,0.5,	0.96135,0.0386497,	0.972428,0.0275722,	0.972355,0.0276448,	0.955713,0.0442869,	0.861123,0.138877,	0.719279,0.280721,	0.898161,0.101839,	0.00478392,0.995216,	0.62243,0.37757,	0.864317,0.135683,	1,	1,	1,	1,	1,	1,	1,	1,	1,	1,	1,	
0.5,0.5,	0.961398,0.0386023,	0.972441,0.0275585,	0.97241,0.0275905,	0.9557,0.0443002,	0.860865,0.139135,	0.718077,0.281923,	0.8982,0.1018,	0.00470985,0.99529,	0.622078,0.377922,	0.868445,0.131555,	1,	1,	1,	1,	1,	1,	1,	1,	1,	1,	1,	
0.5,0.5,	0.961373,0.0386268,	0.972446,0.0275539,	0.972425,0.0275753,	0.955684,0.0443161,	0.860028,0.139972,	0.718474,0.281526,	0.897536,0.102464,	0.00466714,0.995333,	0.621519,0.378481,	0.8698,0.1302,	1,	1,	1,	1,	1,	1,	1,	1,	1,	1,	1,	
0.5,0.5,	0.96134,0.0386595,	0.972512,0.0274884,	0.97244,0.0275601,	0.955621,0.0443788,	0.859474,0.140526,	0.718173,0.281827,	0.89717,0.10283,	0.00462893,0.995371,	0.621515,0.378485,	0.866145,0.133855,	1,	1,	1,	1,	1,	1,	1,	1,	1,	1,	1,	
0.5,0.5,	0.961511,0.038489,	0.972616,0.0273845,	0.972439,0.027561,	0.955553,0.0444469,	0.85988,0.14012,	0.716865,0.283135,	0.897224,0.102776,	0.00457666,0.995423,	0.621997,0.378003,	0.861545,0.138455,	1,	1,	1,	1,	1,	1,	1,	1,	1,	1,	1,	
0.5,0.5,	0.961583,0.038417,	0.9726,0.0273996,	0.972422,0.0275777,	0.955551,0.0444489,	0.859636,0.140364,	0.713418,0.286582,	0.896497,0.103503,	0.00454236,0.995458,	0.621892,0.378108,	0.858021,0.141979,	1,	1,	1,	1,	1,	1,	1,	1,	1,	1,	1,	
0.5,0.5,	0.961622,0.0383783,	0.972567,0.0274334,	0.972433,0.0275672,	0.955675,0.0443251,	0.859235,0.140765,	0.71377,0.28623,	0.897121,0.102879,	0.00452231,0.995478,	0.621058,0.378942,	0.858715,0.141285,	1,	1,	1,	1,	1,	1,	1,	1,	1,	1,	1,	
0.5,0.5,	0.961624,0.0383764,	0.972578,0.0274217,	0.972423,0.0275766,	0.955672,0.0443276,	0.858702,0.141298,	0.713699,0.286301,	0.897708,0.102292,	0.00449144,0.995509,	0.621959,0.378041,	0.857557,0.142443,	1,	1,	1,	1,	1,	1,	1,	1,	1,	1,	1,	
0.5,0.5,	0.961656,0.0383437,	0.97261,0.02739,	0.972473,0.0275271,	0.955607,0.0443931,	0.859185,0.140815,	0.713997,0.286003,	0.897207,0.102793,	0.00446736,0.995533,	0.621776,0.378224,	0.861347,0.138653,	1,	1,	1,	1,	1,	1,	1,	1,	1,	1,	1,	
0.5,0.5,	0.961662,0.0383385,	0.972611,0.027389,	0.972466,0.0275339,	0.95558,0.0444196,	0.857991,0.142009,	0.712712,0.287288,	0.897405,0.102595,	0.00439448,0.995606,	0.620335,0.379665,	0.857085,0.142915,	1,	1,	1,	1,	1,	1,	1,	1,	1,	1,	1,	
0.5,0.5,	0.961646,0.0383536,	0.97263,0.02737,	0.972481,0.0275195,	0.955642,0.0443577,	0.857038,0.142962,	0.712188,0.287812,	0.89693,0.10307,	0.00435769,0.995642,	0.619108,0.380892,	0.85793,0.14207,	1,	1,	1,	1,	1,	1,	1,	1,	1,	1,	1,	
0.5,0.5,	0.96166,0.0383401,	0.972639,0.0273608,	0.972459,0.027541,	0.955624,0.0443761,	0.856874,0.143126,	0.7111,0.2889,	0.89508,0.10492,	0.00432374,0.995676,	0.619306,0.380694,	0.853919,0.146081,	1,	1,	1,	1,	1,	1,	1,	1,	1,	1,	1,	
0.5,0.5,	0.961736,0.0382641,	0.972628,0.0273721,	0.972439,0.0275607,	0.955691,0.0443092,	0.856255,0.143745,	0.708978,0.291022,	0.895117,0.104883,	0.0043197,0.99568,	0.619157,0.380843,	0.850518,0.149482,	1,	1,	1,	1,	1,	1,	1,	1,	1,	1,	1,	
0.5,0.5,	0.96174,0.0382602,	0.972716,0.0272839,	0.972454,0.0275461,	0.955716,0.0442838,	0.855684,0.144316,	0.707482,0.292518,	0.8946,0.1054,	0.00427391,0.995726,	0.61788,0.38212,	0.850507,0.149493,	1,	1,	1,	1,	1,	1,	1,	1,	1,	1,	1,	
0.5,0.5,	0.961728,0.0382723,	0.972717,0.0272826,	0.972461,0.0275393,	0.955647,0.0443529,	0.855086,0.144914,	0.706394,0.293606,	0.894496,0.105504,	0.00421704,0.995783,	0.617015,0.382985,	0.853502,0.146498,	1,	1,	1,	1,	1,	1,	1,	1,	1,	1,	1,	
0.5,0.5,	0.961704,0.0382961,	0.972783,0.0272167,	0.972455,0.0275446,	0.955693,0.0443072,	0.854413,0.145587,	0.706778,0.293222,	0.893897,0.106103,	0.00419926,0.995801,	0.617427,0.382573,	0.852138,0.147862,	1,	1,	1,	1,	1,	1,	1,	1,	1,	1,	1,	
0.5,0.5,	0.961769,0.0382314,	0.972803,0.0271969,	0.972448,0.0275524,	0.955623,0.0443767,	0.853717,0.146283,	0.704115,0.295885,	0.894462,0.105538,	0.00418386,0.995816,	0.617614,0.382386,	0.852671,0.147329,	1,	1,	1,	1,	1,	1,	1,	1,	1,	1,	1,	
0.5,0.5,	0.961797,0.0382029,	0.972808,0.0271924,	0.972437,0.0275632,	0.955597,0.0444029,	0.853349,0.146651,	0.701919,0.298081,	0.894256,0.105744,	0.00416131,0.995839,	0.618617,0.381383,	0.853303,0.146697,	1,	1,	1,	1,	1,	1,	1,	1,	1,	1,	1,	
0.5,0.5,	0.961835,0.0381647,	0.972838,0.0271617,	0.97243,0.0275697,	0.955635,0.044365,	0.853431,0.146569,	0.701205,0.298795,	0.894421,0.105579,	0.00415137,0.995849,	0.617499,0.382501,	0.855307,0.144693,	1,	1,	1,	1,	1,	1,	1,	1,	1,	1,	1,	
0.5,0.5,	0.96192,0.0380801,	0.972867,0.0271332,	0.972494,0.0275057,	0.955642,0.044358,	0.853518,0.146482,	0.699846,0.300154,	0.894764,0.105236,	0.00411715,0.995883,	0.617956,0.382044,	0.853654,0.146346,	1,	1,	1,	1,	1,	1,	1,	1,	1,	1,	1,	
0.5,0.5,	0.961893,0.038107,	0.972858,0.0271423,	0.972496,0.027504,	0.955627,0.0443728,	0.853648,0.146352,	0.700246,0.299754,	0.894148,0.105852,	0.00404193,0.995958,	0.616471,0.383529,	0.856454,0.143546,	1,	1,	1,	1,	1,	1,	1,	1,	1,	1,	1,	
0.5,0.5,	0.961973,0.0380268,	0.972852,0.027148,	0.972509,0.0274906,	0.955614,0.0443864,	0.853402,0.146598,	0.698825,0.301175,	0.894,0.106,	0.00400415,0.995996,	0.616013,0.383987,	0.857309,0.142691,	1,	1,	1,	1,	1,	1,	1,	1,	1,	1,	1,	
0.5,0.5,	0.961993,0.0380074,	0.972856,0.0271435,	0.972501,0.0274993,	0.955585,0.0444154,	0.852999,0.147001,	0.699538,0.300462,	0.894812,0.105188,	0.00399471,0.996005,	0.61423,0.38577,	0.858562,0.141438,	1,	1,	1,	1,	1,	1,	1,	1,	1,	1,	1,	
0.5,0.5,	0.961997,0.0380035,	0.97287,0.0271299,	0.972525,0.0274746,	0.955596,0.0444044,	0.85273,0.14727,	0.700414,0.299586,	0.895372,0.104628,	0.00396233,0.996038,	0.614158,0.385842,	0.85858,0.14142,	1,	1,	1,	1,	1,	1,	1,	1,	1,	1,	1,	
0.5,0.5,	0.962049,0.0379508,	0.972854,0.0271459,	0.972556,0.0274443,	0.955514,0.0444859,	0.852493,0.147507,	0.69819,0.30181,	0.89664,0.10336,	0.00394244,0.996058,	0.613396,0.386604,	0.857785,0.142215,	1,	1,	1,	1,	1,	1,	1,	1,	1,	1,	1,	
0.5,0.5,	0.962045,0.0379547,	0.97287,0.0271304,	0.972584,0.0274163,	0.955584,0.0444162,	0.852565,0.147435,	0.697694,0.302306,	0.896467,0.103533,	0.00392057,0.996079,	0.613095,0.386905,	0.858604,0.141396,	1,	1,	1,	1,	1,	1,	1,	1,	1,	1,	1,	
0.5,0.5,	0.962084,0.0379157,	0.972872,0.0271279,	0.972563,0.0274374,	0.95561,0.0443899,	0.852209,0.147791,	0.697881,0.302119,	0.895874,0.104126,	0.00389581,0.996104,	0.612569,0.387431,	0.859814,0.140186,	1,	1,	1,	1,	1,	1,	1,	1,	1,	1,	1,	
0.5,0.5,	0.962071,0.037929,	0.972877,0.0271225,	0.972603,0.0273966,	0.955559,0.0444412,	0.851942,0.148058,	0.697351,0.302649,	0.896293,0.103707,	0.00388174,0.996118,	0.612577,0.387423,	0.861264,0.138736,	1,	1,	1,	1,	1,	1,	1,	1,	1,	1,	1,	
0.5,0.5,	0.962075,0.0379255,	0.972879,0.0271213,	0.972639,0.0273609,	0.955635,0.0443645,	0.851649,0.148351,	0.698254,0.301746,	0.896274,0.103726,	0.00385214,0.996148,	0.612407,0.387593,	0.860547,0.139453,	1,	1,	1,	1,	1,	1,	1,	1,	1,	1,	1,	
0.5,0.5,	0.962096,0.0379045,	0.972905,0.0270951,	0.972629,0.0273711,	0.955618,0.0443823,	0.851504,0.148496,	0.699732,0.300268,	0.896059,0.103941,	0.00380558,0.996194,	0.612203,0.387797,	0.861722,0.138278,	1,	1,	1,	1,	1,	1,	1,	1,	1,	1,	1,	
0.5,0.5,	0.962074,0.0379257,	0.972929,0.0270707,	0.972622,0.0273784,	0.955665,0.0443346,	0.851265,0.148735,	0.700936,0.299064,	0.89581,0.10419,	0.00376687,0.996233,	0.612468,0.387532,	0.862918,0.137082,	1,	1,	1,	1,	1,	1,	1,	1,	1,	1,	1,	
0.5,0.5,	0.962048,0.0379517,	0.972904,0.027096,	0.972631,0.0273688,	0.955628,0.0443716,	0.850893,0.149107,	0.700613,0.299387,	0.896274,0.103726,	0.00372274,0.996277,	0.611924,0.388076,	0.861103,0.138897,	1,	1,	1,	1,	1,	1,	1,	1,	1,	1,	1,	
0.5,0.5,	0.962018,0.0379822,	0.97291,0.0270898,	0.972644,0.0273559,	0.955688,0.0443116,	0.850241,0.149759,	0.700092,0.299908,	0.895752,0.104248,	0.00367819,0.996322,	0.611531,0.388469,	0.860195,0.139805,	1,	1,	1,	1,	1,	1,	1,	1,	1,	1,	1,	
0.5,0.5,	0.962002,0.0379981,	0.972895,0.0271055,	0.972626,0.0273738,	0.955674,0.0443258,	0.849801,0.150199,	0.699165,0.300835,	0.895818,0.104182,	0.00365018,0.99635,	0.610948,0.389052,	0.859316,0.140684,	1,	1,	1,	1,	1,	1,	1,	1,	1,	1,	1,	
0.5,0.5,	0.96203,0.0379699,	0.972923,0.0270765,	0.972677,0.0273228,	0.955662,0.0443381,	0.849854,0.150146,	0.698456,0.301544,	0.895293,0.104707,	0.00362441,0.996376,	0.61101,0.38899,	0.85588,0.14412,	1,	1,	1,	1,	1,	1,	1,	1,	1,	1,	1,	
0.5,0.5,	0.962013,0.037987,	0.972905,0.0270948,	0.972691,0.0273089,	0.955654,0.0443457,	0.849748,0.150252,	0.697441,0.302559,	0.896712,0.103288,	0.0035985,0.996401,	0.611079,0.388921,	0.853397,0.146603,	1,	1,	1,	1,	1,	1,	1,	1,	1,	1,	1,	
0.5,0.5,	0.962009,0.0379912,	0.972938,0.0270618,	0.972706,0.0272939,	0.95563,0.0443701,	0.849473,0.150527,	0.696066,0.303934,	0.897799,0.102201,	0.00356286,0.996437,	0.611023,0.388977,	0.85317,0.14683,	1,	1,	1,	1,	1,	1,	1,	1,	1,	1,	1,	
0.5,0.5,	0.962005,0.0379955,	0.972927,0.0270728,	0.9727,0.0272999,	0.955566,0.0444344,	0.84905,0.15095,	0.69733,0.30267,	0.898465,0.101535,	0.00354549,0.996455,	0.611206,0.388794,	0.854977,0.145023,	1,	1,	1,	1,	1,	1,	1,	1,	1,	1,	1,	
0.5,0.5,	0.962018,0.0379823,	0.972944,0.0270557,	0.972698,0.0273019,	0.955543,0.0444571,	0.848586,0.151414,	0.697075,0.302925,	0.898083,0.101917,	0.00352971,0.99647,	0.610617,0.389383,	0.851496,0.148504,	1,	1,	1,	1,	1,	1,	1,	1,	1,	1,	1,	
0.5,0.5,	0.962027,0.0379727,	0.972941,0.0270592,	0.972708,0.0272918,	0.955555,0.0444453,	0.848358,0.151642,	0.69695,0.30305,	0.89845,0.10155,	0.00350792,0.996492,	0.609852,0.390148,	0.849515,0.150485,	1,	1,	1,	1,	1,	1,	1,	1,	1,	1,	1,	
0.5,0.5,	0.962028,0.0379718,	0.97297,0.0270298,	0.972702,0.0272984,	0.955511,0.0444888,	0.847613,0.152387,	0.694013,0.305987,	0.897948,0.102052,	0.00347528,0.996525,	0.610122,0.389878,	0.851677,0.148323,	1,	1,	1,	1,	1,	1,	1,	1,	1,	1,	1,	
0.5,0.5,	0.962079,0.0379215,	0.972973,0.0270274,	0.972704,0.0272961,	0.955442,0.0445575,	0.847538,0.152462,	0.692351,0.307649,	0.897483,0.102517,	0.00343221,0.996568,	0.609751,0.390249,	0.855885,0.144115,	1,	1,	1,	1,	1,	1,	1,	1,	1,	1,	1,	
0.5,0.5,	0.962049,0.0379513,	0.973002,0.026998,	0.97271,0.0272902,	0.955431,0.0445695,	0.847182,0.152818,	0.692838,0.307162,	0.898098,0.101902,	0.00340304,0.996597,	0.609879,0.390121,	0.855681,0.144319,	1,	1,	1,	1,	1,	1,	1,	1,	1,	1,	1,	
0.5,0.5,	0.962081,0.0379194,	0.973029,0.0269712,	0.972696,0.0273041,	0.955417,0.0445826,	0.846941,0.153059,	0.692951,0.307049,	0.897305,0.102695,	0.00338452,0.996615,	0.610305,0.389695,	0.854419,0.145581,	1,	1,	1,	1,	1,	1,	1,	1,	1,	1,	1,	
