k=0_act,k=1_act,k=2_act,k=3_act,k=4_act,k=5_act,k=6_act,k=7_act,k=8_act,k=9_act,k=10_act,k=0_wait,k=1_wait,k=2_wait,k=3_wait,k=4_wait,k=5_wait,k=6_wait,k=7_wait,k=8_wait,k=9_wait,k=10_wait,	k=0_act,k=1_act,k=2_act,k=3_act,k=4_act,k=5_act,k=6_act,k=7_act,k=8_act,k=9_act,k=10_act,k=0_wait,k=1_wait,k=2_wait,k=3_wait,k=4_wait,k=5_wait,k=6_wait,k=7_wait,k=8_wait,k=9_wait,k=10_wait,	
15,15,15,15,15,15,15,15,15,15,15,15,15,15,15,15,15,15,15,15,15,15,	15,15,15,15,15,15,15,15,15,15,15,15,15,15,15,15,15,15,15,15,15,15,	
15,13.6712,14.127,14.4481,14.4836,14.4459,14.3665,14.2667,14.0051,13.8764,12.944,15,12.6002,14.5755,14.8831,14.9315,15.0092,14.9962,15.021,14.9865,14.8998,14.4881,	15,14.358,14.8167,14.8478,15.0249,15.0456,15.1119,15.0347,14.8563,14.309,13.737,15,12.4455,13.3476,13.748,14.1566,14.2701,14.4693,14.4134,14.3602,13.9138,14.7851,	
15,12.1512,13.3138,13.8658,13.9194,13.8703,13.8221,13.6921,13.4999,13.2401,12.6613,15,10.5281,13.6713,14.4757,14.7025,14.8381,14.8173,14.7768,14.7145,14.4589,14.0868,	15,13.6762,14.3743,14.4952,14.7994,14.7932,14.8302,14.7044,14.278,13.3669,12.5193,15,11.1135,12.311,13.0156,13.6046,13.8286,14.1073,14.0053,13.9026,12.9845,14.5236,	
15,11.031,12.6813,13.4,13.4764,13.6328,13.5332,13.3961,13.2876,13.0611,12.7973,15,8.79362,12.6058,13.9403,14.362,14.5432,14.5042,14.4978,14.3941,14.229,14.0128,	15,13.0694,14.0079,14.2419,14.5061,14.6317,14.5433,14.271,13.6159,12.4901,11.6106,15,10.3611,11.9414,12.6398,13.2317,13.6747,13.8139,13.762,13.5289,12.2735,14.1896,	
15,9.93032,12.0472,12.9385,13.2136,13.3925,13.3391,13.3294,13.196,13.1003,12.9995,15,7.27048,11.4902,13.2266,13.8679,14.1558,14.2575,14.2518,14.2412,14.1604,14.1317,	15,12.6932,13.8058,14.0934,14.3624,14.4202,14.2691,13.786,12.9718,11.7127,10.8138,15,9.89778,11.7003,12.4675,13.0846,13.445,13.5548,13.4325,12.9708,11.5621,13.8553,	
15,8.97394,11.5527,12.5477,12.9942,13.3266,13.2376,13.2401,13.1707,13.2391,13.2287,15,6.14818,10.3548,12.5469,13.3726,13.8212,13.9495,14.0455,14.0628,14.0655,14.1872,	15,12.4153,13.7319,14.0295,14.208,14.2154,13.9278,13.2969,12.3426,11.0696,10.2376,15,9.58178,11.5583,12.468,12.8979,13.285,13.3921,13.0821,12.4301,10.9841,13.4802,	
15,8.05589,10.9687,12.1986,12.8565,13.0908,13.2214,13.1922,13.2758,13.2937,13.4185,15,5.14277,9.39579,11.7443,12.9142,13.4631,13.7672,13.8778,14.0058,14.1088,14.2643,	15,12.2685,13.6097,13.9223,14.185,14.0174,13.5867,12.8487,11.7831,10.5364,9.78213,15,9.49357,11.3692,12.4042,12.8432,13.1522,13.1291,12.6895,11.8713,10.4953,13.0758,	
15,7.2558,10.3193,11.8578,12.5825,12.9828,13.116,13.1716,13.3465,13.3764,13.4682,15,4.30098,8.48722,11.0041,12.4551,13.1624,13.516,13.7473,13.9736,14.0778,14.289,	15,12.1641,13.5608,13.9697,14.0633,13.7425,13.102,12.3044,11.3101,10.1504,9.30243,15,9.3619,11.2871,12.3639,12.7973,13.0206,12.7535,12.2293,11.3604,10.1337,12.6316,	
15,6.61498,9.82983,11.4853,12.2843,12.855,13.0909,13.1778,13.4094,13.4108,13.6793,15,3.63416,7.62418,10.3893,11.9129,12.7782,13.3099,13.6156,13.8808,14.1399,14.4143,	15,12.2052,13.6044,13.9842,13.884,13.4397,12.7628,11.886,10.8577,9.74486,8.90825,15,9.20834,11.3534,12.3109,12.6853,12.9354,12.5051,11.8434,10.8834,9.74417,12.3196,	
15,6.09627,9.34983,11.1177,12.1647,12.6979,13.0362,13.1761,13.405,13.5518,13.7033,15,3.19244,7.02056,9.6987,11.4825,12.463,13.1121,13.4422,13.8024,14.0598,14.386,	15,12.1559,13.6512,13.9263,13.7324,13.1918,12.4062,11.4787,10.4883,9.47208,8.57499,15,9.16669,11.3283,12.2395,12.723,12.7376,12.2375,11.4783,10.5422,9.42722,11.9317,	
15,5.59497,9.00356,10.9016,11.9787,12.5542,12.9426,13.1315,13.3636,13.4691,13.7373,15,2.88518,6.5941,9.24307,11.0618,12.1614,12.8862,13.3939,13.7427,14.0305,14.4139,	15,12.1772,13.6914,13.924,13.5493,12.9119,12.1259,11.2198,10.2756,9.20391,8.38594,15,9.09331,11.2608,12.3246,12.669,12.5402,11.9442,11.1016,10.2498,9.15994,11.6147,	
15,5.2978,8.71592,10.6014,11.7534,12.3639,12.8203,13.1253,13.3515,13.5584,13.7569,15,2.61234,6.19414,8.78419,10.6884,11.8798,12.6618,13.229,13.6197,13.95,14.355,	15,12.2107,13.7279,13.8528,13.4261,12.6496,11.8537,10.9628,10.0172,8.98962,8.14657,15,9.12033,11.1711,12.2758,12.6394,12.342,11.744,10.912,10.0285,8.90097,11.285,	
15,5.081,8.42751,10.3651,11.5009,12.2307,12.6547,13.0765,13.3156,13.5564,13.7895,15,2.41676,5.80155,8.52336,10.41,11.6272,12.4392,13.1203,13.5861,13.9204,14.3359,	15,12.1903,13.7743,13.7897,13.2416,12.4947,11.6537,10.7002,9.82413,8.75083,8.03615,15,9.06913,11.2387,12.2182,12.5293,12.1864,11.53,10.6564,9.83952,8.71957,10.9918,	
15,4.94431,8.20426,10.1814,11.2931,12.1287,12.5579,13.0015,13.3025,13.4948,13.6778,15,2.25108,5.51182,8.21833,10.1767,11.3923,12.3007,12.991,13.4924,13.8558,14.2941,	15,12.23,13.8038,13.6541,13.0588,12.2694,11.4478,10.5345,9.66442,8.67965,7.92461,15,9.08581,11.2834,12.139,12.3915,12.0092,11.3609,10.442,9.62385,8.56907,10.7271,	
15,4.87342,8.23593,10.0804,11.1483,11.9749,12.4813,12.9072,13.2097,13.4641,13.7768,15,2.16439,5.30328,8.0083,9.83227,11.1888,12.0899,12.8361,13.3522,13.7651,14.2476,	15,12.2875,13.852,13.5877,12.8958,12.0876,11.2914,10.3964,9.56369,8.60131,7.79287,15,9.06937,11.3631,12.1898,12.2889,11.9289,11.1237,10.2674,9.54084,8.54501,10.468,	
15,4.86126,8.1259,10.0282,10.9759,11.854,12.3352,12.7976,13.1628,13.3462,13.7241,15,2.07532,5.21384,7.79787,9.69838,11.0181,11.9578,12.6533,13.2618,13.6656,14.1686,	15,12.3312,13.8717,13.5182,12.7755,12.004,11.1356,10.3259,9.45731,8.53824,7.7753,15,9.00696,11.3524,12.1621,12.1789,11.7139,10.9658,10.1686,9.42967,8.43262,10.2352,	
15,4.81707,8.02835,9.88806,10.9517,11.7736,12.2283,12.7188,13.0355,13.3427,13.5881,15,1.99591,5.10508,7.69604,9.50306,10.8853,11.7663,12.4931,13.0852,13.5565,14.066,	15,12.4435,13.8652,13.4307,12.6229,11.8424,10.9862,10.2297,9.35536,8.4933,7.70134,15,8.99969,11.3364,12.0855,12.0097,11.5839,10.821,10.0842,9.30911,8.39156,10.0006,	
15,4.87576,8.05926,9.83093,10.8664,11.6548,12.1496,12.6135,12.9828,13.2404,13.5378,15,1.95427,5.05848,7.5265,9.3802,10.8047,11.7174,12.4439,13.0159,13.4654,13.9637,	15,12.4744,13.8907,13.3609,12.5281,11.7039,10.9301,10.1557,9.3378,8.4757,7.67371,15,9.06479,11.3676,12.1066,11.9453,11.4714,10.7912,10.0394,9.26984,8.3135,9.80226,	
15,4.793,8.08223,9.73155,10.8178,11.5429,12.1056,12.4877,12.8909,13.1604,13.4036,15,1.88627,4.96404,7.42982,9.3125,10.6489,11.6318,12.3368,12.9371,13.3903,13.8962,	15,12.5271,13.8625,13.2935,12.4052,11.626,10.9062,10.1137,9.27646,8.41133,7.6083,15,9.06195,11.3343,12.0408,11.8394,11.3644,10.7152,9.96381,9.21077,8.28645,9.5839,	
15,4.74298,8.01168,9.72317,10.7111,11.4843,11.99,12.4238,12.7699,13.0617,13.4011,15,1.84735,4.82048,7.31407,9.22905,10.5413,11.4651,12.2148,12.8376,13.2941,13.8605,	15,12.5983,13.879,13.1983,12.3709,11.56,10.8124,10.0202,9.20026,8.35271,7.55979,15,9.1224,11.2833,11.9955,11.8223,11.2193,10.5728,9.87761,9.11036,8.21094,9.40681,	
15,4.85218,7.97325,9.81283,10.6599,11.4394,11.8609,12.3364,12.7471,12.9668,13.3034,15,1.76813,4.75216,7.22536,9.11985,10.4779,11.3984,12.1816,12.7658,13.1821,13.7367,	15,12.6163,13.8093,13.1066,12.3072,11.5145,10.768,10.0028,9.17688,8.36183,7.58198,15,9.06553,11.3197,11.9708,11.7468,11.2085,10.5141,9.8055,9.03366,8.21744,9.23872,	
15,4.87878,8.00927,9.90603,10.6977,11.4216,11.7839,12.2632,12.6313,12.9094,13.2116,15,1.7892,4.68267,7.25867,9.03495,10.3755,11.3169,12.0479,12.6193,13.1226,13.6537,	15,12.6833,13.759,13.0508,12.295,11.4936,10.7101,9.97491,9.1755,8.38936,7.59095,15,9.07342,11.3196,11.8919,11.7113,11.1066,10.4275,9.78972,9.0807,8.23808,9.09159,	
15,4.99662,8.01715,9.99315,10.6151,11.3176,11.761,12.1936,12.5362,12.8421,13.2065,15,1.78404,4.66185,7.1799,9.02504,10.3212,11.279,11.9553,12.5459,13.0612,13.6215,	15,12.7235,13.7593,13.027,12.2701,11.4795,10.7199,9.94768,9.16542,8.43271,7.6464,15,9.12928,11.2829,11.8458,11.6654,11.0355,10.4324,9.76562,9.00188,8.31249,8.95484,	
15,5.03299,8.11011,9.87674,10.5564,11.2821,11.6628,12.1437,12.5056,12.798,13.1743,15,1.73309,4.61254,7.11017,8.94351,10.2595,11.1696,11.9144,12.461,12.9966,13.5349,	15,12.7435,13.7821,12.995,12.2326,11.4737,10.6534,9.95073,9.14581,8.40428,7.59761,15,9.15735,11.2851,11.764,11.5993,11.0208,10.3991,9.71906,9.02214,8.23708,8.83247,	
15,5.09549,8.14172,9.82712,10.5522,11.2367,11.5477,12.0716,12.4108,12.7254,12.9836,15,1.69285,4.57101,7.05872,8.89668,10.2337,11.1227,11.8086,12.4323,12.9344,13.4419,	15,12.73,13.7792,12.9325,12.2173,11.4524,10.6681,9.92589,9.1308,8.4052,7.62566,15,9.20547,11.2403,11.6978,11.4998,10.9556,10.3683,9.6594,8.96455,8.22044,8.70987,	
15,5.15906,8.22305,9.87733,10.6166,11.2029,11.5524,12.0163,12.2882,12.6608,13.0246,15,1.72401,4.48593,7.05378,8.8614,10.1792,11.0372,11.7359,12.3435,12.8076,13.4299,	15,12.7669,13.748,12.9311,12.2468,11.4373,10.6637,9.92619,9.18222,8.39817,7.60512,15,9.22982,11.2469,11.6834,11.4524,10.9543,10.3417,9.6346,9.09918,8.21024,8.60231,	
15,5.13514,8.25034,9.94087,10.6267,11.149,11.5258,11.9556,12.2669,12.6462,13.0303,15,1.73012,4.49799,7.02739,8.88407,10.1232,11.0413,11.6554,12.2789,12.7621,13.3624,	15,12.8178,13.7535,12.9825,12.2323,11.4626,10.7605,9.95985,9.19258,8.41831,7.60171,15,9.12678,11.1916,11.621,11.4416,10.9684,10.3454,9.72606,9.06168,8.24652,8.50961,	
15,5.15408,8.31034,9.98288,10.6469,11.1742,11.479,11.8801,12.2693,12.5963,12.9973,15,1.74953,4.4944,6.97805,8.85476,10.0713,10.9671,11.6544,12.2322,12.702,13.2937,	15,12.7349,13.7762,12.9886,12.2619,11.5186,10.7249,9.99732,9.21555,8.47428,7.67434,15,9.09904,11.1343,11.5357,11.4007,10.9739,10.3911,9.80271,9.07889,8.26515,8.43267,	
15,5.19963,8.30994,10.0221,10.6855,11.0445,11.4113,11.8272,12.1858,12.505,13.0079,15,1.747,4.45088,6.95316,8.80151,10.0199,10.9533,11.6101,12.1711,12.6327,13.2701,	15,12.7177,13.8042,12.9577,12.2433,11.5258,10.763,10.0195,9.27175,8.53309,7.68865,15,9.09389,11.0908,11.5144,11.322,10.9314,10.3537,9.75441,9.09414,8.29803,8.37443,	
15,5.2954,8.37541,10.0466,10.7779,11.0578,11.4668,11.819,12.1638,12.4614,12.9696,15,1.73226,4.40459,6.95913,8.78217,10.002,10.8943,11.5861,12.1039,12.5576,13.2072,	15,12.7355,13.801,13.0068,12.279,11.5601,10.7623,10.0445,9.32403,8.51829,7.75795,15,9.11496,11.0678,11.4338,11.3424,10.9086,10.3434,9.82138,9.20085,8.33976,8.30169,	
15,5.29133,8.42711,10.0629,10.8247,11.0229,11.4135,11.816,12.0996,12.4216,12.8696,15,1.73746,4.42052,6.87525,8.77922,9.98973,10.8476,11.5292,12.0873,12.5977,13.2221,	15,12.7658,13.8394,13.0616,12.3461,11.6226,10.8288,10.0639,9.3588,8.5638,7.74827,15,9.03537,11.0706,11.3425,11.3489,10.952,10.3442,9.81041,9.17763,8.30913,8.24195,	
15,5.33383,8.53057,10.1314,10.748,11.0474,11.3839,11.7071,12.0459,12.3374,12.7937,15,1.72748,4.40113,6.89487,8.74869,9.97521,10.7868,11.432,12.0294,12.5012,13.1172,	15,12.7525,13.8692,13.1215,12.3733,11.6073,10.8574,10.0935,9.33913,8.55323,7.75251,15,9.01114,11.0598,11.3488,11.3341,10.8965,10.3828,9.78714,9.20544,8.28661,8.12445,	
15,5.376,8.48798,10.2158,10.7176,11.0115,11.2933,11.6509,11.9914,12.3336,12.7605,15,1.69811,4.39959,6.87898,8.67453,9.88781,10.7696,11.4137,11.9558,12.4211,13.0723,	15,12.7796,13.9019,13.1711,12.3874,11.5915,10.8608,10.118,9.33856,8.5421,7.74359,15,8.9445,10.9701,11.3601,11.2864,10.9201,10.4271,9.78899,9.17529,8.3447,8.05542,	
15,5.50889,8.61312,10.142,10.764,11.0605,11.3202,11.5896,11.9683,12.2789,12.7505,15,1.71378,4.33065,6.85319,8.68396,9.81915,10.7459,11.3705,11.9475,12.3871,13.0651,	15,12.8264,13.9152,13.1955,12.4242,11.6429,10.9608,10.1547,9.36816,8.5993,7.71095,15,8.9231,11.0111,11.3734,11.2675,10.8914,10.4545,9.87818,9.14849,8.3299,7.98653,	
15,5.47881,8.611,10.1111,10.8924,11.0557,11.2847,11.5889,11.9146,12.2187,12.7416,15,1.68925,4.33392,6.7787,8.61685,9.83833,10.7031,11.3301,11.8624,12.3927,13.0901,	15,12.9193,13.9685,13.2433,12.4631,11.6992,10.9352,10.166,9.36634,8.58253,7.72735,15,8.90485,11.059,11.3546,11.3036,10.8967,10.418,9.82164,9.17703,8.37733,7.89754,	
15,5.42835,8.71328,10.1901,10.9042,11.0933,11.2669,11.6056,11.8683,12.1919,12.7187,15,1.68183,4.41079,6.78073,8.63185,9.84237,10.749,11.3138,11.901,12.3204,13.0195,	15,12.9349,14.0072,13.2781,12.5044,11.7556,10.9592,10.1954,9.42689,8.66698,7.89774,15,8.87772,11.0068,11.401,11.335,10.9288,10.4545,9.85928,9.19442,8.41244,7.81609,	
15,5.5051,8.73716,10.2443,10.9713,11.0887,11.2475,11.5542,11.7846,12.1727,12.6597,15,1.68739,4.35973,6.75213,8.58157,9.81801,10.6474,11.2921,11.8119,12.2942,12.9718,	15,12.9538,14.061,13.3524,12.5651,11.7618,10.9686,10.2236,9.46238,8.66323,7.81464,15,8.84279,11.0092,11.3786,11.3242,10.9326,10.432,9.84185,9.28574,8.3855,7.74547,	
15,5.52017,8.77082,10.3556,10.9476,11.046,11.1946,11.5401,11.7784,12.1353,12.665,15,1.67265,4.38081,6.70553,8.53447,9.78915,10.6475,11.2695,11.7446,12.2683,12.9845,	15,13.0328,14.1206,13.4114,12.6108,11.7845,11.0082,10.2299,9.45498,8.73425,7.87577,15,8.85794,10.9668,11.2632,11.318,10.9256,10.5006,9.82088,9.19781,8.49089,7.72206,	
15,5.50957,8.77568,10.3488,10.9021,11.0428,11.1889,11.5269,11.7046,12.1043,12.6309,15,1.66907,4.30303,6.69566,8.54851,9.78855,10.6322,11.2,11.7027,12.186,12.8842,	15,13.0479,14.167,13.4605,12.6573,11.8205,11.0824,10.2591,9.4092,8.66397,7.84201,15,8.80857,10.929,11.2207,11.3294,10.9703,10.4851,9.91864,9.20328,8.41585,7.67846,	
15,5.42553,8.7084,10.3911,10.9157,11.0577,11.1944,11.5091,11.7123,12.1126,12.6091,15,1.65996,4.31521,6.64786,8.51216,9.81029,10.6402,11.2625,11.7078,12.1415,12.8874,	15,13.0694,14.2211,13.5211,12.6936,11.8741,11.0733,10.29,9.46962,8.73341,7.86907,15,8.81369,10.9025,11.2041,11.3732,10.9669,10.4996,9.9303,9.22287,8.47091,7.63978,	
15,5.45222,8.80252,10.4012,10.8948,11.0062,11.2056,11.503,11.7392,12.1299,12.6193,15,1.62487,4.26142,6.63121,8.44768,9.76053,10.5625,11.261,11.7142,12.2562,12.9276,	15,13.1032,14.2846,13.5857,12.7272,11.9297,11.077,10.274,9.53505,8.71008,7.90587,15,8.79663,10.9166,11.3135,11.3818,11.0336,10.5231,9.96364,9.30055,8.43824,7.59388,	
15,5.50838,8.79151,10.4289,10.9822,10.9895,11.1918,11.4428,11.749,12.1304,12.6809,15,1.60191,4.23785,6.61797,8.38239,9.67076,10.5538,11.2055,11.6962,12.1732,12.952,	15,13.1164,14.3383,13.6344,12.7677,11.9552,11.1049,10.3385,9.54187,8.78283,7.84125,15,8.78977,10.9173,11.3087,11.3428,11.0328,10.5209,10.0003,9.34551,8.46737,7.56441,	
15,5.49233,8.73161,10.3656,10.9133,11.0573,11.1824,11.4422,11.7397,12.0864,12.6664,15,1.60566,4.17077,6.48459,8.36288,9.64735,10.4796,11.1616,11.6409,12.1882,12.9235,	15,13.1994,14.3537,13.6687,12.7985,11.978,11.1584,10.3197,9.50037,8.72429,7.85344,15,8.78827,10.9053,11.3083,11.32,11.0151,10.5736,9.94919,9.32335,8.3847,7.51361,	
15,5.45003,8.71731,10.4383,10.9887,11.1368,11.2562,11.3849,11.7078,12.0428,12.6084,15,1.57007,4.10185,6.49361,8.29195,9.6486,10.51,11.1573,11.6277,12.1456,12.8867,	15,13.2327,14.4015,13.7033,12.8462,12.0095,11.2039,10.3416,9.51734,8.73817,7.90095,15,8.76619,10.946,11.2984,11.301,11.0383,10.6375,9.97355,9.28604,8.49037,7.49057,	
15,5.38023,8.72784,10.3342,11.0482,11.173,11.26,11.3399,11.6951,12.0091,12.5925,15,1.51333,4.06569,6.4187,8.28145,9.60741,10.5326,11.1264,11.6251,12.1255,12.884,	15,13.3332,14.4546,13.7355,12.8998,12.0103,11.1667,10.3237,9.5611,8.7484,7.88078,15,8.72725,10.9344,11.2853,11.3183,10.9751,10.6207,10.0084,9.3445,8.44871,7.48299,	
15,5.51186,8.72724,10.3393,11.1854,11.254,11.2685,11.3274,11.7063,12.043,12.6099,15,1.50003,4.06126,6.41471,8.27146,9.61519,10.5075,11.1321,11.6208,12.1406,12.8723,	15,13.3748,14.496,13.7658,12.9519,12.0477,11.2404,10.4033,9.61168,8.83283,7.99723,15,8.74501,10.9961,11.3025,11.4049,11.0599,10.6515,10.0295,9.38043,8.52596,7.44893,	
15,5.58644,8.8019,10.4437,11.1806,11.2844,11.3426,11.4608,11.6935,12.0275,12.6709,15,1.48356,4.00951,6.36537,8.28317,9.64931,10.4996,11.1299,11.6123,12.0896,12.8582,	15,13.4343,14.5419,13.7961,12.9518,12.0937,11.274,10.4695,9.73926,8.89231,8.0198,15,8.75694,11.0346,11.375,11.4208,11.0679,10.6992,10.0976,9.42963,8.67111,7.44857,	
15,5.61298,8.91096,10.4537,11.1726,11.3424,11.3584,11.5276,11.7161,12.0053,12.6243,15,1.46768,3.98793,6.28996,8.26013,9.68434,10.549,11.2077,11.6754,12.1613,12.9117,	15,13.4778,14.5987,13.8372,12.9997,12.1356,11.3223,10.5685,9.77281,9.02602,8.14514,15,8.79823,11.0954,11.4728,11.4152,11.1149,10.6972,10.1212,9.46474,8.74362,7.4616,	
15,5.58604,8.99732,10.4905,11.1459,11.3238,11.3378,11.485,11.7038,11.9981,12.5735,15,1.43461,3.92407,6.25795,8.14958,9.6019,10.5094,11.1683,11.6428,12.1244,12.8665,	15,13.4844,14.625,13.8779,13.0544,12.203,11.3523,10.5371,9.75552,8.96836,8.05158,15,8.78522,11.0746,11.4583,11.4177,11.1271,10.7136,10.1877,9.48037,8.65283,7.47548,	
15,5.49765,9.0172,10.4399,11.16,11.3347,11.3465,11.5509,11.7231,11.9936,12.6057,15,1.40639,3.86628,6.17108,8.05445,9.58111,10.516,11.1674,11.7163,12.1361,12.8956,	15,13.5445,14.6676,13.9327,13.1025,12.2242,11.3815,10.5506,9.71916,8.96716,8.09042,15,8.82609,11.059,11.4835,11.4142,11.1428,10.7324,10.1746,9.51097,8.70035,7.47023,	
15,5.56472,8.91739,10.4204,11.1834,11.3353,11.3267,11.4994,11.7641,12.0366,12.7043,15,1.35834,3.82678,6.12327,8.03776,9.56695,10.4986,11.1532,11.6538,12.1418,12.93,	15,13.5667,14.7097,13.9777,13.1435,12.2858,11.4192,10.5336,9.76245,8.97623,8.14524,15,8.81669,10.983,11.519,11.4343,11.1777,10.8442,10.1747,9.54276,8.68465,7.44175,	
15,5.61533,8.77322,10.5055,11.1143,11.409,11.3438,11.4931,11.7601,11.9924,12.7001,15,1.33572,3.73986,6.02817,7.95476,9.39971,10.4579,11.1335,11.6487,12.1573,12.8947,	15,13.6414,14.7751,14.037,13.1694,12.2659,11.4032,10.4972,9.70097,8.919,8.03909,15,8.93256,11.0003,11.5322,11.442,11.1607,10.8555,10.1899,9.48154,8.61484,7.4529,	
15,5.48603,8.79758,10.4527,11.2278,11.3406,11.3415,11.4888,11.7354,12.0405,12.6945,15,1.33222,3.69501,5.90789,7.91,9.43562,10.4284,11.0852,11.6242,12.1432,12.9206,	15,13.6916,14.8318,14.0692,13.1968,12.3013,11.4223,10.5279,9.65259,8.88985,7.99293,15,8.89532,10.9883,11.6324,11.483,11.1752,10.8318,10.1688,9.47576,8.55389,7.47008,	
15,5.56241,8.92978,10.4706,11.2124,11.3867,11.4433,11.51,11.7374,12.0338,12.6737,15,1.31765,3.65558,5.86484,7.84249,9.38135,10.4144,11.0844,11.6269,12.1386,12.9325,	15,13.788,14.8881,14.136,13.2622,12.3173,11.3864,10.5105,9.68808,8.89863,8.08156,15,8.93204,11.032,11.6852,11.5376,11.2205,10.842,10.122,9.50868,8.60731,7.41356,	
15,5.67482,8.90712,10.4521,11.3303,11.4806,11.3983,11.5423,11.7497,12.0638,12.6977,15,1.31513,3.62408,5.85756,7.81419,9.40877,10.4398,11.1239,11.6253,12.1605,12.922,	15,13.8354,14.9356,14.169,13.289,12.3182,11.3922,10.6219,9.82551,9.05523,8.19849,15,8.89283,11.1095,11.6167,11.5237,11.2845,10.8184,10.2103,9.55567,8.76872,7.40453,	
15,5.68567,8.95832,10.3961,11.2137,11.5113,11.4537,11.509,11.75,12.0386,12.7584,15,1.33094,3.62512,5.76322,7.72297,9.33227,10.388,11.0271,11.5776,12.1087,12.9226,	15,13.8543,15.0036,14.2133,13.3175,12.3722,11.4894,10.6472,9.79632,8.91219,7.97127,15,8.87406,11.1758,11.629,11.5653,11.3335,10.8514,10.2739,9.54208,8.66201,7.41904,	
15,5.70927,8.9723,10.3972,11.3036,11.5411,11.4316,11.543,11.7215,12.0293,12.6939,15,1.29449,3.5757,5.74861,7.63799,9.27535,10.365,11.0363,11.5911,12.1027,12.874,	15,13.8623,15.047,14.2712,13.3322,12.379,11.4909,10.6271,9.7753,8.92657,8.04366,15,8.896,11.2292,11.6491,11.6134,11.3675,10.8577,10.2674,9.55682,8.68385,7.41134,	
15,5.5938,8.96846,10.3671,11.3305,11.5264,11.5082,11.5028,11.647,11.9996,12.6872,15,1.27878,3.56722,5.68879,7.65757,9.28978,10.379,11.0909,11.58,12.0858,12.8698,	15,13.9273,15.0936,14.2971,13.358,12.406,11.4876,10.5932,9.78863,8.9995,8.08433,15,8.87838,11.219,11.6869,11.6531,11.3852,10.8641,10.2328,9.5691,8.67288,7.40577,	
15,5.58169,8.90899,10.4158,11.2548,11.5245,11.4688,11.4998,11.6895,11.978,12.6925,15,1.2752,3.57349,5.65148,7.58204,9.27542,10.3679,11.0465,11.6295,12.1138,12.8999,	15,13.9492,15.1187,14.3423,13.3913,12.4249,11.523,10.6396,9.78435,8.98246,8.10445,15,8.84449,11.1283,11.72,11.6466,11.3557,10.8734,10.3039,9.61476,8.69683,7.41223,	
15,5.64704,8.90695,10.4173,11.3263,11.5249,11.4697,11.5313,11.6961,12.026,12.7317,15,1.27199,3.53541,5.67008,7.57798,9.20989,10.3623,11.0024,11.5823,12.0883,12.9145,	15,14.0218,15.1508,14.3664,13.3985,12.4247,11.5525,10.6537,9.80687,9.0142,8.10833,15,8.84227,11.1754,11.7795,11.7345,11.397,10.8855,10.3285,9.66973,8.68582,7.42289,	
15,5.64319,8.89222,10.4293,11.3931,11.5635,11.5354,11.5404,11.7028,12.0104,12.6688,15,1.2407,3.51925,5.62111,7.51668,9.19736,10.3118,11.0482,11.5643,12.0721,12.8822,	15,14.0617,15.1859,14.3531,13.3938,12.4517,11.5721,10.6305,9.80242,9.01146,8.14447,15,9.04373,11.1611,11.7773,11.7309,11.4308,10.8969,10.3365,9.57438,8.78197,7.44086,	
15,5.68698,8.83103,10.4467,11.3451,11.6697,11.5333,11.5789,11.7099,11.9862,12.7302,15,1.20928,3.47867,5.61271,7.51212,9.21812,10.2895,11.0456,11.5956,12.0681,12.899,	15,14.1228,15.231,14.3826,13.4374,12.5054,11.61,10.6527,9.79985,9.03477,8.1723,15,9.09516,11.3047,11.8018,11.6846,11.4031,10.9403,10.334,9.57843,8.73495,7.47231,	
15,5.7135,8.82483,10.5046,11.3377,11.6146,11.5763,11.553,11.6477,11.9924,12.7404,15,1.21783,3.46659,5.62072,7.49416,9.12825,10.2937,11.0399,11.628,12.0851,12.9311,	15,14.2052,15.2552,14.4144,13.4635,12.5134,11.5789,10.7073,9.88386,9.07473,8.17155,15,9.11376,11.2546,11.8501,11.7349,11.3976,10.9665,10.3604,9.58851,8.70251,7.48768,	
15,5.62607,8.82024,10.5302,11.3398,11.6257,11.6219,11.5532,11.684,12.0107,12.6816,15,1.21859,3.38668,5.5382,7.41778,9.12241,10.2589,11.0148,11.5929,12.0955,12.874,	15,14.2519,15.2828,14.4291,13.4767,12.5356,11.5654,10.701,9.82922,8.97403,8.143,15,9.13394,11.3397,11.8067,11.7487,11.3857,11.0094,10.367,9.64449,8.71745,7.47155,	
15,5.61792,8.87664,10.4795,11.2806,11.6912,11.635,11.5344,11.6752,12.0051,12.6346,15,1.19211,3.41562,5.5091,7.40645,9.05476,10.2164,11.0142,11.5664,12.0498,12.8734,	15,14.2805,15.3097,14.4673,13.4978,12.5247,11.568,10.683,9.83331,9.04682,8.10261,15,9.20664,11.3727,11.7614,11.7799,11.411,10.9723,10.3704,9.6228,8.78187,7.47619,	
15,5.71739,8.75832,10.4975,11.2389,11.5795,11.5494,11.5347,11.6894,11.9835,12.6732,15,1.18626,3.37055,5.49641,7.36711,9.03071,10.2873,11.0183,11.5864,12.0702,12.9108,	15,14.3644,15.3057,14.5003,13.5266,12.5623,11.6002,10.6749,9.84934,9.05725,8.20453,15,9.22322,11.369,11.7732,11.7254,11.3795,11.0376,10.3503,9.55233,8.75399,7.48158,	
15,5.80563,8.77779,10.4353,11.2131,11.59,11.5883,11.5157,11.7397,11.9576,12.719,15,1.18141,3.35532,5.47692,7.33837,9.01791,10.2611,11.038,11.6024,12.0728,12.8765,	15,14.4239,15.3606,14.5144,13.5473,12.5931,11.6381,10.7165,9.89221,9.02864,8.21159,15,9.32255,11.2764,11.7371,11.7636,11.4036,11.0614,10.3635,9.64922,8.75829,7.47566,	
15,5.60224,8.8509,10.4557,11.239,11.597,11.642,11.5756,11.7143,11.9608,12.7268,15,1.17448,3.35534,5.42378,7.30485,8.93788,10.1353,10.9969,11.5514,12.0531,12.9012,	15,14.4587,15.3913,14.5327,13.5671,12.5926,11.6057,10.7193,9.88461,9.00052,8.06544,15,9.3374,11.3527,11.7605,11.7475,11.471,11.0705,10.3898,9.69779,8.71915,7.4661,	
15,5.62164,8.83726,10.5014,11.2367,11.5657,11.7452,11.5855,11.7144,11.9992,12.6823,15,1.13536,3.29685,5.39744,7.31307,8.90932,10.2137,10.9931,11.5768,12.0172,12.9012,	15,14.5038,15.4187,14.5474,13.5944,12.5902,11.6039,10.6785,9.84481,9.11029,8.26704,15,9.37273,11.4176,11.6731,11.7914,11.5144,11.0919,10.32,9.63297,8.84237,7.45253,	
15,5.62,8.83025,10.4678,11.1745,11.5145,11.7378,11.5385,11.684,12.014,12.7643,15,1.13201,3.27427,5.34263,7.20681,8.84341,10.1774,10.9903,11.5655,12.0716,12.9086,	15,14.5518,15.4488,14.5552,13.6222,12.6148,11.6167,10.7299,9.80315,9.05134,8.17738,15,9.40145,11.459,11.8011,11.7923,11.4776,11.0643,10.3496,9.70629,8.71226,7.4695,	
15,5.63604,8.86634,10.3829,11.2699,11.5425,11.7816,11.6153,11.6902,12.0397,12.7288,15,1.08962,3.26409,5.33436,7.2216,8.82425,10.1629,10.9487,11.5569,12.0846,12.8966,	15,14.5916,15.4741,14.5541,13.6411,12.6031,11.6482,10.7351,9.86336,9.09206,8.20257,15,9.44753,11.4791,11.8202,11.8138,11.5309,11.0785,10.4367,9.70406,8.72307,7.49132,	
15,5.66169,8.9877,10.4192,11.2884,11.6101,11.7576,11.5948,11.6899,12.0187,12.7526,15,1.10444,3.28584,5.29321,7.23573,8.83508,10.227,10.9436,11.5401,12.0418,12.9175,	15,14.6004,15.4951,14.576,13.5998,12.6137,11.6568,10.7738,9.98584,9.14173,8.24775,15,9.49065,11.5286,11.8205,11.8037,11.5472,11.0713,10.4645,9.69562,8.85889,7.55182,	
15,5.66089,9.01388,10.4943,11.3217,11.6656,11.8151,11.6829,11.7602,11.9763,12.7301,15,1.10526,3.29755,5.30355,7.16039,8.9183,10.2076,10.9853,11.5715,12.024,12.8841,	15,14.6336,15.5082,14.5872,13.6162,12.6508,11.6633,10.8081,9.98823,9.26485,8.34857,15,9.54762,11.4511,11.8787,11.7979,11.5877,11.0848,10.4896,9.81999,9.03409,7.53699,	
15,5.69369,8.97409,10.4631,11.3409,11.6936,11.8165,11.7022,11.7113,12.0051,12.7236,15,1.08753,3.28745,5.28671,7.17679,8.84577,10.1685,11.0495,11.6016,12.1199,12.928,	15,14.6771,15.5416,14.6139,13.6299,12.6476,11.6985,10.9025,10.1328,9.2799,8.3214,15,9.65528,11.4894,11.8985,11.8247,11.5321,11.09,10.4854,9.87789,8.93177,7.53845,	
15,5.71698,8.95341,10.4386,11.3319,11.7029,11.7554,11.6288,11.7179,12.0078,12.7668,15,1.08073,3.25805,5.23802,7.15565,8.8146,10.144,10.9478,11.5871,12.0832,12.905,	15,14.7279,15.5616,14.6075,13.6286,12.6932,11.7635,10.8935,10.082,9.1474,8.23855,15,9.68809,11.4765,11.9616,11.7863,11.5635,11.1262,10.5069,9.89547,8.86536,7.52964,	
15,5.74805,8.94295,10.4109,11.3203,11.7398,11.8314,11.6166,11.6924,12.0431,12.7363,15,1.06785,3.15572,5.26258,7.08274,8.73186,10.1291,10.9636,11.5091,12.0692,12.9158,	15,14.7499,15.5653,14.6276,13.6393,12.7076,11.7967,10.8696,9.90712,9.17132,8.25959,15,9.78888,11.5384,11.8947,11.8518,11.5465,11.1657,10.5489,9.7812,8.90906,7.49485,	
15,5.76248,8.98676,10.4601,11.2569,11.7102,11.7645,11.6196,11.6745,12.0048,12.7489,15,1.10777,3.15681,5.26774,7.08957,8.76414,10.067,10.9505,11.5144,12.0591,12.876,	15,14.7516,15.5794,14.6411,13.6872,12.7487,11.7827,10.8511,9.99251,9.21065,8.31368,15,9.64852,11.5306,11.905,11.8938,11.5546,11.1337,10.5451,9.79891,8.90217,7.52533,	
15,5.8357,9.0725,10.5265,11.2574,11.6891,11.806,11.6276,11.638,11.9917,12.7322,15,1.08295,3.16507,5.2043,7.08758,8.76325,10.0901,10.9593,11.5366,12.0554,12.893,	15,14.7712,15.6079,14.6735,13.7343,12.7725,11.7571,10.8281,10.0217,9.2532,8.36462,15,9.59522,11.5099,11.9927,11.9511,11.5615,11.1388,10.55,9.87583,8.98121,7.5214,	
15,5.87789,9.08511,10.4982,11.2055,11.6576,11.7898,11.6967,11.6725,11.981,12.7107,15,1.13709,3.20313,5.17623,7.03865,8.74272,10.125,10.96,11.5771,12.0705,12.8773,	15,14.8355,15.6302,14.6989,13.7722,12.7483,11.7949,10.9235,10.0562,9.22037,8.29175,15,9.65507,11.5409,12.0258,11.9756,11.5816,11.1456,10.5951,9.89813,8.84319,7.56877,	
15,5.88624,9.05863,10.4593,11.2292,11.612,11.7868,11.7012,11.7093,11.9686,12.693,15,1.15467,3.20226,5.12029,6.96069,8.64629,10.0337,10.9304,11.5289,12.0546,12.8687,	15,14.8624,15.6657,14.7253,13.7813,12.7716,11.806,10.884,9.94743,9.13495,8.21868,15,9.68719,11.6416,11.971,11.9762,11.5752,11.1605,10.5582,9.82491,8.86165,7.57779,	
15,5.87993,9.03769,10.582,11.2345,11.6955,11.8122,11.7277,11.6485,11.9888,12.6547,15,1.17742,3.22784,5.11913,6.93327,8.63381,10.0497,10.9077,11.5332,12.0126,12.8536,	15,14.8946,15.6798,14.7608,13.7951,12.7837,11.8453,10.8639,9.92793,9.13717,8.28146,15,9.72224,11.6303,12.0364,12.0082,11.623,11.1928,10.5879,9.79798,8.91471,7.56249,	
15,5.8948,9.03466,10.6405,11.235,11.6342,11.8667,11.7675,11.6221,12.0024,12.7141,15,1.14167,3.20594,5.13697,6.9758,8.62735,10.0144,10.8809,11.4737,12.0119,12.8389,	15,14.8871,15.7003,14.7646,13.7898,12.7981,11.7924,10.8492,10.0139,9.20455,8.3838,15,9.66863,11.6335,12.0206,12.0234,11.6549,11.2542,10.6303,9.81809,8.88879,7.58082,	
15,5.92633,9.01889,10.6492,11.2679,11.5605,11.8414,11.7679,11.6935,11.9493,12.6608,15,1.1364,3.18394,5.1685,6.97848,8.64275,10.0278,10.9491,11.5499,12.0052,12.8406,	15,14.8964,15.7128,14.7617,13.8105,12.8065,11.7965,10.9235,10.0615,9.25965,8.34682,15,9.70659,11.6112,11.9794,12.0356,11.6432,11.2597,10.6639,9.87631,8.97151,7.57931,	
15,5.90931,8.99017,10.558,11.2423,11.6483,11.8304,11.722,11.7184,11.9822,12.7263,15,1.10979,3.18596,5.11378,6.95759,8.57435,10.0366,10.9426,11.5548,12.0415,12.8745,	15,14.9885,15.7275,14.7928,13.8174,12.8308,11.8629,10.8997,10.0396,9.20273,8.34478,15,9.64488,11.7112,11.9687,12.0471,11.6546,11.2693,10.6552,9.89524,8.96074,7.56604,	
15,5.88049,8.98403,10.5697,11.2396,11.6482,11.8229,11.7642,11.6828,11.9676,12.6742,15,1.11187,3.15442,5.10445,6.96547,8.60483,10.0516,10.8926,11.539,11.9674,12.8143,	15,14.9693,15.7556,14.8019,13.8313,12.8405,11.8512,10.8849,9.99806,9.21249,8.31711,15,9.79505,11.7293,11.9729,12.0203,11.6523,11.2203,10.6504,9.84554,8.94179,7.56607,	
15,5.87636,8.9884,10.5748,11.206,11.6088,11.8442,11.6961,11.6572,11.9343,12.6968,15,1.11022,3.21017,5.1178,6.92677,8.56903,9.95238,10.905,11.5106,12.0157,12.8179,	15,14.9522,15.7744,14.8314,13.8497,12.8437,11.8055,10.8813,10.0144,9.20879,8.35187,15,9.79408,11.7424,11.9633,12.0117,11.6933,11.2061,10.6447,9.83418,8.9525,7.6061,	
15,5.84711,9.07618,10.5699,11.2063,11.6346,11.7801,11.7382,11.6481,11.9439,12.7385,15,1.06269,3.20564,5.05959,7.00262,8.51594,9.93469,10.8687,11.4751,11.9609,12.8444,	15,15.0168,15.8052,14.8434,13.8387,12.8524,11.8367,10.9028,9.97707,9.20843,8.3511,15,9.72848,11.7796,12.0104,11.9905,11.7113,11.2095,10.6358,9.86495,8.97936,7.61007,	
15,5.86889,9.07548,10.5981,11.1939,11.6579,11.7515,11.7078,11.5972,11.9739,12.6681,15,1.05115,3.19092,5.06662,6.96576,8.5078,9.89677,10.8652,11.4273,11.9825,12.8484,	15,15.0582,15.8193,14.8443,13.8531,12.8351,11.8118,10.861,9.98587,9.19893,8.33306,15,9.73505,11.7628,12.0683,12.0275,11.6595,11.2273,10.6104,9.83553,8.97447,7.6107,	
15,5.83276,9.12539,10.6287,11.1744,11.6655,11.775,11.751,11.5624,11.8995,12.6392,15,1.04788,3.15147,5.07717,6.90016,8.49732,9.95041,10.8959,11.4413,11.8959,12.7888,	15,15.0237,15.8355,14.8486,13.8558,12.8269,11.7873,10.8707,10.0256,9.19953,8.29221,15,9.79372,11.7344,12.0494,12.0511,11.698,11.2232,10.6409,9.86204,8.99109,7.59904,	
15,5.76896,9.03489,10.5908,11.2252,11.5967,11.761,11.6458,11.6318,11.9139,12.6464,15,1.0649,3.13376,5.17352,6.92068,8.52519,9.94286,10.8625,11.4231,11.9501,12.8151,	15,15.017,15.8314,14.8648,13.8533,12.8303,11.848,10.8987,10.0904,9.26057,8.33771,15,9.78947,11.7376,12.1053,12.0848,11.7037,11.2226,10.6125,9.85748,8.95312,7.60941,	
15,5.71516,9.07142,10.5867,11.1721,11.5911,11.7147,11.665,11.6894,11.9037,12.6309,15,1.0421,3.15584,5.10704,6.89112,8.45524,9.88712,10.756,11.4688,12.0054,12.7957,	15,15.0272,15.8423,14.8673,13.8452,12.8324,11.8624,10.8661,9.99769,9.17535,8.30093,15,9.89964,11.7633,12.1395,12.0509,11.6806,11.2234,10.6498,9.89111,8.92854,7.63358,	
15,5.80864,8.97214,10.5017,11.1538,11.4518,11.7157,11.7492,11.6226,11.9023,12.6093,15,1.07791,3.12008,5.15191,6.90988,8.51657,9.84255,10.7932,11.4018,11.902,12.7587,	15,14.9993,15.8409,14.8574,13.837,12.8549,11.8603,10.8706,9.98105,9.14267,8.27632,15,9.82027,11.7409,12.1859,12.0345,11.7059,11.2665,10.63,9.85566,8.87782,7.64986,	
15,5.82388,8.98491,10.3933,11.1965,11.4793,11.8071,11.7743,11.5441,11.8953,12.6173,15,1.06533,3.06755,5.12722,6.8805,8.43419,9.83224,10.7567,11.3684,11.8623,12.7088,	15,15.0072,15.8408,14.8752,13.8659,12.8534,11.7646,10.8257,9.91088,9.14874,8.20883,15,9.90143,11.7453,12.1699,12.0658,11.6971,11.2306,10.608,9.81481,8.90803,7.64016,	
15,5.74098,8.97919,10.3989,11.203,11.454,11.7301,11.7521,11.5842,11.8656,12.5654,15,1.04609,3.06811,5.12181,6.95008,8.47761,9.86994,10.7826,11.4425,11.9854,12.7524,	15,14.973,15.8444,14.8894,13.8508,12.822,11.761,10.8835,10.1044,9.22125,8.32613,15,9.80931,11.7533,12.2101,12.0539,11.696,11.2256,10.5958,9.80797,8.93085,7.63561,	
15,5.78743,8.98139,10.4113,11.1875,11.4716,11.6493,11.764,11.5736,11.8713,12.6256,15,1.05428,3.06505,5.08439,6.94531,8.46684,9.7491,10.7971,11.3909,11.9451,12.7631,	15,14.9921,15.8493,14.8849,13.8479,12.8121,11.8457,10.9302,10.0209,9.2014,8.26221,15,9.82873,11.6945,12.2221,12.0448,11.7337,11.2191,10.6616,9.81331,8.90256,7.64364,	
15,5.83931,9.06638,10.377,11.2505,11.5387,11.6619,11.8008,11.6078,11.8962,12.6336,15,1.06828,3.07901,5.0587,6.89081,8.54809,9.7852,10.7412,11.4186,11.9008,12.739,	15,14.9995,15.8411,14.8865,13.8319,12.8288,11.8567,10.9852,10.0759,9.23056,8.3089,15,9.88321,11.6681,12.1917,12.1217,11.755,11.2321,10.6414,9.89685,9.03885,7.62528,	
15,5.80566,8.95918,10.3422,11.186,11.4372,11.6636,11.7272,11.6233,11.8487,12.5646,15,1.05905,3.12101,5.07794,6.87129,8.50201,9.77753,10.7469,11.3797,11.8746,12.7692,	15,14.9667,15.8466,14.8991,13.829,12.8615,11.8902,10.9527,10.0589,9.18784,8.30521,15,9.76492,11.6966,12.0919,12.0901,11.7909,11.2637,10.6644,9.86544,8.94889,7.59914,	
15,5.81927,8.98781,10.4094,11.118,11.4171,11.7232,11.7899,11.5269,11.8655,12.67,15,1.01536,3.07888,4.99669,6.8283,8.39687,9.8129,10.761,11.424,11.8708,12.7129,	15,14.9319,15.8693,14.9074,13.8604,12.8765,11.8911,10.8863,10.0031,9.19537,8.32227,15,9.89124,11.6255,12.1834,12.1094,11.7222,11.2892,10.6806,9.83204,8.94142,7.57733,	
15,5.85088,8.97686,10.3573,11.0778,11.4125,11.7219,11.7535,11.596,11.8639,12.6268,15,1.02963,3.11071,5.02841,6.81829,8.39757,9.79408,10.7655,11.3986,11.916,12.7619,	15,14.9363,15.8679,14.8969,13.8929,12.9034,11.9064,10.9288,10.0486,9.23837,8.27274,15,9.82508,11.6074,12.2278,12.1254,11.7809,11.3111,10.6556,9.84989,8.95773,7.56704,	
15,5.70884,8.95238,10.4279,11.2046,11.4555,11.8079,11.7998,11.6063,11.856,12.6598,15,1.01555,3.1153,5.07541,6.89137,8.41651,9.83882,10.8158,11.3772,11.9265,12.7744,	15,14.9832,15.8758,14.9108,13.9067,12.9198,11.8893,10.9429,10.0796,9.34159,8.4736,15,9.93615,11.607,12.1673,12.1294,11.7912,11.338,10.6081,9.8841,9.02849,7.58551,	
15,5.73066,8.93565,10.4285,11.2032,11.5216,11.7997,11.821,11.6276,11.87,12.6604,15,1.03368,3.16314,5.03887,6.85003,8.42278,9.82577,10.8335,11.3876,11.8824,12.7431,	15,14.9488,15.8896,14.9174,13.9327,12.9379,11.9387,11.0087,10.1114,9.2193,8.35669,15,9.93018,11.7188,12.2147,12.1619,11.8344,11.3464,10.6372,9.92552,9.00249,7.59098,	
15,5.64171,8.94833,10.3634,11.1486,11.5424,11.8244,11.7655,11.6193,11.8816,12.6445,15,1.02016,3.13241,5.04115,6.82112,8.45333,9.84343,10.8153,11.4607,11.9147,12.7676,	15,14.91,15.8895,14.9119,13.9354,12.945,11.9727,10.9798,10.1085,9.29242,8.39487,15,9.89178,11.6555,12.1581,12.1995,11.8198,11.3699,10.6992,9.90441,8.98346,7.59706,	
15,5.55286,8.88135,10.4867,11.2094,11.5616,11.8008,11.8041,11.5981,11.8458,12.6138,15,1.00733,3.04244,5.05139,6.84529,8.43657,9.80318,10.8247,11.4525,11.9542,12.7246,	15,14.9246,15.908,14.9472,13.9612,12.9386,11.9223,10.976,10.0706,9.28013,8.43458,15,9.76309,11.7404,12.139,12.1503,11.8434,11.3214,10.6785,9.911,9.01323,7.60701,	
15,5.54534,8.92678,10.47,11.1712,11.507,11.8131,11.7865,11.6867,11.8749,12.6407,15,1.00225,3.03139,5.03401,6.87287,8.42325,9.73107,10.7646,11.3995,11.9463,12.807,	15,14.9478,15.901,14.9801,13.986,12.9408,11.9167,10.9661,10.1255,9.27164,8.34325,15,9.76729,11.6667,12.1159,12.175,11.8452,11.3191,10.6811,9.95381,8.99308,7.60538,	
15,5.60251,8.93131,10.4315,11.1669,11.504,11.7552,11.8911,11.6943,11.8659,12.6152,15,0.99797,3.05271,5.04962,6.88271,8.40106,9.69953,10.782,11.4574,11.8832,12.7378,	15,15.0283,15.9029,14.9602,13.9969,12.975,11.9128,10.9398,10.0883,9.25864,8.4019,15,9.66731,11.7438,12.156,12.1224,11.8197,11.3323,10.6551,9.92998,9.02494,7.63176,	
15,5.6248,8.92238,10.4625,11.1905,11.496,11.6959,11.8523,11.6473,11.8536,12.6322,15,1.01249,3.07215,5.05422,6.83746,8.37726,9.7557,10.7376,11.3869,11.8997,12.7671,	15,15.0431,15.927,14.9752,14.0023,12.9467,11.9109,10.9767,10.1408,9.21894,8.30032,15,9.63187,11.7933,12.1606,12.1496,11.8711,11.3486,10.6702,9.91788,8.95415,7.63854,	
15,5.6007,9.0442,10.3727,11.2815,11.569,11.72,11.8286,11.7051,11.8546,12.6862,15,1.02523,3.0669,5.00827,6.81774,8.40798,9.72745,10.7875,11.4355,11.9641,12.7785,	15,15.0408,15.9504,15.0016,13.9672,12.9181,11.9236,10.9942,10.0957,9.29502,8.46164,15,9.6786,11.9389,12.1956,12.1876,11.8735,11.356,10.6826,9.90079,8.99785,7.65355,	
15,5.7077,9.10414,10.3927,11.3007,11.5705,11.8028,11.8732,11.6739,11.8395,12.6717,15,1.06575,3.08256,5.00841,6.80068,8.44571,9.72472,10.7889,11.4252,11.9067,12.7582,	15,14.9844,15.9687,15.0188,13.9808,12.9268,11.9014,10.9464,10.1573,9.27225,8.38494,15,9.79864,11.9844,12.2342,12.2566,11.8892,11.4323,10.7153,9.96716,9.0092,7.64806,	
15,5.62223,9.08895,10.3942,11.2384,11.555,11.7503,11.8936,11.6432,11.7952,12.6134,15,1.0696,3.09323,4.97033,6.76142,8.3892,9.74484,10.7663,11.4465,11.9554,12.8124,	15,15.0011,15.9672,14.9983,13.9831,12.9433,11.9274,10.9521,10.068,9.22457,8.34224,15,9.78013,11.9167,12.2154,12.2661,11.8598,11.4115,10.7062,9.95966,8.98456,7.63466,	
15,5.55767,9.10472,10.4059,11.1477,11.6275,11.8447,11.9268,11.7085,11.8638,12.6578,15,1.06369,3.08773,5.00165,6.75139,8.38384,9.77493,10.7693,11.4852,11.9993,12.8059,	15,15.0004,15.9957,15.0196,14.0001,12.9363,11.9277,10.9843,10.1618,9.34709,8.47897,15,9.75114,11.9117,12.2601,12.2914,11.8456,11.3527,10.7228,9.96828,9.07753,7.64733,	
15,5.61837,9.14264,10.5014,11.1371,11.5069,11.8093,12.0017,11.7465,11.9016,12.7022,15,1.05973,3.06238,4.99728,6.73902,8.41405,9.7514,10.7691,11.4706,12.0073,12.8314,	15,14.9556,16.0085,15.048,14.0054,12.9148,11.9703,11.0619,10.188,9.4065,8.4805,15,9.73882,11.9345,12.3028,12.2879,11.833,11.3557,10.7304,9.99065,9.06681,7.67505,	
15,5.6142,9.09067,10.5075,11.1871,11.6103,11.7642,11.8763,11.721,11.8923,12.671,15,1.04857,3.0451,4.98466,6.7805,8.37274,9.71254,10.786,11.4056,11.9567,12.7961,	15,15.0111,16.0112,15.0487,13.9856,12.955,11.9974,10.9745,10.1245,9.29141,8.40754,15,9.77129,12.0374,12.3186,12.2777,11.8412,11.3646,10.7194,9.95786,9.00833,7.6979,	
15,5.5795,9.02552,10.4476,11.1924,11.6278,11.8484,11.9653,11.6672,11.9025,12.6622,15,1.03615,3.06185,4.95758,6.76307,8.37898,9.70617,10.7894,11.4395,11.9108,12.7582,	15,15.0555,16.0277,15.0349,14.0004,12.9444,11.9732,10.9595,10.0768,9.24283,8.3637,15,9.7861,12.0695,12.3536,12.2619,11.8584,11.3767,10.7021,9.94234,9.06124,7.66845,	
15,5.54171,8.99325,10.4183,11.1419,11.5912,11.7976,11.9163,11.6843,11.9043,12.6698,15,1.02561,3.03566,4.95239,6.76408,8.36842,9.7755,10.7707,11.4367,11.9803,12.8291,	15,15.0419,16.013,15.0068,14.0118,12.9568,11.9624,10.9665,10.1524,9.27084,8.42119,15,9.87737,12.0446,12.3724,12.2647,11.7915,11.3356,10.6582,9.96862,8.98254,7.65995,	
15,5.54083,9.00836,10.4588,11.1551,11.6107,11.8384,11.8783,11.7413,11.8885,12.7335,15,1.01395,3.02501,4.94352,6.73528,8.3063,9.74971,10.7527,11.3776,11.9095,12.7741,	15,15.0671,16.0163,15.0113,13.9913,12.9666,11.9761,10.9389,10.0516,9.21301,8.35858,15,9.88008,12.0352,12.4161,12.2998,11.7956,11.3358,10.6771,9.98643,9.00713,7.66258,	
15,5.61172,9.07206,10.4824,11.2503,11.6083,11.7062,11.9072,11.7836,11.852,12.7033,15,1.00759,3.03075,4.94914,6.71652,8.27686,9.70718,10.823,11.4354,11.9641,12.8169,	15,15.1258,15.9848,15.0044,14.001,12.9714,11.9697,10.9891,10.1428,9.27834,8.39308,15,9.87022,12.0194,12.4297,12.2775,11.8388,11.3311,10.664,10.0061,9.00947,7.67673,	
15,5.68355,8.99697,10.5304,11.1839,11.688,11.6942,11.8699,11.749,11.8801,12.7044,15,1.01789,3.04314,4.96378,6.75556,8.30624,9.72512,10.7951,11.4327,11.9517,12.7683,	15,15.1563,15.9712,14.9867,13.981,12.9482,11.9868,11.0431,10.165,9.29445,8.44548,15,9.7862,11.9928,12.3977,12.2774,11.8335,11.3522,10.6943,10.0311,9.05244,7.67466,	
15,5.70191,9.05154,10.4783,11.2479,11.6685,11.8009,11.9059,11.7397,11.8643,12.6779,15,0.982136,3.0925,5.03458,6.75964,8.32592,9.69311,10.7232,11.4042,11.8988,12.7589,	15,15.1442,15.9735,14.9931,13.9794,12.9805,11.9868,11.0171,10.0893,9.30559,8.45798,15,9.87008,11.9469,12.3491,12.306,11.8371,11.3767,10.6877,10.0116,9.1602,7.65996,	
15,5.63228,9.12309,10.4696,11.2611,11.5135,11.7254,11.8891,11.7211,11.8192,12.6801,15,0.982982,3.07279,5.04426,6.78134,8.3513,9.76149,10.7843,11.4282,11.9511,12.7901,	15,15.1507,15.9981,14.9988,14.0148,12.9845,11.9811,11.0293,10.225,9.40653,8.47436,15,9.82915,12.0075,12.2483,12.2151,11.8744,11.3854,10.7134,10.0147,9.08644,7.6453,	
15,5.62678,9.10589,10.4411,11.2663,11.5054,11.736,11.8548,11.7197,11.8108,12.6288,15,0.979675,3.02752,5.0547,6.73994,8.33941,9.73077,10.7739,11.4585,11.9136,12.7418,	15,15.1293,16.0074,15.0056,13.9788,12.9995,12.0416,11.0509,10.1676,9.24939,8.40363,15,9.86622,11.9851,12.2804,12.2295,11.8983,11.3649,10.7001,9.99758,9.03287,7.68715,	
15,5.65739,9.0819,10.5051,11.2606,11.5481,11.7378,11.8973,11.7368,11.7963,12.6563,15,0.993619,2.98403,5.06,6.74051,8.30767,9.73283,10.6941,11.3857,11.9199,12.7657,	15,15.1532,16.0181,14.9868,13.9966,13.0295,12.0247,11.0575,10.1116,9.27096,8.37822,15,9.89364,12.0134,12.2711,12.2341,11.9409,11.3759,10.7309,10.0189,9.04201,7.6934,	
15,5.63602,9.06241,10.372,11.1574,11.5719,11.7428,11.8264,11.7459,11.8184,12.6266,15,0.992322,3.055,5.00215,6.68774,8.34319,9.75075,10.7362,11.3647,11.8933,12.7392,	15,15.0867,16.0191,15.0149,14.0258,13.0221,11.9913,10.9837,10.0871,9.28088,8.37178,15,9.89978,12.0264,12.2524,12.2003,11.9943,11.3751,10.7008,9.9684,8.98063,7.70187,	
15,5.6018,9.02148,10.3398,11.134,11.544,11.717,11.8865,11.6739,11.8292,12.6592,15,1.04784,3.08496,4.98868,6.66959,8.3686,9.74461,10.762,11.348,11.8805,12.7591,	15,15.1226,16.0274,15.0232,14.0238,12.996,11.9903,10.9586,10.1109,9.3023,8.39798,15,9.93232,12.0389,12.3018,12.1356,11.9963,11.3873,10.6506,9.92968,8.98121,7.65618,	
15,5.69247,9.11265,10.1993,11.0684,11.4933,11.7176,11.8432,11.6463,11.8839,12.6324,15,1.04134,3.05882,4.95688,6.67016,8.2296,9.69759,10.733,11.3461,11.8478,12.7079,	15,15.1233,16.0305,15.0391,14.0418,12.9859,11.9393,10.9234,10.0161,9.13748,8.24729,15,10.0554,12.0235,12.2499,12.1535,11.984,11.3945,10.6658,9.90987,8.86854,7.67346,	
15,5.72336,9.12687,10.2436,11.1539,11.5457,11.7253,11.8692,11.7176,11.8818,12.6515,15,1.00664,3.0439,4.92903,6.67008,8.2374,9.61974,10.7343,11.3813,11.8767,12.7511,	15,15.152,16.0282,15.0631,14.0324,12.9498,11.8725,10.8731,10.0413,9.22434,8.39507,15,10.123,12.0591,12.3156,12.1804,11.9238,11.383,10.6412,9.90675,9.03435,7.6553,	
15,5.74018,9.06403,10.3311,11.178,11.5468,11.7393,11.8304,11.6902,11.8573,12.6178,15,1.0011,3.00609,4.93754,6.66185,8.26431,9.56945,10.7021,11.4049,11.9344,12.7658,	15,15.1341,16.0111,15.0623,14.0061,12.9165,11.8775,10.943,10.0881,9.25066,8.37018,15,10.0566,11.9327,12.3953,12.229,11.8991,11.4012,10.646,9.92888,9.01463,7.66522,	
15,5.77977,9.0622,10.2673,11.2038,11.518,11.7814,11.7883,11.6179,11.8586,12.6342,15,0.988179,2.99925,4.91823,6.64413,8.26172,9.59633,10.7137,11.3357,11.8883,12.7208,	15,15.1271,16.0161,15.0595,13.9777,12.9136,11.9169,10.9029,10.028,9.25457,8.32406,15,10.0277,11.9803,12.3828,12.2132,11.8821,11.3846,10.6295,9.92006,8.97729,7.67541,	
15,5.73764,9.02163,10.3015,11.201,11.5216,11.7239,11.8793,11.6422,11.8438,12.6219,15,0.948719,2.99274,4.91624,6.62572,8.27163,9.6355,10.6618,11.3538,11.882,12.7306,	15,15.1808,16.0061,15.0592,13.9722,12.9092,11.9048,10.9418,10.0375,9.25454,8.34848,15,10.0537,11.964,12.3582,12.2006,11.8766,11.3511,10.6514,9.89769,8.96982,7.64187,	
15,5.75436,9.06714,10.3197,11.2207,11.4527,11.7246,11.873,11.6433,11.8162,12.5968,15,1.01796,2.96143,4.87134,6.62664,8.28708,9.66955,10.6762,11.3551,11.8533,12.697,	15,15.1647,16.0086,15.0197,13.942,12.8991,11.9201,10.9661,10.0482,9.27817,8.3701,15,10.0393,12.0314,12.336,12.2047,11.8224,11.3161,10.6868,9.88536,9.01769,7.65024,	
15,5.66978,9.01976,10.319,11.1758,11.422,11.7109,11.8767,11.6944,11.8146,12.6223,15,1.0128,2.96746,4.88481,6.6284,8.23143,9.61087,10.7025,11.3742,11.8985,12.7347,	15,15.1559,16.0197,15.0027,13.9511,12.9351,11.9335,10.9561,10.0809,9.23796,8.42734,15,9.94449,11.9919,12.3728,12.1961,11.8038,11.3445,10.6582,9.87632,8.99959,7.63769,	
15,5.72683,9.01696,10.2778,11.2134,11.4541,11.798,11.7925,11.7196,11.867,12.6514,15,1.05581,3.06979,4.91134,6.64936,8.2363,9.64192,10.7115,11.3183,11.8881,12.7106,	15,15.1712,16.0202,14.9992,13.9469,12.9522,11.945,11.0334,10.1542,9.2739,8.38758,15,9.81353,12.0115,12.4148,12.2325,11.8227,11.3456,10.7236,9.93383,9.00341,7.63895,	
15,5.68983,8.99876,10.4295,11.2219,11.5448,11.7796,11.8384,11.6853,11.8126,12.6449,15,1.01767,3.04284,4.95166,6.65197,8.18204,9.54518,10.7465,11.3449,11.8928,12.7429,	15,15.2137,16.0411,14.9836,13.9348,12.9554,11.9474,11.0536,10.1141,9.20755,8.31967,15,9.82866,12.1084,12.4132,12.2192,11.8774,11.3479,10.69,9.92755,8.98775,7.68789,	
15,5.73126,8.9973,10.4443,11.1767,11.5939,11.7983,11.8851,11.7434,11.846,12.6924,15,0.985,3.04764,4.93092,6.6589,8.24456,9.57569,10.6883,11.3276,11.8652,12.7509,	15,15.2502,16.0558,14.978,13.9391,12.9471,11.9416,10.9545,10.0011,9.28131,8.41957,15,9.91387,12.1437,12.4024,12.2518,11.8915,11.372,10.7124,9.93032,9.06081,7.68362,	
15,5.77703,9.13895,10.5029,11.1292,11.6058,11.7242,11.889,11.7741,11.8724,12.6995,15,0.988101,3.03183,4.93816,6.6522,8.22783,9.6547,10.7586,11.3908,11.9317,12.7596,	15,15.2547,16.051,14.9868,13.9636,12.9617,11.9211,10.986,10.1459,9.38738,8.47791,15,9.97796,12.1656,12.3978,12.2934,11.9683,11.3599,10.7031,9.91601,9.10478,7.69956,	
15,5.78769,9.10028,10.428,11.1516,11.5496,11.7831,11.8483,11.7775,11.8555,12.6486,15,0.968455,2.99831,4.91616,6.63977,8.23791,9.66703,10.738,11.3581,11.9061,12.7345,	15,15.2069,16.0471,14.9735,13.9605,12.9414,11.9578,10.995,10.0919,9.25469,8.36744,15,10.0338,12.1477,12.3518,12.3221,11.952,11.295,10.7047,10.0073,8.98792,7.70715,	
15,5.70411,9.11336,10.4168,11.1267,11.5331,11.7064,11.7762,11.7562,11.8316,12.6562,15,1.01553,3.02129,4.98554,6.71235,8.2408,9.62152,10.725,11.3521,11.8815,12.7108,	15,15.1713,16.0482,14.9676,13.9767,12.9539,11.9421,10.9803,10.1025,9.24425,8.33718,15,9.99843,12.1051,12.3924,12.2933,11.9285,11.2967,10.7255,9.96339,8.96381,7.70157,	
15,5.72659,9.0671,10.3329,11.1532,11.5815,11.7098,11.7819,11.6776,11.8659,12.663,15,0.978003,3.01253,4.99176,6.72456,8.2246,9.6201,10.6508,11.3747,11.8552,12.709,	15,15.2067,16.0454,14.9574,13.9451,12.9201,11.937,10.953,10.1021,9.20874,8.34241,15,10.0032,12.0533,12.3598,12.305,11.9465,11.3259,10.7287,9.96472,8.97806,7.72346,	
15,5.61412,9.03376,10.4362,11.1473,11.6198,11.7492,11.8174,11.7428,11.8474,12.6283,15,0.962742,2.98614,5.04152,6.79046,8.27937,9.63726,10.6364,11.2995,11.8615,12.7022,	15,15.2116,16.0235,14.97,13.9606,12.9126,11.9206,10.9811,10.1137,9.28899,8.37192,15,10.0615,11.9912,12.3494,12.2955,11.9603,11.3648,10.7055,9.9646,9.03465,7.68686,	
15,5.62436,9.01464,10.4061,11.0627,11.5626,11.7399,11.8108,11.7663,11.8254,12.6538,15,0.964455,3.01063,5.03123,6.76091,8.29996,9.61741,10.6945,11.4068,11.856,12.7268,	15,15.2089,16.0196,14.9925,13.9474,12.9369,11.9426,10.9442,10.1542,9.27003,8.34149,15,10.0404,12.1171,12.3482,12.2857,11.968,11.3175,10.7011,9.95515,8.97333,7.67924,	
15,5.72952,8.98198,10.4375,11.0871,11.4868,11.7494,11.8322,11.8163,11.8475,12.6364,15,0.968359,2.95399,5.00349,6.75014,8.33998,9.67417,10.6724,11.3663,11.892,12.7419,	15,15.2266,16.0146,14.9789,13.9588,12.9451,11.9393,11.0046,10.1443,9.28768,8.39335,15,9.95597,12.0807,12.2964,12.3457,11.9672,11.3069,10.6793,9.9798,9.04808,7.68371,	
15,5.69643,8.97628,10.5471,11.206,11.4901,11.7499,11.9364,11.7336,11.8356,12.6271,15,1.00204,2.9545,4.9721,6.76508,8.3147,9.70606,10.6877,11.3311,11.9007,12.717,	15,15.224,16.0129,14.9955,13.9702,12.9247,11.9674,11.0271,10.1402,9.31369,8.43069,15,10.0195,12.0896,12.2963,12.3901,11.966,11.3409,10.6991,9.96825,9.06938,7.6873,	
15,5.67607,8.94881,10.5319,11.1463,11.5312,11.7106,11.856,11.7855,11.8431,12.6352,15,1.019,2.91448,4.9375,6.76076,8.41255,9.73693,10.7637,11.4038,11.9167,12.7252,	15,15.1554,15.9775,15.0056,13.97,12.9326,11.9649,11.0719,10.1922,9.3819,8.49735,15,10.0223,12.0428,12.3199,12.3302,12.0023,11.4013,10.7243,9.99491,9.09526,7.69147,	
15,5.66534,8.9298,10.5552,11.1435,11.526,11.7005,11.8283,11.7145,11.8543,12.63,15,1.00544,2.91038,4.92483,6.76513,8.35102,9.69339,10.6491,11.4044,11.9069,12.7474,	15,15.1408,15.9972,14.9906,13.9622,12.9818,12.0205,11.0651,10.1341,9.31128,8.38753,15,9.94178,12.0539,12.3043,12.3502,11.9601,11.3561,10.707,10.0226,9.05061,7.68721,	
15,5.74065,8.94079,10.4464,11.2157,11.469,11.7151,11.7824,11.756,11.8447,12.6376,15,1.01847,2.96563,4.95728,6.79856,8.38018,9.71081,10.6918,11.2748,11.8594,12.7157,	15,15.1141,16.0151,14.9959,13.9861,12.9946,12.0126,11.0693,10.1467,9.28501,8.39557,15,9.90401,12.0938,12.295,12.3641,11.9973,11.322,10.7808,10.0371,8.99076,7.68118,	
15,5.68098,9.021,10.4383,11.229,11.5372,11.7751,11.8936,11.7998,11.8186,12.6276,15,1.03967,2.96316,4.98655,6.82159,8.34788,9.65844,10.762,11.3563,11.9005,12.723,	15,15.1681,16.022,14.9883,13.9783,13.0034,12.0093,11.0317,10.1815,9.34228,8.50905,15,9.98652,12.0616,12.2712,12.3854,11.9555,11.4041,10.7323,10.023,9.20841,7.67923,	
15,5.65841,9.03874,10.3296,11.2507,11.4784,11.831,11.9226,11.7957,11.8201,12.6526,15,1.03915,2.99286,4.90595,6.7877,8.35939,9.68619,10.7179,11.3905,11.8889,12.7536,	15,15.2109,16.0254,15.0185,14.0177,13.0277,12.0124,10.9849,10.1851,9.34849,8.51867,15,10.0008,12.0814,12.2574,12.331,11.9831,11.3621,10.7141,10.046,9.0795,7.66369,	
15,5.55544,8.98146,10.2594,11.2167,11.5048,11.7535,11.9039,11.7756,11.8089,12.6287,15,1.05182,3.05862,4.90143,6.70915,8.35589,9.63899,10.7159,11.3706,11.8872,12.7385,	15,15.2101,16.036,15.027,13.9996,12.995,12.0023,11.0378,10.1975,9.30214,8.38736,15,9.96451,12.002,12.2856,12.2648,11.9553,11.3823,10.753,10.0342,8.96879,7.63096,	
15,5.61192,9.01852,10.3157,11.1898,11.5484,11.7127,11.8617,11.7313,11.825,12.6667,15,1.03896,3.03948,4.92707,6.67384,8.33838,9.65556,10.7259,11.3474,11.9128,12.761,	15,15.2422,16.0206,15.0374,14.0245,12.9993,11.9922,10.9841,10.1911,9.3297,8.42581,15,9.97769,11.9244,12.2482,12.3198,11.9741,11.4106,10.7397,9.99323,9.07798,7.69324,	
15,5.62588,8.99687,10.3282,11.2182,11.5383,11.7211,11.8691,11.7308,11.8356,12.6192,15,1.01169,3.01862,4.93576,6.71343,8.27847,9.66748,10.6943,11.3663,11.8658,12.6951,	15,15.2392,16.0233,15.0486,14.0418,13.0199,11.9788,10.9987,10.0641,9.27978,8.43192,15,9.99369,11.9756,12.1976,12.3073,11.8844,11.4081,10.7185,9.98986,9.06783,7.72132,	
15,5.63363,8.97565,10.4256,11.1837,11.5193,11.7191,11.8066,11.6867,11.8392,12.6441,15,0.996446,3.00681,4.97863,6.6866,8.20957,9.54063,10.645,11.3266,11.8903,12.7384,	15,15.2244,16.0417,15.0385,14.0651,13.0279,11.981,10.9766,10.0618,9.2221,8.30608,15,9.98764,11.9022,12.2311,12.2705,11.9014,11.4202,10.7206,9.96991,8.9688,7.73159,	
15,5.68403,9.00404,10.3539,11.1592,11.4856,11.7282,11.8432,11.7626,11.7985,12.5951,15,1.01753,2.97108,4.98401,6.79986,8.28087,9.57019,10.6161,11.3453,11.8366,12.6781,	15,15.1882,16.0295,15.059,14.0683,13.0118,11.9529,10.9395,10.0953,9.24866,8.40569,15,10.0183,11.8923,12.2404,12.2361,11.92,11.4249,10.6705,9.96376,8.97575,7.73689,	
15,5.65698,9.03127,10.3781,11.1371,11.4675,11.668,11.7852,11.7918,11.7941,12.5943,15,0.989598,2.971,4.92924,6.74923,8.26382,9.60022,10.5991,11.2608,11.8205,12.6542,	15,15.2425,16.0544,15.0695,14.0576,13.0134,11.9371,10.9154,9.98618,9.16906,8.36083,15,9.97535,11.8953,12.288,12.2967,11.9217,11.4418,10.64,9.89486,8.96066,7.70176,	
15,5.75276,9.00082,10.3656,11.1055,11.4846,11.6896,11.7314,11.6628,11.7995,12.5536,15,0.997689,2.93569,4.88395,6.73261,8.29035,9.60603,10.6247,11.2883,11.8371,12.6556,	15,15.2773,16.0649,15.0558,14.029,12.9634,11.8757,10.9422,10.0699,9.29823,8.41517,15,9.93563,11.8826,12.2333,12.1837,11.8685,11.3623,10.6634,9.90791,9.03141,7.704,	
15,5.7657,8.97051,10.3429,11.0663,11.5137,11.7062,11.7678,11.7443,11.8001,12.5617,15,1.00581,2.97299,4.88197,6.7263,8.30391,9.6456,10.6549,11.3587,11.7824,12.6406,	15,15.2855,16.0676,15.0691,14.0132,12.9336,11.9236,10.9693,10.1139,9.28105,8.4284,15,9.96128,11.9466,12.2205,12.1999,11.8968,11.3795,10.6609,9.88018,9.03873,7.7116,	
15,5.84169,8.85928,10.3022,10.9877,11.497,11.6974,11.7916,11.831,11.8494,12.6223,15,0.990239,2.95543,4.91224,6.64576,8.29456,9.6529,10.6611,11.324,11.9136,12.7301,	15,15.2861,16.0746,15.0422,14.0093,12.9649,11.961,11.0118,10.1472,9.29713,8.38103,15,9.89801,11.9194,12.2985,12.2359,11.8855,11.3469,10.6658,9.94091,9.02237,7.71744,	
15,5.73606,8.78114,10.3368,11.0659,11.5488,11.7318,11.7847,11.8045,11.8352,12.6063,15,1.01421,3.01625,4.93235,6.657,8.29324,9.62918,10.6226,11.3277,11.8645,12.7024,	15,15.3341,16.08,15.046,14.002,13.0023,11.9922,11.0359,10.0463,9.23744,8.30427,15,9.9663,11.9774,12.2582,12.2223,11.8571,11.3582,10.7376,9.94213,8.96554,7.73986,	
15,5.72012,8.80509,10.346,11.0382,11.6402,11.6942,11.9175,11.8447,11.8532,12.6464,15,0.987456,2.96032,4.97438,6.65472,8.2603,9.62117,10.647,11.3371,11.8485,12.6956,	15,15.3922,16.0623,15.0458,14.02,13.0219,11.9982,10.9611,10.0712,9.17384,8.3479,15,10.1039,11.9906,12.2884,12.1983,11.8737,11.409,10.7459,9.90886,9.02999,7.74682,	
15,5.67845,8.74757,10.2512,11.0508,11.576,11.7038,11.8004,11.7764,11.813,12.6054,15,0.998328,2.95229,4.93683,6.62297,8.25311,9.55623,10.5775,11.2956,11.8833,12.7065,	15,15.3635,16.0631,15.0543,14.0475,13.0146,11.9437,10.9111,9.94732,9.10926,8.25469,15,10.0792,12.0235,12.3216,12.214,11.891,11.3763,10.6752,9.85972,8.84408,7.75504,	
15,5.72074,8.71888,10.2204,11.0385,11.536,11.7645,11.8445,11.816,11.8404,12.6006,15,0.997605,2.99842,4.96894,6.66437,8.18657,9.55505,10.6198,11.2422,11.8587,12.6676,	15,15.3554,16.0601,15.0657,14.0562,12.9733,11.8668,10.8204,9.96007,9.19308,8.31289,15,10.1651,11.974,12.3522,12.241,11.9441,11.3879,10.6563,9.81716,8.86121,7.75444,	
15,5.69358,8.74057,10.2322,11.076,11.4816,11.6531,11.9284,11.7861,11.8653,12.5986,15,0.994382,2.93674,4.94943,6.72631,8.2437,9.56523,10.6521,11.2707,11.8134,12.6841,	15,15.3235,16.0421,15.0476,14.0156,12.9099,11.8392,10.916,10.0459,9.23881,8.32117,15,10.102,12.0668,12.3759,12.1743,11.8744,11.3544,10.6449,9.84095,8.94649,7.72028,	
15,5.6437,8.76224,10.2564,11.0154,11.5175,11.6222,11.77,11.8174,11.845,12.6184,15,1.01446,2.91638,4.93467,6.63952,8.3029,9.57478,10.5722,11.3193,11.9041,12.7295,	15,15.3566,16.0266,15.0553,13.9922,12.8704,11.8712,10.9236,10.0125,9.22758,8.36557,15,10.0885,12.0811,12.385,12.1475,11.8771,11.3621,10.6347,9.86094,8.91652,7.70063,	
15,5.77166,8.74115,10.3602,11.0311,11.4928,11.6273,11.8005,11.8711,11.7857,12.5866,15,1.01066,2.88497,4.89817,6.63017,8.26679,9.59706,10.6269,11.3148,11.8262,12.6615,	15,15.3217,16.0271,15.0633,13.9435,12.8688,11.8679,10.9204,10.0159,9.17672,8.28199,15,10.1758,12.125,12.4378,12.1826,11.8697,11.3403,10.6529,9.85469,8.89536,7.72484,	
15,5.65267,8.7636,10.3806,11.023,11.4672,11.6196,11.8305,11.7778,11.7948,12.621,15,1.0069,2.88405,4.91935,6.62408,8.26551,9.53747,10.5915,11.3074,11.8642,12.7034,	15,15.3548,16.0475,15.0486,13.9362,12.9018,11.8706,10.8578,9.98894,9.13243,8.24169,15,10.158,12.1389,12.3597,12.1855,11.864,11.3064,10.6455,9.83838,8.90693,7.7013,	
15,5.61885,8.81475,10.4133,10.9414,11.4157,11.6618,11.8015,11.7785,11.8357,12.5941,15,0.998094,2.92774,4.91032,6.62303,8.2458,9.57438,10.6074,11.2875,11.78,12.6655,	15,15.3459,16.0533,15.0119,13.9425,12.8859,11.8511,10.8386,9.96973,9.19573,8.29022,15,10.0771,12.176,12.3105,12.248,11.7982,11.2559,10.6413,9.8217,8.94797,7.68851,	
15,5.54921,8.77068,10.4333,10.9907,11.4575,11.6769,11.7546,11.7773,11.8037,12.5642,15,0.98039,2.90153,4.89472,6.61948,8.24248,9.58098,10.5945,11.264,11.7841,12.6643,	15,15.2509,16.0389,15.0072,13.9238,12.8792,11.8528,10.8652,9.99431,9.11717,8.25124,15,10.1028,12.1443,12.328,12.2662,11.7752,11.2804,10.6264,9.84556,8.91389,7.67791,	
15,5.55565,8.78419,10.4704,11.0607,11.4694,11.7172,11.7729,11.8073,11.7736,12.5983,15,0.95673,2.92591,4.88453,6.63486,8.20674,9.61739,10.6841,11.2796,11.8481,12.6935,	15,15.2681,16.0346,14.983,13.9413,12.8952,11.8255,10.8994,10.0724,9.26265,8.35968,15,10.0773,12.1426,12.3198,12.2951,11.8027,11.2699,10.5899,9.84331,8.97202,7.68067,	
15,5.5996,8.74717,10.407,11.0648,11.5316,11.7497,11.8589,11.8368,11.7652,12.6586,15,0.969584,2.90064,4.83712,6.67536,8.13982,9.62475,10.6451,11.3573,11.8429,12.6871,	15,15.2747,16.0314,14.9617,13.9471,12.8823,11.8745,10.9691,10.1426,9.2642,8.36856,15,10.03,12.0331,12.3104,12.2543,11.8109,11.26,10.6456,9.92525,9.07159,7.71984,	
15,5.57088,8.86689,10.4445,11.0678,11.4174,11.675,11.8237,11.7325,11.7697,12.5641,15,1.00312,2.91301,4.85877,6.641,8.16819,9.50223,10.5533,11.2458,11.8873,12.6548,	15,15.2142,16.0305,14.9616,13.9327,12.8984,11.9152,10.977,10.0581,9.23617,8.32347,15,9.92363,11.9614,12.2909,12.2627,11.7266,11.2436,10.6079,9.8852,9.00498,7.68791,	
15,5.72313,8.9017,10.3986,11.0917,11.4772,11.6305,11.7708,11.854,11.7846,12.592,15,1.00076,2.91971,4.84214,6.60464,8.19569,9.53687,10.5593,11.2509,11.7748,12.659,	15,15.2891,16.033,14.9809,13.9361,12.893,11.9439,10.9291,10.0647,9.25173,8.35792,15,9.94792,11.9948,12.3362,12.177,11.7351,11.2314,10.6543,9.91673,9.01192,7.70252,	
15,5.66169,8.81555,10.4435,11.0748,11.5323,11.7127,11.7653,11.7829,11.8062,12.542,15,1.01112,2.97811,4.86224,6.62307,8.19479,9.54507,10.6415,11.2777,11.8278,12.6217,	15,15.2624,16.0146,14.9808,13.9188,12.9249,11.9079,10.9469,10.0709,9.2908,8.45841,15,9.94041,12.0265,12.3451,12.1655,11.8247,11.2214,10.642,9.87413,9.03108,7.71703,	
15,5.53908,8.87061,10.4361,11.0918,11.4757,11.6729,11.7799,11.841,11.7806,12.5915,15,0.992902,2.94379,4.88019,6.62986,8.18123,9.51643,10.5882,11.3269,11.9298,12.7004,	15,15.2418,16.0317,14.9871,13.9272,12.9397,11.9376,10.97,10.1073,9.29218,8.46363,15,9.92765,11.9831,12.3828,12.1278,11.8305,11.2184,10.6584,9.91352,9.02373,7.72036,	
15,5.5827,8.93996,10.3974,11.0777,11.5074,11.6864,11.818,11.7017,11.8177,12.637,15,1.0131,2.92796,4.88774,6.65804,8.21478,9.49568,10.5862,11.3186,11.8447,12.7123,	15,15.2286,16.0272,14.9764,13.9327,12.9472,11.9362,11.0226,10.1502,9.24013,8.36949,15,10.0297,12.0232,12.3424,12.157,11.829,11.2645,10.635,9.98172,8.9434,7.71805,	
15,5.58543,8.91569,10.3828,11.1272,11.4691,11.6104,11.7963,11.7924,11.7787,12.5715,15,1.03137,2.93668,4.92261,6.62008,8.24471,9.47251,10.5325,11.2534,11.839,12.6568,	15,15.2206,16.0434,14.9653,13.9568,12.9332,11.9734,10.9419,9.97758,9.16541,8.27647,15,10.0588,12.108,12.3969,12.1602,11.8643,11.2581,10.6903,9.97126,8.89143,7.69314,	
15,5.66137,8.90277,10.2508,11.1711,11.3874,11.5593,11.7091,11.7676,11.7669,12.5829,15,1.03404,2.98118,4.88198,6.62312,8.2224,9.51856,10.5537,11.219,11.7751,12.6823,	15,15.2125,16.0378,14.9729,13.9832,12.9626,11.9694,10.897,10.0285,9.12036,8.20855,15,9.96218,12.0887,12.3533,12.2092,11.8245,11.3127,10.6573,9.85448,8.88373,7.67006,	
15,5.68872,8.94486,10.3606,11.1423,11.4544,11.6143,11.7755,11.8654,11.7462,12.5947,15,1.01606,3.01349,4.88126,6.70461,8.23395,9.49912,10.5714,11.3065,11.8239,12.6788,	15,15.2843,16.0182,14.9921,14.0004,12.9573,11.9448,10.8962,10.0257,9.27549,8.35907,15,10.0234,12.0592,12.3624,12.2135,11.907,11.3365,10.6284,9.85422,9.00344,7.68057,	
15,5.70385,8.96105,10.4149,11.1264,11.4954,11.6975,11.6966,11.8187,11.7517,12.5783,15,1.0234,2.99444,4.91375,6.72245,8.2917,9.60798,10.5607,11.2462,11.8002,12.6189,	15,15.2725,16.007,15.0155,13.9859,12.9638,11.9346,10.93,10.0704,9.22764,8.35694,15,9.96092,12.0555,12.2941,12.2486,11.9418,11.3702,10.6595,9.89217,9.04396,7.66619,	
15,5.61737,9.04175,10.3907,11.1804,11.4237,11.6813,11.6895,11.8363,11.7566,12.5468,15,1.02788,3.01367,4.94521,6.75767,8.26785,9.60367,10.6097,11.2374,11.8089,12.6326,	15,15.2801,16.0204,15.014,13.9888,12.95,11.9247,10.9119,10.1081,9.28725,8.39807,15,9.93088,12.0096,12.3216,12.1878,11.9553,11.2972,10.6836,9.94592,9.06431,7.65855,	
15,5.59276,9.02605,10.4222,11.1519,11.5081,11.5765,11.7401,11.8365,11.738,12.5479,15,1.01683,2.99424,4.85344,6.73534,8.27544,9.62473,10.6251,11.2958,11.8187,12.6504,	15,15.2328,16.032,15.0361,13.9835,12.945,11.938,11.0037,10.1264,9.21968,8.2909,15,9.912,12.0138,12.2732,12.2051,11.9323,11.3007,10.7011,9.97156,9.00316,7.68755,	
15,5.67297,9.09108,10.4368,11.1236,11.5645,11.6345,11.7675,11.8103,11.7429,12.6143,15,1.01786,2.99971,4.87782,6.69373,8.25546,9.59353,10.6027,11.2865,11.7976,12.6605,	15,15.2351,16.046,15.0196,13.9943,12.9819,11.9813,11.0031,10.0494,9.24294,8.41154,15,9.89411,12.0746,12.2472,12.2154,11.926,11.3567,10.6666,9.97694,9.05026,7.65097,	
15,5.55043,9.09378,10.416,11.1728,11.5669,11.6541,11.819,11.7693,11.7227,12.5982,15,1.01991,3.01094,4.91179,6.7082,8.2781,9.6055,10.6085,11.276,11.842,12.6661,	15,15.2268,16.0591,15.0206,14.0028,12.9845,11.9516,10.9635,10.0735,9.30255,8.41891,15,9.90094,12.1125,12.281,12.2075,11.9085,11.3777,10.6914,9.91989,9.05693,7.69094,	
15,5.522,8.9426,10.3532,11.1446,11.5592,11.5443,11.7616,11.768,11.7605,12.598,15,0.986739,3.03239,5.01053,6.69692,8.26178,9.55003,10.59,11.2716,11.8234,12.6494,	15,15.2044,16.0564,15.0153,14.0076,12.9875,11.969,10.9744,10.0625,9.15585,8.29033,15,9.91072,12.0686,12.2623,12.1984,11.9385,11.394,10.6952,9.91877,8.89388,7.65624,	
15,5.50624,8.79166,10.3452,11.0664,11.5461,11.5187,11.7354,11.8945,11.7472,12.5637,15,1.01059,3.03063,4.98614,6.70961,8.295,9.57062,10.5968,11.2929,11.8596,12.6635,	15,15.1348,16.053,15.0072,13.9673,12.9597,11.9694,10.9626,10.0348,9.18697,8.34369,15,9.81816,12.0574,12.2877,12.1858,11.9628,11.3668,10.6652,9.91258,8.95748,7.65834,	
15,5.55771,8.79452,10.3171,11.0799,11.5714,11.5804,11.7348,11.8556,11.7686,12.6651,15,0.996717,3.02867,4.94985,6.73539,8.2777,9.58988,10.6216,11.2787,11.8136,12.6974,	15,15.167,16.0432,15.0012,13.9753,12.9873,11.9754,10.9286,10.0591,9.29263,8.38578,15,9.69138,12.0704,12.3339,12.2118,11.99,11.3766,10.6709,9.91421,8.98471,7.64369,	
15,5.54197,8.80678,10.4415,11.098,11.4878,11.6664,11.8192,11.9023,11.7482,12.6382,15,1.01784,2.98609,4.88318,6.69695,8.27055,9.61635,10.6474,11.3277,11.8481,12.7273,	15,15.1234,16.0471,14.9917,13.9907,12.9918,11.9631,11.0213,10.1337,9.24875,8.41927,15,9.74493,12.0797,12.3322,12.2163,11.9494,11.3647,10.6335,9.97654,9.00174,7.67675,	
15,5.58471,8.87384,10.3401,11.1041,11.4527,11.7162,11.8143,11.8256,11.763,12.5684,15,1.02323,2.98304,4.87195,6.68043,8.20412,9.5813,10.5887,11.3073,11.8554,12.6595,	15,15.0069,16.0582,15.0003,13.9924,12.9447,11.9474,10.9456,10.0592,9.2211,8.34569,15,9.83225,12.0578,12.3456,12.1759,11.9584,11.3964,10.6659,9.96587,8.96319,7.66171,	
15,5.59687,8.88737,10.4031,11.1964,11.4948,11.718,11.7277,11.8503,11.7746,12.5901,15,1.01947,3.01503,4.88759,6.6612,8.22064,9.56817,10.606,11.2756,11.8528,12.6755,	15,15.0405,16.0414,15.004,13.9807,12.9538,11.9522,10.9616,10.1258,9.24081,8.35094,15,9.7692,12.1058,12.3519,12.1752,11.9806,11.3926,10.6912,9.94909,9.00996,7.67503,	
15,5.63219,8.88646,10.3126,11.2129,11.4598,11.6504,11.6272,11.8517,11.7456,12.5765,15,1.02163,3.04392,4.96353,6.65314,8.19327,9.51309,10.5458,11.2444,11.8099,12.6602,	15,15.0618,16.0472,15.0087,13.9942,12.9616,11.9271,10.974,10.0163,9.12603,8.27882,15,9.77364,12.1328,12.3565,12.1798,12.0101,11.3597,10.6571,9.91985,8.87825,7.68621,	
15,5.6777,8.86104,10.2845,11.191,11.4918,11.5774,11.741,11.8493,11.8049,12.5371,15,0.99061,2.99342,4.92559,6.71058,8.18662,9.49638,10.5774,11.2823,11.8022,12.6222,	15,15.1236,16.0346,14.9843,13.9746,12.9531,11.9145,10.9089,9.97177,9.10687,8.33197,15,9.84086,12.1176,12.3145,12.143,12.0149,11.4237,10.6734,9.81078,8.96721,7.67167,	
15,5.71619,8.75893,10.2527,11.1776,11.5041,11.5622,11.7029,11.8372,11.7534,12.5656,15,1.01627,3.00836,4.91853,6.66575,8.25236,9.51762,10.5418,11.2792,11.8203,12.6402,	15,15.1684,16.0359,14.9782,13.9633,12.971,11.9174,10.8549,10.0051,9.19336,8.36355,15,9.75832,12.1012,12.3408,12.1339,11.975,11.3849,10.6584,9.81116,8.9412,7.65569,	
15,5.63509,8.79968,10.3364,11.072,11.4985,11.612,11.7668,11.8374,11.7245,12.5083,15,1.07287,2.98758,4.9887,6.70571,8.26246,9.57889,10.5682,11.2339,11.7813,12.6298,	15,15.1205,16.0172,14.9771,13.9672,12.9501,11.8828,10.9904,10.1149,9.24984,8.33667,15,9.7511,12.1842,12.2821,12.1795,11.8741,11.3656,10.6506,9.8556,8.94844,7.62621,	
15,5.60712,8.7693,10.3138,11.0732,11.4398,11.573,11.7536,11.8342,11.7325,12.527,15,1.05556,2.94758,4.94106,6.72891,8.24613,9.57369,10.5925,11.2631,11.7683,12.6117,	15,15.0816,16.0107,14.9743,13.9629,12.9365,11.9366,10.9475,10.0097,9.2588,8.2981,15,9.73082,12.1627,12.1958,12.1391,11.8828,11.3821,10.6926,9.87871,8.92568,7.64781,	
15,5.66604,8.78683,10.2987,11.0337,11.4639,11.6227,11.7479,11.7689,11.7462,12.5777,15,1.02706,2.98492,4.87452,6.69865,8.21086,9.57182,10.6,11.3031,11.8197,12.6973,	15,15.1561,16.0248,14.9941,13.9746,12.977,11.9242,10.9515,10.0234,9.12746,8.3061,15,9.69476,12.1685,12.2683,12.1734,11.9354,11.3859,10.6556,9.84791,8.88723,7.64801,	
15,5.77076,8.79512,10.3653,11.1428,11.5075,11.6784,11.7437,11.8047,11.7839,12.5749,15,1.04037,2.96134,4.8706,6.72852,8.26123,9.54833,10.5736,11.2604,11.7906,12.6572,	15,15.1495,16.0295,14.998,13.9814,12.9654,11.9418,10.9658,10.0347,9.18267,8.31747,15,9.73043,12.1938,12.3603,12.1751,11.8726,11.3701,10.6838,9.85089,8.98823,7.60079,	
15,5.69072,8.79128,10.3954,11.1876,11.5174,11.731,11.8274,11.7482,11.7361,12.6083,15,1.06447,2.9001,4.85959,6.66092,8.23685,9.59793,10.5702,11.2743,11.7962,12.6638,	15,15.1936,16.0352,15.0142,13.9915,12.959,11.8687,10.9025,10.0689,9.19659,8.30129,15,9.75663,12.2037,12.3413,12.2417,11.8545,11.3218,10.6834,9.87873,8.99627,7.56464,	
15,5.60578,8.91727,10.3576,11.1838,11.505,11.6808,11.7517,11.7925,11.733,12.5778,15,1.05786,2.88946,4.88852,6.67879,8.28028,9.61712,10.6412,11.2981,11.7883,12.6569,	15,15.2528,16.0455,15.0143,13.9766,12.9183,11.8713,10.8954,10.0571,9.2623,8.33935,15,9.69906,12.2345,12.3663,12.2449,11.814,11.2988,10.65,9.89661,8.95613,7.59027,	
15,5.71417,8.81939,10.3708,11.2159,11.3867,11.7182,11.7816,11.879,11.7696,12.6267,15,1.04965,2.94147,4.83871,6.6657,8.24645,9.56965,10.622,11.3577,11.8751,12.7121,	15,15.2987,16.0238,14.9892,13.9793,12.9042,11.8916,10.9791,10.0916,9.28488,8.3861,15,9.68342,12.2606,12.3804,12.1785,11.8415,11.2971,10.6768,9.93751,9.00792,7.61859,	
15,5.7071,8.89074,10.3857,11.1319,11.3635,11.694,11.8357,11.8512,11.7912,12.6091,15,1.04818,2.95396,4.79478,6.63115,8.27366,9.63792,10.6175,11.3745,11.8908,12.7049,	15,15.2995,16.0109,14.9934,13.9488,12.9292,11.9329,10.9939,10.0967,9.25401,8.4089,15,9.73461,12.1573,12.4101,12.2149,11.8702,11.3266,10.658,9.98819,8.98497,7.62803,	
15,5.62955,8.89062,10.4285,11.1152,11.4288,11.6837,11.8135,11.8617,11.8018,12.6246,15,1.0395,2.92247,4.73837,6.6489,8.20152,9.60423,10.5776,11.3408,11.8635,12.7111,	15,15.2742,16.0271,15.006,13.9503,12.9494,11.8967,10.9677,10.1104,9.1962,8.25527,15,9.81458,12.1287,12.3911,12.1767,11.9317,11.3099,10.6842,9.93769,8.97325,7.62092,	
15,5.57694,8.88875,10.4054,11.0466,11.4955,11.726,11.8509,11.7844,11.8133,12.6323,15,1.03891,2.98271,4.77483,6.55605,8.17361,9.55574,10.5728,11.3024,11.8806,12.721,	15,15.3349,16.0356,14.9834,13.9498,12.9528,11.9232,10.9476,10.0162,9.21557,8.32692,15,9.81341,12.1439,12.3993,12.1902,11.8628,11.2854,10.6706,9.87926,8.91777,7.59189,	
15,5.53231,8.85116,10.399,11.0739,11.5254,11.7272,11.7622,11.7521,11.8071,12.5526,15,1.05377,3.02457,4.79067,6.56777,8.17828,9.50825,10.5644,11.306,11.7824,12.661,	15,15.2473,16.0188,14.9635,13.9717,12.9409,11.9052,10.9667,10.0395,9.17491,8.2739,15,9.88381,12.0401,12.323,12.1872,11.8652,11.3383,10.6584,9.86671,8.93344,7.57381,	
15,5.51369,8.72141,10.2994,11.1476,11.5594,11.7766,11.8,11.7527,11.8162,12.5646,15,1.03771,3.03623,4.81599,6.54059,8.20585,9.46434,10.5745,11.2812,11.8259,12.6579,	15,15.2497,16.0135,14.9685,13.9646,12.9491,11.9494,10.9122,9.97606,9.1663,8.33028,15,9.82522,12.0866,12.3384,12.2071,11.878,11.3764,10.6784,9.84407,8.96221,7.57295,	
