k=0_act,k=1_act,k=2_act,k=3_act,k=4_act,k=5_act,k=6_act,k=7_act,k=8_act,k=9_act,k=10_act,k=0_wait,k=1_wait,k=2_wait,k=3_wait,k=4_wait,k=5_wait,k=6_wait,k=7_wait,k=8_wait,k=9_wait,k=10_wait,	k=0_act,k=1_act,k=2_act,k=3_act,k=4_act,k=5_act,k=6_act,k=7_act,k=8_act,k=9_act,k=10_act,k=0_wait,k=1_wait,k=2_wait,k=3_wait,k=4_wait,k=5_wait,k=6_wait,k=7_wait,k=8_wait,k=9_wait,k=10_wait,	
49.8592,46.6279,6.40622,49.952,11.8044,19.829,19.3955,33.4873,46.777,42.3155,15.717,26.2274,22.1726,11.4789,26.7207,45.6981,22.8602,21.5349,46.9564,38.9195,35.7985,40.1379,	4.64004,25.9076,43.251,41.4573,41.4802,13.6525,2.96216,33.5264,29.6533,33.5827,20.5894,9.87754,14.4815,7.10601,39.1657,20.6269,1.70857,31.2015,33.0318,14.9248,22.3067,11.1062,	
46.7652,35.8349,23.7973,31.5341,28.2913,29.8746,30.7857,30.5364,30.8844,31.4625,31.5572,6.58914,22.1517,22.847,26.4965,27.2888,28.3846,29.5701,30.382,31.0274,31.7164,31.9507,	2.61732,26.749,27.8236,26.2613,25.3268,24.1769,25.2684,25.7871,24.9418,24.052,23.2886,4.82373,12.5363,23.6311,25.9579,25.7791,24.2566,22.5871,24.2549,24.5657,24.1915,23.522,	
43.7755,34.2467,30.2663,31.9865,32.0912,32.6067,33.0354,32.9535,32.5352,33.1834,33.6656,2.5357,17.3559,23.3158,27.0289,29.0067,30.5867,31.889,32.5961,33.0394,33.6023,33.9707,	2.3118,28.461,28.6217,27.3006,25.97,24.7095,29.4656,29.7477,28.7232,27.4844,26.5965,4.70922,12.8986,24.9501,26.6957,26.1387,24.6618,24.3783,27.5306,28.3631,27.7073,26.687,	
41.2237,34.8029,33.3858,34.0492,34.7641,35.0418,35.2883,35.3668,35.1727,35.4232,36.1583,1.20409,16.1081,23.3501,27.6086,30.6418,32.5392,33.5612,34.6413,35.0853,35.888,36.4198,	2.19454,29.1742,29.0789,27.8229,26.643,24.9616,33.4519,34.2421,32.7051,31.3082,30.6113,4.65299,12.8918,26.1402,27.4823,26.8904,24.8874,25.8421,31.5766,32.6815,31.7212,30.7593,	
39.7646,35.5959,35.4523,36.1131,36.7751,37.0975,37.2579,37.3492,37.058,37.1756,37.8417,0.596319,15.6249,23.7937,28.7439,31.9053,33.897,35.3508,36.4599,37.1536,37.8215,38.0149,	2.09998,29.7334,29.601,28.4211,27.3045,25.2346,37.0015,37.4905,36.3835,35.339,34.1046,4.61588,12.8815,26.6638,27.9078,27.4405,25.021,26.8361,34.9626,36.0525,35.5675,34.0806,	
37.5969,36.7478,37.2991,38.1607,38.558,38.9548,39.0549,39.0232,38.9276,39.0586,39.6407,0.310481,15.3127,24.6197,29.9845,33.4624,35.8671,37.3295,38.2783,38.834,39.5027,40.1452,	2.05836,30.1764,29.9454,28.7352,27.654,25.4934,40.299,40.7219,39.6983,38.5876,37.4399,4.58824,13.0898,27.1459,28.4692,27.9967,25.2161,27.8795,38.2939,39.3163,38.8211,37.6329,	
35.905,38.1385,38.99,39.7649,40.142,40.5472,40.7089,40.7125,40.6417,40.7755,41.2526,0.160688,15.4936,24.8731,31.0009,34.5911,36.9755,38.5479,39.6922,40.4266,41.1641,41.7075,	2.01756,30.4637,30.3958,29.2625,28.1316,25.7218,43.3246,43.3258,42.1937,41.021,40.1799,4.58824,13.1765,27.67,28.7193,28.3517,25.3269,29.0762,41.0939,42.0322,41.1253,40.2011,	
33.4752,39.4224,40.6902,41.0878,41.7332,41.9686,42.1912,42.3054,42.1663,42.1395,42.662,0.085356,16.6521,26.0825,32.1736,35.8461,38.38,40.1404,41.1006,42.0106,42.4579,43.2351,	1.97362,30.9981,31.1429,30.0044,28.6818,25.9023,45.7459,45.4924,44.6411,43.4556,42.3559,4.58824,13.4187,28.4423,29.3188,28.8007,25.4591,30.3433,43.4404,44.0101,43.5241,42.518,	
31.7773,40.488,42.0818,42.694,43.1537,43.4586,43.5542,43.6809,43.5133,43.2161,44.0226,0.0457049,17.4596,27.0963,32.9195,36.997,39.8036,41.4159,42.6074,42.8943,43.6769,44.344,	1.95788,31.4199,31.4706,30.2882,28.9294,26.0606,47.8012,47.5332,46.3587,45.338,44.2461,4.58824,13.5762,29.0198,29.8673,29.2094,25.6387,31.6083,45.9264,46.1183,45.4062,44.57,	
29.9849,41.4693,43.4151,44.0392,44.3328,44.5775,44.5979,44.7648,44.7905,44.5644,45.1996,0.0250182,17.4558,28.2946,34.8427,38.471,40.8579,42.3063,43.6163,44.354,45.0017,45.5108,	1.92677,31.7324,31.8102,30.4792,29.373,26.2115,49.5899,49.4539,47.9547,46.9339,46.2906,4.58824,13.8507,29.2772,30.2538,29.6234,25.84,32.3105,47.5616,47.9817,47.3829,46.4473,	
28.1806,42.3177,44.4384,45.1619,45.7645,45.789,45.9319,45.99,46.1881,45.7826,46.6054,0.0125902,17.0462,28.3056,34.9898,39.3184,41.7299,43.6688,44.8543,45.5578,45.95,46.6077,	1.89615,32.019,32.314,30.9897,29.5523,26.4245,51.2608,50.3258,49.2836,48.2377,47.2257,4.58824,13.8043,29.6869,30.5761,29.9362,26.034,33.9834,49.3653,49.3805,48.5422,47.3123,	
26.8049,43.3747,45.5304,46.4444,46.7747,46.9113,47.2038,47.1649,47.3313,47.0722,47.5103,0.0068504,18.2851,28.6858,35.7271,40.05,42.8559,44.592,45.679,46.7587,47.3608,47.7614,	1.86603,32.4018,32.4954,31.2105,30.1415,26.7483,52.5811,51.7407,51.1346,49.8132,48.9661,4.57907,13.8548,30.1997,31.0166,30.299,26.1232,34.928,50.3602,50.7356,50.1029,49.0456,	
25.5986,44.152,46.2285,47.3193,47.2488,47.6467,47.7273,48.0328,47.8963,47.8033,48.2391,0.00373482,18.3965,29.2556,36.5179,41.1575,43.7676,45.5884,46.6456,47.2536,47.8675,48.4537,	1.84375,32.7202,32.8062,31.4949,30.4738,26.9874,53.6724,52.2328,51.6341,50.6109,49.4999,4.57907,13.8611,30.6781,31.2916,30.5704,26.3585,35.802,51.5166,51.4378,50.6657,49.7864,	
24.0101,44.7859,47.2392,48.274,48.3548,48.7161,48.8372,48.9694,48.9332,48.7493,49.157,0.00204848,19.4487,31.0874,37.5739,41.8513,44.7877,46.4859,47.7184,48.2696,49.0324,49.4689,	1.81809,33.2458,33.163,32.186,31.0154,27.2182,54.8736,53.9876,52.6858,51.8322,50.741,4.57907,13.9606,31.0947,31.8693,31.1541,26.5578,36.5323,53.1258,52.8916,51.7218,50.8594,	
22.5201,45.5362,48.2321,48.9727,49.6035,49.4311,49.6831,49.6735,49.869,49.7068,50.2253,0.00110129,19.41,31.4617,38.5053,42.8039,45.5724,47.518,48.6997,49.3876,49.7107,50.4946,	1.79638,33.8606,33.9104,32.4649,31.4509,27.636,55.8858,55.0567,53.9366,52.2804,51.1126,4.57907,14.2741,31.933,32.3397,31.705,26.7966,36.8547,53.7718,53.9156,52.8403,51.4032,	
21.3351,46.3621,49.2549,50.0023,50.2686,50.4609,50.6973,50.6509,50.4783,50.4647,50.8273,0.000606459,19.5691,32.0548,39.3599,43.8053,46.3853,48.3879,49.6066,50.162,50.7518,51.2542,	1.7643,34.2715,34.2585,32.932,31.8203,27.9134,56.9504,55.6718,54.5227,53.2981,52.7974,4.57907,14.2484,32.1197,32.6626,31.8758,27.051,37.6175,54.6673,54.6091,53.6753,52.9591,	
20.0112,47.0873,50.0266,50.9494,51.3526,51.444,51.2111,51.4009,51.4146,51.3985,51.9027,0.000343459,20.3849,32.5896,40.2027,44.6025,47.2913,49.0623,50.2443,50.9612,51.5507,51.7537,	1.75023,34.7526,34.6414,33.8232,32.6237,28.2296,57.6694,56.1268,54.7034,54.1895,53.0634,4.56991,14.3429,32.8704,33.4076,32.6626,27.3453,38.4112,55.7246,55.2824,54.5936,53.4351,	
19.0724,47.6927,50.8424,51.1668,51.4938,51.5566,51.7743,51.918,51.6873,51.7723,52.2786,0.000189896,19.8707,33.1245,40.9556,45.2199,47.7477,49.7227,50.8782,51.2828,52.0735,52.7081,	1.72587,35.5552,35.4324,34.1918,33.1108,28.7181,57.6919,56.6145,54.8477,53.9873,53.0663,4.55165,14.541,33.5427,34.1514,33.4316,27.6344,38.4845,55.6405,55.25,53.993,53.2394,	
18.2872,48.5078,51.6503,52.3099,52.3781,52.4935,52.866,52.5848,52.8039,52.7324,53.1218,0.000106901,20.3949,32.7203,41.25,45.9842,48.4244,50.2409,51.4191,52.2794,52.7697,53.0786,	1.70186,36.1911,35.7758,34.6694,33.474,29.1313,57.921,56.9897,56.0504,55.0301,54.0133,4.53346,14.7142,33.9504,34.4584,33.738,28.0029,38.9214,56.4579,56.053,55.2804,54.3349,	
17.4642,49.1357,52.2285,52.8539,52.8832,53.1812,53.0696,53.2016,53.4101,53.0889,53.5967,5.80492e-05,20.4792,33.3172,40.9462,45.9685,48.8156,50.8142,52.0919,52.8992,53.3715,53.7477,	1.68154,36.5034,36.123,35.0777,34.0663,29.4382,58.5704,56.9043,55.6983,54.8314,54.4524,4.53346,15.2396,34.3117,34.7331,34.0858,28.3228,40.5659,56.5418,56.2579,55.2855,54.5086,	
16.2824,48.8863,52.6681,53.1889,53.6071,53.4989,53.7736,53.7988,53.7467,53.5506,54.1351,3.1585e-05,20.5474,33.0303,41.3907,46.4992,49.2809,51.1311,52.4972,53.1587,53.893,54.2596,	1.65151,36.8158,36.5446,35.6497,34.3037,29.8259,58.749,57.2381,55.4016,55.031,54.3382,4.52439,15.2741,34.9369,35.2614,34.4772,28.714,40.8524,56.6886,56.2195,55.2384,54.7849,	
15.3333,49.2655,52.899,53.9319,54.1181,54.3029,54.5578,54.519,54.5487,54.556,54.7189,1.79954e-05,20.8538,34.1018,41.7153,47.0214,49.9954,52.0292,53.1498,53.8438,54.592,54.8685,	1.63506,37.3892,37.4853,36.3911,35.0235,30.1764,59.1831,57.6091,56.4614,55.6173,55.2493,4.52439,15.616,35.5711,35.9237,35.2129,29.1886,40.7765,57.1022,56.7702,55.9098,55.1864,	
14.702,50.1983,53.595,54.4111,54.5868,54.7515,54.6895,54.7618,54.8051,54.5018,55.0162,9.63588e-06,20.791,34.3871,41.8977,47.1633,50.299,52.0909,53.3984,54.2079,54.798,55.3736,	1.58352,37.8061,38.0286,36.9147,35.529,30.5009,59.0293,57.7077,57.0972,55.4693,54.9913,4.51534,15.5038,35.7795,36.5884,35.8436,29.5293,41.4723,57.0369,56.952,55.7687,55.3758,	
14.353,51.0836,54.1,54.6776,54.9099,54.8034,55.033,54.9928,55.0752,55.035,55.5069,4.9176e-06,19.5169,34.0666,42.9024,47.3446,50.0384,52.3856,53.5627,54.4065,55.2181,55.6026,	1.55524,38.3054,38.2909,36.8498,36.1816,31.0391,58.8534,57.9975,56.5253,55.7795,55.0085,4.50631,15.594,36.2093,36.9305,36.3631,29.8509,42.1499,57.113,56.498,56.1524,55.2101,	
13.5434,50.7078,54.4262,54.9947,55.2199,55.2418,55.4003,55.0246,55.2358,55.2169,56.001,2.76834e-06,20.6317,33.4152,42.5371,47.8791,50.9022,52.4615,53.7782,54.8228,55.1819,56.0817,	1.52441,38.6373,38.8739,37.6583,36.2067,31.4325,59.0349,57.926,56.7538,55.1739,54.9705,4.4973,15.6254,36.7278,37.3813,36.5936,30.3287,42.687,56.9956,56.7984,56.1063,55.2086,	
12.9081,51.001,54.4582,55.2716,55.313,55.2928,55.2055,54.9951,55.3566,55.3442,55.7683,1.47346e-06,20.82,33.8455,42.3773,47.5212,50.9243,52.6167,53.9428,54.9676,55.3652,55.9897,	1.50621,39.1332,39.3241,38.0053,36.7083,31.7875,58.5935,57.8979,56.0791,55.193,54.2605,4.4973,15.6419,37.5906,37.7792,36.9983,30.7223,43.1584,57.0927,56.6228,55.6061,54.637,	
12.3766,51.4214,54.8093,55.4145,55.3835,55.4707,55.5202,55.4588,55.5226,55.3326,55.9318,8.2451e-07,20.9885,35.1154,43.3401,48.051,51.3719,53.1065,54.3111,55.0739,55.6748,56.283,	1.47932,39.6295,39.6948,38.3682,37.4741,32.0509,59.1436,57.7654,56.6312,56.0158,54.8705,4.4973,15.6875,37.8155,38.2696,37.4221,31.1536,43.8503,57.3808,57.0441,55.9556,54.87,	
11.7724,51.4131,55.3165,55.7303,55.9484,55.759,55.7303,55.7735,56.0561,55.8666,56.0807,4.69762e-07,21.6531,35.9889,43.714,48.6015,51.3426,52.9958,54.4481,55.3489,55.9544,56.3694,	1.46458,40.3418,40.1356,38.7486,37.5935,32.4211,59.2869,58.048,57.1225,56.0145,55.4296,4.4883,15.9107,38.243,38.6375,37.8199,31.636,44.4112,57.4713,56.9963,56.3943,55.6094,	
11.1084,51.5512,55.4511,55.9604,56.219,56.1061,56.0568,56.1583,55.8907,56.2754,56.0643,2.6498e-07,22.4032,35.9205,43.4623,48.7536,51.8787,53.8022,54.8815,55.5709,56.3591,56.4758,	1.44131,40.8862,40.5917,39.2081,38.0598,32.9019,59.3997,58.2062,56.9416,56.2466,55.3268,4.4883,16.0715,38.7908,39.0002,38.2359,31.9943,44.8251,57.8634,57.1392,56.2586,55.7751,	
10.6938,52.0841,55.7196,55.9934,56.3444,56.3021,56.3521,56.3036,56.2889,56.3644,56.5828,1.4592e-07,21.5998,36.1063,44.628,49.2946,52.137,53.8581,55.0136,55.7712,56.0702,56.7247,	1.41274,41.2157,41.144,39.592,38.3572,33.2584,59.4869,58.404,56.7301,56.1717,55.7218,4.47933,16.1204,39.0757,39.5041,38.7655,32.5259,45.2181,57.5913,57.5226,56.6052,55.7701,	
10.2126,52.1872,55.8828,56.5613,56.5764,56.5673,56.6673,56.3478,56.4527,56.216,57.0246,7.84481e-08,21.3228,36.2721,44.7622,49.3906,52.18,54.1127,55.1828,56.199,56.7332,57.2914,	1.38474,41.5396,41.1423,39.8175,38.8646,33.7317,59.8216,58.9106,57.6724,56.7511,55.7438,4.46143,16.0055,39.2261,39.5924,38.9104,32.973,45.4846,57.9305,57.4912,57.0242,55.6964,	
9.65583,51.5277,56.1674,56.5154,56.6604,56.5954,56.6037,56.6769,56.4682,56.3462,56.5638,4.45169e-08,21.4764,35.209,44.5597,49.4061,52.3913,54.5067,55.2268,56.0902,56.7133,57.0668,	1.36001,41.9987,41.4189,39.8961,38.9431,34.2316,59.6025,58.1798,57.1292,56.0051,55.4573,4.43471,16.1471,39.3351,39.9156,39.3847,33.4098,45.7255,58.0491,57.522,56.1901,55.7109,	
9.14775,51.3774,56.2159,56.4098,56.7604,56.3146,56.6288,56.7348,56.6771,56.5905,56.6573,2.43192e-08,20.7678,35.4595,43.8509,49.2558,52.3314,54.2423,55.3805,56.2598,56.8183,57.1006,	1.33039,42.3921,41.391,40.3514,39.0871,34.6531,59.4533,57.8007,56.7584,55.9997,55.4432,4.42584,16.1124,39.6912,40.0656,39.403,33.8117,46.1058,57.7003,56.762,56.3118,55.6054,	
8.6664,51.6378,56.1109,56.5625,56.8111,56.6549,56.5955,56.5832,56.5825,56.395,56.5845,1.25109e-08,21.3028,35.0302,43.889,48.9651,51.9708,54.2429,55.361,55.8767,56.4363,56.9831,	1.30664,42.6754,41.744,40.6076,39.1108,34.8956,59.402,58.0105,56.5807,55.631,54.8904,4.41699,16.2411,40.094,40.3693,39.5317,34.2664,45.5795,57.3611,56.5796,56.3361,55.5356,	
8.21038,51.3468,56.1189,56.5394,56.5159,56.4818,56.4313,56.5273,56.5643,56.5187,57.0622,7.02885e-09,21.6709,35.5336,43.8807,49.0287,52.3868,53.9401,55.3273,56.1253,56.6702,57.4193,	1.29103,42.9329,42.0965,40.3642,39.5011,35.2337,59.5235,58.0713,56.9909,55.769,54.8906,4.41699,16.4816,40.5599,40.4039,39.6962,34.5774,45.9283,57.4038,57.0072,55.916,55.4218,	
7.68548,50.7757,55.835,56.4541,56.6895,56.3982,56.8843,56.6149,56.4547,56.978,56.9826,3.80155e-09,21.1479,34.9271,43.3783,48.7803,52.3301,54.3284,55.4614,56.1635,56.8615,57.2467,	1.26291,42.9308,42.1246,41.0255,39.86,35.7147,59.4179,57.6081,56.5203,55.4685,54.9472,4.40816,16.4116,40.6089,40.7013,40.1134,34.9074,46.2611,57.5132,56.6079,55.7695,55.1069,	
7.07984,50.0179,55.9094,56.4623,56.7375,56.8575,56.7235,56.7051,56.6776,56.3084,56.9045,2.1921e-09,23.2096,36.9528,43.6138,48.7474,51.8634,53.7561,55.1288,56.1956,56.7835,57.0423,	1.23788,43.3843,42.5664,41.2169,39.9342,36.0066,58.9541,57.8855,57.0838,55.9283,54.9835,4.39934,16.6673,40.7477,41.034,40.208,35.1667,46.5296,57.3771,56.9084,56.0401,55.2643,	
6.84294,50.7681,55.9599,56.3936,56.4434,56.3539,56.5358,56.505,56.374,56.5377,56.9045,1.23156e-09,21.0253,36.8323,45.4529,49.5024,52.0988,53.8965,55.037,56.0807,56.557,57.1633,	1.21578,43.8022,42.8765,41.2584,40.4032,36.475,58.7274,57.6216,56.7813,55.8325,54.9248,4.39934,16.8181,41.0616,41.4108,40.5563,35.4793,46.3375,57.357,56.9163,55.949,55.2133,	
6.44405,50.5434,55.7636,56.0261,55.8291,55.9921,55.8423,55.8839,55.7656,55.9287,56.3271,6.98873e-10,20.8234,36.6447,44.3301,49.46,52.1429,53.7932,54.8572,55.4863,55.8609,56.7021,	1.20126,43.9773,43.0718,41.9406,40.8367,36.8482,58.1789,56.3026,55.3559,54.4294,54.3603,4.39054,17.0896,41.8652,41.6148,41.0106,35.9072,46.6849,55.9242,55.3752,54.6937,54.3377,	
5.98396,49.7451,55.7173,56.2171,56.04,56.1562,55.9862,56.0144,56.4331,56.2532,56.8504,3.87176e-10,21.404,35.1172,44.0074,49.0508,51.9793,53.8155,55.0619,55.8877,56.3732,57.0159,	1.19168,44.1908,43.4126,42.2635,41.3468,37.0996,57.8535,56.7825,55.0579,54.6859,54.2032,4.373,17.2355,41.9843,42.0784,41.401,36.1755,46.9352,56.4271,55.5657,54.8595,54.3407,	
5.7376,50.5163,55.7284,56.301,56.3789,56.6321,56.2801,56.4508,56.5686,56.5379,56.6873,2.17958e-10,20.6786,35.1936,44.254,49.2617,52.3267,54.1607,55.4231,56.148,56.5738,57.0745,	1.16806,44.453,44.0151,42.7564,41.6437,37.3454,58.5287,57.1661,55.8468,54.9171,54.1116,4.373,17.4543,41.9724,42.4572,41.8038,36.4785,47.1978,57.1051,56.4616,55.0752,54.6072,	
5.4794,51.1301,55.6946,56.4069,56.6854,56.436,56.4329,56.4224,56.3221,56.2874,56.8572,1.17647e-10,20.3813,34.9262,44.1762,48.8012,51.9468,54.3218,55.4743,55.9007,56.2874,57.2137,	1.1518,44.6191,44.0425,42.9737,41.7083,37.6618,58.7484,57.4008,55.5509,55.1396,54.3216,4.35552,17.3906,42.276,42.8132,42.0189,36.8343,47.3907,57.2373,56.3085,55.3102,54.4224,	
5.23281,51.3564,55.8963,56.2412,56.5431,56.6259,56.6821,56.7416,56.6959,56.6609,56.9346,6.66276e-11,21.5588,35.6308,43.5711,49.0684,52.0963,53.9155,55.2753,55.9778,56.446,57.1356,	1.13124,44.8648,44.201,42.9291,42.089,38.0287,58.6039,57.8603,56.7245,55.8622,54.5337,4.34681,17.4022,42.3094,42.9509,42.0883,37.2344,47.7418,57.371,56.7315,56.1083,54.8848,	
4.93766,51.2232,55.8443,56.2837,56.52,56.4409,56.4393,56.6474,56.5798,56.6373,56.9202,3.60355e-11,21.0685,35.7673,43.7886,48.9312,52.1642,54.021,55.5166,55.9696,56.5628,56.9298,	1.09338,45,44.4014,43.2621,42.0998,38.1958,59.3105,57.5941,56.171,55.8066,55.0657,4.32078,17.2121,42.0295,43.0259,42.0714,37.5373,47.4449,57.8446,57.0233,56.2379,55.0871,	
4.74386,51.434,55.9809,56.3859,56.3398,56.5008,56.4701,56.5256,56.4307,56.4462,57.1935,2.03266e-11,22.1455,35.785,44.105,49.612,52.2892,53.9504,55.1151,55.8952,56.7235,57.2326,	1.07171,45.5279,44.8791,43.8086,42.7163,38.5787,58.7477,57.7137,56.9907,55.4196,55.2029,4.31214,17.6404,42.7766,43.4591,42.8681,37.837,47.5469,57.2932,56.7418,55.7264,55.4792,	
4.49424,51.1488,55.8252,56.1527,56.4876,56.5357,56.3738,56.4056,56.3907,56.4362,56.6356,1.08841e-11,21.1963,34.5596,43.6822,49.1988,51.5922,54.0486,55.1986,55.9334,56.5932,56.9814,	1.05257,45.6554,45.1948,43.8342,42.6889,38.9775,58.4576,56.9346,55.9888,55.0145,54.8799,4.31214,17.7333,42.9927,43.3723,43.1613,38.0396,47.9375,56.9194,56.4768,55.029,54.8857,	
4.27484,51.1103,56.0254,56.3654,56.1968,56.5819,56.6504,56.4006,56.5439,56.1389,56.5068,6.054e-12,21.1833,35.7371,43.5996,49.0712,52.1449,53.899,55.2261,55.8616,56.2076,56.7418,	1.04418,46.0456,45.5193,44.3228,42.9025,39.1261,58.5905,57.378,56.0882,54.8989,54.4823,4.30352,18.129,43.7339,43.8009,43.004,38.4198,47.721,56.8303,56.4954,55.6053,54.8823,	
4.12353,51.9027,56.0947,56.3437,56.6338,56.702,56.6237,56.7546,56.8639,56.5693,56.9924,3.42859e-12,22.4404,35.3856,44.1996,49.4136,52.4702,54.3035,55.436,56.5458,56.9452,57.2236,	1.02144,46.5517,45.7503,43.9148,42.7993,39.6109,59.8879,58.4734,56.903,56.1677,54.8941,4.27775,18.3445,43.9452,44.3312,43.4147,38.7104,47.8986,57.9288,57.2869,56.6826,55.2721,	
3.94586,51.7094,56.0064,56.3629,56.6526,56.6165,56.5041,56.7829,56.8417,56.8523,57.1585,1.92625e-12,20.2942,36.5483,44.5083,49.813,52.3093,53.9547,55.2118,56.0238,56.8461,57.4347,	1.01126,46.4648,44.9209,43.674,43.016,39.9461,59.5948,58.413,57.0044,56.0199,55.6736,4.26919,18.367,44.1275,43.9801,43.2477,39.0895,48.0717,58.1772,57.5133,56.5835,55.736,	
3.79099,52.328,56.3072,56.9061,56.941,56.8977,56.8618,56.9224,56.761,57.0103,57.3238,1.06928e-12,22.1984,35.6344,43.8228,49.5506,52.3618,54.2631,55.4135,56.1032,56.8889,57.7174,	0.987257,46.1765,45.4855,44.3368,43.3599,40.255,60.2703,58.8878,57.2633,56.6517,55.6584,4.25213,18.8373,43.7619,44.0601,43.4538,39.321,48.551,58.7007,57.6021,56.6988,56.1241,	
3.66414,52.2351,56.4961,56.8566,56.7541,56.6163,56.7475,56.7508,56.8886,56.8605,57.364,5.81803e-13,20.95,35.7206,44.2466,49.6865,52.7457,54.1773,55.4411,56.3862,57.0249,57.5142,	0.969628,46.2796,45.7454,44.3694,43.2616,40.4391,60.0795,58.0828,57.411,56.6007,55.9224,4.24363,18.7072,44.127,44.464,43.7757,39.6618,48.8826,58.4071,57.579,56.4827,56.0908,	
3.43704,51.1227,56.1399,56.7916,56.8853,56.6443,56.738,56.784,56.7433,56.7266,57.0631,3.61043e-13,22.1122,35.5688,44.1829,49.3343,52.4833,54.3311,55.6474,56.3102,56.9077,57.4097,	0.939569,46.5349,46.1676,45.0168,44.0043,40.5954,59.7711,58.2597,56.9857,55.8926,55.6448,4.23598,18.4246,44.3036,44.7349,43.9925,39.9714,49.096,57.8771,57.1082,56.272,55.6662,	
3.32715,51.4663,56.0693,56.7064,56.7731,56.6859,56.7988,56.725,56.7568,56.7441,57.1503,2.46451e-13,22.3078,37.1015,44.7966,49.2501,52.2253,54.0703,55.3709,56.3909,56.7693,57.5007,	0.919677,46.9526,46.3081,44.9767,43.9985,40.715,59.8002,58.3494,57.1485,56.4006,55.7426,4.23598,18.6565,44.4621,45.0264,44.1557,40.1459,48.9077,57.9613,57.3106,56.5246,55.8966,	
3.22148,51.1684,55.9387,56.568,56.7186,56.6093,56.6445,56.5318,56.4795,56.5042,56.7724,1.68005e-13,20.7097,36.3001,44.6872,49.6125,52.5966,54.4262,55.5465,56.1841,56.7548,57.1656,	0.912807,47.0469,46.357,45.0671,44.027,40.914,59.1209,57.576,56.6242,56.0425,55.4537,4.21966,18.8825,44.6434,45.0435,44.2834,40.2621,48.6605,57.7921,57.035,56.1434,55.6143,	
3.16855,51.5174,56.0329,56.6406,56.6853,56.6096,56.6735,56.685,56.5316,56.6509,56.824,1.27163e-13,21.2258,36.4711,45.008,49.9119,52.7861,54.3296,55.5022,56.0772,56.5683,57.1119,	0.899784,47.3027,46.3762,45.3818,44.3004,41.033,59.2785,58.3055,56.8536,56.153,55.4415,4.21501,18.9831,44.7517,45.1811,44.3553,40.324,48.4987,58.0254,57.1907,56.21,55.7022,	
3.07127,51.2699,55.9982,56.7802,56.752,56.848,56.9592,56.7866,57.0471,56.9587,57.3628,9.53302e-14,21.459,35.8477,44.5595,49.8071,52.8728,54.7382,55.7827,56.3735,56.8858,57.5544,	0.894394,47.4748,46.7475,45.3277,44.3116,41.1491,59.7799,58.4603,56.9275,56.515,55.4295,4.20624,19.1171,44.8965,45.3224,44.5352,40.4213,48.9318,58.1131,57.5547,56.6911,55.7542,	
3.00611,51.4776,56.2027,56.995,56.9978,56.9704,57.0743,57.1695,57.1202,57.0475,57.4308,7.2581e-14,21.3098,36.3222,44.4149,49.5265,52.6668,54.6844,55.9496,56.6482,57.2465,57.85,	0.888617,47.6105,46.8406,45.5683,44.5491,41.281,60.0574,58.8158,57.3698,56.5114,55.4697,4.20226,19.2739,45.134,45.5108,44.7491,40.5155,49.1781,58.3423,57.527,56.7994,55.8834,	
2.92248,51.3176,56.2886,57.1057,57.0379,57.144,57.1773,57.2761,57.3091,57.3693,57.5632,5.70498e-14,21.9467,36.0511,44.4974,49.8166,52.7589,54.6019,55.7659,56.6434,57.2587,57.8447,	0.887093,47.6153,46.9423,45.4714,44.6909,41.3938,60.0651,58.9504,57.7235,56.9706,55.5454,4.19858,19.2861,45.4436,45.5528,44.7743,40.5678,49.349,58.3083,57.9381,57.1921,55.8957,	
2.86714,51.555,56.421,57.2176,57.1205,57.2442,57.1861,57.1882,57.149,57.3071,57.5218,4.53016e-14,22.347,35.8496,44.6184,49.8768,52.5794,54.4722,55.7119,56.7069,57.2009,57.7843,	0.882147,47.7047,47.0329,45.7974,44.7278,41.4991,60.1493,59.0327,57.6064,56.6912,55.8455,4.1953,19.3152,45.4886,45.4979,44.7334,40.7271,49.4711,58.5754,57.8567,57.0553,56.1268,	
2.82647,51.6434,56.5311,57.1471,57.0816,57.1303,57.1759,56.9056,57.1403,57.1875,57.3032,3.63371e-14,21.8573,36.0462,44.7346,49.9394,53.0986,54.5762,55.7436,56.5322,57.16,57.6434,	0.876882,47.8852,46.9403,45.489,44.5656,41.5977,59.9711,58.9045,57.6345,56.6293,55.8595,4.19211,19.37,45.4795,45.6852,44.8678,40.8461,49.5516,58.6405,57.9922,56.9485,56.3105,	
2.78844,51.8802,56.5883,57.1137,57.1776,57.2551,57.1227,57.0088,57.1841,57.1008,57.6681,2.95515e-14,21.7026,36.1073,44.867,49.9965,53.1016,54.8673,56.0747,56.8032,57.3925,57.8608,	0.872528,47.8139,46.9382,45.5197,44.7241,41.6802,60.2339,59.2196,57.9746,57.0925,56.0867,4.19211,19.4595,45.5302,45.7281,44.977,40.9273,49.6379,58.7671,58.0763,57.2392,56.3885,	
2.74172,51.8379,56.6019,57.238,57.3126,57.3608,57.4019,57.3137,57.443,57.4639,57.7399,2.46495e-14,21.6987,36.3368,44.8564,50.2157,53.166,54.9494,56.0323,56.8831,57.4609,57.9395,	0.86608,47.9094,46.8534,45.7355,44.7673,41.7734,60.5217,59.3607,58.1701,57.5217,56.2364,4.18362,19.464,45.4469,45.716,45.0185,41.0299,49.6785,59.0266,58.4528,57.7624,56.5246,	
2.70846,52.1256,56.6924,57.3019,57.376,57.4978,57.4737,57.4293,57.4685,57.357,57.9201,2.062e-14,22.1573,36.1332,44.9375,50.0656,53.1124,55.0471,56.1325,57.0302,57.4341,58.1903,	0.860532,47.932,46.9832,46.0879,44.887,41.8757,60.5973,59.6417,58.2943,57.4629,56.4097,4.18096,19.4629,45.6188,45.7504,45.1232,41.0639,49.8167,59.1397,58.6092,57.7164,56.6853,	
2.66238,52.0148,56.7654,57.4137,57.4677,57.4505,57.4432,57.3161,57.476,57.3781,57.8749,1.74292e-14,22.1434,36.4973,44.9588,50.3003,53.1373,54.9079,56.1979,56.9831,57.5667,58.1551,	0.8563,48.0128,47.1174,46.0814,44.7368,41.9347,60.7516,59.6923,58.4182,57.5426,56.6296,4.1733,19.5008,45.5909,45.8413,45.1579,41.1182,49.9081,59.2179,58.5097,57.7047,56.7515,	
2.62987,52.0159,56.8153,57.3887,57.4261,57.4808,57.2705,57.3693,57.3742,57.3043,57.6811,1.46524e-14,22.1639,36.3547,45.0908,49.9408,53.1787,54.891,56.0785,56.8126,57.4701,58.0771,	0.851795,48.0916,47.1378,46.0564,44.8378,41.9763,60.72,59.2216,58.114,57.2613,56.7468,4.1733,19.5531,45.6351,45.9384,45.2252,41.1894,49.9296,59.1881,58.2995,57.4149,56.835,	
2.60183,52.2235,56.8609,57.4002,57.4202,57.4329,57.3059,57.3976,57.4847,57.4828,57.9672,1.2624e-14,22.3943,36.6704,45.1677,50.1317,53.0754,54.8449,56.1394,56.9875,57.5989,58.1259,	0.844589,48.1276,47.3593,46.1297,44.969,42.0517,60.6743,59.5186,58.3991,57.5362,56.7904,4.1733,19.4593,45.7462,45.9433,45.3285,41.2185,49.9976,59.1692,58.6154,57.7053,56.8932,	
2.56402,52.1217,56.9293,57.4656,57.4344,57.4669,57.4022,57.4443,57.514,57.6487,57.7743,1.0775e-14,22.189,36.7018,45.4236,50.2692,53.1057,55.0035,56.2374,56.9977,57.4868,58.1139,	0.8414,48.1709,47.4468,46.0659,44.9628,42.1034,60.7392,59.5821,58.3174,57.5986,56.8712,4.1733,19.4514,45.8698,46.0784,45.3761,41.3033,50.1711,59.258,58.6185,57.6771,56.9595,	
2.52677,52.0371,57,57.3831,57.5733,57.549,57.3843,57.6072,57.5817,57.6599,57.9816,9.22489e-15,22.2575,36.6462,45.2909,50.4375,53.2782,54.9896,56.071,56.8882,57.6203,58.1409,	0.836564,48.2365,47.4853,46.0136,45.2475,42.139,60.8458,59.4821,58.3779,57.4583,56.9263,4.1733,19.5092,45.9673,46.1819,45.5015,41.3882,50.2031,59.3194,58.5736,57.7369,57.0264,	
2.50263,52.1404,57.0468,57.4525,57.6181,57.5242,57.5308,57.4919,57.5005,57.477,57.624,7.91635e-15,21.8137,36.4926,45.3519,50.5087,53.247,55.1306,56.1138,56.9783,57.3982,57.8863,	0.831087,48.2194,47.4184,46.09,45.2098,42.2106,60.8534,59.1461,58.177,57.4205,56.874,4.1733,19.5019,45.9382,46.0979,45.4496,41.4752,50.255,59.3047,58.469,57.7373,57.0698,	
2.46746,51.9884,57.0025,57.5027,57.48,57.4521,57.4402,57.3434,57.4966,57.321,57.6387,6.87419e-15,21.7985,36.3694,45.3765,50.4232,53.4044,55.0663,56.2512,57.0632,57.5068,58.025,	0.827047,48.2737,47.4367,46.2657,45.0474,42.3094,60.6811,59.4722,58.0567,57.3328,56.8919,4.17128,19.5617,45.9383,46.0727,45.5161,41.5429,50.233,59.1323,58.4223,57.5485,57.0331,	
2.43729,51.971,57.0116,57.4518,57.4486,57.5118,57.4398,57.5591,57.5016,57.5463,57.9597,5.99284e-15,21.8313,36.3763,45.3767,50.2544,53.382,55.1594,56.3232,57.073,57.6419,58.3327,	0.822753,48.3758,47.5619,46.3173,45.12,42.3794,60.8257,59.4672,58.4108,57.3079,56.9593,4.16738,19.59,45.9425,46.1593,45.4846,41.6202,50.2327,59.3085,58.5926,57.5384,57.0421,	
2.41503,52.0021,57.0411,57.5178,57.5465,57.5113,57.5965,57.5436,57.4673,57.4485,57.8824,5.17716e-15,21.3475,36.1235,45.2341,50.0992,53.2178,55.1608,56.3886,57.1184,57.6732,58.1965,	0.817101,48.4018,47.6987,46.2201,45.2073,42.4301,60.768,59.2538,58.0168,57.3831,56.9377,4.16738,19.5137,46.0476,46.2986,45.4565,41.6875,50.2243,59.0689,58.3546,57.4787,57.0609,	
2.38827,52.0248,57.0766,57.5386,57.5641,57.5579,57.6483,57.6232,57.5835,57.5764,58.1543,4.52332e-15,21.3533,35.9336,45.1061,49.7891,53.1841,55.1485,56.3332,57.132,57.7484,58.3235,	0.812383,48.4753,47.6843,46.2994,45.3282,42.5,60.7025,59.4137,58.0692,57.1767,56.8493,4.16179,19.5775,46.0111,46.3531,45.4199,41.7568,50.1801,59.1501,58.4907,57.6137,57.0199,	
2.3645,52.1054,57.1085,57.5241,57.5652,57.5393,57.643,57.5422,57.585,57.64,57.9501,4.03833e-15,21.8928,36.1871,45.0047,49.8208,53.0322,55.0716,56.2658,57.1066,57.8174,58.1523,	0.809592,48.511,47.7479,46.3304,45.3026,42.5079,60.6753,59.3521,58.0754,57.3123,56.7634,4.16,19.6308,46.0741,46.4225,45.4936,41.8026,50.2486,59.0928,58.4804,57.6582,57.039,	
2.34072,52.1183,57.1977,57.5493,57.6078,57.5779,57.7534,57.6712,57.6562,57.728,58.1096,3.56347e-15,21.9271,36.2278,44.8444,49.9882,53.0964,55.0718,56.317,57.138,57.7701,58.3673,	0.807889,48.5599,47.6762,46.4163,45.3917,42.5573,60.8206,59.4413,58.2882,57.5026,56.728,4.16,19.7125,46.187,46.4078,45.6025,41.828,50.3226,59.2943,58.5409,57.7195,56.9851,	
2.31965,52.1534,57.1901,57.5196,57.5645,57.6707,57.7368,57.6376,57.7591,57.6268,57.9433,3.15859e-15,21.6887,36.2938,45.0678,50.0351,53.0668,54.9147,56.2206,57.0509,57.7042,58.2263,	0.804904,48.6158,47.6975,46.4352,45.4275,42.5853,60.5423,59.3277,58.2001,57.5005,56.8048,4.15488,19.7538,46.2462,46.462,45.7229,41.8807,50.3375,59.005,58.5528,57.5971,56.9817,	
2.29845,52.1961,57.2084,57.5594,57.5613,57.7689,57.6316,57.6013,57.532,57.6629,57.8607,2.85029e-15,22.0711,36.6447,45.1666,50.1906,53.1341,54.9872,56.1212,57.047,57.5928,58.2394,	0.803932,48.6178,47.653,46.5512,45.564,42.6258,60.6281,59.5289,58.4075,57.2992,56.8379,4.15321,19.8404,46.394,46.4649,45.7353,41.9115,50.3316,59.1197,58.4156,57.6998,57.0375,	
2.28234,52.2919,57.1922,57.5412,57.5849,57.6617,57.5851,57.582,57.4964,57.6617,57.964,2.54944e-15,22.0698,36.7987,45.1052,50.1815,53.293,55.1498,56.3018,57.0077,57.4973,58.1517,	0.802053,48.6154,47.7205,46.5132,45.606,42.6785,60.8223,59.3928,58.2646,57.3201,56.8616,4.15321,19.9193,46.3858,46.4541,45.7909,41.9675,50.4414,59.1955,58.5445,57.7549,57.0184,	
2.26329,52.3193,57.2071,57.4665,57.5866,57.6775,57.6017,57.6156,57.615,57.6261,57.9052,2.28535e-15,22.192,36.6812,45.1839,50.243,53.316,55.1416,56.3227,57.1437,57.769,58.4141,	0.800226,48.6909,47.7542,46.5767,45.675,42.7348,60.9737,59.5519,58.3525,57.4508,56.9178,4.15004,19.9403,46.4833,46.455,45.8012,42.0109,50.5066,59.2237,58.5399,57.7219,57.0539,	
2.24067,52.2553,57.2235,57.4689,57.6723,57.762,57.6168,57.6674,57.6382,57.7607,57.9631,2.06524e-15,22.3025,36.994,45.2261,50.3202,53.3002,55.2144,56.3725,57.1828,57.8288,58.2318,	0.797245,48.7079,47.8421,46.6869,45.5,42.7935,60.9899,59.7872,58.4934,57.6165,56.9279,4.15004,19.9896,46.4487,46.4988,45.8317,42.0612,50.5472,59.2948,58.7105,57.8359,57.0823,	
2.21881,52.2063,57.2204,57.4647,57.7443,57.8409,57.5923,57.6435,57.7002,57.7483,58.077,1.8732e-15,22.4343,37.3044,45.3037,50.3205,53.3172,55.2031,56.4356,57.184,57.7643,58.4157,	0.794934,48.728,47.9018,46.6924,45.507,42.8403,61.0788,59.8512,58.6824,57.7131,56.9885,4.14702,19.9882,46.4381,46.5142,45.7971,42.1011,50.7313,59.4205,58.7323,57.9668,57.1331,	
2.20148,52.2214,57.225,57.5418,57.7358,57.8075,57.6788,57.6105,57.6337,57.6879,57.9761,1.6943e-15,22.481,37.1421,45.4757,50.451,53.4952,55.2806,56.2906,57.1892,57.7664,58.2709,	0.792672,48.8022,47.8225,46.6524,45.4936,42.8944,60.9753,59.7379,58.569,57.8791,56.9859,4.14702,20.0359,46.5214,46.5372,45.9153,42.1558,50.7325,59.4337,58.8199,57.9459,57.163,	
2.19001,52.4391,57.2281,57.5166,57.7129,57.8321,57.6923,57.6758,57.6289,57.6784,58.1001,1.54105e-15,22.5956,37.1497,45.5333,50.3836,53.5049,55.2177,56.4907,57.3107,57.836,58.413,	0.791014,48.8593,47.8524,46.5973,45.5755,42.9343,61.1344,59.9247,58.5706,57.9962,57.0586,4.14702,20.0787,46.5827,46.5441,45.8749,42.199,50.7431,59.5267,58.8443,58.1247,57.249,	
2.17806,52.5971,57.1857,57.5721,57.6704,57.7991,57.6719,57.6478,57.7566,57.7309,58.1273,1.38497e-15,22.252,36.9686,45.4139,50.3124,53.4237,55.289,56.4845,57.1244,57.7972,58.349,	0.789124,48.9073,47.8428,46.5584,45.5903,42.9779,61.14,59.7217,58.3846,57.6478,57.135,4.14562,20.0864,46.5853,46.5863,45.8912,42.2373,50.7506,59.6588,58.8127,57.9123,57.3002,	
2.15559,52.4775,57.1758,57.6292,57.6633,57.7924,57.6837,57.7014,57.7032,57.7533,58.0777,1.26696e-15,22.5259,37.236,45.4206,50.2856,53.2662,55.2973,56.4656,57.2684,57.8606,58.2736,	0.785445,48.9557,47.8812,46.5734,45.509,42.9846,61.1785,59.728,58.7713,57.754,57.1325,4.14423,20.0873,46.5697,46.5718,45.9397,42.3021,50.6909,59.5561,58.7919,57.984,57.3279,	
2.13939,52.4829,57.1903,57.6561,57.6944,57.7836,57.7288,57.7294,57.5976,57.7364,58.1698,1.14967e-15,22.3607,37.1407,45.4382,50.4245,53.3762,55.2348,56.4598,57.2165,57.8069,58.4497,	0.783645,49.0047,47.9243,46.5666,45.6105,42.9941,61.0928,59.8682,58.6646,57.7708,57.2042,4.14423,20.1281,46.6223,46.5816,45.9161,42.3383,50.7336,59.478,58.7679,57.9585,57.3735,	
2.12567,52.4783,57.1886,57.6947,57.6716,57.8238,57.7486,57.7545,57.7258,57.7104,58.1063,1.04755e-15,22.1352,37.2435,45.6363,50.5555,53.4144,55.3352,56.4281,57.2394,57.9029,58.4027,	0.781374,49.0065,47.9456,46.6812,45.6461,43.029,61.2312,59.9526,58.4686,57.7217,57.2724,4.14423,20.186,46.5759,46.6599,45.9007,42.3711,50.861,59.5865,58.8075,57.9676,57.4158,	
2.11293,52.5281,57.1426,57.7057,57.7099,57.8514,57.7762,57.705,57.7749,57.7493,58.1027,9.64369e-16,22.1838,37.4384,45.7206,50.6003,53.5612,55.3145,56.4459,57.2453,57.8259,58.263,	0.778168,49.0471,47.9951,46.7607,45.609,43.0687,61.1331,59.8497,58.6746,57.7471,57.2904,4.14292,20.1742,46.5777,46.6931,45.925,42.413,50.848,59.5916,58.9656,58.1029,57.4319,	
2.09595,52.4645,57.1627,57.7232,57.759,57.7335,57.7518,57.6392,57.6732,57.799,58.0214,8.82228e-16,22.0812,37.3684,45.689,50.5662,53.6212,55.4191,56.5332,57.2149,57.6918,58.2995,	0.775755,49.0471,47.9593,46.7263,45.6288,43.1107,61.1453,59.6773,58.6001,57.71,57.3221,4.14163,20.1983,46.5955,46.7393,45.971,42.4385,50.9283,59.6203,58.8125,57.9229,57.4576,	
2.08068,52.4681,57.1526,57.722,57.6592,57.7216,57.7249,57.6877,57.7069,57.7793,57.9202,8.03917e-16,22.0652,37.0299,45.5545,50.5959,53.605,55.4935,56.4358,57.3455,57.8725,58.3389,	0.772922,49.0941,47.9841,46.7607,45.6876,43.139,61.0501,59.5404,58.4326,57.7121,57.3465,4.14163,20.2064,46.65,46.7491,46.0105,42.4842,50.9002,59.6555,58.6543,57.873,57.4709,	
2.06021,52.2996,57.1547,57.6841,57.6459,57.663,57.7231,57.7327,57.7324,57.8062,58.1104,7.3904e-16,22.0762,37.0501,45.6117,50.6569,53.5169,55.2383,56.4012,57.2637,57.9497,58.3964,	0.771309,49.1138,47.8913,46.7501,45.8073,43.1645,60.9443,59.6108,58.561,57.5888,57.3176,4.13791,20.2463,46.6371,46.7561,46.0247,42.5109,50.91,59.5351,58.6259,57.9397,57.4304,	
2.04632,52.3381,57.1482,57.668,57.6786,57.6441,57.6601,57.7273,57.7779,57.8121,58.0263,6.78762e-16,22.0453,36.9398,45.6873,50.5932,53.5722,55.3822,56.5976,57.3433,57.8205,58.2937,	0.768359,49.1444,47.9046,46.8038,45.7923,43.2049,60.9812,59.6953,58.5177,57.6136,57.3096,4.13791,20.2737,46.5903,46.7511,46.0092,42.5552,50.8918,59.4266,58.7707,57.9017,57.4104,	
2.03097,52.3079,57.1374,57.6979,57.7609,57.705,57.7826,57.7765,57.7763,57.8576,58.2062,6.21047e-16,21.9286,36.8072,45.6274,50.6184,53.5961,55.3607,56.6204,57.3329,58.0362,58.429,	0.766361,49.1982,47.9703,46.7978,45.7581,43.2354,61.0385,59.8969,58.4637,57.7285,57.3133,4.13791,20.248,46.6583,46.7562,46.0736,42.5889,50.8953,59.5017,58.9019,57.9202,57.3621,	
2.01254,52.2342,57.1106,57.7388,57.7526,57.624,57.8604,57.8774,57.949,57.9446,58.2705,5.64378e-16,21.8863,36.4972,45.284,50.5385,53.5855,55.4405,56.4885,57.2617,57.9337,58.5447,	0.764179,49.1956,48.0756,46.7605,45.7367,43.2609,61.0301,59.6737,58.5023,57.5705,57.3217,4.13672,20.2975,46.5759,46.8057,46.0884,42.6237,50.9314,59.3676,58.8162,57.9388,57.387,	
1.99513,52.1584,57.1343,57.7377,57.698,57.6611,57.8477,57.8395,57.8461,57.8813,58.14,5.23529e-16,22.1152,36.5453,45.2454,50.3847,53.4878,55.3385,56.5092,57.3292,57.9109,58.3836,	0.760762,49.1764,48.1174,46.8091,45.8221,43.3009,61.1318,59.6264,58.2167,57.5518,57.337,4.13556,20.2622,46.5492,46.8153,46.087,42.6441,51.0043,59.3981,58.5806,57.6839,57.3978,	
1.97323,51.9899,57.1538,57.7825,57.7621,57.7963,57.8087,57.8847,57.8248,57.8079,58.1453,4.85015e-16,22.4097,36.5902,45.1942,50.349,53.4008,55.4223,56.6252,57.3753,57.905,58.3769,	0.758874,49.2209,48.1791,46.8331,45.7524,43.3357,61.0024,59.6257,58.3981,57.6063,57.3703,4.13556,20.2857,46.5777,46.9023,46.113,42.6561,50.9762,59.4344,58.7369,57.6771,57.3957,	
1.96093,52.0167,57.1953,57.7618,57.7337,57.771,57.7682,57.8647,57.8667,57.8044,58.2988,4.51315e-16,22.5812,36.6193,45.1238,50.3776,53.4812,55.4294,56.6223,57.3506,58.0462,58.5812,	0.756816,49.2295,48.1318,46.7715,45.8428,43.3384,60.9759,59.8633,58.6277,57.6937,57.3474,4.13556,20.272,46.5573,46.8753,46.0864,42.6947,50.9939,59.5593,58.7503,57.9088,57.4055,	
1.94837,52.08,57.2219,57.7779,57.7915,57.8526,57.8303,57.9679,57.986,57.9032,58.4139,4.19074e-16,22.7056,36.683,45.118,50.3028,53.5263,55.3918,56.6098,57.4551,58.0497,58.6281,	0.756005,49.2511,48.1484,46.9225,45.9804,43.3574,61.0773,59.9019,58.5534,57.8008,57.3493,4.13224,20.2924,46.6166,46.8771,46.1239,42.7093,51.0836,59.6127,58.9546,58.0638,57.4261,	
1.93914,52.1937,57.2653,57.8182,57.8243,57.9021,57.9018,57.951,58.0242,57.9856,58.3245,3.8985e-16,22.6467,36.8466,45.3114,50.3373,53.459,55.4018,56.6122,57.3893,57.9488,58.5975,	0.755409,49.2523,48.1806,46.9716,45.9193,43.3861,61.0713,59.978,58.7102,57.8917,57.3651,4.13116,20.3566,46.6957,46.882,46.119,42.7404,51.0672,59.6337,58.9706,58.1013,57.439,	
1.92909,52.253,57.3015,57.8628,57.8366,57.8656,57.9195,57.913,57.96,57.9568,58.3403,3.62855e-16,22.6845,36.9312,45.3761,50.4331,53.4675,55.3881,56.5637,57.4121,58.0536,58.6068,	0.754625,49.257,48.2795,47.0638,45.9217,43.4096,61.1949,59.8933,58.7657,57.7939,57.3477,4.13116,20.4434,46.7325,46.8986,46.2123,42.7743,51.0968,59.6334,59.0432,58.0714,57.4493,	
1.91826,52.3015,57.2913,57.8374,57.8469,57.8665,57.9763,57.9581,57.9587,57.9606,58.1797,3.379e-16,22.631,36.9983,45.4366,50.6188,53.5424,55.4351,56.5976,57.44,57.9515,58.471,	0.752695,49.2735,48.3163,47.0329,45.9596,43.4467,61.1778,60.0022,58.7051,57.9233,57.3412,4.1301,20.4406,46.7498,46.9486,46.1936,42.8094,51.0949,59.5827,58.9933,58.1327,57.4915,	
