accept,reject,	accept,reject,	accept,reject,	accept,reject,	accept,reject,	accept,reject,	accept,reject,	accept,reject,	accept,reject,	accept,reject,	accept,reject,	wait,	wait,	wait,	wait,	wait,	wait,	wait,	wait,	wait,	wait,	wait,	
0.5,0.5,	0.5,0.5,	0.5,0.5,	0.5,0.5,	0.5,0.5,	0.5,0.5,	0.5,0.5,	0.5,0.5,	0.5,0.5,	0.5,0.5,	0.5,0.5,	1,	1,	1,	1,	1,	1,	1,	1,	1,	1,	1,	
0.5,0.5,	0.511055,0.488945,	0.508336,0.491664,	0.504046,0.495954,	0.502653,0.497347,	0.502201,0.497799,	0.501915,0.498085,	0.5017,0.4983,	0.50122,0.49878,	0.500636,0.499364,	0.50003,0.49997,	1,	1,	1,	1,	1,	1,	1,	1,	1,	1,	1,	
0.5,0.5,	0.531935,0.468065,	0.525377,0.474623,	0.5145,0.4855,	0.509689,0.490311,	0.507244,0.492756,	0.506309,0.493691,	0.505477,0.494523,	0.504082,0.495918,	0.502103,0.497897,	0.500104,0.499896,	1,	1,	1,	1,	1,	1,	1,	1,	1,	1,	1,	
0.5,0.5,	0.553953,0.446047,	0.544627,0.455373,	0.528709,0.471291,	0.520208,0.479792,	0.514915,0.485085,	0.512273,0.487727,	0.510563,0.489437,	0.507844,0.492156,	0.504038,0.495962,	0.500111,0.499889,	1,	1,	1,	1,	1,	1,	1,	1,	1,	1,	1,	
0.5,0.5,	0.574823,0.425177,	0.56379,0.43621,	0.54426,0.45574,	0.53284,0.46716,	0.52479,0.47521,	0.519945,0.480055,	0.516852,0.483148,	0.512269,0.487731,	0.506355,0.493645,	0.500019,0.499981,	1,	1,	1,	1,	1,	1,	1,	1,	1,	1,	1,	
0.5,0.5,	0.594439,0.405561,	0.581948,0.418052,	0.559875,0.440125,	0.546558,0.453442,	0.536118,0.463882,	0.529014,0.470986,	0.524073,0.475927,	0.517442,0.482558,	0.50916,0.49084,	0.499903,0.500097,	1,	1,	1,	1,	1,	1,	1,	1,	1,	1,	1,	
0.5,0.5,	0.613201,0.386799,	0.59932,0.40068,	0.575029,0.424971,	0.560154,0.439846,	0.54803,0.45197,	0.539074,0.460926,	0.532171,0.467829,	0.523304,0.476696,	0.51242,0.48758,	0.499837,0.500163,	1,	1,	1,	1,	1,	1,	1,	1,	1,	1,	1,	
0.5,0.5,	0.631321,0.368679,	0.61601,0.38399,	0.589737,0.410263,	0.573364,0.426636,	0.560095,0.439905,	0.549593,0.450407,	0.540903,0.459097,	0.529737,0.470263,	0.516132,0.483868,	0.49979,0.50021,	1,	1,	1,	1,	1,	1,	1,	1,	1,	1,	1,	
0.5,0.5,	0.649082,0.350918,	0.632194,0.367806,	0.603968,0.396032,	0.586274,0.413726,	0.572017,0.427983,	0.560423,0.439577,	0.550088,0.449912,	0.536576,0.463424,	0.520352,0.479648,	0.499791,0.500209,	1,	1,	1,	1,	1,	1,	1,	1,	1,	1,	1,	
0.5,0.5,	0.666641,0.333359,	0.648305,0.351695,	0.617824,0.382176,	0.598896,0.401104,	0.583654,0.416346,	0.571236,0.428764,	0.559396,0.440604,	0.543839,0.456161,	0.525039,0.474961,	0.499754,0.500246,	1,	1,	1,	1,	1,	1,	1,	1,	1,	1,	1,	
0.5,0.5,	0.684152,0.315848,	0.664435,0.335565,	0.631726,0.368274,	0.611272,0.388728,	0.594892,0.405108,	0.581712,0.418288,	0.568691,0.431309,	0.551335,0.448665,	0.530085,0.469915,	0.499714,0.500286,	1,	1,	1,	1,	1,	1,	1,	1,	1,	1,	1,	
0.5,0.5,	0.701641,0.298359,	0.68043,0.31957,	0.645452,0.354548,	0.623402,0.376598,	0.605989,0.394011,	0.591836,0.408164,	0.577737,0.422263,	0.558908,0.441092,	0.535485,0.464515,	0.499671,0.500329,	1,	1,	1,	1,	1,	1,	1,	1,	1,	1,	1,	
0.5,0.5,	0.719006,0.280994,	0.696089,0.303911,	0.659061,0.340939,	0.635258,0.364742,	0.616678,0.383322,	0.601556,0.398444,	0.586577,0.413423,	0.566488,0.433512,	0.540933,0.459067,	0.499656,0.500344,	1,	1,	1,	1,	1,	1,	1,	1,	1,	1,	1,	
0.5,0.5,	0.73637,0.26363,	0.711708,0.288292,	0.672392,0.327608,	0.646876,0.353124,	0.627062,0.372938,	0.610972,0.389028,	0.595168,0.404832,	0.573868,0.426132,	0.546177,0.453823,	0.499638,0.500362,	1,	1,	1,	1,	1,	1,	1,	1,	1,	1,	1,	
0.5,0.5,	0.75365,0.24635,	0.72745,0.27255,	0.685428,0.314572,	0.658137,0.341863,	0.637084,0.362916,	0.620179,0.379821,	0.603505,0.396495,	0.580958,0.419042,	0.55127,0.44873,	0.499651,0.500349,	1,	1,	1,	1,	1,	1,	1,	1,	1,	1,	1,	
0.5,0.5,	0.770677,0.229323,	0.743226,0.256774,	0.698322,0.301678,	0.669153,0.330847,	0.646781,0.353219,	0.629241,0.370759,	0.611743,0.388257,	0.587887,0.412113,	0.556161,0.443839,	0.499683,0.500317,	1,	1,	1,	1,	1,	1,	1,	1,	1,	1,	1,	
0.5,0.5,	0.787489,0.212511,	0.758675,0.241325,	0.710856,0.289144,	0.679879,0.320121,	0.656255,0.343745,	0.637994,0.362006,	0.619637,0.380363,	0.59454,0.40546,	0.560776,0.439224,	0.499701,0.500299,	1,	1,	1,	1,	1,	1,	1,	1,	1,	1,	1,	
0.5,0.5,	0.803962,0.196038,	0.773576,0.226424,	0.723013,0.276987,	0.690169,0.309831,	0.665362,0.334638,	0.646373,0.353627,	0.627164,0.372836,	0.60098,0.39902,	0.565271,0.434729,	0.499705,0.500295,	1,	1,	1,	1,	1,	1,	1,	1,	1,	1,	1,	
0.5,0.5,	0.82,0.18,	0.788095,0.211905,	0.734743,0.265257,	0.700144,0.299856,	0.674336,0.325664,	0.65457,0.34543,	0.634324,0.365676,	0.607051,0.392949,	0.569662,0.430338,	0.499755,0.500245,	1,	1,	1,	1,	1,	1,	1,	1,	1,	1,	1,	
0.5,0.5,	0.835517,0.164483,	0.802217,0.197783,	0.746326,0.253674,	0.709943,0.290057,	0.683147,0.316853,	0.6625,0.3375,	0.641099,0.358901,	0.612881,0.387119,	0.574025,0.425975,	0.499769,0.500231,	1,	1,	1,	1,	1,	1,	1,	1,	1,	1,	1,	
0.5,0.5,	0.850311,0.149689,	0.815888,0.184112,	0.75761,0.24239,	0.719657,0.280343,	0.691692,0.308308,	0.670176,0.329824,	0.64775,0.35225,	0.618631,0.381369,	0.578148,0.421852,	0.499746,0.500254,	1,	1,	1,	1,	1,	1,	1,	1,	1,	1,	1,	
0.5,0.5,	0.864313,0.135687,	0.829071,0.170929,	0.768585,0.231415,	0.729005,0.270995,	0.69977,0.30023,	0.677513,0.322487,	0.654262,0.345738,	0.624325,0.375675,	0.582073,0.417927,	0.499739,0.500261,	1,	1,	1,	1,	1,	1,	1,	1,	1,	1,	1,	
0.5,0.5,	0.87753,0.12247,	0.841788,0.158212,	0.779222,0.220778,	0.737936,0.262064,	0.707784,0.292216,	0.684742,0.315258,	0.660699,0.339301,	0.629703,0.370297,	0.585881,0.414119,	0.499771,0.500229,	1,	1,	1,	1,	1,	1,	1,	1,	1,	1,	1,	
0.5,0.5,	0.889955,0.110045,	0.8538,0.1462,	0.789485,0.210515,	0.74663,0.25337,	0.715626,0.284374,	0.691738,0.308262,	0.666952,0.333048,	0.634787,0.365213,	0.589486,0.410514,	0.499763,0.500237,	1,	1,	1,	1,	1,	1,	1,	1,	1,	1,	1,	
0.5,0.5,	0.901537,0.0984633,	0.865174,0.134826,	0.799323,0.200677,	0.754983,0.245017,	0.723158,0.276842,	0.698475,0.301525,	0.673045,0.326955,	0.63964,0.36036,	0.592843,0.407157,	0.499741,0.500259,	1,	1,	1,	1,	1,	1,	1,	1,	1,	1,	1,	
0.5,0.5,	0.912304,0.0876958,	0.875933,0.124067,	0.808737,0.191263,	0.762843,0.237157,	0.730201,0.269799,	0.705038,0.294962,	0.679,0.321,	0.644522,0.355478,	0.596209,0.403791,	0.499644,0.500356,	1,	1,	1,	1,	1,	1,	1,	1,	1,	1,	1,	
0.5,0.5,	0.922216,0.0777835,	0.886105,0.113895,	0.817647,0.182353,	0.770293,0.229707,	0.73708,0.26292,	0.711447,0.288553,	0.684627,0.315373,	0.649172,0.350828,	0.599211,0.400789,	0.49949,0.50051,	1,	1,	1,	1,	1,	1,	1,	1,	1,	1,	1,	
0.5,0.5,	0.931317,0.0686831,	0.895815,0.104185,	0.826233,0.173767,	0.777594,0.222406,	0.743766,0.256234,	0.717422,0.282578,	0.690037,0.309963,	0.653949,0.346051,	0.602045,0.397955,	0.499386,0.500614,	1,	1,	1,	1,	1,	1,	1,	1,	1,	1,	1,	
0.5,0.5,	0.939584,0.060416,	0.904857,0.0951428,	0.834395,0.165605,	0.784442,0.215558,	0.749871,0.250129,	0.723058,0.276942,	0.695323,0.304677,	0.658631,0.341369,	0.604857,0.395143,	0.499277,0.500723,	1,	1,	1,	1,	1,	1,	1,	1,	1,	1,	1,	
0.5,0.5,	0.947057,0.0529426,	0.913205,0.0867953,	0.84192,0.15808,	0.790815,0.209185,	0.755497,0.244503,	0.728432,0.271568,	0.700332,0.299668,	0.663215,0.336785,	0.60785,0.39215,	0.499157,0.500843,	1,	1,	1,	1,	1,	1,	1,	1,	1,	1,	1,	
0.5,0.5,	0.953745,0.0462552,	0.920979,0.0790209,	0.848971,0.151029,	0.796982,0.203018,	0.760964,0.239036,	0.733605,0.266395,	0.705251,0.294749,	0.667543,0.332457,	0.610734,0.389266,	0.499117,0.500883,	1,	1,	1,	1,	1,	1,	1,	1,	1,	1,	1,	
0.5,0.5,	0.959708,0.0402915,	0.928201,0.0717986,	0.85578,0.14422,	0.80298,0.19702,	0.766465,0.233535,	0.73879,0.26121,	0.710022,0.289978,	0.671541,0.328459,	0.613437,0.386563,	0.499094,0.500906,	1,	1,	1,	1,	1,	1,	1,	1,	1,	1,	1,	
0.5,0.5,	0.965007,0.0349926,	0.934764,0.0652357,	0.862286,0.137714,	0.80876,0.19124,	0.771762,0.228238,	0.743764,0.256236,	0.714695,0.285305,	0.675494,0.324506,	0.616092,0.383908,	0.499026,0.500974,	1,	1,	1,	1,	1,	1,	1,	1,	1,	1,	1,	
0.5,0.5,	0.969688,0.0303116,	0.940737,0.0592632,	0.868396,0.131604,	0.814217,0.185783,	0.77698,0.22302,	0.748638,0.251362,	0.719215,0.280785,	0.679315,0.320685,	0.618534,0.381466,	0.49901,0.50099,	1,	1,	1,	1,	1,	1,	1,	1,	1,	1,	1,	
0.5,0.5,	0.973796,0.0262044,	0.946197,0.0538026,	0.87418,0.12582,	0.819465,0.180535,	0.782096,0.217904,	0.753497,0.246503,	0.723656,0.276344,	0.682852,0.317148,	0.621037,0.378963,	0.499061,0.500939,	1,	1,	1,	1,	1,	1,	1,	1,	1,	1,	1,	
0.5,0.5,	0.977397,0.0226026,	0.951182,0.0488179,	0.879705,0.120295,	0.824623,0.175377,	0.78699,0.21301,	0.75809,0.24191,	0.728093,0.271907,	0.686217,0.313783,	0.623639,0.376361,	0.499133,0.500867,	1,	1,	1,	1,	1,	1,	1,	1,	1,	1,	1,	
0.5,0.5,	0.980538,0.0194617,	0.955749,0.0442514,	0.885016,0.114984,	0.829538,0.170462,	0.791499,0.208501,	0.76243,0.23757,	0.73237,0.26763,	0.689748,0.310252,	0.626352,0.373648,	0.499118,0.500882,	1,	1,	1,	1,	1,	1,	1,	1,	1,	1,	1,	
0.5,0.5,	0.983269,0.0167307,	0.959942,0.0400577,	0.890123,0.109877,	0.834282,0.165718,	0.795867,0.204133,	0.766506,0.233494,	0.736413,0.263587,	0.69349,0.30651,	0.629389,0.370611,	0.499057,0.500943,	1,	1,	1,	1,	1,	1,	1,	1,	1,	1,	1,	
0.5,0.5,	0.985637,0.0143633,	0.963782,0.0362177,	0.895029,0.104971,	0.838742,0.161258,	0.799879,0.200121,	0.770487,0.229513,	0.740386,0.259614,	0.697198,0.302802,	0.632595,0.367405,	0.498952,0.501048,	1,	1,	1,	1,	1,	1,	1,	1,	1,	1,	1,	
0.5,0.5,	0.987684,0.0123162,	0.967316,0.0326837,	0.899599,0.100401,	0.842994,0.157006,	0.80378,0.19622,	0.774444,0.225556,	0.744359,0.255641,	0.700877,0.299123,	0.635564,0.364436,	0.498947,0.501053,	1,	1,	1,	1,	1,	1,	1,	1,	1,	1,	1,	
0.5,0.5,	0.989451,0.0105486,	0.970547,0.0294529,	0.903877,0.0961233,	0.846982,0.153018,	0.807559,0.192441,	0.778253,0.221747,	0.748057,0.251943,	0.704477,0.295523,	0.638343,0.361657,	0.498944,0.501056,	1,	1,	1,	1,	1,	1,	1,	1,	1,	1,	1,	
0.5,0.5,	0.990974,0.00902602,	0.973477,0.0265234,	0.907924,0.0920755,	0.850766,0.149234,	0.811247,0.188753,	0.782061,0.217939,	0.751807,0.248193,	0.707874,0.292126,	0.640709,0.359291,	0.499064,0.500936,	1,	1,	1,	1,	1,	1,	1,	1,	1,	1,	1,	
0.5,0.5,	0.992283,0.00771664,	0.976131,0.0238695,	0.911807,0.0881931,	0.854434,0.145566,	0.814851,0.185149,	0.785828,0.214172,	0.755486,0.244514,	0.711211,0.288789,	0.643009,0.356991,	0.499264,0.500736,	1,	1,	1,	1,	1,	1,	1,	1,	1,	1,	1,	
0.5,0.5,	0.993407,0.00659266,	0.978532,0.0214676,	0.915471,0.0845287,	0.85787,0.14213,	0.818298,0.181702,	0.78943,0.21057,	0.758946,0.241054,	0.714396,0.285604,	0.64547,0.35453,	0.499447,0.500553,	1,	1,	1,	1,	1,	1,	1,	1,	1,	1,	1,	
0.5,0.5,	0.994371,0.00562911,	0.980695,0.0193052,	0.918959,0.081041,	0.861168,0.138832,	0.82157,0.17843,	0.792873,0.207127,	0.762383,0.237617,	0.717725,0.282275,	0.648027,0.351973,	0.499534,0.500466,	1,	1,	1,	1,	1,	1,	1,	1,	1,	1,	1,	
0.5,0.5,	0.995195,0.00480488,	0.982646,0.0173539,	0.922215,0.0777848,	0.864362,0.135638,	0.824835,0.175165,	0.796366,0.203634,	0.765785,0.234215,	0.721136,0.278864,	0.650571,0.349429,	0.49947,0.50053,	1,	1,	1,	1,	1,	1,	1,	1,	1,	1,	1,	
0.5,0.5,	0.995901,0.00409924,	0.984413,0.0155874,	0.92533,0.0746703,	0.867498,0.132502,	0.82816,0.17184,	0.799735,0.200265,	0.769163,0.230837,	0.724581,0.275419,	0.653147,0.346853,	0.499476,0.500524,	1,	1,	1,	1,	1,	1,	1,	1,	1,	1,	1,	
0.5,0.5,	0.996504,0.00349573,	0.985999,0.0140013,	0.928316,0.0716838,	0.870519,0.129481,	0.831314,0.168686,	0.803093,0.196907,	0.772697,0.227303,	0.728051,0.271949,	0.655608,0.344392,	0.499464,0.500536,	1,	1,	1,	1,	1,	1,	1,	1,	1,	1,	1,	
0.5,0.5,	0.99702,0.00297982,	0.987423,0.0125765,	0.931156,0.0688435,	0.873471,0.126529,	0.834459,0.165541,	0.806415,0.193585,	0.776108,0.223892,	0.731257,0.268743,	0.657947,0.342053,	0.499365,0.500635,	1,	1,	1,	1,	1,	1,	1,	1,	1,	1,	1,	
0.5,0.5,	0.997461,0.00253936,	0.988703,0.0112971,	0.933865,0.0661349,	0.87639,0.12361,	0.837568,0.162432,	0.809621,0.190379,	0.779427,0.220573,	0.734485,0.265515,	0.660305,0.339695,	0.499267,0.500733,	1,	1,	1,	1,	1,	1,	1,	1,	1,	1,	1,	
0.5,0.5,	0.997837,0.00216346,	0.989849,0.0101511,	0.93644,0.0635596,	0.879191,0.120809,	0.840598,0.159402,	0.812968,0.187032,	0.782792,0.217208,	0.737709,0.262291,	0.66253,0.33747,	0.499188,0.500812,	1,	1,	1,	1,	1,	1,	1,	1,	1,	1,	1,	
0.5,0.5,	0.998157,0.0018427,	0.990876,0.00912437,	0.938921,0.0610794,	0.881894,0.118106,	0.843536,0.156464,	0.816267,0.183733,	0.78595,0.21405,	0.740787,0.259213,	0.664678,0.335322,	0.499235,0.500765,	1,	1,	1,	1,	1,	1,	1,	1,	1,	1,	1,	
0.5,0.5,	0.998431,0.0015692,	0.9918,0.00820026,	0.941285,0.0587154,	0.884564,0.115436,	0.846478,0.153522,	0.819397,0.180603,	0.789139,0.210861,	0.743853,0.256147,	0.666743,0.333257,	0.499369,0.500631,	1,	1,	1,	1,	1,	1,	1,	1,	1,	1,	1,	
0.5,0.5,	0.998664,0.00133588,	0.992629,0.00737106,	0.943541,0.0564593,	0.887158,0.112842,	0.849368,0.150632,	0.822431,0.177569,	0.79239,0.20761,	0.746825,0.253175,	0.668732,0.331268,	0.499529,0.500471,	1,	1,	1,	1,	1,	1,	1,	1,	1,	1,	1,	
0.5,0.5,	0.998863,0.00113701,	0.993377,0.00662327,	0.94573,0.0542696,	0.889652,0.110348,	0.852029,0.147971,	0.825519,0.174481,	0.795634,0.204366,	0.749544,0.250456,	0.670578,0.329422,	0.4996,0.5004,	1,	1,	1,	1,	1,	1,	1,	1,	1,	1,	1,	
0.5,0.5,	0.999032,0.000967643,	0.994049,0.00595063,	0.947848,0.0521518,	0.89209,0.10791,	0.854579,0.145421,	0.828553,0.171447,	0.798778,0.201222,	0.752218,0.247782,	0.672539,0.327461,	0.499627,0.500373,	1,	1,	1,	1,	1,	1,	1,	1,	1,	1,	1,	
0.5,0.5,	0.999177,0.000823463,	0.994654,0.00534551,	0.949906,0.0500936,	0.894465,0.105535,	0.857004,0.142996,	0.831318,0.168682,	0.801749,0.198251,	0.754782,0.245218,	0.674609,0.325391,	0.499677,0.500323,	1,	1,	1,	1,	1,	1,	1,	1,	1,	1,	1,	
0.5,0.5,	0.999299,0.000700601,	0.9952,0.00480006,	0.951896,0.048104,	0.896742,0.103258,	0.85925,0.14075,	0.833889,0.166111,	0.80457,0.19543,	0.757451,0.242549,	0.676526,0.323474,	0.49971,0.50029,	1,	1,	1,	1,	1,	1,	1,	1,	1,	1,	1,	
0.5,0.5,	0.999404,0.000595954,	0.99569,0.00430962,	0.953808,0.0461915,	0.898863,0.101137,	0.861347,0.138653,	0.836447,0.163553,	0.807588,0.192412,	0.760125,0.239875,	0.678468,0.321532,	0.499708,0.500292,	1,	1,	1,	1,	1,	1,	1,	1,	1,	1,	1,	
0.5,0.5,	0.999493,0.000506863,	0.996131,0.00386907,	0.955651,0.0443494,	0.900921,0.099079,	0.863464,0.136536,	0.839064,0.160936,	0.810545,0.189455,	0.762635,0.237365,	0.680241,0.319759,	0.499765,0.500235,	1,	1,	1,	1,	1,	1,	1,	1,	1,	1,	1,	
0.5,0.5,	0.999569,0.000431076,	0.996528,0.0034718,	0.957422,0.0425781,	0.902975,0.0970251,	0.865733,0.134267,	0.841759,0.158241,	0.813256,0.186744,	0.765192,0.234808,	0.681965,0.318035,	0.499825,0.500175,	1,	1,	1,	1,	1,	1,	1,	1,	1,	1,	1,	
0.5,0.5,	0.999633,0.000366597,	0.996885,0.00311498,	0.959105,0.0408955,	0.904978,0.0950218,	0.867914,0.132086,	0.844337,0.155663,	0.815906,0.184094,	0.767873,0.232127,	0.68411,0.31589,	0.499851,0.500149,	1,	1,	1,	1,	1,	1,	1,	1,	1,	1,	1,	
0.5,0.5,	0.999688,0.000311718,	0.997206,0.00279409,	0.960709,0.039291,	0.906885,0.0931155,	0.869993,0.130007,	0.84684,0.15316,	0.818634,0.181366,	0.770746,0.229254,	0.686355,0.313645,	0.499807,0.500193,	1,	1,	1,	1,	1,	1,	1,	1,	1,	1,	1,	
0.5,0.5,	0.999735,0.000265039,	0.997494,0.00250589,	0.96224,0.0377603,	0.908739,0.0912609,	0.872022,0.127978,	0.849355,0.150645,	0.821288,0.178712,	0.773479,0.226521,	0.688537,0.311463,	0.499754,0.500246,	1,	1,	1,	1,	1,	1,	1,	1,	1,	1,	1,	
0.5,0.5,	0.999775,0.000225319,	0.997753,0.0022472,	0.963724,0.0362763,	0.910554,0.0894458,	0.873985,0.126015,	0.85174,0.14826,	0.823768,0.176232,	0.775903,0.224097,	0.69051,0.30949,	0.499648,0.500352,	1,	1,	1,	1,	1,	1,	1,	1,	1,	1,	1,	
0.5,0.5,	0.999808,0.00019155,	0.997985,0.00201492,	0.965152,0.0348481,	0.912299,0.0877014,	0.875936,0.124064,	0.854043,0.145957,	0.826121,0.173879,	0.778447,0.221553,	0.692595,0.307405,	0.499518,0.500482,	1,	1,	1,	1,	1,	1,	1,	1,	1,	1,	1,	
0.5,0.5,	0.999837,0.00016284,	0.998193,0.00180687,	0.966512,0.0334879,	0.913999,0.0860011,	0.877913,0.122087,	0.8563,0.1437,	0.828408,0.171592,	0.781009,0.218991,	0.694664,0.305336,	0.499532,0.500468,	1,	1,	1,	1,	1,	1,	1,	1,	1,	1,	1,	
0.5,0.5,	0.999862,0.000138414,	0.99838,0.00162039,	0.967808,0.0321923,	0.915646,0.0843544,	0.879747,0.120253,	0.858345,0.141655,	0.830723,0.169277,	0.783677,0.216323,	0.696784,0.303216,	0.499613,0.500387,	1,	1,	1,	1,	1,	1,	1,	1,	1,	1,	1,	
0.5,0.5,	0.999882,0.000117646,	0.998547,0.0014532,	0.969052,0.0309478,	0.917153,0.0828474,	0.881498,0.118502,	0.860483,0.139517,	0.833236,0.166764,	0.786391,0.213609,	0.698809,0.301191,	0.499651,0.500349,	1,	1,	1,	1,	1,	1,	1,	1,	1,	1,	1,	
0.5,0.5,	0.9999,9.99942e-05,	0.998697,0.00130316,	0.970243,0.0297566,	0.918561,0.0814392,	0.883261,0.116739,	0.862721,0.137279,	0.835709,0.164291,	0.789017,0.210983,	0.70091,0.29909,	0.499609,0.500391,	1,	1,	1,	1,	1,	1,	1,	1,	1,	1,	1,	
0.5,0.5,	0.999915,8.49841e-05,	0.998831,0.00116858,	0.971386,0.0286135,	0.919962,0.0800379,	0.88511,0.11489,	0.864975,0.135025,	0.838068,0.161932,	0.791384,0.208616,	0.70282,0.29718,	0.499541,0.500459,	1,	1,	1,	1,	1,	1,	1,	1,	1,	1,	1,	
0.5,0.5,	0.999928,7.22194e-05,	0.998952,0.00104803,	0.972487,0.0275126,	0.921406,0.0785942,	0.886943,0.113057,	0.867132,0.132868,	0.840257,0.159743,	0.793486,0.206514,	0.704529,0.295471,	0.499401,0.500599,	1,	1,	1,	1,	1,	1,	1,	1,	1,	1,	1,	
0.5,0.5,	0.999939,6.13717e-05,	0.99906,0.000939713,	0.973544,0.0264561,	0.922862,0.0771383,	0.888728,0.111272,	0.869299,0.130701,	0.842461,0.157539,	0.795597,0.204403,	0.706248,0.293752,	0.499325,0.500675,	1,	1,	1,	1,	1,	1,	1,	1,	1,	1,	1,	
0.5,0.5,	0.999948,5.21533e-05,	0.999157,0.00084259,	0.97456,0.0254403,	0.92432,0.0756799,	0.890525,0.109475,	0.871382,0.128618,	0.844772,0.155228,	0.797877,0.202123,	0.70798,0.29202,	0.499281,0.500719,	1,	1,	1,	1,	1,	1,	1,	1,	1,	1,	1,	
0.5,0.5,	0.999956,4.43194e-05,	0.999245,0.000755441,	0.97554,0.0244595,	0.925776,0.0742243,	0.892333,0.107667,	0.87342,0.12658,	0.84709,0.15291,	0.800001,0.199999,	0.709604,0.290396,	0.499302,0.500698,	1,	1,	1,	1,	1,	1,	1,	1,	1,	1,	1,	
0.5,0.5,	0.999962,3.76622e-05,	0.999323,0.000677165,	0.976488,0.0235118,	0.927202,0.0727984,	0.894082,0.105918,	0.875366,0.124634,	0.849338,0.150662,	0.802178,0.197822,	0.71135,0.28865,	0.499377,0.500623,	1,	1,	1,	1,	1,	1,	1,	1,	1,	1,	1,	
0.5,0.5,	0.999968,3.20049e-05,	0.999393,0.000607016,	0.9774,0.0226004,	0.928548,0.0714519,	0.895742,0.104258,	0.877252,0.122748,	0.851486,0.148514,	0.804271,0.195729,	0.712867,0.287133,	0.499386,0.500614,	1,	1,	1,	1,	1,	1,	1,	1,	1,	1,	1,	
0.5,0.5,	0.999973,2.71974e-05,	0.999456,0.000544068,	0.978277,0.0217233,	0.929872,0.070128,	0.897368,0.102632,	0.879178,0.120822,	0.853742,0.146258,	0.806313,0.193687,	0.714487,0.285513,	0.499322,0.500678,	1,	1,	1,	1,	1,	1,	1,	1,	1,	1,	1,	
0.5,0.5,	0.999977,2.3112e-05,	0.999512,0.000487559,	0.979126,0.0208743,	0.931161,0.0688387,	0.898919,0.101081,	0.881052,0.118948,	0.855953,0.144047,	0.808362,0.191638,	0.716253,0.283747,	0.49924,0.50076,	1,	1,	1,	1,	1,	1,	1,	1,	1,	1,	1,	
0.5,0.5,	0.99998,1.96402e-05,	0.999563,0.000436905,	0.979944,0.0200556,	0.932439,0.0675611,	0.900457,0.0995428,	0.882942,0.117058,	0.858112,0.141888,	0.81043,0.18957,	0.718023,0.281977,	0.4993,0.5007,	1,	1,	1,	1,	1,	1,	1,	1,	1,	1,	1,	
0.5,0.5,	0.999983,1.66899e-05,	0.999608,0.00039151,	0.980728,0.0192715,	0.933671,0.0663287,	0.901964,0.0980358,	0.884721,0.115279,	0.86015,0.13985,	0.812418,0.187582,	0.719871,0.280129,	0.499349,0.500651,	1,	1,	1,	1,	1,	1,	1,	1,	1,	1,	1,	
0.5,0.5,	0.999986,1.41828e-05,	0.999649,0.000350853,	0.981482,0.0185182,	0.93484,0.0651597,	0.903484,0.0965161,	0.88648,0.11352,	0.862159,0.137841,	0.814274,0.185726,	0.721571,0.278429,	0.499264,0.500736,	1,	1,	1,	1,	1,	1,	1,	1,	1,	1,	1,	
0.5,0.5,	0.999988,1.20523e-05,	0.999686,0.000314414,	0.982202,0.0177977,	0.935971,0.0640294,	0.904993,0.0950071,	0.888297,0.111703,	0.864254,0.135746,	0.816271,0.183729,	0.723258,0.276742,	0.499154,0.500846,	1,	1,	1,	1,	1,	1,	1,	1,	1,	1,	1,	
0.5,0.5,	0.99999,1.02419e-05,	0.999718,0.000281735,	0.982887,0.0171133,	0.937087,0.0629128,	0.906447,0.0935533,	0.890039,0.109961,	0.866296,0.133704,	0.818349,0.181651,	0.724929,0.275071,	0.499048,0.500952,	1,	1,	1,	1,	1,	1,	1,	1,	1,	1,	1,	
0.5,0.5,	0.999991,8.70338e-06,	0.999748,0.000252425,	0.983546,0.0164544,	0.938194,0.0618063,	0.907826,0.0921737,	0.891617,0.108383,	0.868249,0.131751,	0.820476,0.179524,	0.726666,0.273334,	0.49893,0.50107,	1,	1,	1,	1,	1,	1,	1,	1,	1,	1,	1,	
0.5,0.5,	0.999993,7.39598e-06,	0.999774,0.000226157,	0.98418,0.0158197,	0.939305,0.0606946,	0.909152,0.0908478,	0.893208,0.106792,	0.870281,0.129719,	0.822571,0.177429,	0.728486,0.271514,	0.49886,0.50114,	1,	1,	1,	1,	1,	1,	1,	1,	1,	1,	1,	
0.5,0.5,	0.999994,6.28497e-06,	0.999797,0.000202618,	0.98479,0.0152104,	0.940389,0.0596109,	0.910477,0.0895233,	0.894812,0.105188,	0.872309,0.127691,	0.824652,0.175348,	0.730252,0.269748,	0.498711,0.501289,	1,	1,	1,	1,	1,	1,	1,	1,	1,	1,	1,	
0.5,0.5,	0.999995,5.34085e-06,	0.999818,0.000181513,	0.985378,0.0146223,	0.941445,0.0585554,	0.911782,0.0882177,	0.896508,0.103492,	0.874317,0.125683,	0.826698,0.173302,	0.732023,0.267977,	0.4987,0.5013,	1,	1,	1,	1,	1,	1,	1,	1,	1,	1,	1,	
0.5,0.5,	0.999995,4.53856e-06,	0.999837,0.000162604,	0.985944,0.0140557,	0.942475,0.0575252,	0.913042,0.0869579,	0.898199,0.101801,	0.876316,0.123684,	0.828871,0.171129,	0.734047,0.265953,	0.498685,0.501315,	1,	1,	1,	1,	1,	1,	1,	1,	1,	1,	1,	
0.5,0.5,	0.999996,3.85678e-06,	0.999854,0.000145665,	0.986488,0.0135117,	0.943466,0.0565337,	0.914248,0.0857524,	0.899868,0.100132,	0.878351,0.121649,	0.831245,0.168755,	0.736006,0.263994,	0.498629,0.501371,	1,	1,	1,	1,	1,	1,	1,	1,	1,	1,	1,	
0.5,0.5,	0.999997,3.27742e-06,	0.99987,0.000130489,	0.987009,0.0129915,	0.944446,0.0555535,	0.915455,0.0845449,	0.901553,0.0984474,	0.880357,0.119643,	0.833587,0.166413,	0.737946,0.262054,	0.498617,0.501383,	1,	1,	1,	1,	1,	1,	1,	1,	1,	1,	1,	
0.5,0.5,	0.999997,2.78509e-06,	0.999883,0.000116893,	0.987505,0.0124946,	0.94542,0.0545796,	0.916736,0.0832635,	0.903282,0.0967181,	0.882272,0.117728,	0.835604,0.164396,	0.739684,0.260316,	0.4985,0.5015,	1,	1,	1,	1,	1,	1,	1,	1,	1,	1,	1,	
0.5,0.5,	0.999998,2.36672e-06,	0.999895,0.000104714,	0.987981,0.0120188,	0.946385,0.0536148,	0.918052,0.0819482,	0.904931,0.0950687,	0.884113,0.115887,	0.837613,0.162387,	0.741491,0.258509,	0.498449,0.501551,	1,	1,	1,	1,	1,	1,	1,	1,	1,	1,	1,	
0.5,0.5,	0.999998,2.01119e-06,	0.999906,9.38028e-05,	0.988439,0.0115608,	0.947339,0.052661,	0.919385,0.0806148,	0.90653,0.09347,	0.88588,0.11412,	0.839537,0.160463,	0.743265,0.256735,	0.498507,0.501493,	1,	1,	1,	1,	1,	1,	1,	1,	1,	1,	1,	
0.5,0.5,	0.999998,1.70907e-06,	0.999916,8.40268e-05,	0.98888,0.0111202,	0.948288,0.051712,	0.920709,0.0792911,	0.908086,0.0919135,	0.887561,0.112439,	0.841251,0.158749,	0.745009,0.254991,	0.498553,0.501447,	1,	1,	1,	1,	1,	1,	1,	1,	1,	1,	1,	
0.5,0.5,	0.999999,1.45234e-06,	0.999925,7.52639e-05,	0.989302,0.0106977,	0.949218,0.0507822,	0.922034,0.0779663,	0.909534,0.0904655,	0.88927,0.11073,	0.842962,0.157038,	0.746528,0.253472,	0.498609,0.501391,	1,	1,	1,	1,	1,	1,	1,	1,	1,	1,	1,	
0.5,0.5,	0.999999,1.23417e-06,	0.999933,6.74147e-05,	0.989708,0.0102919,	0.950123,0.0498769,	0.923356,0.0766442,	0.910961,0.0890387,	0.891017,0.108983,	0.844654,0.155346,	0.74801,0.25199,	0.498584,0.501416,	1,	1,	1,	1,	1,	1,	1,	1,	1,	1,	1,	
0.5,0.5,	0.999999,1.04877e-06,	0.99994,6.03838e-05,	0.990099,0.00990112,	0.951013,0.0489873,	0.924624,0.0753764,	0.912392,0.0876082,	0.892723,0.107277,	0.846493,0.153507,	0.749727,0.250273,	0.498595,0.501405,	1,	1,	1,	1,	1,	1,	1,	1,	1,	1,	1,	
0.5,0.5,	0.999999,8.91228e-07,	0.999946,5.4086e-05,	0.990475,0.00952518,	0.951892,0.0481079,	0.925822,0.0741777,	0.913824,0.0861765,	0.894491,0.105509,	0.848297,0.151703,	0.751375,0.248625,	0.49858,0.50142,	1,	1,	1,	1,	1,	1,	1,	1,	1,	1,	1,	
0.5,0.5,	0.999999,7.57349e-07,	0.999952,4.8445e-05,	0.990838,0.00916245,	0.952761,0.0472393,	0.927054,0.0729455,	0.915291,0.0847093,	0.896279,0.103721,	0.850148,0.149852,	0.752779,0.247221,	0.49852,0.50148,	1,	1,	1,	1,	1,	1,	1,	1,	1,	1,	1,	
0.5,0.5,	0.999999,6.4358e-07,	0.999957,4.33922e-05,	0.991188,0.00881198,	0.953636,0.046364,	0.928248,0.0717523,	0.91674,0.0832602,	0.898055,0.101945,	0.852137,0.147863,	0.754274,0.245726,	0.498412,0.501588,	1,	1,	1,	1,	1,	1,	1,	1,	1,	1,	1,	
0.5,0.5,	0.999999,5.46902e-07,	0.999961,3.88663e-05,	0.991525,0.00847519,	0.9545,0.0455004,	0.929462,0.0705383,	0.918205,0.0817952,	0.899788,0.100212,	0.854027,0.145973,	0.755945,0.244055,	0.498275,0.501725,	1,	1,	1,	1,	1,	1,	1,	1,	1,	1,	1,	
0.5,0.5,	1,4.64747e-07,	0.999965,3.48124e-05,	0.991849,0.00815119,	0.95533,0.0446701,	0.930649,0.0693512,	0.919578,0.0804221,	0.901367,0.0986331,	0.855789,0.144211,	0.757754,0.242246,	0.498181,0.501819,	1,	1,	1,	1,	1,	1,	1,	1,	1,	1,	1,	
0.5,0.5,	1,3.94933e-07,	0.999969,3.11813e-05,	0.992161,0.00783932,	0.956147,0.043853,	0.931775,0.0682249,	0.920911,0.0790895,	0.902894,0.0971062,	0.857433,0.142567,	0.759287,0.240713,	0.498111,0.501889,	1,	1,	1,	1,	1,	1,	1,	1,	1,	1,	1,	
0.5,0.5,	1,3.35607e-07,	0.999972,2.79289e-05,	0.992462,0.00753833,	0.956954,0.0430458,	0.932867,0.0671328,	0.922191,0.0778093,	0.904392,0.0956081,	0.859267,0.140733,	0.760881,0.239119,	0.498083,0.501917,	1,	1,	1,	1,	1,	1,	1,	1,	1,	1,	1,	
0.5,0.5,	1,2.85192e-07,	0.999975,2.50157e-05,	0.992751,0.00724938,	0.957734,0.0422663,	0.933943,0.0660567,	0.923436,0.076564,	0.905859,0.0941411,	0.861009,0.138991,	0.762367,0.237633,	0.498036,0.501964,	1,	1,	1,	1,	1,	1,	1,	1,	1,	1,	1,	
0.5,0.5,	1,2.42351e-07,	0.999978,2.24058e-05,	0.993028,0.00697217,	0.958491,0.041509,	0.93498,0.0650199,	0.924656,0.0753435,	0.90731,0.0926897,	0.862685,0.137315,	0.763926,0.236074,	0.498135,0.501865,	1,	1,	1,	1,	1,	1,	1,	1,	1,	1,	1,	
0.5,0.5,	1,2.05945e-07,	0.99998,2.00668e-05,	0.993293,0.00670654,	0.959222,0.0407781,	0.936029,0.0639707,	0.925869,0.074131,	0.908702,0.0912985,	0.864373,0.135627,	0.765681,0.234319,	0.498202,0.501798,	1,	1,	1,	1,	1,	1,	1,	1,	1,	1,	1,	
0.5,0.5,	1,1.75008e-07,	0.999982,1.7972e-05,	0.993548,0.00645193,	0.959946,0.0400542,	0.937073,0.0629274,	0.927062,0.0729379,	0.910133,0.0898671,	0.866043,0.133957,	0.767262,0.232738,	0.49805,0.50195,	1,	1,	1,	1,	1,	1,	1,	1,	1,	1,	1,	
0.5,0.5,	1,1.48718e-07,	0.999984,1.60958e-05,	0.993793,0.00620713,	0.960653,0.0393474,	0.938078,0.0619219,	0.928283,0.0717173,	0.91156,0.0884405,	0.867652,0.132348,	0.76885,0.23115,	0.497972,0.502028,	1,	1,	1,	1,	1,	1,	1,	1,	1,	1,	1,	
0.5,0.5,	1,1.26378e-07,	0.999986,1.44155e-05,	0.994028,0.00597218,	0.961352,0.0386482,	0.939093,0.0609069,	0.929452,0.0705476,	0.91294,0.0870603,	0.86938,0.13062,	0.770553,0.229447,	0.49806,0.50194,	1,	1,	1,	1,	1,	1,	1,	1,	1,	1,	1,	
0.5,0.5,	1,1.07394e-07,	0.999987,1.29106e-05,	0.994254,0.00574603,	0.962038,0.0379618,	0.940092,0.0599081,	0.930594,0.0694061,	0.91435,0.08565,	0.871165,0.128835,	0.772231,0.227769,	0.498141,0.501859,	1,	1,	1,	1,	1,	1,	1,	1,	1,	1,	1,	
0.5,0.5,	1,9.1261e-08,	0.999988,1.15628e-05,	0.994471,0.00552862,	0.962718,0.0372824,	0.941061,0.0589386,	0.931689,0.0683113,	0.915783,0.0842172,	0.872786,0.127214,	0.773839,0.226161,	0.49811,0.50189,	1,	1,	1,	1,	1,	1,	1,	1,	1,	1,	1,	
0.5,0.5,	1,7.75518e-08,	0.99999,1.03557e-05,	0.99468,0.00531951,	0.963369,0.036631,	0.941992,0.0580079,	0.932774,0.0672262,	0.91721,0.0827898,	0.874394,0.125606,	0.775385,0.224615,	0.498106,0.501894,	1,	1,	1,	1,	1,	1,	1,	1,	1,	1,	1,	
0.5,0.5,	1,6.59021e-08,	0.999991,9.27462e-06,	0.994882,0.00511807,	0.964001,0.0359993,	0.942875,0.0571251,	0.933855,0.066145,	0.918626,0.0813742,	0.87595,0.12405,	0.776935,0.223065,	0.498248,0.501752,	1,	1,	1,	1,	1,	1,	1,	1,	1,	1,	1,	
0.5,0.5,	1,5.60023e-08,	0.999992,8.30638e-06,	0.995076,0.00492392,	0.96462,0.0353803,	0.943748,0.0562522,	0.934896,0.0651045,	0.920019,0.0799807,	0.877417,0.122583,	0.778482,0.221518,	0.498363,0.501637,	1,	1,	1,	1,	1,	1,	1,	1,	1,	1,	1,	
0.5,0.5,	1,4.75897e-08,	0.999993,7.43922e-06,	0.995263,0.00473684,	0.965216,0.034784,	0.944594,0.0554065,	0.935913,0.0640869,	0.921361,0.0786389,	0.87892,0.12108,	0.780024,0.219976,	0.498497,0.501503,	1,	1,	1,	1,	1,	1,	1,	1,	1,	1,	1,	
0.5,0.5,	1,4.04408e-08,	0.999993,6.66259e-06,	0.995442,0.00455753,	0.965791,0.0342089,	0.945408,0.054592,	0.936951,0.0630494,	0.922619,0.0773814,	0.88044,0.11956,	0.781756,0.218244,	0.498607,0.501393,	1,	1,	1,	1,	1,	1,	1,	1,	1,	1,	1,	
0.5,0.5,	1,3.43658e-08,	0.999994,5.96704e-06,	0.995615,0.00438518,	0.966348,0.0336522,	0.94621,0.0537895,	0.93801,0.0619905,	0.92389,0.0761098,	0.881996,0.118004,	0.783386,0.216614,	0.49859,0.50141,	1,	1,	1,	1,	1,	1,	1,	1,	1,	1,	1,	
0.5,0.5,	1,2.92034e-08,	0.999995,5.34409e-06,	0.99578,0.00422021,	0.966896,0.0331043,	0.947007,0.0529931,	0.939082,0.0609181,	0.925159,0.0748408,	0.883508,0.116492,	0.78487,0.21513,	0.498562,0.501438,	1,	1,	1,	1,	1,	1,	1,	1,	1,	1,	1,	
0.5,0.5,	1,2.48165e-08,	0.999995,4.78618e-06,	0.995938,0.00406152,	0.967441,0.0325591,	0.947785,0.0522147,	0.940122,0.0598782,	0.926414,0.0735859,	0.88513,0.11487,	0.786563,0.213437,	0.498486,0.501514,	1,	1,	1,	1,	1,	1,	1,	1,	1,	1,	1,	
0.5,0.5,	1,2.10886e-08,	0.999996,4.28652e-06,	0.996091,0.0039091,	0.967976,0.0320244,	0.948556,0.0514437,	0.94113,0.0588698,	0.927675,0.0723249,	0.886708,0.113292,	0.788221,0.211779,	0.498456,0.501544,	1,	1,	1,	1,	1,	1,	1,	1,	1,	1,	1,	
0.5,0.5,	1,1.79206e-08,	0.999996,3.83901e-06,	0.996238,0.00376235,	0.968498,0.0315017,	0.949324,0.0506757,	0.942086,0.0579142,	0.928895,0.0711051,	0.888255,0.111745,	0.789929,0.210071,	0.498483,0.501517,	1,	1,	1,	1,	1,	1,	1,	1,	1,	1,	1,	
0.5,0.5,	1,1.52286e-08,	0.999997,3.43823e-06,	0.996379,0.00362105,	0.969009,0.0309914,	0.950077,0.0499229,	0.943061,0.0569392,	0.930088,0.0699121,	0.889857,0.110143,	0.791427,0.208573,	0.49847,0.50153,	1,	1,	1,	1,	1,	1,	1,	1,	1,	1,	1,	
0.5,0.5,	1,1.2941e-08,	0.999997,3.07928e-06,	0.996515,0.00348531,	0.969496,0.0305044,	0.950801,0.0491991,	0.944057,0.055943,	0.931269,0.0687306,	0.891347,0.108653,	0.792823,0.207177,	0.498472,0.501528,	1,	1,	1,	1,	1,	1,	1,	1,	1,	1,	1,	
0.5,0.5,	1,1.0997e-08,	0.999997,2.75781e-06,	0.996645,0.00335455,	0.969976,0.0300243,	0.951462,0.0485377,	0.945009,0.0549913,	0.932451,0.0675494,	0.892842,0.107158,	0.794215,0.205785,	0.498454,0.501546,	1,	1,	1,	1,	1,	1,	1,	1,	1,	1,	1,	
0.5,0.5,	1,9.34504e-09,	0.999998,2.4699e-06,	0.996771,0.0032287,	0.970443,0.0295568,	0.952108,0.0478921,	0.94597,0.0540296,	0.933621,0.066379,	0.894233,0.105767,	0.79564,0.20436,	0.498374,0.501626,	1,	1,	1,	1,	1,	1,	1,	1,	1,	1,	1,	
0.5,0.5,	1,7.94123e-09,	0.999998,2.21204e-06,	0.996892,0.00310776,	0.970907,0.0290925,	0.952774,0.0472256,	0.946921,0.0530792,	0.934753,0.0652471,	0.895559,0.104441,	0.797195,0.202805,	0.4983,0.5017,	1,	1,	1,	1,	1,	1,	1,	1,	1,	1,	1,	
0.5,0.5,	1,6.7483e-09,	0.999998,1.98111e-06,	0.997008,0.00299157,	0.971354,0.0286459,	0.953426,0.0465739,	0.947825,0.0521745,	0.935845,0.0641546,	0.89686,0.10314,	0.798655,0.201345,	0.498436,0.501564,	1,	1,	1,	1,	1,	1,	1,	1,	1,	1,	1,	
0.5,0.5,	1,5.73458e-09,	0.999998,1.77429e-06,	0.99712,0.00287981,	0.9718,0.0282005,	0.954021,0.0459795,	0.948705,0.0512953,	0.93691,0.06309,	0.898131,0.101869,	0.800149,0.199851,	0.498467,0.501533,	1,	1,	1,	1,	1,	1,	1,	1,	1,	1,	1,	
0.5,0.5,	1,4.87313e-09,	0.999998,1.58905e-06,	0.997228,0.00277224,	0.972239,0.0277613,	0.954599,0.0454006,	0.949598,0.0504019,	0.937984,0.0620165,	0.899449,0.100551,	0.801496,0.198504,	0.498377,0.501623,	1,	1,	1,	1,	1,	1,	1,	1,	1,	1,	1,	
0.5,0.5,	1,4.1411e-09,	0.999999,1.42316e-06,	0.997331,0.00266884,	0.972677,0.0273231,	0.955191,0.0448088,	0.950488,0.0495118,	0.939059,0.0609414,	0.900692,0.0993077,	0.802778,0.197222,	0.498369,0.501631,	1,	1,	1,	1,	1,	1,	1,	1,	1,	1,	1,	
0.5,0.5,	1,3.51902e-09,	0.999999,1.27458e-06,	0.997431,0.00256913,	0.973119,0.0268808,	0.955801,0.0441988,	0.951329,0.0486707,	0.940091,0.0599086,	0.902007,0.0979931,	0.80422,0.19578,	0.498418,0.501582,	1,	1,	1,	1,	1,	1,	1,	1,	1,	1,	1,	
0.5,0.5,	1,2.9904e-09,	0.999999,1.14152e-06,	0.997527,0.00247297,	0.973558,0.0264419,	0.956387,0.0436128,	0.952115,0.0478853,	0.94107,0.0589302,	0.903222,0.0967784,	0.805355,0.194645,	0.498468,0.501532,	1,	1,	1,	1,	1,	1,	1,	1,	1,	1,	1,	
0.5,0.5,	1,2.54118e-09,	0.999999,1.02225e-06,	0.99762,0.00238047,	0.973989,0.0260114,	0.956938,0.0430624,	0.952836,0.0471644,	0.942019,0.0579815,	0.904395,0.0956048,	0.806584,0.193416,	0.498528,0.501472,	1,	1,	1,	1,	1,	1,	1,	1,	1,	1,	1,	
0.5,0.5,	1,2.15945e-09,	0.999999,9.15433e-07,	0.997709,0.00229136,	0.974407,0.0255926,	0.957464,0.0425359,	0.953535,0.0464652,	0.942915,0.0570851,	0.905602,0.0943976,	0.807902,0.192098,	0.498497,0.501503,	1,	1,	1,	1,	1,	1,	1,	1,	1,	1,	1,	
0.5,0.5,	1,1.83506e-09,	0.999999,8.19779e-07,	0.997794,0.00220555,	0.97481,0.0251904,	0.957971,0.0420288,	0.954245,0.045755,	0.943801,0.0561992,	0.906823,0.0931775,	0.809257,0.190743,	0.498534,0.501466,	1,	1,	1,	1,	1,	1,	1,	1,	1,	1,	1,	
0.5,0.5,	1,1.5594e-09,	0.999999,7.34119e-07,	0.997877,0.00212291,	0.975195,0.0248048,	0.958465,0.0415354,	0.954953,0.0450473,	0.944688,0.0553116,	0.908046,0.0919544,	0.810539,0.189461,	0.498684,0.501316,	1,	1,	1,	1,	1,	1,	1,	1,	1,	1,	1,	
0.5,0.5,	1,1.32514e-09,	0.999999,6.57411e-07,	0.997957,0.00204343,	0.975574,0.0244263,	0.958952,0.0410482,	0.955671,0.0443292,	0.945582,0.0544179,	0.909236,0.0907636,	0.811761,0.188239,	0.49878,0.50122,	1,	1,	1,	1,	1,	1,	1,	1,	1,	1,	1,	
0.5,0.5,	1,1.12608e-09,	0.999999,5.88717e-07,	0.998033,0.00196688,	0.975952,0.0240481,	0.959461,0.0405387,	0.956386,0.0436135,	0.946458,0.0535419,	0.910444,0.0895556,	0.813053,0.186947,	0.498836,0.501164,	1,	1,	1,	1,	1,	1,	1,	1,	1,	1,	1,	
0.5,0.5,	1,9.56922e-10,	0.999999,5.27202e-07,	0.998107,0.00189309,	0.976329,0.0236711,	0.959999,0.040001,	0.957105,0.0428947,	0.947325,0.0526748,	0.911624,0.0883759,	0.814314,0.185686,	0.49883,0.50117,	1,	1,	1,	1,	1,	1,	1,	1,	1,	1,	1,	
0.5,0.5,	1,8.13174e-10,	1,4.72114e-07,	0.998178,0.00182196,	0.97671,0.0232898,	0.96054,0.0394605,	0.95782,0.0421799,	0.948155,0.0518452,	0.912714,0.0872856,	0.815442,0.184558,	0.498824,0.501176,	1,	1,	1,	1,	1,	1,	1,	1,	1,	1,	1,	
0.5,0.5,	1,6.9102e-10,	1,4.22782e-07,	0.998247,0.00175333,	0.977094,0.0229062,	0.961059,0.0389414,	0.9585,0.0414996,	0.948937,0.051063,	0.913778,0.0862215,	0.816729,0.183271,	0.498763,0.501237,	1,	1,	1,	1,	1,	1,	1,	1,	1,	1,	1,	
0.5,0.5,	1,5.87215e-10,	1,3.78605e-07,	0.998313,0.0016872,	0.977473,0.0225268,	0.961552,0.0384477,	0.959122,0.0408783,	0.949712,0.0502879,	0.914919,0.0850813,	0.818146,0.181854,	0.49873,0.50127,	1,	1,	1,	1,	1,	1,	1,	1,	1,	1,	1,	
0.5,0.5,	1,4.99004e-10,	1,3.39044e-07,	0.998376,0.00162358,	0.977849,0.0221512,	0.962011,0.0379888,	0.959715,0.0402853,	0.950497,0.0495034,	0.915999,0.0840011,	0.819475,0.180525,	0.498659,0.501341,	1,	1,	1,	1,	1,	1,	1,	1,	1,	1,	1,	
0.5,0.5,	1,4.24044e-10,	1,3.03617e-07,	0.998438,0.00156236,	0.978217,0.0217826,	0.962479,0.0375213,	0.960305,0.0396952,	0.951235,0.0487651,	0.916995,0.0830045,	0.820879,0.179121,	0.498696,0.501304,	1,	1,	1,	1,	1,	1,	1,	1,	1,	1,	1,	
0.5,0.5,	1,3.60344e-10,	1,2.71892e-07,	0.998497,0.00150343,	0.978577,0.0214231,	0.96293,0.0370696,	0.960848,0.0391524,	0.951956,0.0480442,	0.918027,0.0819729,	0.822194,0.177806,	0.498746,0.501254,	1,	1,	1,	1,	1,	1,	1,	1,	1,	1,	1,	
0.5,0.5,	1,3.06214e-10,	1,2.43482e-07,	0.998553,0.00144678,	0.978923,0.0210774,	0.96338,0.0366196,	0.961373,0.0386275,	0.952672,0.0473278,	0.919057,0.0809432,	0.823278,0.176722,	0.498785,0.501215,	1,	1,	1,	1,	1,	1,	1,	1,	1,	1,	1,	
0.5,0.5,	1,2.60214e-10,	1,2.1804e-07,	0.998608,0.00139221,	0.979255,0.0207453,	0.963816,0.0361836,	0.961906,0.0380938,	0.953397,0.046603,	0.920101,0.0798987,	0.824389,0.175611,	0.498802,0.501198,	1,	1,	1,	1,	1,	1,	1,	1,	1,	1,	1,	
0.5,0.5,	1,2.21125e-10,	1,1.95257e-07,	0.99866,0.00133965,	0.979568,0.0204317,	0.964259,0.0357412,	0.962477,0.0375234,	0.954166,0.0458342,	0.921199,0.0788015,	0.825557,0.174443,	0.498858,0.501142,	1,	1,	1,	1,	1,	1,	1,	1,	1,	1,	1,	
0.5,0.5,	1,1.87908e-10,	1,1.74854e-07,	0.998711,0.00128902,	0.979871,0.0201287,	0.964724,0.0352764,	0.963044,0.0369563,	0.95493,0.0450701,	0.922259,0.0777409,	0.82667,0.17333,	0.498812,0.501188,	1,	1,	1,	1,	1,	1,	1,	1,	1,	1,	1,	
0.5,0.5,	1,1.59681e-10,	1,1.56584e-07,	0.99876,0.00124028,	0.980169,0.0198313,	0.965192,0.0348083,	0.963616,0.0363845,	0.955674,0.0443256,	0.92324,0.0767596,	0.827895,0.172105,	0.498795,0.501205,	1,	1,	1,	1,	1,	1,	1,	1,	1,	1,	1,	
0.5,0.5,	1,1.35693e-10,	1,1.40222e-07,	0.998807,0.00119331,	0.980462,0.0195378,	0.965658,0.0343416,	0.964203,0.035797,	0.956407,0.0435925,	0.924196,0.0758039,	0.829027,0.170973,	0.498625,0.501375,	1,	1,	1,	1,	1,	1,	1,	1,	1,	1,	1,	
0.5,0.5,	1,1.1531e-10,	1,1.2557e-07,	0.998852,0.00114815,	0.980748,0.0192518,	0.966131,0.0338695,	0.964786,0.0352141,	0.957115,0.0428855,	0.925184,0.0748158,	0.830095,0.169905,	0.498583,0.501417,	1,	1,	1,	1,	1,	1,	1,	1,	1,	1,	1,	
0.5,0.5,	1,9.79879e-11,	1,1.12449e-07,	0.998895,0.00110469,	0.98103,0.0189698,	0.966609,0.033391,	0.965365,0.034635,	0.95782,0.0421804,	0.926217,0.0737828,	0.831317,0.168683,	0.49858,0.50142,	1,	1,	1,	1,	1,	1,	1,	1,	1,	1,	1,	
0.5,0.5,	1,8.32682e-11,	1,1.00699e-07,	0.998937,0.00106282,	0.981309,0.0186907,	0.967096,0.0329043,	0.965953,0.0340469,	0.958536,0.0414642,	0.927259,0.0727413,	0.83257,0.16743,	0.498498,0.501502,	1,	1,	1,	1,	1,	1,	1,	1,	1,	1,	1,	
0.5,0.5,	1,7.07597e-11,	1,9.0177e-08,	0.998978,0.00102249,	0.981579,0.0184205,	0.967583,0.0324174,	0.966533,0.0334673,	0.959257,0.0407435,	0.928323,0.0716769,	0.833811,0.166189,	0.498548,0.501452,	1,	1,	1,	1,	1,	1,	1,	1,	1,	1,	1,	
0.5,0.5,	1,6.01302e-11,	1,8.07543e-08,	0.999016,0.000983681,	0.981844,0.0181565,	0.968059,0.031941,	0.967091,0.0329088,	0.959933,0.0400666,	0.929347,0.070653,	0.834993,0.165007,	0.498669,0.501331,	1,	1,	1,	1,	1,	1,	1,	1,	1,	1,	1,	
0.5,0.5,	1,5.10975e-11,	1,7.23162e-08,	0.999054,0.00094632,	0.982108,0.0178919,	0.968524,0.031476,	0.967635,0.032365,	0.960593,0.0394074,	0.930348,0.0696515,	0.836217,0.163783,	0.49864,0.50136,	1,	1,	1,	1,	1,	1,	1,	1,	1,	1,	1,	
0.5,0.5,	1,4.34217e-11,	1,6.47598e-08,	0.99909,0.000910351,	0.982376,0.0176243,	0.968984,0.0310163,	0.968162,0.0318379,	0.961238,0.0387616,	0.93137,0.06863,	0.837407,0.162593,	0.49857,0.50143,	1,	1,	1,	1,	1,	1,	1,	1,	1,	1,	1,	
0.5,0.5,	1,3.68989e-11,	1,5.79929e-08,	0.999124,0.000875773,	0.982641,0.0173585,	0.969435,0.0305655,	0.968677,0.0313229,	0.9619,0.0381002,	0.932392,0.067608,	0.83865,0.16135,	0.49855,0.50145,	1,	1,	1,	1,	1,	1,	1,	1,	1,	1,	1,	
0.5,0.5,	1,3.1356e-11,	1,5.19332e-08,	0.999157,0.000842506,	0.982905,0.0170952,	0.969863,0.030137,	0.969176,0.0308236,	0.962556,0.0374444,	0.933407,0.0665934,	0.839905,0.160095,	0.498635,0.501365,	1,	1,	1,	1,	1,	1,	1,	1,	1,	1,	1,	
0.5,0.5,	1,2.66457e-11,	1,4.65066e-08,	0.999189,0.000810507,	0.983165,0.0168353,	0.970273,0.0297274,	0.969659,0.0303409,	0.963221,0.0367794,	0.934419,0.0655808,	0.841069,0.158931,	0.498684,0.501316,	1,	1,	1,	1,	1,	1,	1,	1,	1,	1,	1,	
0.5,0.5,	1,2.2643e-11,	1,4.16471e-08,	0.99922,0.000779748,	0.983422,0.0165781,	0.970671,0.0293291,	0.970127,0.0298725,	0.963893,0.0361066,	0.935421,0.0645785,	0.842324,0.157676,	0.498791,0.501209,	1,	1,	1,	1,	1,	1,	1,	1,	1,	1,	1,	
0.5,0.5,	1,1.92416e-11,	1,3.72954e-08,	0.99925,0.000750132,	0.983679,0.016321,	0.971048,0.0289521,	0.970584,0.0294164,	0.964572,0.0354277,	0.936421,0.0635794,	0.843604,0.156396,	0.498804,0.501196,	1,	1,	1,	1,	1,	1,	1,	1,	1,	1,	1,	
0.5,0.5,	1,1.63511e-11,	1,3.33983e-08,	0.999278,0.000721643,	0.983926,0.0160736,	0.971403,0.0285974,	0.971023,0.0289769,	0.965246,0.0347545,	0.937364,0.0626364,	0.844881,0.155119,	0.49888,0.50112,	1,	1,	1,	1,	1,	1,	1,	1,	1,	1,	1,	
0.5,0.5,	1,1.38949e-11,	1,2.99085e-08,	0.999306,0.000694243,	0.984164,0.0158356,	0.97175,0.0282502,	0.971471,0.0285293,	0.965905,0.0340948,	0.938322,0.0616785,	0.846123,0.153877,	0.49898,0.50102,	1,	1,	1,	1,	1,	1,	1,	1,	1,	1,	1,	
0.5,0.5,	1,1.18076e-11,	1,2.67833e-08,	0.999332,0.000667871,	0.984389,0.015611,	0.972087,0.0279127,	0.971918,0.0280815,	0.966556,0.0334445,	0.9393,0.0606998,	0.847448,0.152552,	0.499041,0.500959,	1,	1,	1,	1,	1,	1,	1,	1,	1,	1,	1,	
0.5,0.5,	1,1.00339e-11,	1,2.39847e-08,	0.999357,0.000642516,	0.984606,0.0153941,	0.97242,0.0275798,	0.97235,0.0276501,	0.967178,0.0328217,	0.940277,0.0597227,	0.848731,0.151269,	0.499046,0.500954,	1,	1,	1,	1,	1,	1,	1,	1,	1,	1,	1,	
0.5,0.5,	1,8.52658e-12,	1,2.14785e-08,	0.999382,0.000618132,	0.984814,0.0151855,	0.972751,0.0272493,	0.972783,0.0272171,	0.967786,0.0322145,	0.941225,0.0587748,	0.849927,0.150073,	0.499105,0.500895,	1,	1,	1,	1,	1,	1,	1,	1,	1,	1,	1,	
0.5,0.5,	1,7.24572e-12,	1,1.92342e-08,	0.999405,0.000594673,	0.985019,0.0149808,	0.973076,0.0269241,	0.973212,0.0267876,	0.96838,0.0316202,	0.942187,0.0578134,	0.851152,0.148848,	0.499159,0.500841,	1,	1,	1,	1,	1,	1,	1,	1,	1,	1,	1,	
0.5,0.5,	1,6.15728e-12,	1,1.72244e-08,	0.999428,0.000572111,	0.98522,0.0147797,	0.973395,0.0266053,	0.973635,0.0263652,	0.968981,0.0310193,	0.94309,0.0569103,	0.852343,0.147657,	0.499173,0.500827,	1,	1,	1,	1,	1,	1,	1,	1,	1,	1,	1,	
0.5,0.5,	1,5.23233e-12,	1,1.54246e-08,	0.99945,0.000550411,	0.985416,0.0145842,	0.973714,0.0262855,	0.974046,0.0259541,	0.969562,0.0304384,	0.943956,0.0560442,	0.853495,0.146505,	0.499125,0.500875,	1,	1,	1,	1,	1,	1,	1,	1,	1,	1,	1,	
0.5,0.5,	1,4.44634e-12,	1,1.38129e-08,	0.99947,0.000529527,	0.985608,0.0143922,	0.974029,0.0259712,	0.974449,0.0255513,	0.970131,0.0298693,	0.944742,0.0552585,	0.854554,0.145446,	0.499039,0.500961,	1,	1,	1,	1,	1,	1,	1,	1,	1,	1,	1,	
0.5,0.5,	1,3.77841e-12,	1,1.23695e-08,	0.999491,0.00050944,	0.985798,0.0142023,	0.974338,0.0256621,	0.974851,0.0251491,	0.97068,0.0293197,	0.945508,0.0544921,	0.855555,0.144445,	0.498934,0.501066,	1,	1,	1,	1,	1,	1,	1,	1,	1,	1,	1,	
0.5,0.5,	1,3.21082e-12,	1,1.1077e-08,	0.99951,0.000490127,	0.985988,0.0140116,	0.974642,0.0253579,	0.975244,0.0247564,	0.971229,0.0287708,	0.9463,0.0536998,	0.856539,0.143461,	0.498925,0.501075,	1,	1,	1,	1,	1,	1,	1,	1,	1,	1,	1,	
0.5,0.5,	1,2.72849e-12,	1,9.91958e-09,	0.999528,0.000471551,	0.986181,0.0138189,	0.974951,0.0250489,	0.975627,0.0243729,	0.971749,0.0282514,	0.947122,0.0528783,	0.857691,0.142309,	0.49898,0.50102,	1,	1,	1,	1,	1,	1,	1,	1,	1,	1,	1,	
0.5,0.5,	1,2.31862e-12,	1,8.88307e-09,	0.999546,0.000453678,	0.986371,0.0136293,	0.975246,0.0247538,	0.975992,0.0240082,	0.972255,0.0277447,	0.947942,0.0520582,	0.858916,0.141084,	0.498914,0.501086,	1,	1,	1,	1,	1,	1,	1,	1,	1,	1,	1,	
0.5,0.5,	1,1.97032e-12,	1,7.95487e-09,	0.999564,0.000436497,	0.986559,0.0134408,	0.975529,0.0244706,	0.976342,0.0236584,	0.972754,0.0272459,	0.948744,0.0512561,	0.860135,0.139865,	0.498819,0.501181,	1,	1,	1,	1,	1,	1,	1,	1,	1,	1,	1,	
0.5,0.5,	1,1.67434e-12,	1,7.12366e-09,	0.99958,0.00041996,	0.986745,0.0132547,	0.975805,0.0241946,	0.976686,0.0233137,	0.973252,0.0267477,	0.949543,0.0504569,	0.861256,0.138744,	0.498779,0.501221,	1,	1,	1,	1,	1,	1,	1,	1,	1,	1,	1,	
0.5,0.5,	1,1.42282e-12,	1,6.3793e-09,	0.999596,0.000404045,	0.986929,0.0130711,	0.976086,0.0239141,	0.977024,0.0229761,	0.97373,0.02627,	0.950303,0.0496967,	0.862205,0.137795,	0.498776,0.501224,	1,	1,	1,	1,	1,	1,	1,	1,	1,	1,	1,	
0.5,0.5,	1,1.20909e-12,	1,5.71272e-09,	0.999611,0.000388742,	0.987109,0.012891,	0.976362,0.0236379,	0.977356,0.0226439,	0.974198,0.0258015,	0.950992,0.0490076,	0.863162,0.136838,	0.498794,0.501206,	1,	1,	1,	1,	1,	1,	1,	1,	1,	1,	1,	
0.5,0.5,	1,1.02746e-12,	1,5.11579e-09,	0.999626,0.000374024,	0.987288,0.0127122,	0.976637,0.0233628,	0.977675,0.0223251,	0.974649,0.025351,	0.951691,0.0483093,	0.864199,0.135801,	0.498917,0.501083,	1,	1,	1,	1,	1,	1,	1,	1,	1,	1,	1,	
0.5,0.5,	1,8.73113e-13,	1,4.58124e-09,	0.99964,0.000359869,	0.987466,0.0125343,	0.976904,0.0230957,	0.977985,0.0220146,	0.975081,0.0249186,	0.952409,0.0475906,	0.865287,0.134713,	0.499017,0.500983,	1,	1,	1,	1,	1,	1,	1,	1,	1,	1,	1,	
0.5,0.5,	1,7.41955e-13,	1,4.10254e-09,	0.999654,0.000346251,	0.98764,0.0123598,	0.977173,0.022827,	0.9783,0.0217004,	0.975515,0.0244855,	0.953117,0.0468827,	0.866309,0.133691,	0.498955,0.501045,	1,	1,	1,	1,	1,	1,	1,	1,	1,	1,	1,	
0.5,0.5,	1,6.30499e-13,	1,3.67386e-09,	0.999667,0.000333144,	0.987812,0.0121876,	0.977436,0.0225642,	0.978617,0.0213832,	0.975931,0.024069,	0.953782,0.0462177,	0.86733,0.13267,	0.499012,0.500988,	1,	1,	1,	1,	1,	1,	1,	1,	1,	1,	1,	
0.5,0.5,	1,5.35786e-13,	1,3.28997e-09,	0.999679,0.000320528,	0.987978,0.012022,	0.977691,0.0223091,	0.978938,0.0210621,	0.976341,0.0236588,	0.954439,0.0455607,	0.868339,0.131661,	0.498943,0.501057,	1,	1,	1,	1,	1,	1,	1,	1,	1,	1,	1,	
0.5,0.5,	1,4.553e-13,	1,2.9462e-09,	0.999692,0.000308398,	0.988138,0.0118615,	0.977948,0.0220519,	0.979259,0.0207406,	0.976756,0.0232439,	0.95513,0.0448702,	0.869456,0.130544,	0.49877,0.50123,	1,	1,	1,	1,	1,	1,	1,	1,	1,	1,	1,	
0.5,0.5,	1,3.86905e-13,	1,2.63835e-09,	0.999703,0.000296744,	0.988299,0.0117015,	0.978207,0.0217932,	0.97958,0.0204197,	0.97718,0.0228196,	0.955813,0.0441867,	0.87058,0.12942,	0.498632,0.501368,	1,	1,	1,	1,	1,	1,	1,	1,	1,	1,	1,	
0.5,0.5,	1,3.28785e-13,	1,2.36266e-09,	0.999714,0.000285529,	0.988455,0.0115447,	0.978467,0.0215326,	0.979903,0.020097,	0.977608,0.0223918,	0.956442,0.0435584,	0.871491,0.128509,	0.498491,0.501509,	1,	1,	1,	1,	1,	1,	1,	1,	1,	1,	1,	
0.5,0.5,	1,2.79395e-13,	1,2.11579e-09,	0.999725,0.000274745,	0.98861,0.0113901,	0.978725,0.0212748,	0.980226,0.0197742,	0.978027,0.0219729,	0.957055,0.042945,	0.872426,0.127574,	0.498544,0.501456,	1,	1,	1,	1,	1,	1,	1,	1,	1,	1,	1,	
0.5,0.5,	1,2.37424e-13,	1,1.89471e-09,	0.999736,0.000264365,	0.988765,0.0112347,	0.978976,0.0210236,	0.980548,0.0194516,	0.978436,0.0215645,	0.957659,0.0423412,	0.873508,0.126492,	0.498455,0.501545,	1,	1,	1,	1,	1,	1,	1,	1,	1,	1,	1,	
0.5,0.5,	1,2.01759e-13,	1,1.69673e-09,	0.999746,0.000254374,	0.98892,0.0110802,	0.97922,0.0207798,	0.980863,0.0191371,	0.978839,0.0211614,	0.95827,0.04173,	0.874561,0.125439,	0.498482,0.501518,	1,	1,	1,	1,	1,	1,	1,	1,	1,	1,	1,	
0.5,0.5,	1,1.71451e-13,	1,1.51943e-09,	0.999755,0.000244758,	0.989073,0.0109272,	0.979468,0.020532,	0.98117,0.0188296,	0.979225,0.0207746,	0.958878,0.041122,	0.875522,0.124478,	0.498432,0.501568,	1,	1,	1,	1,	1,	1,	1,	1,	1,	1,	1,	
0.5,0.5,	1,1.45695e-13,	1,1.36067e-09,	0.999764,0.000235504,	0.989224,0.0107759,	0.979724,0.0202759,	0.981469,0.018531,	0.979607,0.0203928,	0.959523,0.0404775,	0.876502,0.123498,	0.498478,0.501522,	1,	1,	1,	1,	1,	1,	1,	1,	1,	1,	1,	
0.5,0.5,	1,1.23809e-13,	1,1.21849e-09,	0.999773,0.000226605,	0.989375,0.0106254,	0.97998,0.02002,	0.981763,0.0182372,	0.979985,0.0200148,	0.960158,0.0398422,	0.877475,0.122525,	0.498448,0.501552,	1,	1,	1,	1,	1,	1,	1,	1,	1,	1,	1,	
0.5,0.5,	1,1.05211e-13,	1,1.09117e-09,	0.999782,0.00021804,	0.989524,0.010476,	0.980234,0.0197657,	0.982055,0.0179452,	0.980353,0.0196474,	0.960777,0.0392226,	0.878382,0.121618,	0.498354,0.501646,	1,	1,	1,	1,	1,	1,	1,	1,	1,	1,	1,	
0.5,0.5,	1,8.94059e-14,	1,9.77149e-10,	0.99979,0.000209797,	0.989672,0.0103275,	0.980486,0.0195144,	0.982337,0.0176628,	0.9807,0.0192996,	0.961378,0.038622,	0.879353,0.120647,	0.498423,0.501577,	1,	1,	1,	1,	1,	1,	1,	1,	1,	1,	1,	
0.5,0.5,	1,7.59754e-14,	1,8.75046e-10,	0.999798,0.000201862,	0.989821,0.0101788,	0.980729,0.019271,	0.982612,0.0173882,	0.981042,0.0189578,	0.961971,0.0380294,	0.880301,0.119699,	0.498434,0.501566,	1,	1,	1,	1,	1,	1,	1,	1,	1,	1,	1,	
0.5,0.5,	1,6.45625e-14,	1,7.83611e-10,	0.999806,0.000194226,	0.989969,0.010031,	0.980966,0.0190339,	0.982875,0.0171254,	0.981381,0.0186192,	0.962562,0.0374377,	0.881221,0.118779,	0.498404,0.501596,	1,	1,	1,	1,	1,	1,	1,	1,	1,	1,	1,	
0.5,0.5,	1,5.48641e-14,	1,7.01732e-10,	0.999813,0.000186877,	0.990116,0.00988429,	0.981196,0.018804,	0.983132,0.0168684,	0.981716,0.0182844,	0.963139,0.0368606,	0.882077,0.117923,	0.498181,0.501819,	1,	1,	1,	1,	1,	1,	1,	1,	1,	1,	1,	
