k=0_act,k=1_act,k=2_act,k=3_act,k=4_act,k=5_act,k=6_act,k=7_act,k=8_act,k=9_act,k=10_act,k=0_wait,k=1_wait,k=2_wait,k=3_wait,k=4_wait,k=5_wait,k=6_wait,k=7_wait,k=8_wait,k=9_wait,k=10_wait,	k=0_act,k=1_act,k=2_act,k=3_act,k=4_act,k=5_act,k=6_act,k=7_act,k=8_act,k=9_act,k=10_act,k=0_wait,k=1_wait,k=2_wait,k=3_wait,k=4_wait,k=5_wait,k=6_wait,k=7_wait,k=8_wait,k=9_wait,k=10_wait,	
7.87484e-06,4.15937,4.55601,4.54204,4.46078,4.33621,4.40697,4.5732,4.85654,5.08444,4.74621,2.55692e-87,1.22936,2.21847,3.03576,3.69513,4.22514,4.54998,4.88636,5.16478,5.38011,5.38586,0,	6.03059e-26,7.05516,6.76317,6.40009,5.80694,5.41983,5.02856,4.75299,4.39324,3.85927,3.00148,2.69683e-19,2.55865,5.57937,6.00088,5.73201,5.31421,4.97321,4.58444,4.21584,3.67742,3.15788,0,	
7.51164e-06,3.29032,3.7214,3.90066,4.01172,4.06177,4.14771,4.23331,4.25292,4.12527,3.5912,1.87588e-87,1.67727,2.62623,3.31016,3.79984,4.21022,4.4297,4.67201,4.7512,4.74925,4.21175,0,	3.13611e-26,4.07594,4.76338,5.54969,5.6612,5.45287,5.17284,4.90222,4.45553,3.9359,3.088,9.47488e-20,1.65596,4.03142,5.0322,5.36825,5.28431,4.99252,4.68189,4.34759,3.8831,3.29686,0,	
7.21122e-06,2.74145,3.25736,3.49697,3.67668,3.77168,3.82656,3.82247,3.76115,3.5534,3.11971,1.39398e-87,1.77517,2.77234,3.38589,3.79839,4.06839,4.28339,4.37867,4.33045,4.22874,3.69349,0,	1.53096e-26,2.76569,3.69578,4.59716,5.12128,5.2876,5.09658,4.91306,4.51776,4.02787,3.21485,3.44815e-20,1.04917,2.74944,3.92612,4.6073,4.95762,4.9365,4.7315,4.41686,4.04121,3.4267,0,	
6.98402e-06,2.42777,2.98404,3.25742,3.43242,3.48285,3.54625,3.5688,3.51227,3.30764,2.94907,9.95237e-88,1.71599,2.71867,3.32403,3.70172,3.92327,4.09721,4.18448,4.12137,4.02233,3.60558,0,	7.97427e-27,2.24491,3.15758,3.95872,4.5873,4.93738,4.9521,4.95187,4.61668,4.11521,3.31493,1.23891e-20,0.763221,2.1387,3.17286,3.9504,4.46184,4.67586,4.64389,4.45487,4.14708,3.5431,0,	
6.69933e-06,2.23591,2.81748,3.08965,3.26191,3.35093,3.38964,3.37777,3.34135,3.17676,2.92969,7.17986e-88,1.62905,2.67899,3.2413,3.59401,3.78773,3.90713,4.00053,4.01613,3.93134,3.56142,0,	4.22055e-27,2.07659,2.91467,3.55419,4.17797,4.60607,4.81941,4.76568,4.61629,4.20876,3.42304,4.79913e-21,0.699251,1.87436,2.72337,3.46688,4.02279,4.37757,4.4962,4.39368,4.1695,3.63341,0,	
6.50386e-06,2.14003,2.70528,2.98009,3.13759,3.25266,3.27726,3.286,3.23065,3.11228,2.91969,5.06493e-88,1.52925,2.56061,3.15713,3.50097,3.7351,3.81167,3.87619,3.8491,3.76694,3.51474,0,	2.24816e-27,2.08342,2.69374,3.34379,3.88796,4.29036,4.51086,4.65122,4.55075,4.16956,3.51564,1.85457e-21,0.648652,1.77354,2.53006,3.17672,3.6929,4.07317,4.29678,4.31782,4.14976,3.71195,0,	
6.31915e-06,2.07398,2.6295,2.93182,3.08222,3.18844,3.21974,3.21754,3.24478,3.08874,2.88037,3.43008e-88,1.45439,2.47661,3.08818,3.41804,3.63011,3.75786,3.84498,3.86432,3.76406,3.46727,0,	1.27365e-27,2.07898,2.64636,3.29401,3.6868,4.06418,4.34898,4.4949,4.42504,4.17607,3.55172,7.80757e-22,0.705453,1.73193,2.45221,2.99495,3.47409,3.87861,4.10215,4.24734,4.10608,3.76788,0,	
6.09562e-06,2.01949,2.58365,2.8878,3.05177,3.16702,3.1639,3.21042,3.22272,3.17104,3.00011,2.32851e-88,1.39583,2.38234,3.03705,3.37552,3.59298,3.70198,3.76036,3.85918,3.805,3.57204,0,	7.19253e-28,2.1242,2.74765,3.23931,3.62265,3.96909,4.25761,4.38435,4.32156,4.10495,3.58277,3.33727e-22,0.706508,1.7681,2.44217,2.96765,3.3845,3.72492,3.95162,4.10184,4.04647,3.77239,0,	
5.87059e-06,2.01783,2.55602,2.8703,3.06446,3.20969,3.18083,3.2458,3.24394,3.27167,3.04197,1.54692e-88,1.37685,2.34706,2.96971,3.36825,3.60505,3.70221,3.79367,3.85847,3.90359,3.68688,0,	4.1141e-28,2.18716,2.86483,3.33224,3.65118,3.94876,4.21934,4.32213,4.30388,4.08121,3.61317,1.4788e-22,0.740257,1.81556,2.52,2.97014,3.36856,3.63278,3.89775,4.03138,4.00324,3.76221,0,	
5.61329e-06,2.04688,2.55518,2.87479,3.07603,3.21148,3.25242,3.29944,3.34046,3.29426,3.14176,1.03843e-88,1.38175,2.31838,2.94566,3.33099,3.58648,3.73733,3.86385,3.91825,3.93127,3.70441,0,	2.32889e-28,2.3214,2.87807,3.43486,3.80231,4.01068,4.15682,4.30165,4.22037,4.07257,3.58284,7.09308e-23,0.722674,1.86842,2.57883,3.07599,3.41219,3.6307,3.8355,3.93921,3.93097,3.72881,0,	
5.42775e-06,2.09992,2.57293,2.89754,3.09781,3.2185,3.323,3.37919,3.41151,3.38048,3.27521,6.7566e-89,1.38706,2.3031,2.91547,3.34638,3.60605,3.76146,3.94304,4.09555,4.06347,3.9183,0,	1.37435e-28,2.48624,3.06863,3.56224,3.88358,4.07918,4.22283,4.24411,4.16827,4.06433,3.55591,3.61268e-23,0.812328,2.00995,2.69773,3.17132,3.44829,3.70818,3.83107,3.89987,3.87942,3.73245,0,	
5.17327e-06,2.14827,2.6128,2.9209,3.13586,3.29318,3.34996,3.47998,3.47916,3.50238,3.36951,4.27138e-89,1.39424,2.32232,2.93914,3.38217,3.6636,3.85108,3.96148,4.10808,4.1991,3.97437,0,	7.93709e-29,2.55646,3.19951,3.68745,3.99977,4.14145,4.25599,4.2882,4.20421,4.02156,3.52088,1.8563e-23,0.837829,2.0814,2.81504,3.2626,3.57826,3.76627,3.85391,3.88659,3.85726,3.69231,0,	
5.00627e-06,2.2605,2.66176,2.96999,3.19404,3.33684,3.44631,3.54843,3.60474,3.61745,3.49925,2.68304e-89,1.42344,2.34128,2.97621,3.4197,3.72112,3.87194,4.07091,4.17914,4.26018,4.10664,0,	4.84404e-29,2.78449,3.34009,3.80599,4.11114,4.25324,4.33188,4.34597,4.26012,3.98474,3.44892,1.00234e-23,0.870995,2.20065,2.96638,3.40094,3.65168,3.83196,3.91418,3.9101,3.83118,3.67668,0,	
4.82918e-06,2.31788,2.73298,3.04169,3.26623,3.43504,3.55284,3.66521,3.73761,3.77614,3.56252,1.68129e-89,1.4366,2.35834,2.98907,3.4362,3.78942,3.97041,4.19086,4.34171,4.43132,4.19752,0,	3.00164e-29,2.97649,3.53238,4.01796,4.23045,4.31693,4.40461,4.38248,4.27325,3.96811,3.4801,5.65134e-24,0.923386,2.33302,3.07801,3.53833,3.74346,3.91083,3.98227,3.9382,3.85471,3.65929,0,	
4.64347e-06,2.35577,2.84134,3.099,3.3478,3.51036,3.66334,3.75283,3.83167,3.88103,3.76324,9.99356e-90,1.41689,2.39423,3.04205,3.50031,3.84146,4.15701,4.28544,4.43622,4.56118,4.40114,0,	1.93747e-29,3.14559,3.74491,4.19051,4.41755,4.4502,4.46509,4.4904,4.30614,3.95796,3.43714,3.26113e-24,0.950122,2.51361,3.25603,3.6652,3.89283,3.97905,4.03012,3.9784,3.87327,3.64264,0,	
4.50077e-06,2.47866,2.95451,3.20515,3.44351,3.59638,3.80159,3.86255,3.99283,4.04102,3.8739,5.87395e-90,1.4308,2.43262,3.09288,3.56278,3.92437,4.20406,4.4379,4.58718,4.66904,4.48614,0,	1.25962e-29,3.30265,4.00365,4.33478,4.53343,4.61369,4.61641,4.52012,4.29486,3.98449,3.45657,1.93066e-24,1.01333,2.65798,3.45984,3.84009,4.0705,4.11342,4.1029,4.0436,3.89027,3.63684,0,	
4.33115e-06,2.55602,3.03725,3.306,3.53955,3.71213,3.90239,4.00267,4.10586,4.17625,4.00351,3.41682e-90,1.43854,2.48097,3.11569,3.65617,3.9992,4.31197,4.45431,4.68302,4.82507,4.71993,0,	8.30144e-30,3.60343,4.09494,4.50927,4.70343,4.69465,4.73428,4.57851,4.36132,4.02293,3.46658,1.16703e-24,1.10158,2.81415,3.5976,4.01771,4.18427,4.23308,4.20074,4.09796,3.93312,3.63847,0,	
4.1347e-06,2.61788,3.13869,3.36996,3.66089,3.82855,4.04037,4.11277,4.23385,4.30768,4.16265,1.928e-90,1.45218,2.49373,3.19151,3.73091,4.14084,4.39339,4.61757,4.78125,4.92318,4.89734,0,	5.68526e-30,3.76525,4.38179,4.66455,4.82036,4.85889,4.83043,4.66844,4.42268,4.07714,3.45361,7.19692e-25,1.15451,3.02004,3.79056,4.14648,4.29005,4.35874,4.31548,4.16652,3.95945,3.65285,0,	
3.95032e-06,2.73997,3.16509,3.46242,3.74988,3.92494,4.10621,4.25272,4.34155,4.41229,4.31565,1.05532e-90,1.48211,2.5212,3.26009,3.82721,4.20461,4.5576,4.77553,4.97565,5.1251,4.94516,0,	3.89045e-30,4.02334,4.60033,4.86855,4.93533,5.00115,4.96227,4.78668,4.48854,4.15902,3.48193,4.65284e-25,1.27181,3.0853,3.9296,4.29002,4.42015,4.49045,4.42145,4.20287,4.01644,3.66806,0,	
3.7893e-06,2.8516,3.30593,3.54986,3.83407,4.03857,4.24372,4.3973,4.46847,4.53085,4.38041,6.01708e-91,1.49073,2.58552,3.28954,3.87178,4.30924,4.63095,4.88515,5.0935,5.20495,5.12829,0,	2.71606e-30,4.21924,4.7342,5.04522,5.13796,5.07363,5.01907,4.85244,4.57779,4.19333,3.5199,3.04929e-25,1.36208,3.27806,4.07116,4.40905,4.5366,4.54779,4.52828,4.33015,4.09444,3.69432,0,	
3.63483e-06,2.99664,3.43732,3.67701,3.94673,4.13307,4.33445,4.52446,4.62884,4.69163,4.67,3.26205e-91,1.52687,2.61851,3.38845,3.95694,4.39137,4.70675,4.97614,5.20084,5.42322,5.30667,0,	1.92369e-30,4.47198,4.95797,5.24698,5.34853,5.25993,5.15944,4.8787,4.65264,4.24361,3.58257,2.12031e-25,1.45398,3.45418,4.2764,4.60033,4.72602,4.71167,4.58628,4.40277,4.17703,3.73635,0,	
3.47831e-06,3.08448,3.57665,3.8255,4.03697,4.23252,4.45872,4.61408,4.71791,4.8165,4.68808,1.7784e-91,1.59876,2.70014,3.46386,4.01372,4.43026,4.81526,5.08671,5.2566,5.4753,5.39714,0,	1.37783e-30,4.64314,5.08594,5.40408,5.37492,5.39169,5.2908,5.09133,4.7314,4.26455,3.60845,1.5126e-25,1.50612,3.60044,4.37606,4.71838,4.85691,4.78049,4.7359,4.50307,4.21652,3.77172,0,	
3.3232e-06,3.23135,3.6884,3.89025,4.15807,4.35677,4.55626,4.7419,4.94264,4.94528,4.9468,9.02888e-92,1.6321,2.74648,3.56622,4.10847,4.55572,4.91873,5.19314,5.46385,5.6308,5.6408,0,	1.01815e-30,4.94132,5.35469,5.57455,5.59495,5.59029,5.40706,5.15478,4.80672,4.33406,3.64447,1.11328e-25,1.6251,3.74829,4.62575,4.92827,5.01289,4.96764,4.80945,4.61452,4.26866,3.8616,0,	
3.13712e-06,3.34622,3.82216,4.02069,4.26159,4.46919,4.68513,4.86326,5.02761,5.09483,5.05687,4.7749e-92,1.64388,2.83362,3.62035,4.2048,4.65023,5.05079,5.32706,5.52435,5.75496,5.77459,0,	7.56593e-31,5.1347,5.62324,5.74415,5.77833,5.6897,5.51577,5.32076,4.90089,4.38807,3.72385,8.20029e-26,1.67055,3.88032,4.75229,5.09932,5.11738,5.08522,4.96009,4.68725,4.33696,3.92416,0,	
3.01648e-06,3.46931,3.94521,4.14943,4.38078,4.57855,4.77995,4.95821,5.12523,5.21889,5.10266,2.50908e-92,1.67477,2.87933,3.713,4.32783,4.77677,5.12868,5.41631,5.73416,5.90552,5.81099,0,	5.66745e-31,5.50295,5.82386,5.92016,5.90545,5.66819,5.52726,5.39071,5.00531,4.56119,3.77298,6.25175e-26,1.77169,4.0828,4.88612,5.24778,5.25365,5.16684,5.0531,4.80532,4.4008,3.93381,0,	
2.85899e-06,3.57604,4.04953,4.24821,4.52056,4.7293,4.94082,5.12166,5.23697,5.36029,5.28839,1.26978e-92,1.72473,2.9208,3.73261,4.42925,4.91036,5.25429,5.55778,5.71631,5.95613,5.96686,0,	4.26578e-31,5.75614,6.00038,6.11013,5.9491,5.90641,5.73393,5.38862,5.06836,4.58318,3.80611,4.88203e-26,1.82368,4.30696,5.19098,5.4044,5.34177,5.30202,5.10323,4.92876,4.52817,4.02256,0,	
2.72495e-06,3.6439,4.13276,4.37227,4.55331,4.80023,4.99167,5.23496,5.37293,5.4849,5.35315,6.33411e-93,1.67289,2.91761,3.82307,4.43246,4.95637,5.33041,5.65231,5.91461,6.17579,6.13407,0,	3.2314e-31,5.95063,6.27022,6.29938,6.17732,6.04189,5.79915,5.39766,5.1202,4.60793,3.89185,3.80023e-26,1.88537,4.49234,5.27291,5.55439,5.49108,5.39106,5.14944,4.91708,4.60011,4.07735,0,	
2.59096e-06,3.81942,4.2472,4.47419,4.68147,4.92403,5.12047,5.3459,5.51629,5.55045,5.5191,3.00432e-93,1.67107,2.93433,3.8843,4.50627,5.01873,5.46314,5.79185,6.04685,6.2345,6.20542,0,	2.49531e-31,6.2209,6.45907,6.48332,6.27087,6.16606,5.85552,5.49508,5.17497,4.65712,3.95118,2.96288e-26,1.99003,4.68852,5.49687,5.72849,5.63185,5.50442,5.23848,4.98403,4.63753,4.11863,0,	
2.43416e-06,3.96868,4.30268,4.53609,4.75604,4.99875,5.2154,5.40281,5.63169,5.71719,5.57906,1.44449e-93,1.73735,2.94722,3.91322,4.50564,5.02466,5.48569,5.85124,6.14032,6.37629,6.2976,0,	1.95329e-31,6.5677,6.69681,6.48521,6.36174,6.09555,5.89355,5.5415,5.18671,4.69212,3.99762,2.33233e-26,2.12018,4.89867,5.69176,5.86958,5.74784,5.55625,5.26112,5.03848,4.65041,4.19521,0,	
2.33121e-06,4.10937,4.3928,4.60287,4.82573,5.07193,5.31401,5.5147,5.72,5.84538,5.72009,6.84039e-94,1.77318,3.00986,3.95013,4.61599,5.15772,5.55356,5.90487,6.25613,6.47907,6.4486,0,	1.55616e-31,6.81584,6.85097,6.76664,6.55674,6.15739,5.97224,5.639,5.23223,4.72872,4.06023,1.87757e-26,2.15506,5.16255,5.8434,5.97392,5.8169,5.6719,5.35864,5.09454,4.69013,4.24398,0,	
2.21481e-06,4.20065,4.5721,4.69443,4.94492,5.18771,5.38798,5.5715,5.80279,5.90917,5.91919,3.27314e-94,1.79618,3.06055,3.97488,4.67371,5.19926,5.64476,6.00882,6.32973,6.56379,6.56053,0,	1.21716e-31,7.07533,6.96534,6.8572,6.69258,6.40388,6.1119,5.75504,5.31191,4.71478,4.05078,1.51998e-26,2.23639,5.21341,5.96252,6.11473,5.9804,5.78259,5.51807,5.18429,4.73577,4.27222,0,	
2.08411e-06,4.28042,4.67401,4.804,5.06028,5.26581,5.4896,5.69408,5.9507,6.00922,5.93244,1.62234e-94,1.8187,3.12191,4.02172,4.709,5.27949,5.7315,6.11911,6.39891,6.66834,6.69422,0,	9.66603e-32,7.112,7.18695,7.00604,6.77356,6.5374,6.23658,5.85781,5.45973,4.87561,4.13066,1.24038e-26,2.1699,5.3637,6.17027,6.21728,6.13127,5.87906,5.59509,5.2335,4.79697,4.299,0,	
1.99117e-06,4.45867,4.83696,4.92929,5.12215,5.35571,5.60149,5.78104,6.06571,6.17007,6.02227,8.06694e-95,1.80542,3.15023,4.09372,4.80577,5.35765,5.79811,6.17587,6.53409,6.77618,6.79288,0,	7.8063e-32,7.38361,7.33362,7.10775,6.92083,6.62315,6.30725,5.98395,5.58359,4.86876,4.2222,1.01952e-26,2.40828,5.49413,6.274,6.31965,6.16127,5.99756,5.74558,5.38391,4.92264,4.36489,0,	
1.89782e-06,4.62744,4.93424,5.00047,5.24973,5.43476,5.65455,5.83635,6.1088,6.24759,6.18556,4.06942e-95,1.94088,3.21799,4.16017,4.85413,5.36537,5.81618,6.20254,6.55113,6.85313,6.86728,0,	6.37032e-32,7.63278,7.49816,7.27685,6.98065,6.71462,6.39412,6.0138,5.52847,5.00133,4.24138,8.6249e-27,2.63225,5.72188,6.37253,6.43703,6.26385,6.04262,5.74909,5.40557,4.97596,4.4228,0,	
1.77869e-06,4.68956,5.05891,5.12346,5.32489,5.53161,5.72798,5.96705,6.12768,6.25361,6.2418,1.92245e-95,1.90692,3.27359,4.23163,4.88742,5.47371,5.88208,6.29949,6.61514,6.8395,6.90411,0,	5.16945e-32,7.80813,7.62828,7.26193,7.11728,6.72602,6.49494,6.08841,5.61095,4.95447,4.31393,7.34331e-27,2.64421,5.90186,6.53466,6.52894,6.37743,6.13409,5.85987,5.43644,4.97631,4.49685,0,	
1.66838e-06,4.78298,5.19514,5.19501,5.38448,5.61132,5.8322,6.03876,6.23427,6.39519,6.26148,9.28774e-96,1.91987,3.30924,4.25578,4.98325,5.5369,6.07157,6.425,6.69623,6.97516,7.00386,0,	4.32104e-32,7.93998,7.82278,7.51302,7.18989,6.82986,6.50785,6.11759,5.6246,5.14256,4.36557,6.23216e-27,2.70004,6.08922,6.68925,6.73154,6.49649,6.12496,5.88781,5.51021,5.09869,4.5459,0,	
1.57244e-06,4.88524,5.24845,5.32986,5.44616,5.65046,5.88585,6.11402,6.32462,6.50023,6.35934,4.47991e-96,1.93669,3.34494,4.34288,5.09336,5.64266,6.04936,6.40445,6.78367,7.12105,7.13703,0,	3.57734e-32,8.15631,7.95695,7.69679,7.4017,7.02059,6.48996,6.11104,5.69419,5.21349,4.49327,5.37019e-27,2.72701,6.15116,6.79135,6.79488,6.58399,6.27205,5.91281,5.51344,5.16383,4.61345,0,	
1.48558e-06,5.00193,5.35876,5.41404,5.55996,5.70312,5.9851,6.16846,6.36501,6.49818,6.50634,2.10286e-96,1.88119,3.3542,4.35609,5.13382,5.69094,6.10153,6.58612,6.89331,7.14778,7.18912,0,	2.91695e-32,8.39785,8.2938,7.83155,7.41205,6.99136,6.58313,6.22577,5.75479,5.19996,4.47251,4.55396e-27,2.69906,6.28972,6.98696,6.93777,6.69948,6.34911,5.97643,5.51417,5.12108,4.66047,0,	
1.41028e-06,5.10844,5.51045,5.46739,5.65644,5.80668,6.04617,6.30215,6.45994,6.67192,6.6896,1.00784e-96,1.88812,3.3692,4.40788,5.14279,5.73199,6.18929,6.65392,6.93722,7.27167,7.3482,0,	2.45191e-32,8.56652,8.42991,7.80867,7.54274,7.15673,6.72192,6.36251,5.83663,5.26895,4.4953,3.93669e-27,2.73834,6.44378,7.13281,7.08527,6.8177,6.48762,6.04968,5.63517,5.1811,4.71823,0,	
1.34631e-06,5.29227,5.60734,5.57382,5.72853,5.85253,6.09024,6.32069,6.5189,6.69895,6.57176,4.93181e-97,1.94795,3.43568,4.44189,5.16826,5.75072,6.25646,6.65778,7.02588,7.30635,7.32449,0,	2.04295e-32,8.74791,8.51335,7.98611,7.55561,7.25876,6.79446,6.37704,5.84603,5.27417,4.56529,3.38136e-27,2.75875,6.51558,7.26355,7.14982,6.84634,6.5575,6.1662,5.67355,5.24258,4.74743,0,	
1.26787e-06,5.35149,5.73083,5.69255,5.77553,5.98126,6.14522,6.36732,6.60668,6.77104,6.69984,2.38075e-97,1.9699,3.40539,4.47842,5.26802,5.83042,6.28814,6.7349,7.00653,7.31396,7.4207,0,	1.69134e-32,8.94044,8.5182,8.06295,7.69984,7.18097,6.84567,6.46165,5.99818,5.32139,4.58299,2.94416e-27,2.79562,6.68125,7.37316,7.25846,6.9799,6.59262,6.25018,5.84828,5.33449,4.76292,0,	
1.20553e-06,5.45105,5.83234,5.73034,5.83078,6.0009,6.17841,6.43312,6.65948,6.81034,6.75959,1.14927e-97,2.01075,3.49005,4.49164,5.3013,5.88669,6.37669,6.76225,7.06576,7.29652,7.44524,0,	1.42511e-32,8.99444,8.7291,8.19411,7.76885,7.33766,6.89927,6.46353,6.02689,5.3846,4.63619,2.55734e-27,2.92245,6.72562,7.4655,7.29318,7.00744,6.58745,6.23984,5.87575,5.43339,4.82893,0,	
1.14717e-06,5.54157,5.89553,5.86851,5.8951,6.03237,6.28413,6.46222,6.7291,6.87995,6.78024,5.56122e-98,1.98987,3.5434,4.57236,5.27094,5.86882,6.33724,6.77595,7.179,7.45008,7.53405,0,	1.20368e-32,9.14692,8.83177,8.30207,7.77214,7.39032,6.99186,6.46346,5.98191,5.4397,4.73392,2.23382e-27,2.93203,6.89475,7.60258,7.37253,7.07461,6.67114,6.37287,5.89165,5.43163,4.93405,0,	
1.08121e-06,5.52944,5.94981,5.88469,5.92789,6.04259,6.26038,6.46931,6.74042,6.86528,6.77608,2.82567e-98,2.02193,3.54582,4.5942,5.32688,5.90108,6.37231,6.81794,7.09327,7.41956,7.39896,0,	9.96514e-33,9.35453,8.91123,8.30603,7.84953,7.38275,6.94375,6.4965,5.98676,5.48999,4.75787,1.92949e-27,2.98698,6.84168,7.62195,7.41697,7.10038,6.67965,6.31245,5.87676,5.46272,4.92454,0,	
1.01253e-06,5.59872,5.94145,5.91557,5.96806,6.07029,6.3304,6.47698,6.73072,6.8996,6.7813,1.38716e-98,2.02824,3.51537,4.61261,5.39352,5.94499,6.45552,6.79039,7.0999,7.40149,7.43263,0,	8.42351e-33,9.43153,8.95699,8.27183,7.84103,7.34583,6.92877,6.55099,6.02115,5.57938,4.79854,1.66262e-27,3.10581,6.99182,7.67144,7.47436,7.09649,6.76718,6.34173,5.9258,5.51255,4.95463,0,	
9.566e-07,5.66877,6.00236,5.92766,5.99604,6.06804,6.32727,6.51074,6.70143,6.92042,6.78271,6.90861e-99,2.09988,3.57314,4.62459,5.42378,5.9725,6.44286,6.87207,7.23599,7.46602,7.53985,0,	7.11467e-33,9.4882,8.95589,8.37352,7.9721,7.4665,7.07295,6.58891,6.15758,5.56635,4.78551,1.45229e-27,3.08216,7.05434,7.72572,7.52298,7.08605,6.77982,6.37563,5.98829,5.5316,4.98173,0,	
9.00149e-07,5.63443,6.08503,6.01402,6.08074,6.14497,6.3548,6.58928,6.78481,6.97732,6.95888,3.31904e-99,1.97399,3.5873,4.64532,5.47258,6.02273,6.52601,6.88466,7.24961,7.5662,7.67374,0,	6.10127e-33,9.60077,9.06392,8.44398,8.00683,7.49193,7.06002,6.6776,6.24829,5.57879,4.81882,1.28286e-27,3.21773,7.12599,7.77561,7.63396,7.18318,6.88115,6.43415,5.98075,5.53925,4.99781,0,	
8.4703e-07,5.67529,6.1647,6.06636,6.13794,6.17814,6.42291,6.62693,6.83137,7.08967,6.91696,1.62937e-99,1.96372,3.54797,4.60905,5.4346,6.03788,6.42775,6.91945,7.29683,7.65592,7.67833,0,	5.19051e-33,9.61964,9.14828,8.39528,8.0973,7.55024,7.14933,6.65799,6.23386,5.59588,4.82411,1.1341e-27,3.34623,7.13214,7.80212,7.58469,7.30495,6.8472,6.5122,6.06968,5.58741,5.02746,0,	
7.91959e-07,5.69248,6.2398,6.11521,6.1554,6.2189,6.42156,6.68596,6.88212,7.06127,6.95263,8.0373e-100,1.98659,3.58583,4.68426,5.43791,5.98645,6.51661,6.87083,7.27528,7.61047,7.68608,0,	4.38752e-33,9.72315,9.14262,8.42319,8.04286,7.57038,7.11224,6.80152,6.2309,5.64314,4.85923,1.00581e-27,3.29441,7.222,7.83092,7.69613,7.29975,6.95628,6.54925,6.10132,5.56992,5.05154,0,	
7.51212e-07,5.71423,6.2582,6.18073,6.1692,6.28599,6.42544,6.65963,6.86749,7.09418,6.99785,3.93617e-100,1.98681,3.56852,4.6554,5.48955,6.08056,6.60321,6.92172,7.29369,7.55927,7.70739,0,	3.74156e-33,9.70792,9.10404,8.55003,8.02739,7.56985,7.25886,6.7176,6.33561,5.72794,4.9049,8.82799e-28,3.40481,7.30257,7.89541,7.69478,7.29556,6.91994,6.54611,6.11132,5.67943,5.06101,0,	
7.08014e-07,5.78476,6.32119,6.20506,6.20859,6.2847,6.47363,6.69575,6.89002,7.10769,6.96514,1.97295e-100,1.99825,3.58685,4.63398,5.45826,6.11513,6.61167,6.98808,7.32096,7.55022,7.66056,0,	3.1958e-33,9.7883,9.1314,8.52568,8.12927,7.65696,7.21321,6.80391,6.23682,5.6911,4.94198,7.77315e-28,3.43983,7.35907,7.96892,7.72284,7.32377,6.98841,6.53827,6.16186,5.67242,5.1002,0,	
6.66233e-07,5.89367,6.38635,6.23742,6.18083,6.321,6.47451,6.78479,6.93992,7.15124,7.11708,9.95268e-101,2.05918,3.60097,4.7118,5.48309,6.1337,6.57478,7.02885,7.34742,7.67341,7.76916,0,	2.71441e-33,9.8417,9.25875,8.69538,8.12247,7.77135,7.30182,6.84421,6.33587,5.63561,4.9881,6.81703e-28,3.46765,7.45505,8.01695,7.795,7.43581,7.0021,6.64093,6.17426,5.70127,5.15431,0,	
6.28928e-07,5.94739,6.41009,6.32838,6.26313,6.35909,6.49142,6.76789,6.99945,7.20203,7.08919,4.90159e-101,2.02953,3.66996,4.79059,5.57903,6.17132,6.63348,7.02728,7.32595,7.70158,7.84435,0,	2.354e-33,9.9697,9.37696,8.71108,8.20315,7.87969,7.30747,6.90542,6.39591,5.73497,4.93546,5.96895e-28,3.34721,7.47879,8.05949,7.88573,7.46659,7.08629,6.65148,6.24777,5.71721,5.15325,0,	
5.92762e-07,6.03286,6.45727,6.40877,6.32679,6.44097,6.58196,6.8387,7.03978,7.23603,7.16036,2.49251e-101,2.07569,3.65665,4.78671,5.64216,6.2142,6.68851,7.09257,7.4852,7.7651,7.8118,0,	2.03329e-33,9.98793,9.53644,8.80755,8.2515,7.79646,7.35841,7.06507,6.49353,5.80337,4.98328,5.24313e-28,3.31111,7.50313,8.18655,7.96769,7.5063,7.17935,6.7505,6.38874,5.80679,5.17611,0,	
5.64067e-07,6.11909,6.53031,6.46286,6.36383,6.50498,6.603,6.86699,7.03844,7.20801,7.13015,1.32344e-101,2.15232,3.72434,4.89371,5.69175,6.25384,6.70449,7.16446,7.41978,7.77529,7.81587,0,	1.73394e-33,9.97473,9.55248,8.91801,8.39514,7.85134,7.42868,7.02892,6.51025,5.80899,5.06361,4.58718e-28,3.34568,7.58729,8.24934,8.07823,7.60341,7.1978,6.72921,6.31721,5.85904,5.22549,0,	
5.35903e-07,6.18297,6.60831,6.5171,6.41859,6.53412,6.67556,6.87927,7.09392,7.31392,7.31581,6.46067e-102,2.10607,3.75419,4.82902,5.65867,6.31742,6.79408,7.16671,7.56529,7.86254,7.96199,0,	1.50011e-33,10.1952,9.5943,8.9193,8.5094,8.00047,7.44156,7.09688,6.47955,5.81407,5.11082,4.08131e-28,3.45772,7.66451,8.28914,8.135,7.74651,7.30735,6.83811,6.35099,5.83835,5.2643,0,	
5.10369e-07,6.26593,6.69278,6.53215,6.47559,6.60036,6.71754,6.92171,7.09951,7.36004,7.34828,3.08897e-102,2.08266,3.72937,4.89956,5.68121,6.34818,6.80468,7.16971,7.53264,7.85323,7.9921,0,	1.30301e-33,10.2567,9.5963,9.03889,8.63742,7.96764,7.41999,6.98056,6.49917,5.84257,5.13394,3.64287e-28,3.52009,7.86783,8.41078,8.20248,7.80122,7.32531,6.78974,6.34984,5.83242,5.27113,0,	
4.83336e-07,6.26098,6.73769,6.61336,6.55311,6.62897,6.76502,6.88701,7.12307,7.36395,7.29311,1.57581e-102,2.12674,3.78897,4.90737,5.6817,6.30517,6.73302,7.17792,7.53968,7.92173,8.01538,0,	1.11831e-33,10.3298,9.69314,9.15454,8.56618,7.89154,7.50345,7.0326,6.60988,5.8573,5.07763,3.19223e-28,3.44858,7.88273,8.48769,8.26021,7.80222,7.2332,6.81862,6.42845,5.88327,5.27342,0,	
4.55907e-07,6.25765,6.72837,6.63901,6.58435,6.569,6.82267,6.90512,7.18426,7.44158,7.24783,7.86699e-103,2.0939,3.72919,4.92025,5.76741,6.31238,6.86016,7.23525,7.55272,7.86225,7.9339,0,	9.675e-34,10.3748,9.71903,9.06502,8.50134,7.98459,7.566,7.10606,6.58355,5.87746,5.17124,2.82207e-28,3.51449,7.89534,8.44621,8.24978,7.78813,7.28842,6.82726,6.46377,5.89636,5.37773,0,	
4.34532e-07,6.34509,6.78859,6.69683,6.61691,6.65842,6.80942,6.95888,7.20439,7.4192,7.35381,3.83738e-103,2.01353,3.72123,4.87336,5.73916,6.36338,6.87899,7.2833,7.61806,7.96856,8.00543,0,	8.31021e-34,10.4541,9.83977,9.11076,8.5052,8.02741,7.65443,7.13012,6.54476,5.90385,5.19788,2.48089e-28,3.49145,7.94672,8.51348,8.24529,7.76696,7.35871,6.96632,6.48051,5.96109,5.35764,0,	
4.08235e-07,6.32178,6.86107,6.77765,6.6571,6.67412,6.84367,6.9932,7.2423,7.46839,7.41842,1.9081e-103,2.06001,3.74228,4.91319,5.75929,6.3339,6.8765,7.29702,7.63241,7.92576,8.03937,0,	7.16656e-34,10.4663,9.93314,9.23254,8.6542,8.05447,7.56401,7.0366,6.61078,6.05608,5.2594,2.15839e-28,3.46938,7.98374,8.63884,8.28541,7.83919,7.3688,6.94009,6.48208,5.97504,5.37485,0,	
3.82917e-07,6.30442,6.87703,6.80964,6.68604,6.7092,6.83393,7.00588,7.28744,7.48955,7.3493,9.734e-104,2.10919,3.7812,4.92284,5.76189,6.36283,6.85729,7.28054,7.70825,7.96254,8.10475,0,	6.08703e-34,10.5387,10.032,9.23975,8.64063,8.11813,7.56561,7.11151,6.70676,6.11574,5.26321,1.90049e-28,3.4669,7.98812,8.67997,8.31604,7.87857,7.33078,6.96297,6.48844,6.02248,5.43795,0,	
3.64089e-07,6.39152,6.93024,6.88364,6.71676,6.69002,6.82222,7.0386,7.27581,7.47255,7.42408,4.95777e-104,2.18762,3.81575,4.97051,5.80688,6.40757,6.90614,7.2842,7.62109,7.91566,8.1219,0,	5.24094e-34,10.5884,10.0255,9.23685,8.64897,8.17456,7.67052,7.27297,6.71911,6.01686,5.27917,1.68281e-28,3.43336,8.03245,8.6841,8.37893,7.92262,7.43049,7.04447,6.48488,5.96115,5.48929,0,	
3.43702e-07,6.3775,6.9011,6.84153,6.77699,6.73452,6.90206,7.06468,7.27683,7.5035,7.38491,2.52309e-104,2.12612,3.81232,4.95507,5.79867,6.4293,6.95341,7.39372,7.68879,7.99277,8.09778,0,	4.54871e-34,10.6772,9.95443,9.40467,8.69055,8.05185,7.71289,7.28416,6.66267,6.03956,5.24406,1.4853e-28,3.48316,8.09217,8.77162,8.45158,7.9623,7.5046,7.07571,6.58305,6.01419,5.4506,0,	
3.25237e-07,6.41753,6.95717,6.89852,6.76288,6.76718,6.9193,7.03909,7.36825,7.53991,7.44518,1.25861e-104,2.09655,3.77985,5.0169,5.91065,6.44569,6.86602,7.31007,7.65293,7.98898,8.11116,0,	3.88833e-34,10.6742,10.0769,9.35875,8.77966,8.10145,7.76676,7.23326,6.64812,6.0995,5.30352,1.30156e-28,3.66256,8.00301,8.81214,8.5273,7.96057,7.50978,7.01785,6.57683,6.0904,5.48737,0,	
3.0875e-07,6.46628,7.01027,6.88607,6.75688,6.80982,6.86418,7.09618,7.30107,7.55288,7.45043,6.21341e-105,2.06825,3.71216,5.00008,5.84774,6.48823,6.96333,7.3932,7.66313,8.0084,8.17958,0,	3.42373e-34,10.7291,10.0728,9.27797,8.72469,8.23563,7.72487,7.17025,6.74989,6.09225,5.28139,1.13963e-28,3.70294,8.19029,8.87611,8.49994,7.92989,7.51859,7.05582,6.58454,6.07403,5.49329,0,	
2.89139e-07,6.42014,7.01039,6.92863,6.84075,6.83717,6.85922,7.14876,7.35729,7.60402,7.55226,3.01144e-105,2.0723,3.64996,4.9501,5.83933,6.47084,6.93369,7.33689,7.7129,8.09019,8.23286,0,	3.0243e-34,10.8095,10.0409,9.40765,8.73517,8.21735,7.66221,7.13169,6.71976,6.11302,5.27204,1.00427e-28,3.79624,8.28805,8.93562,8.51063,8.02862,7.53098,7.01747,6.56396,6.03529,5.48011,0,	
2.7273e-07,6.50909,7.05804,7.02081,6.85498,6.8221,6.87402,7.12726,7.41885,7.60115,7.4664,1.44908e-105,2.06878,3.6809,4.94524,5.86235,6.4516,6.86172,7.34638,7.76261,8.06652,8.15198,0,	2.58524e-34,10.8956,10.0095,9.42999,8.72154,8.19186,7.70804,7.33974,6.69902,6.07388,5.27974,8.92088e-29,3.73509,8.21814,8.91614,8.57513,7.9684,7.59767,6.99356,6.61821,6.03819,5.47659,0,	
2.61195e-07,6.55836,7.07719,6.98487,6.88735,6.82226,6.91904,7.08028,7.34182,7.65732,7.4742,7.43981e-106,2.17539,3.75201,4.97475,5.82258,6.49029,6.94718,7.43832,7.80411,8.03889,8.13075,0,	2.22055e-34,10.904,10.0281,9.4816,8.77638,8.19264,7.8834,7.31441,6.822,6.11735,5.33105,7.83611e-29,3.6267,8.12637,8.91976,8.59786,8.01011,7.5872,7.15386,6.64414,6.07204,5.51378,0,	
2.49547e-07,6.58617,7.0666,6.96697,6.8821,6.84263,6.94774,7.12729,7.40544,7.70426,7.58981,3.57996e-106,2.09168,3.75474,4.97665,5.89909,6.50891,7.06586,7.4392,7.78815,8.16684,8.27135,0,	1.9288e-34,10.8814,10.2833,9.4284,8.80091,8.32007,7.89067,7.41924,6.82447,6.11677,5.33818,6.89428e-29,3.75428,8.1144,8.97787,8.56292,8.07276,7.66133,7.15312,6.63266,6.14743,5.52074,0,	
2.37087e-07,6.61542,7.20569,7.10198,6.97272,6.93833,7.04252,7.24326,7.42766,7.77061,7.7154,1.84982e-106,2.11916,3.78366,5.01979,5.8331,6.57562,7.05389,7.48665,7.80604,8.19472,8.32906,0,	1.69155e-34,10.8937,10.2425,9.60389,8.99137,8.38363,7.90545,7.45728,6.91322,6.17681,5.39202,6.06564e-29,3.63296,8.20318,9.04299,8.63977,8.20585,7.67555,7.27859,6.74641,6.24614,5.57261,0,	
2.28517e-07,6.70795,7.17869,7.13958,7.00015,7.0364,7.0943,7.25243,7.46172,7.81504,7.60168,9.47452e-107,2.12183,3.82029,5.02749,5.9179,6.56569,7.13102,7.48106,7.85149,8.17878,8.33502,0,	1.47166e-34,10.99,10.2777,9.60318,8.93237,8.38441,7.95033,7.52723,6.8985,6.29022,5.46148,5.38379e-29,3.75298,8.22962,9.02236,8.67274,8.20744,7.71429,7.33082,6.84204,6.23604,5.59388,0,	
2.17455e-07,6.75714,7.20767,7.13401,6.99497,7.03317,7.08332,7.23935,7.4499,7.77818,7.63395,4.82175e-107,2.13303,3.7882,5.07521,5.91412,6.53841,7.05271,7.40842,7.73749,8.19319,8.2334,0,	1.28961e-34,11.0228,10.3191,9.38444,8.95405,8.45192,7.89062,7.38755,6.93581,6.20653,5.41386,4.81699e-29,3.89189,8.29034,9.00101,8.71884,8.20891,7.71497,7.26792,6.75279,6.18851,5.61698,0,	
2.03642e-07,6.61718,7.19182,7.15902,7.01806,6.93432,7.0234,7.24829,7.46362,7.7767,7.63455,2.42459e-107,2.19109,3.84543,5.06005,5.96576,6.60718,7.09207,7.48684,7.82933,8.25444,8.39252,0,	1.11391e-34,11.0459,10.3608,9.59879,9.03942,8.47449,7.97081,7.51887,6.97881,6.16831,5.43317,4.29608e-29,3.70538,8.30408,8.92025,8.72391,8.23826,7.77127,7.25527,6.78145,6.2036,5.60749,0,	
1.9425e-07,6.66838,7.24055,7.22135,7.065,6.94437,7.0024,7.19939,7.51037,7.79203,7.65128,1.19791e-107,2.17952,3.8271,5.12533,5.97562,6.56125,7.0966,7.58864,7.89785,8.24011,8.28975,0,	9.58314e-35,11.1021,10.4448,9.6282,9.08384,8.50178,7.93709,7.49891,6.99321,6.21609,5.48676,3.76764e-29,3.65291,8.3877,8.97724,8.77076,8.26143,7.7841,7.28769,6.80709,6.17213,5.60935,0,	
1.8133e-07,6.55453,7.24231,7.202,7.07104,7.00848,7.04626,7.21913,7.5024,7.76448,7.61339,5.87602e-108,2.05215,3.77151,5.09362,6.00325,6.61813,7.0588,7.50302,7.78193,8.15095,8.30415,0,	8.38423e-35,10.9775,10.428,9.6466,8.95627,8.3902,7.97686,7.4553,6.90032,6.21272,5.42129,3.33076e-29,3.75366,8.36655,9.0406,8.80732,8.26279,7.72146,7.28621,6.78949,6.26831,5.60822,0,	
1.70766e-07,6.55249,7.28695,7.24762,7.08884,7.02726,7.07961,7.26344,7.5104,7.77473,7.79726,2.9218e-108,1.97465,3.7231,5.02609,5.94843,6.55278,7.12371,7.56471,7.93263,8.25626,8.42559,0,	7.41202e-35,11.0435,10.4583,9.65641,8.97164,8.39285,8.0482,7.52366,6.9444,6.25541,5.41305,2.97295e-29,3.74669,8.42341,9.07572,8.79689,8.24247,7.72032,7.3317,6.81749,6.27429,5.61145,0,	
1.60946e-07,6.61876,7.32997,7.28736,7.17464,7.08286,7.11183,7.33101,7.49526,7.79781,7.72987,1.46686e-108,2.06468,3.68105,4.9798,5.88591,6.54342,7.13731,7.51599,7.88558,8.30917,8.47797,0,	6.43303e-35,11.1252,10.518,9.68747,8.9833,8.51685,7.99702,7.51989,6.97582,6.31035,5.45829,2.63032e-29,3.75806,8.40709,9.16949,8.78494,8.29812,7.72661,7.31489,6.79135,6.23044,5.67731,0,	
1.53401e-07,6.7048,7.34537,7.27505,7.15495,7.03865,7.09498,7.29035,7.52992,7.81838,7.64986,7.28217e-109,2.11,3.71167,4.9555,5.87618,6.54273,7.09229,7.48189,7.92017,8.17294,8.3278,0,	5.48152e-35,11.129,10.5493,9.78583,9.03313,8.49779,7.97372,7.4871,6.935,6.24197,5.4687,2.344e-29,3.67118,8.37268,9.25943,8.81551,8.30211,7.72684,7.2678,6.76693,6.25616,5.63453,0,	
1.44695e-07,6.61066,7.31099,7.30036,7.14732,7.01797,7.13176,7.28652,7.52821,7.77694,7.68289,3.49571e-109,2.10402,3.72873,5.01464,5.92978,6.66878,7.11619,7.49477,7.89785,8.24704,8.26974,0,	4.70074e-35,11.1954,10.519,9.71279,9.03256,8.55073,8.03703,7.48753,6.87038,6.26038,5.44622,2.0722e-29,3.56696,8.35915,9.31778,8.91049,8.37903,7.85352,7.33284,6.80403,6.16953,5.58176,0,	
1.36156e-07,6.59623,7.29726,7.29072,7.12921,6.98884,7.1583,7.26952,7.54084,7.73469,7.59543,1.72297e-109,2.12294,3.75344,4.99023,5.92598,6.65758,7.16687,7.57877,7.94329,8.27439,8.28742,0,	4.01508e-35,11.2632,10.504,9.67935,9.01346,8.52708,8.09063,7.538,6.90038,6.25871,5.47073,1.86744e-29,3.73452,8.35631,9.22524,8.84371,8.364,7.82301,7.30831,6.83963,6.17627,5.60691,0,	
1.30189e-07,6.66101,7.26591,7.22556,7.09573,6.98908,7.08163,7.32261,7.56358,7.68355,7.56708,8.70558e-110,2.01705,3.76267,5.00898,5.92116,6.531,7.14036,7.62937,7.87352,8.23287,8.29953,0,	3.47363e-35,11.2536,10.4846,9.56351,8.95314,8.49797,8.0389,7.51874,6.96929,6.25324,5.51734,1.64299e-29,3.66515,8.404,9.1842,8.78086,8.33487,7.77219,7.32873,6.84814,6.22321,5.66632,0,	
1.23293e-07,6.6381,7.28324,7.23488,7.16346,6.99946,7.08971,7.35224,7.56398,7.73038,7.70984,4.1623e-110,1.99716,3.73897,5.04177,5.9323,6.58963,7.10734,7.53641,7.92129,8.36767,8.3725,0,	3.01724e-35,11.2474,10.3631,9.70914,9.03113,8.53917,8.05516,7.56794,7.00202,6.30185,5.48342,1.47237e-29,3.70738,8.42177,9.22741,8.83528,8.31701,7.80265,7.32759,6.836,6.25821,5.6931,0,	
1.17231e-07,6.69864,7.29132,7.23417,7.16671,7.04515,7.07963,7.34404,7.58746,7.78837,7.53383,2.06636e-110,2.05711,3.70648,4.96869,5.87193,6.59416,7.0813,7.55496,7.89292,8.27476,8.25733,0,	2.54639e-35,11.229,10.3728,9.73753,9.06769,8.45855,7.96061,7.44194,6.9489,6.33442,5.52086,1.29956e-29,3.68087,8.38574,9.17264,8.86738,8.29205,7.87509,7.30461,6.81583,6.2837,5.72623,0,	
1.11288e-07,6.68891,7.34125,7.28376,7.18041,7.01529,7.11243,7.31709,7.54081,7.82648,7.71161,1.06686e-110,2.0871,3.78644,5.03455,5.91534,6.53128,7.0413,7.50113,7.86919,8.20725,8.32604,0,	2.20123e-35,11.2653,10.4632,9.63941,9.13538,8.56399,7.92592,7.59643,6.95458,6.28787,5.5569,1.14611e-29,3.74964,8.44443,9.18324,8.88639,8.33126,7.86947,7.29997,6.86381,6.30872,5.72104,0,	
1.05901e-07,6.71771,7.37268,7.35028,7.20388,7.08183,7.14309,7.3231,7.59083,7.90101,7.788,5.37756e-111,2.05525,3.79548,5.08026,6.00091,6.69852,7.1196,7.49389,7.87334,8.27107,8.32015,0,	1.87715e-35,11.2435,10.4047,9.72886,9.10724,8.58849,8.07839,7.56949,7.06686,6.46835,5.61875,1.02381e-29,3.82935,8.39514,9.22665,8.91603,8.39678,7.85551,7.4207,6.96022,6.43925,5.7873,0,	
1.00694e-07,6.72329,7.35857,7.34377,7.26142,7.15431,7.14567,7.36282,7.61521,7.90856,7.79783,2.66114e-111,2.018,3.6693,4.9571,5.96545,6.60982,7.15428,7.51963,7.97659,8.35997,8.43303,0,	1.64493e-35,11.342,10.5327,9.73033,8.93249,8.5756,8.13489,7.66725,7.08895,6.42253,5.68465,9.00034e-30,3.86792,8.44021,9.16105,8.8981,8.42248,7.87961,7.45487,6.9193,6.40302,5.84682,0,	
9.62805e-08,6.78394,7.38168,7.36771,7.29682,7.11682,7.15404,7.34838,7.60686,7.87312,7.79272,1.34135e-111,2.03651,3.74118,4.97186,5.99138,6.59857,7.15444,7.59024,7.92803,8.22201,8.36725,0,	1.43225e-35,11.3162,10.5452,9.69156,8.98977,8.47481,7.99948,7.60321,7.09738,6.52708,5.73836,8.02705e-30,3.86486,8.53119,9.1933,8.92558,8.41427,7.83847,7.44639,6.92198,6.40721,5.8469,0,	
9.24298e-08,6.82068,7.34809,7.37743,7.28284,7.17995,7.11206,7.30701,7.6258,7.87483,7.7072,6.55861e-112,1.99054,3.74395,5.05065,5.98581,6.67058,7.13722,7.56002,7.94341,8.29439,8.37006,0,	1.22923e-35,11.2752,10.4253,9.72233,9.08826,8.6031,8.00258,7.62305,7.09542,6.47083,5.67002,7.07358e-30,3.81365,8.52593,9.24263,8.95797,8.41219,7.86328,7.43803,6.92183,6.47064,5.85172,0,	
8.78851e-08,6.80316,7.36843,7.386,7.31359,7.21219,7.14648,7.32219,7.58585,7.86076,7.70845,3.27429e-112,2.03008,3.72853,5.02799,5.93586,6.64354,7.15035,7.53307,8.00147,8.38757,8.44536,0,	1.07544e-35,11.182,10.4671,9.69383,8.99725,8.53234,8.19961,7.67194,7.13481,6.49109,5.71526,6.21841e-30,3.89029,8.54343,9.2276,8.94662,8.37396,7.92144,7.44288,6.95946,6.46877,5.87297,0,	
8.36976e-08,6.81759,7.39203,7.3602,7.29516,7.1393,7.13141,7.32177,7.60458,7.87991,7.65951,1.63857e-112,2.11475,3.73273,5.01567,6.00154,6.64063,7.16072,7.54778,7.93361,8.27389,8.26364,0,	9.16371e-36,11.2636,10.365,9.52335,9.09055,8.63442,8.23563,7.76652,7.07975,6.36486,5.69231,5.53265e-30,3.95432,8.47034,9.25031,8.82848,8.38814,7.93921,7.47982,7.02906,6.45692,5.84444,0,	
7.88846e-08,6.76733,7.39369,7.40143,7.33512,7.14876,7.17552,7.34207,7.67941,7.86732,7.8358,8.14113e-113,2.10422,3.78996,4.98691,5.9179,6.57788,7.18048,7.59581,7.94485,8.31263,8.45775,0,	7.98525e-36,11.2155,10.321,9.63927,9.17994,8.47572,8.09565,7.72262,7.23107,6.60325,5.69448,4.974e-30,4.0175,8.52073,9.23424,8.88012,8.39794,7.95353,7.50469,7.07672,6.47142,5.86489,0,	
7.37558e-08,6.72365,7.41131,7.43282,7.38301,7.17391,7.16492,7.32304,7.61828,7.80738,7.73098,4.00942e-113,2.03576,3.78753,5.04405,5.9675,6.56946,7.10463,7.54258,7.95036,8.31546,8.37518,0,	6.86431e-36,11.2398,10.4259,9.72774,9.04417,8.60279,8.0568,7.73664,7.16797,6.47194,5.67258,4.37267e-30,3.9297,8.523,9.22334,8.89388,8.40962,7.93371,7.50208,7.00126,6.44313,5.82227,0,	
7.01292e-08,6.78627,7.40396,7.42566,7.38636,7.20312,7.20826,7.25421,7.59157,7.81544,7.75138,1.95416e-113,2.0127,3.74382,5.06533,5.98045,6.70891,7.23249,7.5653,7.95194,8.21427,8.40605,0,	5.97199e-36,11.1948,10.4676,9.65219,9.10198,8.61312,8.19228,7.71994,7.14495,6.47337,5.68347,3.87182e-30,3.89112,8.60735,9.27651,8.90246,8.41185,7.96816,7.55314,6.98504,6.42307,5.84543,0,	
6.73783e-08,6.88512,7.47955,7.45925,7.36346,7.24445,7.24999,7.29076,7.53227,7.86267,7.76079,9.71687e-114,1.96667,3.70207,5.01561,6.00231,6.72067,7.23568,7.63134,7.85248,8.19216,8.37347,0,	5.14601e-36,11.2209,10.4725,9.67654,9.06105,8.60452,8.10346,7.74496,7.17925,6.48635,5.69017,3.42286e-30,3.75325,8.69597,9.30167,8.98471,8.40517,7.96824,7.58653,7.08283,6.46028,5.85661,0,	
6.38606e-08,6.83444,7.4561,7.43696,7.34783,7.2541,7.2328,7.35732,7.60393,7.85015,7.71229,4.70193e-114,2.01539,3.70238,4.96865,5.94394,6.72254,7.22541,7.64334,8.00245,8.23041,8.35405,0,	4.47347e-36,11.3165,10.4207,9.64899,9.04308,8.73718,8.20588,7.71909,7.17055,6.456,5.69685,3.05271e-30,3.75552,8.64888,9.31304,8.97075,8.41216,7.98119,7.50743,7.05614,6.45778,5.85106,0,	
6.0964e-08,6.83703,7.4926,7.45415,7.34403,7.28005,7.25589,7.3996,7.64464,7.85933,7.84137,2.30087e-114,1.98388,3.70976,4.92881,5.93059,6.633,7.20695,7.698,7.9948,8.25893,8.4353,0,	3.93265e-36,11.3522,10.3907,9.74916,9.23077,8.67713,8.21913,7.63708,7.06096,6.52917,5.67075,2.74886e-30,3.85638,8.60569,9.32447,8.87505,8.47556,7.92042,7.5519,7.00764,6.49469,5.94085,0,	
5.73205e-08,6.84759,7.49731,7.50247,7.37598,7.25756,7.2914,7.44822,7.65097,7.94617,7.96804,1.07056e-114,1.94944,3.58476,4.89071,5.90359,6.67896,7.20908,7.6632,8.06238,8.39341,8.54511,0,	3.46275e-36,11.3936,10.5808,9.86494,9.24696,8.59531,8.07656,7.71759,7.20732,6.5116,5.71797,2.4575e-30,4.05289,8.66844,9.32319,8.9247,8.3719,7.90954,7.54717,7.08247,6.4554,5.91792,0,	
5.41976e-08,6.84996,7.50784,7.50965,7.40506,7.29099,7.23452,7.44338,7.69493,7.94441,7.83751,5.32753e-115,2.00998,3.65646,4.94983,5.93807,6.5822,7.09096,7.56834,7.98318,8.32479,8.44447,0,	2.97666e-36,11.2996,10.5068,9.82345,9.15763,8.58139,8.25308,7.75514,7.12735,6.49347,5.75987,2.20229e-30,4.00321,8.58577,9.25598,8.85193,8.4064,7.87374,7.4678,7.11981,6.54885,5.92041,0,	
5.12448e-08,6.85354,7.55838,7.58941,7.42246,7.34012,7.20972,7.41638,7.66649,8.01364,7.90775,2.65544e-115,2.02381,3.71972,5.03356,5.92514,6.5751,7.15462,7.61766,8.02414,8.41855,8.58447,0,	2.62729e-36,11.2859,10.5821,9.98769,9.26593,8.61743,8.19548,7.77151,7.33642,6.59618,5.71776,1.98468e-30,4.08297,8.58726,9.27563,8.98768,8.44059,7.94493,7.42652,7.07189,6.58328,5.94557,0,	
4.84529e-08,6.8766,7.59214,7.5924,7.42204,7.36731,7.2507,7.42969,7.63014,7.96879,7.8583,1.31617e-115,2.00467,3.71255,5.02492,5.97547,6.71284,7.26063,7.64335,8.0069,8.3292,8.40435,0,	2.26391e-36,11.3134,10.615,9.96178,9.2551,8.7034,8.28659,7.77799,7.21977,6.50143,5.78094,1.76299e-30,3.96715,8.6585,9.32303,9.00341,8.4879,8.02176,7.52313,7.05304,6.5291,5.94552,0,	
4.596e-08,6.82814,7.51255,7.51212,7.38582,7.30981,7.22952,7.41855,7.6808,7.93186,7.81863,6.37908e-116,2.07971,3.7122,4.98683,5.95143,6.67932,7.18811,7.73114,8.03951,8.39795,8.47572,0,	1.98703e-36,11.3565,10.5959,9.89059,9.23624,8.63979,8.24507,7.75173,7.20856,6.56643,5.75184,1.54985e-30,3.99443,8.70466,9.34963,9.03296,8.52049,8.09016,7.50412,7.00104,6.47707,5.84343,0,	
4.41925e-08,6.92945,7.53845,7.55972,7.41049,7.29762,7.23824,7.43219,7.65123,7.95342,7.78954,3.09174e-116,2.1021,3.72305,5.00173,5.95832,6.60215,7.12195,7.64172,7.95701,8.34862,8.4769,0,	1.71632e-36,11.398,10.6257,9.89031,9.29464,8.70762,8.30687,7.72905,7.16979,6.40097,5.64932,1.35921e-30,3.92743,8.67635,9.38367,9.07246,8.50479,8.06883,7.55096,7.06508,6.4574,5.84787,0,	
4.19523e-08,6.89994,7.51662,7.52187,7.42902,7.34014,7.26173,7.38396,7.65708,7.92506,7.86921,1.56215e-116,2.14392,3.80282,5.00451,5.99365,6.68296,7.22996,7.57756,7.98145,8.32201,8.53683,0,	1.51609e-36,11.3093,10.7095,9.86347,9.2035,8.68768,8.18815,7.7213,7.32477,6.59194,5.73923,1.22589e-30,4.00619,8.68269,9.37052,9.0467,8.50804,8.05743,7.53359,7.03997,6.5223,5.83826,0,	
3.97939e-08,6.84001,7.51025,7.54647,7.4708,7.29478,7.32984,7.40221,7.60317,7.96291,7.87189,7.26261e-117,1.99421,3.70748,5.00647,5.98945,6.69765,7.14771,7.61567,7.92854,8.24552,8.42795,0,	1.3064e-36,11.4172,10.6476,9.88386,9.06927,8.70602,8.20222,7.73633,7.22187,6.43452,5.74447,1.07941e-30,3.84333,8.65786,9.38243,9.01,8.49731,8.04747,7.54467,7.10629,6.52472,5.89904,0,	
3.78978e-08,6.86574,7.49548,7.5259,7.44754,7.27622,7.26839,7.3774,7.59145,7.85424,7.80335,3.40088e-117,1.95096,3.63488,4.92399,5.9653,6.66078,7.17804,7.546,7.91611,8.28312,8.47098,0,	1.12571e-36,11.3727,10.6413,9.88781,9.11819,8.54773,8.20577,7.70413,7.14809,6.47106,5.72438,9.63453e-31,3.88441,8.71813,9.33111,8.97337,8.47688,8.04559,7.49846,7.04608,6.47308,5.83405,0,	
3.6121e-08,6.89719,7.53295,7.53469,7.43674,7.30115,7.21716,7.35971,7.60092,7.87161,7.81797,1.65889e-117,1.98972,3.67297,4.89779,5.95232,6.64338,7.17452,7.59102,7.96204,8.23672,8.41917,0,	9.5767e-37,11.3399,10.6496,9.75678,9.03517,8.56317,8.26881,7.78526,7.12411,6.58031,5.73288,8.58578e-31,3.98944,8.62244,9.39398,8.95067,8.53603,8.02006,7.59674,7.05777,6.45873,5.86591,0,	
3.429e-08,6.81717,7.50034,7.46079,7.39911,7.27421,7.25057,7.36156,7.61543,7.94024,7.84712,8.04656e-118,2.00963,3.63641,4.92666,5.95389,6.60568,7.24144,7.61715,7.9525,8.35128,8.58133,0,	8.45268e-37,11.2752,10.6227,9.72581,9.14529,8.70219,8.21436,7.69908,7.36685,6.49578,5.73464,7.5297e-31,3.99729,8.68349,9.34344,9.01032,8.48994,8.01011,7.58797,7.06098,6.53161,5.86708,0,	
3.23959e-08,6.84377,7.5041,7.54009,7.47982,7.31856,7.28838,7.39715,7.64952,7.96142,7.90077,3.87813e-118,1.91451,3.64882,4.95518,5.95305,6.59781,7.15263,7.52828,7.94744,8.38293,8.52699,0,	7.44865e-37,11.3168,10.648,9.71378,9.04337,8.6189,8.22104,7.73013,7.27033,6.59621,5.78672,6.69933e-31,3.97089,8.70091,9.38581,9.01945,8.50889,8.01812,7.58562,7.13347,6.49656,5.9009,0,	
3.06799e-08,6.87615,7.5505,7.56844,7.51737,7.35555,7.33451,7.36341,7.67087,7.88624,7.85383,1.81893e-118,1.96224,3.69261,4.91234,5.95009,6.64861,7.2211,7.64734,7.98424,8.23129,8.38659,0,	6.36217e-37,11.3461,10.6144,9.66813,9.20149,8.67902,8.23397,7.70605,7.25026,6.51539,5.80561,5.98444e-31,4.03165,8.60492,9.4144,9.0323,8.49304,8.06096,7.56657,7.03631,6.57772,5.94436,0,	
2.89389e-08,6.80455,7.56297,7.62068,7.51906,7.33047,7.31864,7.42493,7.72505,7.96811,7.95464,8.96521e-119,2.04951,3.65549,4.98474,5.90287,6.64349,7.20185,7.62907,8.05001,8.39449,8.55842,0,	5.50861e-37,11.4203,10.5231,9.81387,9.27736,8.66179,8.24553,7.83616,7.36741,6.62188,5.82826,5.2736e-31,4.12896,8.61207,9.3765,9.07166,8.52826,8.04956,7.58931,7.07566,6.61743,6.00294,0,	
2.74939e-08,6.85959,7.54617,7.63088,7.54001,7.34344,7.35529,7.40993,7.68288,7.99032,7.83414,4.32434e-119,2.00945,3.69974,4.97119,5.96883,6.67247,7.24814,7.64885,8.03214,8.3405,8.48376,0,	4.74671e-37,11.4774,10.5777,9.8293,9.21287,8.6804,8.19299,7.87101,7.28831,6.71925,5.88216,4.62492e-31,4.04524,8.56786,9.35559,9.03437,8.55135,8.07505,7.67301,7.16296,6.55852,6.03581,0,	
2.63521e-08,6.85212,7.53564,7.62371,7.52401,7.37472,7.36322,7.38132,7.67642,7.90988,7.84053,2.03961e-119,1.9865,3.62272,4.93536,5.92591,6.67295,7.28611,7.67364,7.9837,8.36234,8.4573,0,	4.0317e-37,11.4696,10.613,9.94684,9.21984,8.64096,8.24746,7.82685,7.23864,6.64086,5.80224,4.16126e-31,4.11758,8.59521,9.38192,9.06969,8.53235,8.01783,7.61271,7.13223,6.53494,6.00936,0,	
2.4797e-08,6.81771,7.53379,7.63195,7.51802,7.34851,7.37072,7.44251,7.71032,7.99037,7.90393,9.65084e-120,2.01899,3.55914,4.92138,5.98409,6.67874,7.24926,7.63508,8.06881,8.37412,8.47819,0,	3.48242e-37,11.4943,10.719,9.94373,9.26121,8.63845,8.25682,7.73068,7.22698,6.60749,5.84434,3.72913e-31,4.20106,8.56408,9.4519,9.12711,8.53473,8.01288,7.59034,7.10136,6.59831,5.97438,0,	
2.34836e-08,6.83359,7.6,7.63167,7.61194,7.42008,7.35835,7.45988,7.73154,7.98858,7.95977,4.66998e-120,1.90066,3.6268,4.90427,5.94072,6.67009,7.20897,7.63662,8.01345,8.34482,8.58142,0,	3.05652e-37,11.5139,10.7053,9.85189,9.33346,8.67095,8.31137,7.81983,7.2243,6.55465,5.85927,3.32586e-31,4.18013,8.60637,9.45223,9.07785,8.54664,8.00221,7.64822,7.09988,6.63136,6.02536,0,	
2.23468e-08,6.8964,7.59827,7.61853,7.62158,7.44796,7.35042,7.40728,7.6908,7.93175,7.83205,2.21678e-120,1.91129,3.5843,4.8879,5.87939,6.61177,7.17575,7.60456,7.97973,8.33492,8.48858,0,	2.62535e-37,11.5606,10.7512,9.78419,9.18221,8.61947,8.19434,7.75931,7.3245,6.51772,5.79237,2.9781e-31,4.11415,8.70148,9.46397,9.0501,8.55874,8.03069,7.58881,7.09069,6.56669,5.93028,0,	
2.13161e-08,6.93906,7.57007,7.63727,7.60368,7.34657,7.32249,7.42809,7.65615,7.9512,7.92642,1.0565e-120,1.99044,3.6266,4.90429,5.91214,6.61035,7.19394,7.65395,7.97067,8.37935,8.56487,0,	2.29323e-37,11.6138,10.7028,9.75468,9.15417,8.67466,8.217,7.83622,7.28932,6.62748,5.8222,2.67525e-31,4.09453,8.82695,9.45445,9.08691,8.56383,8.11657,7.56731,7.05348,6.48133,5.97936,0,	
2.0268e-08,6.98079,7.59213,7.64835,7.58967,7.37213,7.32346,7.42486,7.70809,7.99891,7.97204,4.84154e-121,1.95314,3.60462,4.89017,5.94405,6.66358,7.25998,7.6303,8.05089,8.38263,8.5374,0,	2.00152e-37,11.565,10.6309,9.93733,9.24941,8.69569,8.23027,7.79193,7.23788,6.63731,5.82117,2.37262e-31,4.24383,8.85573,9.52112,9.07839,8.55918,8.16432,7.60144,7.04895,6.54001,5.95574,0,	
1.93797e-08,6.99483,7.59643,7.63636,7.61308,7.43738,7.36348,7.43039,7.70057,8.03711,7.88178,2.22403e-121,1.95827,3.59754,4.87783,5.93971,6.68848,7.26811,7.6758,8.01958,8.38473,8.45492,0,	1.71505e-37,11.417,10.744,9.95221,9.27288,8.69817,8.2523,7.78205,7.33868,6.57918,5.78892,2.15708e-31,4.21122,8.84847,9.49483,9.08022,8.54692,8.10219,7.58747,7.14064,6.5809,5.90662,0,	
1.82945e-08,6.90747,7.58289,7.67089,7.60997,7.46013,7.41036,7.45173,7.728,8.00913,7.8684,1.07275e-121,1.97284,3.72128,4.90958,5.91685,6.69947,7.28259,7.73029,8.10713,8.41401,8.55777,0,	1.49569e-37,11.5723,10.7265,10.0175,9.32418,8.69451,8.16392,7.89149,7.39563,6.72963,5.83129,1.91613e-31,4.06017,8.86474,9.55684,9.08674,8.60981,8.11852,7.60932,7.07948,6.6262,5.95019,0,	
1.73255e-08,6.89736,7.57539,7.64047,7.57828,7.48861,7.39941,7.46705,7.73249,7.96576,7.84885,5.02744e-122,1.95783,3.63488,4.90436,5.90341,6.67849,7.23692,7.63965,8.03716,8.41815,8.5152,0,	1.27549e-37,11.4592,10.7361,10.0208,9.14753,8.674,8.33384,7.81851,7.34372,6.58841,5.859,1.67909e-31,3.85056,8.80009,9.53495,9.11603,8.62787,8.1195,7.68939,7.09818,6.58336,6.00342,0,	
1.64341e-08,6.88272,7.57326,7.61075,7.5795,7.49592,7.40555,7.51266,7.73696,8.03712,7.94717,2.35988e-122,1.93205,3.68427,4.93401,5.91771,6.69169,7.22103,7.71333,8.15516,8.46114,8.59544,0,	1.10968e-37,11.5116,10.7657,10.0235,9.26667,8.73652,8.22931,7.75377,7.32102,6.76853,5.86208,1.52412e-31,3.96489,8.81289,9.49752,9.18431,8.61743,8.14603,7.68608,7.09606,6.62299,5.96804,0,	
1.54767e-08,6.93948,7.65633,7.64318,7.62328,7.50826,7.40891,7.47273,7.68429,8.06652,7.99383,1.11216e-122,2.04723,3.60583,4.94446,5.96238,6.71606,7.29134,7.75584,8.03174,8.51706,8.68917,0,	9.77869e-38,11.5177,10.7908,10.0167,9.35718,8.76226,8.23468,7.86333,7.51185,6.73278,5.87394,1.35387e-31,3.91584,8.87476,9.50444,9.22302,8.65921,8.09229,7.65155,7.14988,6.66908,5.92439,0,	
1.47275e-08,6.92504,7.64557,7.64873,7.64511,7.58125,7.43347,7.48339,7.66711,8.06641,7.94901,5.3602e-123,1.9518,3.63328,4.95555,5.86051,6.60508,7.22373,7.61569,8.03326,8.38121,8.52928,0,	8.21972e-38,11.4537,10.7319,9.9277,9.28188,8.60195,8.37052,7.86101,7.40063,6.57996,5.86704,1.22205e-31,3.98371,8.74624,9.55466,9.21451,8.60414,8.08989,7.67787,7.23701,6.64586,5.98284,0,	
1.3914e-08,6.89463,7.65869,7.66124,7.61747,7.54273,7.43555,7.51403,7.68707,8.04274,7.95786,2.53426e-123,1.93967,3.61442,4.93758,5.87946,6.66171,7.24435,7.69081,8.07386,8.41178,8.55145,0,	7.10556e-38,11.491,10.7468,9.91162,9.35247,8.63054,8.34055,7.83499,7.49966,6.65101,5.8649,1.07173e-31,3.94938,8.78734,9.51302,9.2333,8.66653,8.0726,7.65009,7.25125,6.6791,6.05895,0,	
1.33148e-08,6.9605,7.63629,7.61614,7.58905,7.46456,7.43016,7.4702,7.71673,8.05769,7.82545,1.17727e-123,1.89808,3.66889,4.87704,5.90874,6.68369,7.29102,7.78553,8.03852,8.39391,8.49635,0,	6.15719e-38,11.4607,10.7325,9.9738,9.34686,8.64588,8.30873,7.99944,7.27436,6.6713,5.88495,9.49734e-32,3.937,8.79554,9.5393,9.23699,8.65226,8.08659,7.63316,7.22272,6.69625,5.97285,0,	
1.26297e-08,6.98194,7.62466,7.64624,7.58295,7.47998,7.41388,7.44587,7.71761,8.05334,7.9838,5.43832e-124,1.97039,3.60112,4.85921,5.82639,6.63913,7.21309,7.66448,8.07412,8.42142,8.63527,0,	5.3525e-38,11.3694,10.8164,10.0003,9.27059,8.75765,8.41432,7.94249,7.2953,6.71118,5.9046,8.30251e-32,3.78538,8.80115,9.53912,9.23685,8.64477,8.05598,7.66145,7.17427,6.6565,6.014,0,	
1.19703e-08,6.99922,7.66504,7.67355,7.61739,7.54935,7.46974,7.48218,7.77821,8.10099,7.99104,2.56298e-124,1.94831,3.65522,4.96283,5.88209,6.65414,7.16395,7.62035,8.0383,8.40675,8.62059,0,	4.67538e-38,11.3772,10.8535,9.95574,9.31336,8.8203,8.36436,7.84453,7.43576,6.73196,5.909,7.33978e-32,3.87713,8.80024,9.64291,9.27195,8.61605,8.16135,7.74853,7.25716,6.7076,6.05981,0,	
1.1264e-08,6.92016,7.64931,7.65587,7.57988,7.48562,7.45706,7.45162,7.73309,8.07699,7.87686,1.13569e-124,1.86739,3.55139,4.88426,5.89856,6.67492,7.23761,7.643,8.00601,8.36874,8.54421,0,	4.03841e-38,11.4338,10.8452,9.9694,9.39756,8.66052,8.22756,7.86563,7.31477,6.58626,5.85521,6.52514e-32,3.91449,8.76802,9.62113,9.23489,8.66576,8.09943,7.62756,7.14857,6.70945,5.98177,0,	
1.07444e-08,6.98628,7.64482,7.6784,7.62872,7.48646,7.45339,7.43791,7.78918,8.03524,7.94433,5.42563e-125,1.91636,3.63753,4.87876,5.9203,6.6706,7.21302,7.63986,8.08191,8.41809,8.62198,0,	3.51907e-38,11.4874,10.8168,10.0188,9.33061,8.71232,8.34087,7.93987,7.333,6.8347,5.90137,5.70423e-32,3.85813,8.73874,9.53127,9.25097,8.65814,8.14218,7.61189,7.28242,6.68893,6.0201,0,	
1.03147e-08,7.05716,7.67797,7.76239,7.69571,7.59905,7.50486,7.49407,7.69778,8.01083,7.99987,2.56109e-125,1.92722,3.6018,4.91878,5.93285,6.69934,7.25451,7.73301,8.04405,8.36936,8.60594,0,	3.09859e-38,11.6317,10.8719,9.94601,9.21882,8.82332,8.44352,8.00945,7.43492,6.67083,5.87561,5.03069e-32,3.86899,8.75379,9.54949,9.20571,8.67026,8.20261,7.78843,7.28186,6.68789,6.08562,0,	
9.82326e-09,7.07032,7.65147,7.72527,7.67554,7.56372,7.49118,7.48133,7.73954,8.00844,7.8836,1.15872e-125,1.95467,3.51498,4.84542,5.88131,6.6767,7.33348,7.69627,8.11182,8.4849,8.54436,0,	2.65298e-38,11.5487,10.7993,10.0484,9.29429,8.86652,8.36222,7.86242,7.47483,6.74695,5.88672,4.40132e-32,3.89911,8.77837,9.56131,9.22215,8.72705,8.261,7.71815,7.1952,6.64181,6.05627,0,	
9.33278e-09,7.06888,7.66084,7.75286,7.74345,7.57166,7.53962,7.50094,7.7037,8.04644,8.08197,5.39998e-126,1.97193,3.54977,4.88481,5.88567,6.66346,7.23611,7.61521,8.03618,8.36245,8.56689,0,	2.30811e-38,11.5653,10.7985,9.99854,9.41175,8.85558,8.34805,7.97983,7.3556,6.61045,5.78421,3.97277e-32,3.89085,8.84858,9.56948,9.27998,8.768,8.25784,7.76649,7.25966,6.66632,6.03197,0,	
8.87388e-09,7.0478,7.64956,7.72905,7.64584,7.5316,7.47737,7.52609,7.72268,8.00301,7.88133,2.51253e-126,1.9539,3.58726,4.82535,5.87283,6.60583,7.19938,7.62864,8.02126,8.45104,8.51434,0,	1.98728e-38,11.4867,10.8212,10.2033,9.44526,8.62537,8.26374,7.91135,7.36367,6.60755,5.82376,3.54599e-32,3.86486,8.7428,9.55416,9.30338,8.79496,8.29396,7.69755,7.18273,6.58471,5.98448,0,	
8.60118e-09,7.15976,7.6819,7.71485,7.67225,7.51401,7.49191,7.50112,7.71143,8.01797,8.02422,1.17561e-126,1.92066,3.56082,4.8784,5.88398,6.69441,7.27721,7.59467,7.9632,8.32106,8.59076,0,	1.73588e-38,11.5011,10.8674,10.1187,9.33398,8.62381,8.26144,7.98599,7.27935,6.67711,5.89609,3.15242e-32,3.85989,8.82736,9.60172,9.36521,8.72893,8.26321,7.70625,7.22796,6.66932,6.01523,0,	
8.09362e-09,7.06539,7.66334,7.70477,7.63016,7.55301,7.47784,7.47142,7.70393,8.07465,7.90133,5.51388e-127,1.99104,3.57525,4.87636,5.87637,6.62417,7.16044,7.58508,7.95671,8.42515,8.497,0,	1.48862e-38,11.5448,10.9066,10.0135,9.21444,8.6847,8.2286,7.88575,7.39248,6.69008,5.84998,2.82505e-32,3.82758,8.78193,9.59658,9.35563,8.72161,8.24484,7.66263,7.19334,6.6204,6.01196,0,	
7.76992e-09,7.02149,7.64888,7.68155,7.61083,7.50425,7.47568,7.4655,7.68153,8.00094,7.90909,2.55528e-127,1.94279,3.61728,4.85807,5.88083,6.6887,7.29217,7.67221,8.02662,8.33463,8.52939,0,	1.29615e-38,11.5108,10.7082,9.94357,9.29009,8.77302,8.26966,7.90009,7.4319,6.71179,5.86715,2.55611e-32,4.04793,8.69385,9.54318,9.2912,8.69981,8.21951,7.66906,7.22006,6.64662,5.99932,0,	
7.38196e-09,6.95445,7.65144,7.70052,7.6261,7.57977,7.47334,7.48938,7.71289,8.00938,8.07485,1.21782e-127,1.92118,3.59376,4.92702,5.89266,6.64684,7.22259,7.66449,8.01605,8.35387,8.60375,0,	1.14585e-38,11.451,10.7747,10.002,9.30885,8.66368,8.24639,7.94674,7.44838,6.67327,5.88432,2.2925e-32,4.07611,8.81356,9.52012,9.27376,8.70388,8.19449,7.67843,7.28366,6.64233,6.02118,0,	
7.01337e-09,6.98933,7.62034,7.75677,7.69408,7.62998,7.49817,7.4951,7.75519,8.03955,8.02296,5.67996e-128,1.91306,3.52154,4.86139,5.91275,6.68768,7.26545,7.61795,8.02392,8.42676,8.63423,0,	1.00894e-38,11.4962,10.7533,10.0351,9.31765,8.75428,8.35576,7.9338,7.37228,6.72574,5.8961,2.06267e-32,4.20175,8.82965,9.53726,9.21278,8.59871,8.21794,7.70078,7.28041,6.64472,6.01824,0,	
6.61007e-09,6.93374,7.64911,7.73997,7.62827,7.6575,7.49198,7.46019,7.77719,8.10329,7.948,2.65127e-128,1.92813,3.56668,4.89236,5.90292,6.7285,7.25014,7.68971,8.06838,8.48183,8.51219,0,	8.7778e-39,11.4593,10.8012,9.96382,9.32689,8.85409,8.41961,7.92663,7.41239,6.71856,5.85432,1.86332e-32,4.13833,8.85045,9.55399,9.25227,8.63835,8.14946,7.74657,7.25917,6.69116,6.03607,0,	
6.22997e-09,6.91782,7.61943,7.70021,7.656,7.61993,7.47114,7.49193,7.78568,8.10394,7.96385,1.25049e-128,1.94386,3.48719,4.82035,5.93801,6.72395,7.19245,7.70093,8.08819,8.44922,8.55889,0,	7.3725e-39,11.4125,10.7591,10.0721,9.39173,8.8234,8.36946,7.88298,7.40353,6.78005,5.92145,1.65254e-32,4.01086,8.65696,9.46664,9.32059,8.7144,8.151,7.72733,7.33211,6.70791,6.08824,0,	
5.92364e-09,6.91809,7.59525,7.66334,7.65114,7.57021,7.48579,7.49907,7.79574,8.10982,7.93097,5.35368e-129,1.83788,3.47592,4.7396,5.77646,6.58872,7.21359,7.64988,8.15198,8.43833,8.53732,0,	6.30721e-39,11.4061,10.6789,10.1867,9.55869,8.86119,8.31599,7.74515,7.26085,6.56616,5.82406,1.45975e-32,3.99703,8.62292,9.43071,9.30144,8.79526,8.20526,7.69384,7.22412,6.60676,6.02453,0,	
5.63688e-09,6.97427,7.64706,7.67542,7.62384,7.57506,7.45007,7.5115,7.75656,8.09051,7.9115,2.50899e-129,1.85288,3.47238,4.77872,5.8224,6.58201,7.20025,7.71074,8.04741,8.32807,8.50231,0,	5.5314e-39,11.4717,10.7768,10.1667,9.34274,8.68799,8.23348,7.80834,7.35238,6.70893,5.84662,1.28533e-32,4.05541,8.73282,9.46936,9.34239,8.73726,8.23285,7.65638,7.17952,6.62461,6.01564,0,	
5.3683e-09,6.93214,7.6389,7.69065,7.60452,7.51711,7.45371,7.51154,7.72548,8.02282,7.98761,1.11981e-129,1.9186,3.44373,4.75362,5.8348,6.56092,7.17426,7.68898,8.02105,8.33344,8.61471,0,	4.72836e-39,11.5135,10.8695,10.1711,9.43673,8.7018,8.24175,7.91324,7.25371,6.55656,5.80205,1.16017e-32,4.1402,8.75783,9.43352,9.30616,8.75503,8.19553,7.6794,7.14568,6.55299,5.99963,0,	
5.14124e-09,7.0431,7.69102,7.72854,7.68528,7.58527,7.46528,7.51924,7.70092,8.05032,8.01406,4.95015e-130,1.83546,3.40344,4.68259,5.81486,6.60626,7.20872,7.69335,8.08593,8.44637,8.59484,0,	4.16005e-39,11.517,10.8866,10.0852,9.30597,8.7197,8.46158,7.89629,7.29123,6.58422,5.86258,1.03389e-32,4.09485,8.86197,9.57866,9.27941,8.72162,8.1895,7.71562,7.17684,6.6232,5.99346,0,	
4.88453e-09,7.01538,7.66642,7.68179,7.7016,7.51363,7.46212,7.4949,7.74587,8.024,7.85431,2.17078e-130,1.86074,3.43172,4.74495,5.75578,6.55948,7.18582,7.67852,7.95473,8.35186,8.45006,0,	3.54757e-39,11.5098,10.8158,10.0222,9.33765,8.64739,8.21626,7.78226,7.34744,6.6037,5.85719,9.14e-33,4.07541,8.82133,9.57267,9.24781,8.74035,8.24639,7.64652,7.18156,6.55021,6.01263,0,	
4.64808e-09,7.01585,7.65829,7.69023,7.62791,7.54069,7.48574,7.48744,7.7662,8.03431,7.88573,9.76645e-131,1.844,3.4535,4.75287,5.80793,6.58181,7.10835,7.6353,7.97521,8.42853,8.5486,0,	3.12118e-39,11.5666,10.845,10.15,9.12301,8.58439,8.26029,7.82364,7.36268,6.6333,5.82219,8.16466e-33,4.04639,8.84755,9.60057,9.2477,8.74506,8.20741,7.68895,7.22327,6.63164,5.98521,0,	
4.45861e-09,7.07842,7.64527,7.69153,7.66842,7.57405,7.47759,7.51533,7.67308,8.05437,8.01125,4.59906e-131,1.94264,3.53731,4.81602,5.72837,6.58557,7.19142,7.61308,8.05647,8.4279,8.5702,0,	2.75264e-39,11.6053,10.78,9.98656,9.24047,8.53745,8.16475,7.99091,7.44383,6.70915,5.85958,7.33438e-33,4.1579,8.92147,9.65735,9.31086,8.68955,8.12425,7.7096,7.2651,6.65506,5.98677,0,	
4.24617e-09,7.0247,7.65922,7.71497,7.66722,7.58811,7.51515,7.49543,7.67535,8.11279,7.87149,2.1433e-131,1.93607,3.52073,4.79114,5.85803,6.61574,7.17444,7.6901,8.11361,8.53942,8.6931,0,	2.40634e-39,11.6255,10.7499,9.94943,9.26962,8.60346,8.38552,8.01799,7.49732,6.78841,5.87313,6.54124e-33,4.25722,8.85057,9.61219,9.29699,8.66948,8.10717,7.7058,7.25487,6.66677,6.05086,0,	
4.06983e-09,7.04861,7.71118,7.68763,7.74881,7.6337,7.56152,7.5167,7.77032,8.05933,8.04423,9.50488e-132,1.90754,3.49601,4.8259,5.81091,6.62798,7.21349,7.67326,8.05379,8.4048,8.60476,0,	2.10867e-39,11.6104,10.7724,10.1075,9.23704,8.78955,8.31743,7.93617,7.44449,6.62185,5.91439,5.93275e-33,4.26954,8.94563,9.61516,9.22502,8.68964,8.17895,7.74972,7.2442,6.70162,6.01621,0,	
3.91018e-09,7.10376,7.69133,7.7237,7.74688,7.6451,7.56242,7.55553,7.78598,8.04649,7.95985,4.3314e-132,1.9367,3.56396,4.77713,5.81768,6.59883,7.18519,7.6591,8.02957,8.35038,8.55989,0,	1.85819e-39,11.6732,10.7522,9.9873,9.21,8.76352,8.30887,8.03359,7.35017,6.66566,5.88187,5.24481e-33,4.32116,8.84584,9.66919,9.21091,8.70551,8.1953,7.76558,7.20055,6.65291,6.09556,0,	
3.70604e-09,7.02535,7.70785,7.72404,7.7142,7.66556,7.51178,7.50446,7.71219,8.04597,7.91852,1.9691e-132,1.90707,3.54575,4.80299,5.83907,6.64993,7.22869,7.6499,7.9307,8.39424,8.53759,0,	1.58842e-39,11.6954,10.7694,9.9751,9.23133,8.65767,8.34239,7.85587,7.41876,6.72513,5.8545,4.69639e-33,4.19694,8.88249,9.65553,9.16392,8.64456,8.2113,7.79166,7.22313,6.616,6.07375,0,	
3.51817e-09,6.99798,7.68656,7.73189,7.71103,7.62604,7.52197,7.54943,7.74639,8.09517,8.00004,8.83782e-133,1.82388,3.46652,4.81597,5.84779,6.64043,7.25011,7.67847,8.02131,8.45296,8.58772,0,	1.37532e-39,11.6726,10.8137,10.0325,9.33702,8.80475,8.2971,7.86249,7.37491,6.72807,5.80431,4.19859e-33,4.04413,9.01,9.63284,9.18284,8.62051,8.17868,7.78906,7.28686,6.65934,6.00565,0,	
3.34251e-09,7.00157,7.67263,7.73922,7.69084,7.60995,7.52724,7.53929,7.80747,8.12805,8.02766,4.15844e-133,1.89891,3.45098,4.73612,5.80403,6.66047,7.26245,7.69319,8.09294,8.52878,8.69263,0,	1.19462e-39,11.6153,10.7241,10.0811,9.31031,8.77224,8.29359,8.02618,7.43185,6.83511,5.93512,3.70284e-33,4.025,8.99656,9.633,9.20378,8.63203,8.23532,7.7417,7.29511,6.76168,6.05106,0,	
3.13772e-09,6.95297,7.72326,7.80433,7.74137,7.61763,7.56518,7.53861,7.80357,8.1469,8.13135,1.80472e-133,1.78247,3.41658,4.71829,5.76819,6.54004,7.23309,7.65735,7.98093,8.47844,8.77342,0,	1.03933e-39,11.6011,10.6647,10.0414,9.30162,8.59589,8.33709,7.95193,7.43831,6.7921,5.96995,3.3557e-33,4.21867,8.96061,9.55764,9.27342,8.60412,8.15334,7.73034,7.28547,6.78479,6.12669,0,	
2.98344e-09,6.95283,7.72985,7.83501,7.74892,7.65045,7.61437,7.58677,7.76126,8.08553,7.95608,8.15207e-134,1.79071,3.36042,4.72213,5.75666,6.56753,7.19457,7.65025,8.02094,8.43161,8.57241,0,	8.99168e-40,11.5726,10.6719,9.84562,9.21632,8.81651,8.26842,7.92563,7.51702,6.82206,5.93459,2.96896e-33,4.11309,8.93915,9.54684,9.23931,8.5937,8.14501,7.72279,7.34249,6.78182,6.15254,0,	
2.84812e-09,7.02528,7.71375,7.8075,7.69353,7.68401,7.60179,7.55814,7.74157,8.08654,8.01492,3.65009e-134,1.846,3.42514,4.73285,5.74469,6.51966,7.2107,7.64011,8.03213,8.35695,8.57388,0,	7.89198e-40,11.575,10.6221,9.88081,9.31786,8.766,8.29567,7.88121,7.41169,6.75678,5.93422,2.64578e-33,4.28092,8.98901,9.52704,9.22846,8.67369,8.21455,7.73426,7.28816,6.76575,6.12432,0,	
2.6951e-09,7.0467,7.72409,7.80687,7.73429,7.66887,7.59679,7.54384,7.69459,8.10455,7.96295,1.65406e-134,1.90917,3.43008,4.72551,5.76211,6.50638,7.1578,7.60755,8.05347,8.44893,8.59388,0,	6.81134e-40,11.6519,10.6725,9.95405,9.41249,8.71827,8.16469,7.91372,7.50699,6.78986,5.95947,2.354e-33,4.05777,9.01625,9.5506,9.27121,8.66926,8.16566,7.71941,7.33362,6.72566,6.09495,0,	
2.57698e-09,7.0944,7.70737,7.80853,7.71721,7.67866,7.57847,7.54629,7.6819,8.11717,7.95314,7.64086e-135,1.90484,3.49377,4.77393,5.79407,6.62537,7.23923,7.70045,8.00562,8.39699,8.55482,0,	5.94966e-40,11.5437,10.6837,9.9956,9.36854,8.72908,8.28691,7.925,7.54987,6.80749,5.96949,2.13503e-33,4.1825,8.86133,9.55232,9.23535,8.71694,8.22862,7.76076,7.34907,6.77419,6.09068,0,	
2.45616e-09,7.08255,7.68592,7.74428,7.76179,7.63831,7.52585,7.5226,7.7271,8.14987,7.98313,3.46251e-135,1.83618,3.47496,4.72167,5.80541,6.58576,7.17626,7.71563,8.03134,8.43774,8.60363,0,	5.1432e-40,11.5419,10.6747,9.99294,9.39914,8.69284,8.28403,8.02287,7.54064,6.77667,5.94711,1.90414e-33,4.11568,8.85096,9.58174,9.23825,8.65745,8.18147,7.69248,7.32549,6.81136,6.1622,0,	
2.33913e-09,7.06517,7.69624,7.71116,7.69536,7.64975,7.51104,7.44902,7.77625,8.08985,7.93699,1.58674e-135,1.87466,3.41169,4.73976,5.78004,6.57227,7.15041,7.64498,8.04357,8.50406,8.62267,0,	4.41415e-40,11.4415,10.8232,10.0349,9.31414,8.69811,8.22905,7.91508,7.5563,6.85503,5.98822,1.65397e-33,4.00853,8.82259,9.59799,9.23815,8.71058,8.15507,7.71889,7.3001,6.72068,6.15938,0,	
2.2384e-09,7.06697,7.70432,7.72505,7.74235,7.61683,7.48252,7.49393,7.69239,8.0738,7.90313,7.1274e-136,1.89775,3.43036,4.6893,5.74741,6.59738,7.19157,7.6147,8.05775,8.42139,8.54463,0,	3.79451e-40,11.4803,10.9464,10.0931,9.29146,8.74439,8.1513,7.95986,7.56833,6.74095,5.91313,1.44473e-33,3.92658,8.81169,9.5994,9.32437,8.73225,8.12416,7.68414,7.29325,6.70579,6.08978,0,	
2.13516e-09,7.0708,7.73046,7.74073,7.76355,7.6243,7.52796,7.51677,7.74519,8.08139,8.03249,3.14816e-136,1.84656,3.50114,4.71029,5.71121,6.53714,7.13636,7.59281,8.00445,8.3513,8.54381,0,	3.25924e-40,11.4935,10.8832,10.0421,9.37152,8.77555,8.15584,7.83298,7.42901,6.77707,6.0054,1.30929e-33,3.98191,8.74971,9.7065,9.2996,8.72518,8.1151,7.63295,7.27745,6.81638,6.16451,0,	
2.01561e-09,6.98629,7.69305,7.70919,7.70547,7.62291,7.48485,7.47359,7.74055,8.06945,7.98787,1.39277e-136,1.83793,3.47084,4.75563,5.80215,6.61168,7.19792,7.61263,8.05657,8.44664,8.46165,0,	2.79053e-40,11.5877,10.8547,10.0723,9.29231,8.61438,8.20611,7.9343,7.42205,6.85841,5.97736,1.15932e-33,3.92767,8.78576,9.66841,9.31117,8.74472,8.13887,7.63048,7.27098,6.75716,6.11621,0,	
1.9165e-09,6.96425,7.66972,7.69932,7.71684,7.58918,7.50169,7.50095,7.70114,8.00123,7.89814,6.13709e-137,1.8682,3.44395,4.79387,5.8137,6.56809,7.13754,7.62498,7.94283,8.40414,8.55294,0,	2.42778e-40,11.5818,10.8466,10.0281,9.28715,8.69128,8.19908,7.83785,7.43129,6.71141,5.90117,1.03065e-33,4.02331,8.83979,9.65453,9.31655,8.70729,8.14852,7.66418,7.19639,6.66117,6.08194,0,	
1.82226e-09,6.94829,7.62161,7.678,7.72937,7.6049,7.41449,7.48858,7.71275,7.99182,7.85396,2.70208e-137,1.85067,3.42193,4.71041,5.79132,6.63592,7.17373,7.65743,7.94403,8.37497,8.5242,0,	2.08697e-40,11.633,10.8381,10.0487,9.32938,8.54924,8.08059,7.83514,7.41268,6.7786,5.89603,9.18458e-34,3.9494,8.86569,9.67669,9.31004,8.68221,8.07555,7.59317,7.18979,6.72083,6.03451,0,	
1.75359e-09,7.01352,7.65424,7.66063,7.6963,7.60854,7.45788,7.41462,7.67953,8.04496,7.98425,1.15221e-137,1.81102,3.36213,4.60182,5.67618,6.54468,7.19758,7.62903,7.96805,8.37609,8.61471,0,	1.80698e-40,11.5867,10.826,10.1102,9.19254,8.50461,8.17374,7.77171,7.32154,6.67541,5.93858,8.20449e-34,4.11602,8.88716,9.66011,9.30301,8.67523,8.09434,7.584,7.14346,6.69303,6.01288,0,	
1.67137e-09,7.00695,7.65699,7.69548,7.67428,7.62188,7.53565,7.40159,7.65753,8.07782,7.9611,5.24645e-138,1.87328,3.33693,4.69703,5.71398,6.47913,7.10607,7.55676,7.99004,8.42872,8.54853,0,	1.56205e-40,11.5618,10.7958,10.066,9.23268,8.52427,8.20376,7.83605,7.41623,6.74753,5.88625,7.32898e-34,4.03454,8.87084,9.65792,9.30907,8.67083,8.06208,7.63231,7.16816,6.63894,5.98378,0,	
1.60453e-09,7.03145,7.62224,7.66664,7.69572,7.63734,7.51223,7.45034,7.66646,8.04996,7.91028,2.36418e-138,1.88295,3.37195,4.68065,5.72734,6.51354,7.15949,7.57749,7.92811,8.3592,8.48889,0,	1.35791e-40,11.5871,10.8914,9.91155,9.14694,8.59119,8.25351,7.80321,7.40301,6.67092,5.8789,6.47395e-34,4.09251,8.87278,9.60333,9.25466,8.64893,8.06124,7.66039,7.19969,6.6466,6.02004,0,	
1.51711e-09,6.95721,7.62282,7.62943,7.66604,7.59405,7.52794,7.44146,7.71658,7.9901,7.95611,1.05349e-138,1.93928,3.39657,4.65611,5.71997,6.56925,7.15337,7.61541,8.02374,8.40887,8.57881,0,	1.1795e-40,11.5408,10.7722,9.97934,9.23009,8.71,8.19437,7.88084,7.42858,6.7002,5.933,5.73242e-34,4.04931,8.83281,9.61783,9.18247,8.61403,8.06149,7.67599,7.21456,6.65995,6.05224,0,	
1.45178e-09,7.00392,7.62716,7.64972,7.64133,7.60819,7.52812,7.48147,7.7175,8.05296,8.01649,4.78544e-139,1.85512,3.48763,4.78427,5.72969,6.51995,7.13549,7.57922,8.0151,8.34918,8.53759,0,	1.00907e-40,11.4874,10.6832,9.94632,9.25128,8.56698,8.22525,7.93081,7.52536,6.85299,5.97716,5.13713e-34,3.92318,8.83482,9.57241,9.2246,8.60232,8.03704,7.68919,7.27959,6.79283,6.09516,0,	
1.38039e-09,7.00213,7.65442,7.67061,7.66376,7.55382,7.48988,7.44589,7.69688,8.04961,7.95173,2.07517e-139,1.77409,3.43035,4.74681,5.7997,6.56709,7.09594,7.57338,7.9792,8.31807,8.49877,0,	8.79299e-41,11.421,10.6338,9.81689,9.19097,8.62444,8.29556,7.84154,7.51957,6.77413,5.94886,4.50885e-34,4.03768,8.82541,9.58294,9.24287,8.58378,8.03946,7.72685,7.24867,6.75849,6.07567,0,	
1.31462e-09,7.00571,7.66666,7.74637,7.69294,7.57917,7.56677,7.45287,7.73269,8.04645,7.95983,8.93425e-140,1.78795,3.34122,4.62491,5.73172,6.52892,7.15936,7.60254,8.03489,8.40028,8.61332,0,	7.75474e-41,11.439,10.6491,9.88507,9.32678,8.67389,8.23393,7.95976,7.41412,6.65502,5.933,4.01805e-34,4.10234,8.92909,9.54715,9.19336,8.67335,8.15699,7.71164,7.25199,6.7444,6.07666,0,	
1.257e-09,7.02985,7.6852,7.73742,7.6954,7.63765,7.49067,7.45791,7.70765,8.0596,7.98854,4.00351e-140,1.79252,3.36776,4.65439,5.70626,6.49547,7.13916,7.65186,8.08304,8.4698,8.44716,0,	6.66616e-41,11.43,10.6537,9.97141,9.34842,8.68219,8.28123,7.91318,7.46338,6.75882,5.87069,3.5864e-34,4.08791,8.82102,9.54869,9.21364,8.63203,8.17227,7.74536,7.35219,6.6877,6.06857,0,	
1.19615e-09,7.0144,7.7011,7.72959,7.70914,7.64802,7.53782,7.46524,7.73603,8.14025,8.05873,1.92183e-140,1.91263,3.46401,4.71425,5.75164,6.54889,7.14309,7.60091,8.03289,8.38697,8.66235,0,	5.78569e-41,11.4475,10.6013,9.90116,9.34687,8.65648,8.31915,8.15368,7.59933,6.92233,6.00831,3.1909e-34,3.92485,8.78357,9.47993,9.16784,8.68233,8.17042,7.77858,7.40756,6.92605,6.17944,0,	
1.12377e-09,6.95817,7.71337,7.74133,7.71821,7.65692,7.53565,7.46246,7.7106,8.07513,7.93247,8.24102e-141,1.84222,3.41527,4.71674,5.72743,6.5695,7.13073,7.63848,8.02947,8.39693,8.52639,0,	5.00546e-41,11.3618,10.6981,9.94081,9.30757,8.76985,8.26337,7.97119,7.52469,6.90021,5.9972,2.82768e-34,3.86476,8.8002,9.51186,9.18082,8.66863,8.19105,7.77305,7.29591,6.8197,6.19941,0,	
1.06084e-09,6.9198,7.6734,7.75342,7.70152,7.64295,7.53077,7.48283,7.72218,8.051,7.98201,3.68401e-141,1.83426,3.39864,4.66752,5.71942,6.50351,7.11885,7.62395,7.95041,8.31592,8.5589,0,	4.35129e-41,11.3789,10.6365,10.0241,9.32502,8.72816,8.16834,7.83202,7.45689,6.82988,6.0194,2.55439e-34,3.93354,8.74765,9.53527,9.20859,8.71543,8.21556,7.72479,7.26665,6.73908,6.17592,0,	
1.00949e-09,6.94215,7.63225,7.67628,7.66754,7.61679,7.50187,7.42711,7.70976,8.02631,7.80132,1.5659e-141,1.80386,3.37208,4.67532,5.66337,6.47659,7.0853,7.58461,7.95659,8.35497,8.43183,0,	3.65174e-41,11.3863,10.6491,9.9915,9.42789,8.62369,8.20763,7.85827,7.34557,6.72126,5.87509,2.28181e-34,3.78798,8.70696,9.50678,9.21047,8.70122,8.22873,7.67964,7.25507,6.62769,6.06691,0,	
9.637e-10,6.9388,7.65081,7.67576,7.66922,7.57097,7.48913,7.48417,7.64902,8.04599,7.97362,6.94985e-142,1.77363,3.35415,4.64737,5.70038,6.49829,7.04918,7.53675,7.94797,8.24588,8.54436,0,	3.16941e-41,11.4475,10.7492,10.0359,9.29355,8.56146,8.17581,7.86704,7.4619,6.70174,5.87726,2.04813e-34,3.93594,8.71833,9.46583,9.25707,8.68221,8.15555,7.68063,7.15464,6.6715,6.10497,0,	
9.14117e-10,6.906,7.61845,7.65433,7.65516,7.53771,7.48278,7.4585,7.67757,8.02628,7.80309,3.03068e-142,1.74405,3.3473,4.61519,5.63803,6.48737,7.1014,7.48821,7.95069,8.24962,8.48446,0,	2.72668e-41,11.3984,10.7322,10.0938,9.3168,8.61309,8.17343,7.74265,7.36104,6.59391,5.8481,1.80629e-34,3.93411,8.63972,9.46068,9.20677,8.69591,8.18461,7.65771,7.20728,6.65694,5.99904,0,	
8.73353e-10,6.95443,7.64386,7.63894,7.645,7.60409,7.51292,7.45886,7.64609,7.95169,7.93852,1.35157e-142,1.82267,3.3613,4.55324,5.63732,6.46365,7.13611,7.58261,7.87291,8.19014,8.45363,0,	2.36654e-41,11.4433,10.6915,10.0427,9.2067,8.5517,8.2478,7.84156,7.2978,6.66107,5.85897,1.63042e-34,3.97522,8.6846,9.50602,9.17036,8.68062,8.17688,7.67045,7.22943,6.70416,6.00169,0,	
8.29082e-10,6.88834,7.60948,7.64294,7.66272,7.58443,7.46726,7.40359,7.65627,7.98363,7.89678,5.84692e-143,1.78808,3.31576,4.52713,5.58891,6.46508,7.1286,7.54454,7.94153,8.32174,8.48798,0,	2.02946e-41,11.5125,10.7445,10.0535,9.3773,8.6762,8.21644,7.67069,7.32525,6.66007,5.80652,1.45877e-34,3.93114,8.68724,9.50055,9.21935,8.65526,8.17344,7.65463,7.09547,6.57335,6.009,0,	
7.89579e-10,6.94048,7.64508,7.65793,7.6524,7.60761,7.49948,7.46054,7.64234,7.98679,7.988,2.56199e-143,1.81281,3.37051,4.60043,5.60713,6.4311,7.03055,7.59174,7.97433,8.38033,8.63825,0,	1.75859e-41,11.4909,10.8433,10.1255,9.38768,8.61551,8.17504,7.81191,7.43272,6.71949,5.82221,1.32095e-34,4.08579,8.78274,9.51182,9.23144,8.66854,8.19174,7.63564,7.10767,6.62442,5.9696,0,	
7.49555e-10,6.96357,7.64205,7.71954,7.71783,7.61564,7.5805,7.41652,7.6936,8.01997,7.99219,1.1101e-143,1.83582,3.37512,4.62051,5.65537,6.5686,7.14846,7.55795,7.84521,8.37874,8.54335,0,	1.51051e-41,11.5828,10.8541,10.0577,9.37464,8.61417,8.25297,7.85845,7.39342,6.68612,5.91787,1.16498e-34,3.95409,8.79273,9.58058,9.27704,8.66486,8.14543,7.67004,7.21308,6.66141,6.04936,0,	
7.10421e-10,6.91481,7.66437,7.70593,7.68531,7.61809,7.5304,7.51204,7.67491,7.96436,7.96276,4.92296e-144,1.83234,3.3664,4.69099,5.62192,6.51971,7.13622,7.63365,8.03246,8.37941,8.53571,0,	1.31416e-41,11.5555,10.6899,10.16,9.36771,8.62898,8.20353,7.79255,7.39722,6.81898,5.86896,1.02907e-34,4.06519,8.78385,9.5852,9.29242,8.68243,8.21459,7.73961,7.25549,6.65963,6.05983,0,	
6.74949e-10,6.94074,7.63813,7.73428,7.73349,7.65588,7.59826,7.533,7.66837,8.03533,8.05183,2.15368e-144,1.7839,3.35177,4.64035,5.70234,6.54511,7.15762,7.615,7.95819,8.35208,8.55362,0,	1.13967e-41,11.4276,10.7773,10.0518,9.18178,8.67002,8.21558,7.99463,7.37824,6.77242,5.97451,9.10466e-35,4.00297,8.78927,9.61727,9.33138,8.63014,8.17862,7.78346,7.33096,6.75444,6.1246,0,	
6.44335e-10,6.99806,7.63719,7.69931,7.7742,7.68087,7.55331,7.54599,7.69967,8.04788,7.96126,9.68952e-145,1.73235,3.31636,4.62136,5.68688,6.55989,7.17841,7.63172,7.95943,8.41131,8.55478,0,	9.65674e-42,11.5395,10.7568,9.90886,9.13559,8.66736,8.3067,7.93986,7.5356,6.86297,6.01192,8.12009e-35,3.90274,8.70591,9.64202,9.28059,8.64415,8.17411,7.76879,7.30969,6.7818,6.19681,0,	
6.0923e-10,6.91684,7.64619,7.68727,7.7533,7.63133,7.53661,7.51875,7.73606,8.09503,7.94097,4.36634e-145,1.84712,3.32005,4.66779,5.75285,6.58731,7.19309,7.65187,8.03311,8.50354,8.58485,0,	8.32778e-42,11.5731,10.6838,9.87144,9.19542,8.72892,8.28375,8.14414,7.60514,6.91928,6.1145,7.0815e-35,3.94752,8.69822,9.63223,9.2435,8.71411,8.1626,7.78735,7.37423,6.79536,6.15688,0,	
5.80667e-10,6.97228,7.67004,7.72694,7.743,7.62656,7.61426,7.5148,7.75623,8.04189,7.97054,1.85444e-145,1.72147,3.26742,4.62484,5.73642,6.55412,7.21283,7.57574,8.05724,8.43676,8.52971,0,	7.19322e-42,11.5113,10.7269,9.95107,9.36182,8.6917,8.33082,7.97114,7.45767,6.80496,5.97113,6.30561e-35,3.88456,8.73794,9.61818,9.24878,8.6875,8.15878,7.81184,7.41056,6.81899,6.1544,0,	
5.48153e-10,6.92119,7.65885,7.7197,7.72568,7.61714,7.55984,7.49051,7.7262,8.04097,7.93051,8.09978e-146,1.75803,3.24613,4.60806,5.72567,6.53965,7.13657,7.64676,8.04268,8.48575,8.55705,0,	6.14891e-42,11.5554,10.7105,9.98751,9.2253,8.74388,8.3467,7.99837,7.46475,6.89009,6.0012,5.55217e-35,3.82988,8.66873,9.56146,9.27626,8.69432,8.17686,7.76538,7.33378,6.73794,6.10427,0,	
5.1995e-10,6.89933,7.62376,7.71518,7.73664,7.6383,7.50596,7.47421,7.73289,8.10322,7.90706,3.50679e-146,1.79024,3.32902,4.62011,5.68824,6.50037,7.1865,7.5539,8.0103,8.40847,8.52622,0,	5.2185e-42,11.6187,10.7493,10.0287,9.26977,8.69026,8.30711,7.93775,7.53705,6.84508,5.94001,5.00755e-35,3.81992,8.66353,9.57234,9.23432,8.66165,8.13342,7.74477,7.29278,6.73894,6.1356,0,	
4.96366e-10,6.92703,7.61773,7.68684,7.74539,7.65175,7.56755,7.46876,7.67668,8.0854,8.01573,1.57772e-146,1.76899,3.28776,4.61425,5.69074,6.47196,7.12758,7.59445,7.93664,8.3841,8.56728,0,	4.56929e-42,11.5696,10.7133,10.0552,9.40496,8.696,8.15711,7.85413,7.53861,6.78748,6.02215,4.4482e-35,3.78209,8.64812,9.60302,9.2606,8.71297,8.18254,7.73335,7.28764,6.76821,6.11601,0,	
4.70451e-10,6.96499,7.66424,7.70127,7.70585,7.63217,7.58818,7.55055,7.70418,8.04124,7.90607,6.96878e-147,1.79808,3.35151,4.5961,5.66741,6.42472,7.1108,7.62707,8.03365,8.40139,8.54344,0,	4.01367e-42,11.5718,10.7637,10.1035,9.27791,8.61813,8.27303,7.94532,7.52062,6.798,5.98664,3.9799e-35,3.85308,8.74046,9.52896,9.25636,8.6896,8.15512,7.71486,7.30626,6.75272,6.12882,0,	
4.44109e-10,6.9301,7.70464,7.72527,7.71588,7.63378,7.60072,7.50969,7.76614,8.11817,7.98239,2.99548e-147,1.80223,3.29373,4.6136,5.67443,6.48008,7.16301,7.64621,8.02893,8.35809,8.60534,0,	3.47518e-42,11.6069,10.8288,10.0604,9.24246,8.73369,8.19277,7.96416,7.52856,6.81835,6.05112,3.56089e-35,3.89558,8.72617,9.59227,9.25792,8.7305,8.17084,7.72566,7.32111,6.84966,6.11708,0,	
4.18236e-10,6.93315,7.6822,7.68762,7.68343,7.64985,7.59396,7.49439,7.72641,8.09604,7.97559,1.29793e-147,1.76817,3.33107,4.6234,5.66819,6.50342,7.09842,7.58116,8.01618,8.41962,8.67393,0,	3.03555e-42,11.5875,10.7233,9.98006,9.19503,8.74433,8.2927,7.94766,7.50085,6.83765,6.07157,3.18091e-35,3.98241,8.71804,9.51253,9.20108,8.68183,8.15908,7.75847,7.34707,6.77144,6.15625,0,	
4.00225e-10,7.01197,7.67251,7.75448,7.70766,7.70537,7.60011,7.55024,7.79313,8.11758,8.02103,5.61936e-148,1.77636,3.30744,4.57337,5.63458,6.50892,7.1106,7.58838,7.99342,8.46381,8.65444,0,	2.64941e-42,11.6476,10.7954,10.0146,9.22755,8.71582,8.36292,8.04133,7.52947,6.80392,5.92235,2.8392e-35,4.00287,8.8546,9.56229,9.22346,8.69957,8.18236,7.7275,7.308,6.77422,6.15705,0,	
3.80851e-10,7.02438,7.65897,7.73736,7.6853,7.64214,7.56543,7.49219,7.70362,8.09658,7.90186,2.48207e-148,1.84464,3.39726,4.6386,5.61179,6.48022,7.11482,7.64135,8.04298,8.41071,8.62106,0,	2.2958e-42,11.5814,10.7725,9.95955,9.31096,8.8499,8.29105,7.83327,7.60819,6.84121,6.02035,2.50395e-35,3.9974,8.85846,9.55861,9.2317,8.70147,8.19347,7.79035,7.20612,6.6803,6.10882,0,	
3.62414e-10,7.00507,7.66558,7.68332,7.67495,7.64256,7.55781,7.48923,7.69556,8.0713,7.88205,1.05501e-148,1.78825,3.34397,4.61407,5.67617,6.49172,7.10691,7.52815,7.96417,8.3855,8.53757,0,	1.95936e-42,11.5947,10.7234,10.0991,9.42339,8.75304,8.10563,7.76198,7.57176,6.80844,5.92124,2.19596e-35,3.97478,8.74576,9.59759,9.15573,8.70726,8.21751,7.72665,7.27768,6.68307,6.1062,0,	
3.44043e-10,7.00175,7.69499,7.70136,7.67898,7.61348,7.5022,7.51737,7.70128,8.0007,7.97574,4.564e-149,1.78919,3.30992,4.5943,5.63327,6.44095,7.09159,7.54637,8.02941,8.35018,8.52832,0,	1.71973e-42,11.619,10.8176,10.0471,9.36351,8.58904,8.1369,7.82271,7.40872,6.77495,5.94959,1.96634e-35,4.16178,8.75938,9.60015,9.25246,8.7254,8.19851,7.61184,7.26571,6.72072,6.08058,0,	
3.26342e-10,6.98158,7.68412,7.7072,7.68778,7.64811,7.51397,7.49641,7.72961,8.07146,8.0173,1.96023e-149,1.73782,3.3393,4.51827,5.58435,6.50593,7.10735,7.56522,8.01351,8.4438,8.56649,0,	1.47714e-42,11.6353,10.8331,9.945,9.39643,8.69138,8.23745,7.86113,7.46241,6.8099,5.85304,1.7509e-35,4.04749,8.82622,9.5088,9.24017,8.71401,8.16414,7.68497,7.29885,6.78676,6.04662,0,	
3.10048e-10,6.95988,7.73247,7.73818,7.71015,7.69671,7.55604,7.51744,7.69501,8.06411,7.91959,8.21284e-150,1.72478,3.30903,4.51636,5.60618,6.46349,7.09309,7.57336,8.0185,8.33633,8.5639,0,	1.25764e-42,11.6279,10.9246,10.1211,9.28892,8.62709,8.08976,7.8104,7.40845,6.82748,5.96508,1.57789e-35,4.13271,8.81498,9.53725,9.23895,8.67946,8.18879,7.68745,7.18926,6.71877,6.08042,0,	
