k=0_act,k=1_act,k=2_act,k=3_act,k=4_act,k=5_act,k=6_act,k=7_act,k=8_act,k=9_act,k=10_act,k=0_wait,k=1_wait,k=2_wait,k=3_wait,k=4_wait,k=5_wait,k=6_wait,k=7_wait,k=8_wait,k=9_wait,k=10_wait,	k=0_act,k=1_act,k=2_act,k=3_act,k=4_act,k=5_act,k=6_act,k=7_act,k=8_act,k=9_act,k=10_act,k=0_wait,k=1_wait,k=2_wait,k=3_wait,k=4_wait,k=5_wait,k=6_wait,k=7_wait,k=8_wait,k=9_wait,k=10_wait,	
20,20,20,20,20,20,20,20,20,20,20,20,20,20,20,20,20,20,20,20,20,20,	20,20,20,20,20,20,20,20,20,20,20,20,20,20,20,20,20,20,20,20,20,20,	
19.1178,19.9779,19.9927,19.8975,19.8984,19.4494,19.8733,19.6938,19.6904,19.5554,19.6341,19.1178,20.0261,20.059,20.0827,20.1011,19.6202,19.873,19.7758,19.8623,19.4237,19.7969,	20,20.0308,20.0709,20.1016,20.0438,20.1718,20.1916,20.0908,19.7758,17.8219,19.6296,19.8005,19.9999,19.9031,20.0014,19.9045,19.9034,19.8083,19.9031,19.8036,17.8169,19.7611,	
18.4586,19.8252,19.7769,19.7823,19.878,19.29,19.4509,19.4508,19.4327,19.1781,19.1641,18.1831,20.0071,20.1245,20.1736,20.1896,19.2353,19.6155,19.4345,19.6617,19.1312,19.3885,	20,20.0677,20.1386,20.2033,20.1916,20.3358,20.2634,20.1311,18.8705,15.6577,19.4999,19.7015,19.9025,19.8114,20.0067,19.9108,19.8178,19.6262,19.9094,19.6832,15.7723,19.386,	
17.9117,19.6355,19.7541,19.7508,19.7568,19.1045,19.2186,19.1821,19.2425,18.7378,18.7164,17.7331,19.9776,20.1537,20.1379,20.2615,19.2625,19.0755,19.2536,19.3849,18.813,18.7992,	20,20.1106,20.1872,20.2818,20.2186,20.4552,20.274,19.8485,18.0616,14.2906,19.115,19.603,19.9087,19.8141,20.016,19.8203,19.7368,19.562,19.9021,19.5219,14.2681,18.9995,	
16.6979,19.3278,19.6027,19.6923,19.7122,19.1547,18.9936,18.9004,18.9077,18.517,18.1544,17.2077,19.8252,20.1964,20.2006,20.2502,18.9972,18.77,18.973,18.8785,18.634,18.2872,	20,20.1548,20.2693,20.3657,20.2472,20.5458,20.2386,19.447,17.1778,12.8815,18.8453,19.505,19.8163,19.5379,19.8174,19.7332,19.6541,19.5805,19.7943,19.0905,12.9227,18.7137,	
16.0415,18.9623,19.3228,19.549,19.6321,18.9884,18.6951,18.624,18.4474,18.1723,17.6024,16.7818,19.7685,20.1896,20.1713,20.3468,19.0303,18.5816,18.8033,18.5371,18.2006,17.6513,	20,20.1718,20.3188,20.4296,20.2049,20.6284,20.2455,19.1033,16.02,11.6098,18.4917,19.1178,19.7152,19.377,19.834,19.6611,19.6631,19.5138,19.5796,18.9302,11.6773,18.4165,	
14.8796,18.6562,19.1279,19.3023,19.5654,18.7354,18.2232,18.6724,18.2286,17.9165,17.0553,16.2031,19.6644,20.17,20.2476,20.4604,19.1015,18.3997,18.637,18.3201,17.8725,17.0448,	20,20.2075,20.4082,20.5342,20.4238,20.7335,20.1469,18.4174,14.7204,10.3332,18.3285,19.0222,19.7263,19.3276,19.8603,19.6833,19.7035,19.5393,19.2582,18.4305,10.3638,18.032,	
14.2947,18.3617,18.8439,19.0603,19.4517,18.6927,18.2537,18.4262,17.6251,17.5525,16.609,15.6445,19.5493,20.1513,20.2019,20.4409,18.7116,18.1659,18.324,18.1217,17.5416,16.6575,	20,20.2683,20.5047,20.6506,20.6123,20.6962,19.8954,17.442,13.388,9.15222,17.9538,18.7383,19.6429,19.3718,19.7879,19.7126,19.7477,19.4621,18.9979,18.234,9.13872,17.9579,	
14.1522,18.1043,18.6286,18.9328,19.3376,18.3156,18.1439,18.1394,17.6838,17.4216,16.2951,15.411,19.4978,20.1242,20.1961,20.4813,18.2892,18.2908,18.0919,17.742,17.2924,16.2247,	20,20.2871,20.5738,20.7341,20.741,20.7054,19.6208,16.7631,12.5805,8.2774,17.7284,18.7383,19.6523,19.4258,19.8063,19.6592,19.7587,19.3793,18.9517,17.9786,8.29288,17.8259,	
13.5959,17.7801,18.4812,18.7685,19.071,18.046,17.9333,18.0513,17.4974,17.109,16.0852,15.181,19.4347,20.0938,20.1944,20.5232,17.8871,17.8336,18.2191,17.4361,17.0293,16.0299,	20,20.326,20.6559,20.8247,20.8434,20.5787,19.3227,16.1368,11.8608,7.66619,17.3163,18.3663,19.6506,19.3789,19.8194,19.6966,19.7749,19.102,18.8863,17.606,7.79755,17.3056,	
13.1271,17.5588,18.19,18.5042,18.6937,17.7604,17.6202,17.974,17.2419,16.8002,15.673,14.5113,19.2616,20.0638,20.2166,20.5093,18.1325,17.5422,18.0555,17.2676,16.8637,15.6129,	20,20.3463,20.7329,20.9218,20.9347,20.4908,18.797,15.0698,10.7781,7.1447,17.0153,18.1831,19.6477,19.2572,19.8439,19.6564,19.7079,18.9223,18.5418,17.2672,7.25584,16.9815,	
12.6745,17.1425,17.9383,18.4002,18.6923,17.8256,17.6031,17.7832,17.1336,16.409,15.1847,14.2233,19.1666,20.0001,20.2259,20.57,17.7647,17.5197,17.7536,17.0779,16.5605,15.2505,	20,20.3603,20.7627,20.9673,20.9701,20.4124,18.4669,14.4891,10.2144,6.72211,16.6958,17.9117,19.6316,19.1854,19.8629,19.4965,19.7248,18.9219,18.2891,16.7203,6.75258,16.829,	
11.8749,16.5672,17.6567,18.2508,18.3706,17.8041,17.4314,17.6164,16.9325,16.1025,14.9959,13.7329,18.9771,19.9321,20.153,20.5689,17.7416,17.634,17.7789,16.9365,16.0531,15.0433,	20,20.4376,20.8535,21.0697,21.0144,20.2259,17.735,13.7493,9.53951,6.4149,16.4764,17.7331,19.6551,19.1254,19.7957,19.4384,19.4485,18.7977,17.7469,16.2711,6.43785,16.4614,	
11.4655,15.9821,17.3233,18.0273,18.2821,17.5214,17.3648,17.6,16.8284,15.8363,14.7377,13.4603,18.8772,19.8498,20.1665,20.4922,17.662,17.3066,17.5343,16.855,16.0252,14.6683,	20,20.4732,20.9082,21.1297,21.0222,19.9654,17.2982,13.1816,9.14212,5.9576,16.1341,17.2942,19.4283,19.1629,19.7209,19.3053,19.3541,18.7773,17.5169,16.1205,5.96701,16.2319,	
11.2379,15.851,17.0115,17.8801,18.1846,17.5311,17.1921,17.2311,16.4631,15.6838,14.4947,13.2594,18.7815,19.7973,20.1638,20.476,17.6263,17.2482,17.4375,16.5409,15.5995,14.5604,	20,20.4947,20.9328,21.1646,21.0133,19.7932,16.8704,12.7193,8.63553,5.68236,15.8377,17.1216,19.4224,19.1744,19.7463,19.3392,19.3732,18.6628,17.2054,15.7377,5.6502,15.862,	
10.9049,15.4318,16.583,17.6505,18.0264,17.5375,17.0786,16.9804,16.1593,15.3964,14.0628,12.8022,18.5889,19.6475,20.1473,20.503,17.7425,17.0046,16.9674,16.3855,15.32,14.1937,	20,20.5453,21.0008,21.2286,20.9713,19.4482,16.2262,11.9342,7.94107,5.27793,15.5212,17.036,19.4488,19.1188,19.6803,19.306,19.2922,18.6043,16.958,15.3141,5.32112,15.4735,	
10.5818,15.1744,16.3417,17.1811,17.8836,17.4929,16.8661,16.8464,16.276,15.1045,13.6256,12.5481,18.4284,19.55,20.0622,20.4759,17.76,17.0527,16.9747,16.2055,15.0019,13.6612,	20,20.5673,21.0378,21.2775,20.9178,19.0916,15.5697,11.2807,7.45539,5.0007,15.304,16.7818,19.428,19.1502,19.7422,19.3242,19.2914,18.437,16.7065,14.7256,5.01049,15.3827,	
10.217,14.9568,16.1871,17.0139,17.7809,17.5664,16.8672,16.6679,16.1215,14.9235,13.4485,12.0548,18.2122,19.4612,19.9939,20.4551,17.7577,16.8704,16.7927,16.0699,14.9338,13.5025,	20,20.6192,21.1116,21.3224,20.795,18.7213,14.9854,10.5569,7.10297,4.72568,15.1444,16.7818,19.468,19.1991,19.7671,19.3043,19.1936,18.339,16.4541,14.525,4.74512,15.2366,	
9.71748,14.5958,16.0135,16.7521,17.6351,17.4556,16.7208,16.5982,15.9459,14.8251,13.3605,11.7565,17.9593,19.3012,19.9546,20.4171,17.4554,16.6806,16.5367,15.9987,14.7277,13.4265,	20,20.6571,21.1773,21.3501,20.6322,18.2251,14.2846,9.87652,6.72649,4.49605,15.0329,16.6144,19.3753,19.1601,19.7905,19.3883,19.0688,18.2371,16.2347,13.9159,4.49654,15.1205,	
9.19618,14.2886,15.7738,16.5808,17.3783,17.3657,16.4946,16.3171,15.9815,14.5708,13.0674,11.4655,17.7763,19.2329,19.8184,20.3555,17.7238,16.4238,16.2879,15.9841,14.6717,13.165,	20,20.6727,21.2517,21.3603,20.4106,17.8911,13.7647,9.44912,6.43081,4.20041,14.6647,16.4486,19.1687,19.2705,19.811,19.3993,18.9499,18.0602,16.0597,13.703,4.19883,14.6838,	
9.01363,14.0493,15.438,16.3654,17.2261,17.5489,16.2587,15.8997,15.9378,14.5583,12.8309,11.3511,17.6874,19.0412,19.7048,20.3202,17.4433,16.3605,15.9926,15.923,14.4965,13.0253,	20,20.6886,21.3059,21.3585,20.245,17.4568,13.1315,9.02258,6.08755,3.90666,14.6526,16.3664,19.0746,19.2519,19.8337,19.4325,18.8228,17.8649,15.9104,13.1865,3.9237,14.5692,	
8.74658,13.8423,15.2366,16.134,16.9922,17.4252,16.156,15.6739,15.6325,14.3491,12.8544,11.0702,17.4626,18.928,19.6598,20.2041,17.7531,16.2272,15.8564,15.7667,14.4333,12.8385,	20,20.7373,21.3569,21.3375,19.9971,16.8393,12.528,8.60717,5.7477,3.76425,14.5214,16.3664,19.123,19.292,19.7985,19.4565,18.7589,17.6669,15.789,12.7221,3.76572,14.4827,	
8.36077,13.3966,14.9269,15.9105,16.7788,17.3869,16.1446,15.4656,15.433,14.1116,12.7691,10.7962,17.271,18.8356,19.5488,20.1304,17.4656,16.087,15.6353,15.517,14.2584,12.9961,	20,20.7697,21.3947,21.2968,19.7148,16.3392,11.9671,8.17042,5.44242,3.77561,14.3624,16.1221,19.1131,19.1429,19.673,19.2894,18.7228,17.5266,15.4237,12.1009,3.81932,14.3007,	
7.87269,13.0307,14.7139,15.6628,16.5969,17.2886,15.9216,15.4565,15.4355,14.1378,12.7094,10.4239,16.9999,18.721,19.4925,20.0404,17.4462,16.0683,15.4544,15.438,14.1516,12.7927,	20,20.8024,21.4456,21.2387,19.4311,15.8643,11.475,7.80779,5.20545,3.78614,14.3113,16.0415,19.0368,19.2322,19.6138,19.299,18.5696,17.0572,15.1227,11.6819,3.78488,14.157,	
7.52542,12.7262,14.5211,15.3894,16.2737,17.3526,15.8808,15.3453,15.2173,14.0561,12.4333,10.0645,16.7428,18.4849,19.4072,19.9414,17.2896,15.9691,15.3973,15.2023,14.0935,12.5121,	20,20.8681,21.5013,21.1063,19.0178,15.2765,10.9602,7.3882,4.98341,3.57614,14.088,15.7231,18.9579,19.3193,19.7038,19.2026,18.2372,16.8722,14.7908,11.2839,3.56932,14.0964,	
7.19347,12.3023,14.277,15.0537,16.0582,17.3355,15.7597,15.0065,15.0665,13.9905,12.2373,9.76631,16.4883,18.2889,19.2449,19.9021,17.329,16.1441,15.1675,15.0031,14.241,12.2666,	20,20.9088,21.538,20.9723,18.6112,14.74,10.3788,7.06753,4.80737,3.38634,13.8735,15.4884,18.8633,19.4148,19.6573,19.1891,18.0988,16.4403,14.6628,11.1656,3.38967,13.9093,	
6.91072,12.1103,13.9169,14.9041,15.8386,17.1436,15.8113,14.838,14.9624,13.6495,12.0767,9.57244,16.3101,18.0589,19.0992,19.7123,17.5524,15.806,15.0278,14.954,13.7498,12.1514,	20,20.9573,21.5539,20.7134,18.2168,14.2365,9.88959,6.80467,4.6466,3.36053,13.6237,15.4884,18.8304,19.4753,19.7169,19.1798,18.0551,16.0751,14.3477,10.6074,3.37057,13.5578,	
6.67244,11.8693,13.6824,14.5629,15.6441,17.3438,15.7078,14.7106,14.7112,13.5176,11.9642,9.24239,16.0456,17.8544,19.029,19.4875,17.4729,15.8644,14.8434,14.6499,13.742,11.9193,	20,21.0583,21.5598,20.5134,17.8058,13.6954,9.48529,6.44347,4.50189,3.18655,13.4085,15.3339,18.8426,19.4282,19.7406,19.0761,17.9504,15.9152,13.896,10.3271,3.20132,13.4354,	
6.31449,11.593,13.3772,14.4513,15.3898,16.9994,15.8239,14.6644,14.5331,13.5663,11.8012,8.96856,15.8283,17.7756,18.8902,19.3932,17.2328,15.7849,14.9426,14.7143,13.5774,11.8745,	20,21.0658,21.5574,20.3774,17.4419,13.2094,9.14808,6.24927,4.4165,3.17689,13.1751,15.2573,18.836,19.3637,19.6785,19.019,17.6117,15.6882,13.5928,10.0023,3.18111,13.2349,	
6.00578,11.2903,13.1783,14.2919,15.2954,17.0359,15.6633,14.712,14.6256,13.2371,11.5472,8.79053,15.7107,17.5821,18.7484,19.3711,17.0378,15.7575,14.9287,14.6683,13.351,11.5835,	20,21.088,21.5494,20.2764,17.1952,12.8486,8.88925,6.07276,4.35205,3.02448,13.0778,15.0295,18.7226,19.2994,19.6855,18.8908,17.4308,15.4498,13.457,9.65495,3.01912,13.0185,	
5.54292,10.7399,12.8866,14.0813,15.0631,16.8488,15.5698,14.6882,14.1814,13.2485,11.5119,8.445,15.3826,17.2902,18.5263,19.2712,17.0961,15.7413,15.09,14.2709,13.2478,11.5905,	20,21.1652,21.4956,19.9142,16.5926,12.2446,8.43195,5.73589,4.2271,2.99143,12.9048,14.8052,18.794,19.2494,19.6938,18.6885,17.2341,15.1821,12.9618,9.0509,3.0338,12.8826,	
5.24557,10.4865,12.6629,13.768,14.6931,16.9583,15.6715,14.6793,14.077,13.0813,11.2244,8.23598,15.1646,17.2076,18.3327,19.0494,16.9386,15.6408,14.7895,14.1829,12.9885,11.3626,	20,21.1719,21.466,19.731,16.1733,11.8038,8.12587,5.59035,4.09011,2.88489,12.6873,14.5113,18.6313,19.2424,19.5923,18.4023,17.0898,15.0413,12.656,8.78814,2.89187,12.6979,	
4.89008,10.1926,12.2369,13.4107,14.615,16.7439,15.6936,14.5862,13.8738,12.8627,11.0969,7.91225,14.8557,16.917,18.1164,18.9078,16.8844,15.7539,14.8853,13.8612,12.9462,11.0629,	20,21.2276,21.4065,19.4375,15.6285,11.223,7.76212,5.37566,3.97586,2.78753,12.2589,14.3666,18.52,19.1005,19.4959,18.2074,16.7671,14.7699,12.1807,8.69399,2.79346,12.3551,	
4.76904,10.1015,12.043,13.1807,14.2496,16.887,15.7456,14.6704,13.6377,12.5352,10.8922,7.71641,14.6387,16.7576,17.9344,18.7053,16.8062,15.7134,14.6678,13.5435,12.5095,10.9515,	20,21.2449,21.3638,19.2093,15.3074,10.9434,7.53447,5.26729,3.87477,2.6416,12.0672,14.2233,18.3364,19.1475,19.4861,17.9923,16.5861,14.5699,11.6213,8.44343,2.65593,12.1788,	
4.44584,9.74122,11.8447,13.0247,14.1773,16.7682,15.6805,14.3759,13.4512,12.3351,10.767,7.19347,14.0902,16.4243,17.8025,18.687,16.9881,15.7368,14.4858,13.5336,12.3883,10.853,	20,21.3204,21.207,18.7059,14.7552,10.4445,7.21528,5.05187,3.68853,2.52549,11.7256,14.2233,18.4607,19.1342,19.4663,17.9264,16.3143,14.2944,11.2324,8.31658,2.55329,11.6536,	
4.12383,9.35942,11.6801,12.7782,14.0105,16.711,15.6235,14.3977,13.2859,12.0999,10.7221,6.91072,13.7667,16.1605,17.5514,18.4527,16.8088,15.6915,14.5756,13.3568,12.0494,10.8114,	20,21.3589,20.9931,18.4038,14.3132,10.0928,6.96637,4.92471,3.6064,2.51218,11.5988,14.0814,18.3823,19.0743,19.4326,17.8322,16.0295,13.9663,10.8809,7.86721,2.52883,11.4575,	
3.92221,9.15032,11.3725,12.6281,13.8942,16.6062,15.5707,14.1729,13.2778,11.8729,10.4492,6.80757,13.6339,15.9702,17.4522,18.3263,16.6184,15.5046,14.3698,13.4652,11.8275,10.4884,	20,21.368,20.9353,18.2162,14.0255,9.81858,6.7455,4.86491,3.53171,2.29869,11.2832,13.8019,18.3395,19.01,19.2131,17.66,15.8061,13.573,10.7226,7.71153,2.30075,11.3292,	
3.73046,8.95713,11.1548,12.4699,13.6665,16.4871,15.3012,14.3038,13.3792,11.6996,10.2931,6.63908,13.4443,15.7843,17.1924,18.1174,16.5671,15.3863,14.2735,13.4962,11.6879,10.3726,	20,21.2718,20.8264,17.9398,13.6572,9.50406,6.53554,4.79352,3.42446,2.20432,11.1566,13.7329,18.3019,19.0797,19.0898,17.4792,15.5946,13.3091,10.4608,7.47163,2.28049,11.1871,	
3.53034,8.7392,10.9184,12.3409,13.4856,16.3525,15.2664,14.1836,13.2583,11.5622,10.1465,6.57285,13.2953,15.6281,17.0294,17.9671,16.4348,15.2073,14.2345,13.2122,11.7039,10.1621,	20,21.2821,20.7596,17.8038,13.3579,9.31165,6.44046,4.72497,3.3437,2.16304,10.9003,13.6642,18.2486,19.0024,18.9895,17.254,15.3758,13.0536,10.1181,7.14728,2.17687,10.9566,	
3.40861,8.54564,10.7456,12.1477,13.3683,16.1541,15.0095,14.2184,13.1647,11.5785,9.80322,6.53999,13.2206,15.4428,16.9377,17.8812,16.1946,15.2316,14.2644,13.1874,11.6245,9.87786,	20,21.2929,20.5856,17.6137,13.1448,9.12948,6.35774,4.65547,3.31094,2.07734,10.6605,13.4603,18.2549,18.914,18.9643,17.1942,15.0429,12.9228,10.0342,7.01426,2.06557,10.6879,	
3.27463,8.29262,10.5536,11.9327,13.2041,15.9441,14.8595,14.0924,13.1613,11.3611,9.83853,6.37812,13.0549,15.1748,16.7489,17.7954,16.1867,14.9173,14.3553,13.296,11.492,9.83059,	20,21.3005,20.4828,17.3338,12.8287,8.84958,6.23297,4.5818,3.22787,2.00414,10.5289,13.2594,18.2732,18.9362,18.9204,17.0257,14.5824,12.8306,9.75855,6.78884,2.02859,10.4483,	
3.17761,8.1458,10.4746,11.8243,12.9133,15.8871,14.7881,14.1674,13.0455,11.3664,9.68966,6.12741,12.7583,14.9956,16.5356,17.5836,16.068,14.8717,14.2989,13.2157,11.4541,9.63532,	20,21.3047,20.3819,17.0333,12.4628,8.59831,6.09724,4.48341,3.13143,1.93435,10.3315,12.9312,18.1466,18.7563,18.8523,16.8627,14.4053,12.6676,9.48156,6.7345,1.93406,10.3855,	
3.03744,8.02307,10.2404,11.6917,12.8073,15.9161,14.8047,14.1223,12.9533,11.2746,9.54621,5.97575,12.5276,14.7386,16.3206,17.4141,16.0467,14.8306,14.1687,13.2826,11.3401,9.56531,	20,21.3051,20.2372,16.7094,12.0966,8.35471,5.98384,4.38779,3.06962,1.82277,10.2001,12.9312,18.2555,18.6982,18.7923,16.6932,14.2106,12.5515,9.30554,6.57112,1.83914,10.2587,	
2.90346,7.81528,9.99249,11.5322,12.5011,15.8813,14.8256,14.0173,13.1314,11.3319,9.32771,5.7987,12.2286,14.6379,16.0366,17.106,16.0044,14.7736,14.0484,13.1287,11.4083,9.39343,	20,21.3034,20.1176,16.3818,11.7341,8.12305,5.83114,4.28386,2.93925,1.78062,10.1224,12.8665,18.2746,18.6505,18.6038,16.2632,14.0137,12.2583,9.13611,6.39866,1.79043,10.1921,	
2.69316,7.53178,9.78539,11.2942,12.458,15.7555,14.7614,13.7432,12.8849,11.3817,9.31771,5.46019,11.7193,14.3335,15.9241,16.8659,15.7672,14.8022,13.8875,12.9036,11.3918,9.42672,	20,21.2943,19.9469,16.0096,11.2618,7.85641,5.62401,4.12213,2.85804,1.65999,10.0831,12.7382,18.236,18.5875,18.421,15.8118,13.672,11.9952,8.95851,6.23398,1.66345,10.0463,	
2.6265,7.4896,9.65683,11.0634,12.325,15.5499,14.6745,13.6011,12.8291,11.3693,9.09658,5.29842,11.4801,14.1377,15.6085,16.7712,15.6691,14.7953,13.9289,12.9182,11.3808,9.20953,	20,21.2901,19.7973,15.6892,10.93,7.62913,5.50329,4.04374,2.77655,1.56693,9.94265,12.6745,18.1493,18.542,18.3321,15.5104,13.4691,11.7518,8.72301,6.21906,1.5711,9.99459,	
2.52326,7.30879,9.52346,10.8532,12.1822,15.3898,14.5588,13.6616,12.8671,11.1291,8.98522,5.0647,11.2273,13.9209,15.4134,16.6359,15.5084,14.8031,13.7422,12.8173,11.2296,9.04231,	20,21.2815,19.6535,15.3325,10.6711,7.47637,5.41821,3.96931,2.68028,1.54529,9.69364,12.6111,18.1692,18.5755,18.0573,15.2793,13.3521,11.4828,8.67901,6.0007,1.54794,9.61301,	
2.3999,7.13943,9.40827,10.6656,11.9437,15.2106,14.4792,13.5745,12.7447,11.1531,8.72821,4.96417,11.0657,13.6896,15.1726,16.4729,15.5358,14.5746,13.8138,12.7407,11.2885,8.91067,	20,21.2677,19.4821,14.9877,10.402,7.31147,5.31165,3.87929,2.63901,1.53583,9.49088,12.299,18.0903,18.5074,17.9365,15.1665,13.0287,11.3408,8.54047,5.84806,1.53599,9.40182,	
2.36408,7.1176,9.36387,10.5701,11.8371,15.2764,14.3097,13.4666,12.5717,11.1121,8.75669,4.79301,10.8682,13.5806,15.0093,16.3574,15.2756,14.3306,13.5338,12.7238,11.123,8.70112,	20,21.2551,19.3771,14.8249,10.2183,7.21693,5.23257,3.82577,2.59599,1.41606,9.27665,12.299,18.0481,18.5174,17.8908,14.9864,12.868,11.1487,8.42956,5.68501,1.4166,9.28791,	
2.27116,7.00057,9.14649,10.3748,11.6771,15.1585,14.3672,13.3328,12.5633,10.8267,8.71885,4.60461,10.5758,13.2985,14.8711,16.1839,15.2335,14.3338,13.4446,12.5541,10.9196,8.83224,	20,21.2263,19.14,14.4177,9.94554,7.05406,5.13536,3.75555,2.49788,1.42137,9.07378,12.2375,18.1135,18.5409,17.573,14.8928,12.7197,11.0571,8.3672,5.51441,1.42206,9.1076,	
2.16012,6.86257,8.99084,10.2679,11.5241,14.9496,14.2141,13.3106,12.3006,10.768,8.63725,4.3358,10.1602,12.9875,14.6686,15.907,15.1204,14.3008,13.3634,12.6397,10.7733,8.65906,	20,21.0537,18.8579,14.0904,9.66027,6.86906,5.01584,3.60565,2.44432,1.36122,8.8777,12.2375,18.2118,18.5451,17.5135,14.5947,12.3225,10.8665,8.08075,5.28272,1.35686,8.87516,	
2.07521,6.77282,8.89139,10.0625,11.3893,14.7729,14.0685,13.2998,12.3447,10.8472,8.3545,4.24974,9.9979,12.7589,14.4628,15.7192,14.7552,14.2946,13.3566,12.5468,10.9058,8.46979,	20,21.0077,18.6116,13.7517,9.41703,6.72328,4.91553,3.56343,2.3943,1.29424,8.70253,12.0548,18.2194,18.5503,17.3987,14.4252,12.131,10.6913,7.72244,5.21067,1.29757,8.61778,	
1.99364,6.62801,8.77979,9.92984,11.2643,14.544,14.1228,13.2268,12.2905,10.7864,8.35456,4.12383,9.82369,12.6491,14.3402,15.6125,14.6473,14.2374,13.1896,12.3308,10.7587,8.39754,	20,20.9711,18.4179,13.5522,9.20545,6.63779,4.83004,3.50993,2.37522,1.25398,8.44598,11.9946,18.1671,18.548,17.3619,14.1315,12.115,10.4991,7.59273,5.07111,1.28257,8.40378,	
1.89617,6.45351,8.56544,9.70549,11.08,14.4352,13.8963,13.1405,12.212,10.7919,8.18299,3.98164,9.61208,12.403,14.1465,15.4413,14.4839,13.9697,13.2242,12.4358,10.7115,8.20065,	20,20.9468,18.1849,13.2866,9.01304,6.50712,4.73786,3.41688,2.31859,1.18456,8.24888,11.7565,17.997,18.44,17.2033,13.9437,11.8487,10.1928,7.42442,4.91546,1.21182,8.27858,	
1.84924,6.40626,8.50826,9.49326,10.9928,14.2692,13.7321,13.0774,12.2946,10.6781,8.2233,3.88309,9.46555,12.2265,13.988,15.2846,14.3186,13.7663,13.1985,12.241,10.7595,8.22331,	20,20.9005,17.9891,13.0758,8.87189,6.41271,4.66753,3.39248,2.26637,1.15244,8.17202,11.6392,18.0077,18.4299,17.1563,13.7279,11.653,9.96964,7.22926,4.82196,1.15244,8.16731,	
1.81253,6.36866,8.27606,9.36636,10.8196,14.2528,13.3452,13.1066,12.1952,10.5601,8.1921,3.78698,9.35117,12.0355,13.8246,15.1262,14.2149,13.429,13.1622,12.1473,10.7098,8.28811,	20,20.8809,17.8318,12.8694,8.74865,6.31853,4.6192,3.34896,2.22323,1.10949,8.05703,11.3511,17.7001,18.3991,17.0846,13.6309,11.3962,9.76834,7.02901,4.77268,1.14347,8.07909,	
1.67284,6.0672,8.0415,9.13887,10.7172,14.2156,13.1764,12.9131,12.1081,10.4879,8.3104,3.51268,8.9544,11.7421,13.5221,14.9372,14.1915,13.3656,13.0321,12.1916,10.5257,8.38101,	20,20.7493,17.3968,12.4155,8.48103,6.16612,4.54235,3.28404,2.11295,1.12688,7.98517,11.1817,17.5353,18.2704,16.7466,13.3456,11.2265,9.35512,6.91776,4.63898,1.1341,7.87683,	
1.56731,5.83471,7.91445,8.89305,10.539,13.9163,13.0976,12.9243,12.0525,10.5174,8.22919,3.34095,8.70513,11.5243,13.3423,14.6326,13.9942,13.245,13.069,12.0922,10.6818,8.38771,	20,20.6126,17.0374,12.0724,8.28835,6.04151,4.46533,3.18165,2.09231,1.08007,7.81759,11.0148,17.4401,18.1262,16.4756,13.1826,10.9936,9.22847,6.70469,4.59441,1.07686,7.71481,	
1.51327,5.7202,7.79119,8.82229,10.329,13.6973,13.0268,12.8692,11.9567,10.5245,8.37802,3.17761,8.46026,11.2373,13.2426,14.3856,13.6561,13.1986,12.8723,12.0143,10.6675,8.49259,	20,20.5211,16.8376,11.7989,8.10092,5.93309,4.39845,3.12606,2.05744,1.06279,7.67708,10.9597,17.5166,18.0133,16.2613,12.9455,10.7996,9.01502,6.51103,4.57926,1.08886,7.70086,	
1.45379,5.66693,7.67847,8.74215,10.2459,13.5585,12.9985,12.6602,11.9045,10.4979,8.3508,3.09896,8.31315,11.1311,12.9374,14.2613,13.6761,13.0377,12.7478,12.0763,10.6832,8.29891,	20,20.4377,16.5759,11.5737,7.96202,5.83698,4.31672,3.10104,2.05624,1.02466,7.61636,10.7962,17.5072,17.9663,16.1973,12.7295,10.6832,8.8504,6.38351,4.47995,1.03444,7.61336,	
1.3758,5.62075,7.58308,8.60911,10.1325,13.4072,12.9166,12.5971,11.9834,10.3562,8.35036,2.96226,8.08715,10.8883,12.7907,14.122,13.4407,12.954,12.5622,11.9187,10.4517,8.37918,	20,20.3348,16.3161,11.3428,7.82965,5.74655,4.21503,3.07327,2.01592,1.02175,7.46373,10.635,17.4212,17.9148,15.9299,12.5581,10.3396,8.62893,6.25069,4.36785,1.02621,7.53814,	
1.31511,5.452,7.4568,8.5094,9.97316,13.2129,12.7392,12.5082,11.9426,10.3266,8.22275,2.86013,7.90778,10.7168,12.5989,13.9438,13.2767,12.6881,12.5969,12.0372,10.4192,8.31004,	20,20.2417,16.0007,11.0848,7.69691,5.6555,4.16877,3.02971,1.96884,1.00179,7.44413,10.3718,17.1645,17.8469,15.7214,12.2784,10.1113,8.62363,6.13337,4.21275,1.00074,7.38626,	
1.28256,5.41111,7.45913,8.32999,9.81736,13.156,12.5828,12.4175,11.8504,10.2229,8.21001,2.80335,7.77939,10.5812,12.4458,13.7725,13.2683,12.7147,12.403,11.8523,10.2795,8.25729,	20,20.1928,15.9024,10.9196,7.59947,5.59265,4.14854,3.01789,1.95121,0.980452,7.31075,10.2683,17.1422,17.8248,15.4483,12.1037,9.90756,8.56417,5.96454,4.088,0.987096,7.31368,	
1.21986,5.30032,7.38956,8.29809,9.68474,13.02,12.5396,12.1432,11.812,10.2792,8.03941,2.7203,7.60297,10.42,12.282,13.6579,13.0094,12.5037,12.068,11.9109,10.2753,8.0895,	20,20.1423,15.7433,10.7696,7.49558,5.52718,4.10727,3.00428,1.92427,0.90797,7.13146,10.1659,17.1197,17.7724,15.2816,11.9185,9.78817,8.40425,5.94555,3.98282,0.904494,7.13623,	
1.20769,5.34833,7.38283,8.28726,9.63051,12.9581,12.5273,12.1265,11.7905,10.1553,7.88807,2.70669,7.52759,10.249,12.1421,13.5433,13.1109,12.5325,12.0819,11.7469,10.1377,7.87807,	20,20.0393,15.5656,10.6457,7.4193,5.48337,4.07701,2.99371,1.91664,0.881458,7.04631,10.1151,17.1732,17.7379,15.2483,11.8081,9.6822,8.36111,5.88517,3.88231,0.887724,7.079,	
1.1778,5.33468,7.25356,8.21022,9.51276,12.9743,12.5003,11.8921,11.5153,9.9916,7.74617,2.6397,7.3903,10.0584,11.9349,13.3938,12.9178,12.5076,11.8571,11.611,10.1626,7.89446,	20,19.9149,15.2558,10.4703,7.31881,5.42729,4.02151,2.96301,1.89801,0.859444,6.9347,9.9641,17.0822,17.6591,15.1797,11.5616,9.58711,8.05845,5.75731,3.83463,0.866992,6.9242,	
1.14865,5.37596,7.14619,8.18669,9.39343,12.7676,12.2838,11.7243,11.4548,10.0101,7.81818,2.56149,7.25901,9.90938,11.8165,13.2962,12.7566,12.339,11.764,11.6306,10.0879,7.79683,	20,19.8225,15.1044,10.3315,7.21845,5.36919,3.99005,2.93292,1.85273,0.810862,6.88294,9.76631,17.009,17.6196,14.9998,11.3502,9.46222,7.93293,5.66973,3.80439,0.814058,6.77846,	
1.08703,5.17576,7.11887,8.05389,9.31723,12.6329,12.1495,11.6056,11.3616,9.94441,7.78225,2.46081,7.09327,9.7076,11.6906,13.133,12.5288,12.2441,11.5986,11.4899,10.011,7.97486,	20,19.5969,14.8227,10.1134,7.08152,5.31504,3.96051,2.88917,1.82812,0.769644,6.76475,9.57244,17.0226,17.565,14.8372,11.2825,9.25006,7.83807,5.51399,3.72512,0.772828,6.73146,	
1.01845,5.02514,7.03671,7.94969,9.23884,12.5328,12.1304,11.5751,11.219,9.8564,7.68421,2.3999,6.95472,9.60086,11.525,12.9532,12.549,12.2514,11.7471,11.3523,9.92662,7.77473,	20,19.5396,14.6381,9.95432,7.00263,5.27266,3.94966,2.8655,1.80173,0.778711,6.71064,9.38243,16.9112,17.2062,14.7577,11.0293,9.1562,7.75524,5.41467,3.6398,0.778207,6.72222,	
0.983335,4.99187,6.99801,7.9429,9.17457,12.3808,12.0086,11.5169,11.1667,9.84069,7.6149,2.3405,6.84744,9.48042,11.4336,12.8473,12.3969,12.1408,11.5051,11.319,9.89209,7.6523,	20,19.4225,14.4913,9.77907,6.91208,5.23601,3.91475,2.81714,1.79435,0.745653,6.563,9.38243,16.9876,17.0938,14.6247,10.9852,9.04044,7.5819,5.36856,3.62081,0.744099,6.58977,	
0.944683,4.9439,6.92392,7.88552,9.08715,12.2059,11.8849,11.4816,11.1257,9.80205,7.53318,2.30557,6.76779,9.38162,11.2843,12.6856,12.3694,12.0144,11.5001,11.1657,9.86419,7.53543,	20,19.3626,14.3253,9.65891,6.84229,5.19275,3.86641,2.81119,1.76654,0.740115,6.44419,9.33551,16.9857,16.9313,14.4787,10.8241,8.97453,7.5106,5.26332,3.54684,0.735492,6.45177,	
0.898498,4.78186,6.80268,7.8345,9.00409,12.2146,11.8635,11.3205,10.8125,9.68839,7.43402,2.21494,6.60402,9.26757,11.1101,12.4879,12.4158,11.8998,11.3824,10.881,9.90757,7.49517,	20,19.2607,14.1425,9.52486,6.76809,5.12504,3.81864,2.7735,1.74527,0.736316,6.35912,9.10445,16.7696,16.7834,14.3237,10.7013,8.84569,7.32312,5.20481,3.50947,0.746483,6.32038,	
0.829252,4.59831,6.72515,7.78486,8.83048,12.2243,11.9504,11.3354,10.8067,9.49806,7.3541,2.13857,6.4149,9.04775,10.7531,12.2754,12.4849,11.93,11.4563,10.8734,9.53769,7.42806,	20,19.0742,13.8545,9.28492,6.62929,5.06543,3.78463,2.69495,1.73907,0.777833,6.23041,9.01363,16.7177,16.6865,14.0367,10.458,8.58931,7.1902,5.23616,3.40594,0.777091,6.23317,	
0.773053,4.47424,6.60241,7.68938,8.71521,12.1409,11.7979,11.3338,10.6969,9.43761,7.40175,2.00366,6.17844,8.8374,10.624,12.0915,12.0545,11.7709,11.5201,10.7128,9.45295,7.53457,	20,18.9041,13.5899,9.07361,6.50956,5.00995,3.74946,2.68796,1.68096,0.768594,6.04155,8.8791,16.6921,16.5067,13.8243,10.2753,8.44261,7.05215,5.15468,3.29081,0.770545,6.08677,	
0.746399,4.46108,6.57848,7.6772,8.63871,11.965,11.6859,11.3491,10.3609,9.37222,7.54952,1.93458,6.04444,8.65747,10.5158,11.9323,12.0558,11.7612,11.3646,10.5851,9.36043,7.62228,	20,18.7748,13.4657,8.94345,6.45092,4.97511,3.71946,2.65021,1.68543,0.779411,5.96288,8.83471,16.6347,16.4112,13.5898,10.1122,8.40915,6.9196,5.04951,3.20412,0.780793,6.02177,	
0.720664,4.47352,6.55671,7.64461,8.46518,11.7765,11.6115,11.1656,10.4842,9.34157,7.45869,1.85853,5.91371,8.48584,10.3506,11.7478,11.7461,11.7257,11.413,10.5277,9.3291,7.47239,	20,18.6433,13.2213,8.76993,6.37681,4.92645,3.671,2.64682,1.67894,0.732477,5.93544,8.83471,16.6154,16.1325,13.372,10.0343,8.25894,6.7879,5.00234,3.16352,0.738205,5.87786,	
0.699312,4.49197,6.5814,7.57132,8.40823,11.6702,11.6863,11.2346,10.4672,9.25525,7.30188,1.83079,5.82613,8.32457,10.2132,11.666,11.6231,11.6849,11.2069,10.6523,9.34346,7.34907,	20,18.508,12.9504,8.62809,6.31537,4.88943,3.66751,2.65085,1.66469,0.708973,5.84785,8.79053,16.6355,15.9987,13.3095,9.93974,8.22669,6.73332,4.96795,3.12085,0.712013,5.77166,	
0.671824,4.40618,6.43305,7.50875,8.3742,11.5544,11.4873,11.1195,10.5695,9.16639,7.18201,1.80347,5.77469,8.19906,10.0816,11.5552,11.6796,11.4312,11.2925,10.5325,9.2299,7.26164,	20,18.3936,12.8019,8.54433,6.27944,4.86218,3.66524,2.65384,1.675,0.717612,5.68772,8.65933,16.5642,15.9459,13.1921,9.83493,8.04736,6.6495,4.96494,2.99086,0.724844,5.68088,	
0.632605,4.33611,6.38147,7.38488,8.28094,11.4257,11.2094,11.0273,10.4052,9.03275,7.28576,1.72392,5.62234,8.05351,9.93332,11.3229,11.434,11.3117,11.2759,10.4416,9.1979,7.33135,	20,18.2316,12.4935,8.34284,6.21408,4.80182,3.66126,2.63206,1.64979,0.701208,5.588,8.48744,16.2267,15.7578,12.9491,9.82392,7.87967,6.49204,4.87399,2.91911,0.721348,5.58674,	
0.598669,4.24942,6.32848,7.31133,8.10504,11.3461,11.1847,11.1538,10.4387,8.97931,7.22014,1.64787,5.46765,7.88935,9.75183,11.2163,11.3129,11.1884,11.1468,10.3681,9.04425,7.20877,	20,18.04,12.2433,8.17852,6.1495,4.75329,3.63646,2.59842,1.63001,0.679066,5.4974,8.31896,15.9943,15.5518,12.7925,9.63148,7.8106,6.40304,4.84004,2.86333,0.688198,5.53809,	
0.558097,4.15866,6.20093,7.18707,8.06638,11.2315,11.0694,10.9651,10.2373,9.01369,7.1977,1.57519,5.32995,7.74736,9.60937,11.1125,11.3186,11.2131,10.922,10.3477,8.99606,7.30811,	20,17.8003,12.004,8.08728,6.0963,4.73272,3.59889,2.59246,1.61747,0.662202,5.46179,8.1948,15.9752,15.3876,12.7355,9.4917,7.68852,6.27988,4.70493,2.77687,0.681838,5.44284,	
0.517673,4.02421,6.10548,7.10463,7.98946,11.1684,10.8825,10.9191,10.3269,9.04232,7.15583,1.52087,5.1988,7.54583,9.44333,10.9345,11.1383,11.0101,10.9219,10.3694,9.05088,7.23498,	20,17.5591,11.7458,7.95809,6.03733,4.7069,3.5809,2.59632,1.60956,0.655555,5.39807,7.99197,15.7898,15.2334,12.4378,9.34317,7.57395,6.22482,4.52032,2.8663,0.656436,5.37747,	
0.487453,4.01263,5.91529,6.95677,7.90863,11.0429,10.792,10.7549,10.2603,8.92728,7.12751,1.49068,5.11233,7.42937,9.33136,10.7151,11.1051,10.8458,10.9225,10.3321,8.99663,7.28671,	20,17.4858,11.5804,7.82135,5.99589,4.68951,3.58402,2.6001,1.6165,0.638684,5.34098,7.91225,15.7378,15.0801,12.2206,9.21521,7.50602,6.06764,4.4343,2.8988,0.644062,5.32717,	
0.477777,4.09343,5.87835,6.92987,7.874,10.9232,10.73,10.8165,10.0935,8.92574,7.21872,1.45379,5.04178,7.33052,9.2114,10.6476,10.9061,10.848,10.8658,10.136,8.92957,7.18852,	20,17.3379,11.4309,7.76468,5.96605,4.6767,3.58444,2.58016,1.62208,0.648612,5.2083,7.87269,15.7498,14.9957,12.1546,9.11914,7.4224,6.01299,4.36114,2.87262,0.65064,5.22927,	
0.461303,4.11413,5.84467,6.85271,7.72697,10.7998,10.7041,10.8107,9.9642,8.82197,7.11568,1.41781,4.94707,7.24605,9.07789,10.5051,10.7565,10.8,10.7747,10.1131,8.79971,7.12877,	20,17.2638,11.3251,7.7046,5.90546,4.66496,3.56537,2.57616,1.62525,0.65578,5.13997,7.67783,15.5775,14.9102,12.0159,9.02413,7.37601,5.94816,4.22394,2.85644,0.661522,5.10035,	
0.434374,4.00148,5.78281,6.77317,7.6477,10.6207,10.561,10.5199,10.0526,8.77661,6.9827,1.36208,4.79528,7.12068,8.93344,10.3685,10.6752,10.5785,10.6946,10.0829,8.90403,7.03642,	20,17.164,11.1698,7.62325,5.87392,4.6485,3.56441,2.55095,1.61409,0.635537,5.03243,7.60124,15.5321,14.6284,11.8521,8.87238,7.22856,5.89778,4.17492,2.84826,0.640891,5.03681,	
0.406971,3.90897,5.78272,6.71391,7.60257,10.4801,10.4164,10.5691,9.83596,8.78988,6.87335,1.30854,4.66901,6.93686,8.79121,10.2121,10.5263,10.5558,10.6611,9.83093,8.94901,6.95297,	20,16.9641,10.9706,7.53925,5.83614,4.62932,3.54574,2.54089,1.59836,0.612859,4.96031,7.56324,15.4785,14.4406,11.7126,8.69953,7.04531,5.86527,4.12131,2.83106,0.620283,4.91218,	
0.381297,3.8072,5.72967,6.59819,7.50903,10.4009,10.3769,10.4874,9.60599,8.78234,6.86408,1.28901,4.6223,6.86993,8.68266,10.0742,10.4305,10.457,10.603,9.58613,8.87774,6.91794,	20,16.864,10.8622,7.49098,5.8159,4.61836,3.54548,2.52596,1.59507,0.614997,4.80721,7.4131,15.3505,14.223,11.5474,8.63119,6.87344,5.76235,4.09266,2.78225,0.614635,4.77716,	
0.373728,3.88439,5.76067,6.60248,7.4853,10.2709,10.3689,10.5259,9.58479,8.60965,6.90674,1.27615,4.5915,6.78018,8.59654,9.9943,10.319,10.3077,10.4624,9.60097,8.78971,6.92566,	20,16.7629,10.7334,7.43816,5.79662,4.60964,3.543,2.52379,1.58886,0.6023,4.7446,7.37604,15.3402,14.1243,11.4989,8.56153,6.83519,5.71832,4.05388,2.71146,0.603806,4.72064,	
0.351911,3.77236,5.70478,6.51606,7.45684,10.2526,10.2123,10.3484,9.4546,8.60689,6.79748,1.1778,4.38707,6.57025,8.3735,9.81263,10.2768,10.2126,10.4297,9.63223,8.59948,6.88606,	20,16.5111,10.5204,7.33763,5.76379,4.59327,3.50012,2.48433,1.57504,0.577784,4.61765,7.12172,15.1352,13.9949,11.2582,8.5496,6.7473,5.57901,3.99327,2.65227,0.594891,4.62008,	
0.346659,3.90224,5.67801,6.4356,7.39229,10.1321,9.93827,10.262,9.49826,8.48895,6.82838,1.13719,4.30504,6.48337,8.27787,9.71051,10.2081,9.98287,10.4391,9.55906,8.4596,6.86503,	20,16.3125,10.3914,7.28722,5.74285,4.58011,3.49758,2.47477,1.5629,0.572791,4.49984,6.98035,15.0297,13.9304,11.1691,8.47977,6.72941,5.55055,3.96663,2.60539,0.57083,4.51538,	
0.341485,3.99996,5.65257,6.42831,7.36485,10.0167,9.98667,10.274,9.51992,8.37694,6.80401,1.08703,4.20545,6.41397,8.13108,9.58018,9.98957,9.93799,10.2939,9.6358,8.40855,6.81243,	20,16.1627,10.2082,7.2369,5.72379,4.56928,3.47483,2.4528,1.53312,0.551764,4.4789,6.94544,15.0266,13.7883,11.0801,8.45133,6.6918,5.4912,3.98294,2.56765,0.551926,4.46883,	
0.326422,3.98943,5.53983,6.4387,7.2998,9.91905,9.68629,10.2119,9.56356,8.36497,6.68334,1.06012,4.14995,6.32248,7.99089,9.43416,9.91166,9.89571,10.1791,9.58173,8.37977,6.75919,	20,16.0391,10.1204,7.19667,5.70505,4.53374,3.43955,2.44137,1.51323,0.536626,4.38722,6.84178,14.8621,13.6601,10.9738,8.31578,6.61487,5.39972,3.96726,2.54788,0.537805,4.35026,	
0.323166,4.14961,5.53367,6.37244,7.26655,9.78137,9.72349,10.091,9.29812,8.27614,6.58862,1.05482,4.1381,6.28946,7.94434,9.29554,9.94063,9.70727,10.0636,9.41464,8.30165,6.61014,	20,16.0391,10.1012,7.17953,5.69355,4.48284,3.44013,2.44973,1.49639,0.514847,4.30874,6.77354,14.7819,13.6247,10.8801,8.25104,6.54221,5.36688,3.86911,2.49527,0.51217,4.32335,	
0.308911,4.10997,5.50177,6.30696,7.21962,9.72251,9.63789,9.94195,9.25453,8.20474,6.52617,1.01336,4.05592,6.21666,7.83759,9.17884,9.81672,9.75935,10.0438,9.34573,8.29497,6.53407,	20,15.9156,9.98547,7.09007,5.66647,4.47666,3.43865,2.41236,1.48702,0.519523,4.23891,6.73967,14.7725,13.4477,10.6197,8.24681,6.53519,5.33071,3.84134,2.43846,0.519324,4.24868,	
0.289423,3.94934,5.4277,6.27964,7.07863,9.67345,9.64647,9.89243,9.23479,8.14766,6.47289,0.978418,3.98534,6.11848,7.70397,9.01009,9.68768,9.71133,9.8506,9.25213,8.30128,6.49925,	20,15.7439,9.87328,7.04034,5.61421,4.46416,3.37415,2.41776,1.4948,0.523517,4.1844,6.63908,14.6183,13.3804,10.3552,8.23581,6.50591,5.18307,3.75221,2.42953,0.527974,4.16397,	
0.279444,3.89165,5.46576,6.2611,7.05687,9.65914,9.60723,9.71938,9.18982,8.17353,6.35774,0.978418,3.96442,6.09153,7.68632,8.95345,9.6701,9.57371,9.71946,9.18006,8.22932,6.43522,	20,15.671,9.83683,7.02971,5.60728,4.43816,3.37732,2.42441,1.48962,0.500785,4.082,6.63908,14.562,13.3089,10.3021,8.18372,6.5042,5.13834,3.71526,2.42309,0.50034,4.10641,	
0.265782,3.81768,5.39358,6.19045,7.02376,9.53673,9.45821,9.63639,9.07976,8.10188,6.42094,0.944683,3.89471,6.02547,7.57031,8.8799,9.50366,9.53321,9.74246,9.07065,8.16604,6.44936,	20,15.5262,9.72151,6.98639,5.58606,4.42767,3.35452,2.42442,1.48492,0.499317,4.04835,6.57285,14.4436,13.1873,10.1873,8.06061,6.4291,5.06694,3.64611,2.43317,0.506039,4.07853,	
0.254058,3.8243,5.33194,6.16887,6.92264,9.49795,9.25973,9.63151,9.02914,8.01673,6.37534,0.916695,3.83523,5.95966,7.48192,8.7671,9.49067,9.37282,9.65684,9.02089,8.06045,6.41247,	20,15.478,9.65264,6.9549,5.56974,4.41801,3.3665,2.42139,1.46752,0.489081,4.01083,6.47475,14.1962,13.0417,10.0564,8.03021,6.30831,5.06546,3.61234,2.38593,0.489669,3.99964,	
0.239227,3.70938,5.31617,6.10064,6.81082,9.2784,9.30406,9.57735,8.85631,7.97576,6.3512,0.898498,3.79685,5.9031,7.39974,8.63694,9.33178,9.28164,9.55781,8.9368,7.98448,6.33474,	20,15.3098,9.55248,6.91926,5.55215,4.41095,3.37737,2.42977,1.45507,0.452392,3.97842,6.34623,13.9467,12.9213,9.9924,7.92939,6.19437,5.02493,3.55562,2.35794,0.450747,3.95471,	
0.232139,3.74295,5.29433,6.0636,6.78642,9.11532,9.0941,9.4956,8.78571,7.90413,6.26275,0.885088,3.76803,5.86434,7.33333,8.59012,9.16284,9.16011,9.50507,9.02629,7.94564,6.30102,	20,15.2619,9.47992,6.89575,5.54046,4.40721,3.36876,2.42212,1.44474,0.443188,3.92434,6.31449,13.9225,12.8042,9.94576,7.85318,6.15897,4.95007,3.5091,2.38702,0.446589,3.9125,	
0.223479,3.74558,5.23324,5.99314,6.7314,9.018,9.02798,9.40942,8.81132,7.84166,6.17136,0.839699,3.65283,5.76725,7.24914,8.45292,8.98933,9.07636,9.4687,8.84641,7.9565,6.25942,	20,15.1256,9.36956,6.85956,5.52279,4.39956,3.36286,2.38144,1.42552,0.442349,3.85021,6.25472,13.7573,12.6775,9.85896,7.79639,6.08086,4.9057,3.462,2.36741,0.450746,3.83843,	
0.208821,3.61342,5.15975,5.97357,6.66424,8.82924,8.929,9.31028,8.68258,7.85546,6.15871,0.802897,3.57336,5.67967,7.16112,8.40617,8.69909,9.06975,9.36472,8.73452,7.82459,6.16934,	20,14.9101,9.27612,6.82691,5.506,4.37211,3.33689,2.32954,1.41825,0.439195,3.756,6.14206,13.6098,12.4269,9.74494,7.6894,6.04305,4.83491,3.40131,2.32514,0.440119,3.76354,	
0.201793,3.57982,5.10918,5.96795,6.64926,8.59941,8.8736,9.28346,8.64419,7.80321,6.14388,0.772348,3.50695,5.60272,7.11365,8.36894,8.62602,8.89765,9.26179,8.70607,7.84048,6.16443,	20,14.772,9.21477,6.80787,5.49316,4.36621,3.32209,2.3225,1.39918,0.435615,3.6588,6.08958,13.5832,12.3438,9.66484,7.60714,5.97962,4.81912,3.38509,2.29146,0.441091,3.67365,	
0.196839,3.6478,5.09957,5.96629,6.62585,8.57036,8.77764,9.18841,8.6026,7.79042,6.17945,0.750357,3.45794,5.53619,7.0586,8.2874,8.52929,8.72347,9.206,8.6128,7.78587,6.38947,	20,14.697,9.14055,6.77756,5.47802,4.35991,3.32118,2.30059,1.40218,0.448748,3.60838,6.03947,13.376,12.2472,9.52068,7.5801,5.94685,4.80734,3.3581,2.25866,0.45161,3.61847,	
0.18769,3.53921,5.10948,5.97049,6.57206,8.45888,8.71678,9.06827,8.56075,7.71046,6.31711,0.715485,3.37958,5.46269,6.98217,8.21434,8.57369,8.75585,9.13999,8.55945,7.72711,6.30981,	20,14.536,9.0561,6.75194,5.46447,4.35389,3.30646,2.30004,1.39534,0.440816,3.56769,5.96788,13.2312,12.1778,9.45084,7.52139,5.8874,4.77521,3.32023,2.25003,0.451219,3.57722,	
0.181336,3.4912,5.09058,5.94205,6.56203,8.43826,8.69968,9.04292,8.4257,7.73793,6.27224,0.704636,3.35539,5.42875,6.92287,8.16974,8.56128,8.68126,9.18117,8.48122,7.74902,6.34407,	20,14.4503,8.99246,6.7336,5.45617,4.34955,3.30642,2.3125,1.39381,0.45031,3.5456,5.94512,13.1775,12.0871,9.44039,7.48378,5.85446,4.74477,3.30304,2.24715,0.452234,3.5465,	
0.176711,3.47665,5.09077,5.9397,6.52656,8.40442,8.64403,9.01384,8.42183,7.69159,6.22683,0.684173,3.30992,5.37084,6.87382,8.13622,8.46644,8.66017,9.06327,8.45421,7.75389,6.21751,	20,14.3529,8.94652,6.71735,5.4458,4.34472,3.29582,2.31346,1.38571,0.435025,3.49434,5.94512,13.1567,12.0453,9.39979,7.38262,5.82848,4.70242,3.29585,2.2538,0.435306,3.50782,	
0.172927,3.46013,5.09181,5.91662,6.50544,8.36175,8.56041,8.92891,8.34662,7.61144,6.21037,0.674364,3.28767,5.34233,6.815,8.09189,8.41023,8.60547,9.07024,8.42504,7.71828,6.21955,	20,14.2272,8.89861,6.70297,5.43934,4.33986,3.28619,2.30553,1.38811,0.431533,3.46663,5.94512,13.1891,12.02,9.37109,7.34268,5.77656,4.68137,3.28679,2.19826,0.43281,3.45125,	
0.167608,3.43357,5.08028,5.90918,6.50195,8.35227,8.49035,8.89571,8.32393,7.58849,6.21284,0.65812,3.25074,5.30072,6.7675,8.05316,8.36518,8.5015,8.9312,8.3574,7.56368,6.20847,	20,14.167,8.85755,6.69117,5.43216,4.33495,3.28681,2.27617,1.38627,0.43118,3.42471,5.92458,13.1326,11.9593,9.34348,7.29037,5.72761,4.65836,3.25988,2.14085,0.431919,3.40986,	
0.161463,3.39638,5.04464,5.89112,6.47753,8.32992,8.466,8.87987,8.32734,7.52849,6.13823,0.649258,3.23047,5.2752,6.72019,7.99088,8.31516,8.46629,8.91689,8.39243,7.51516,6.1611,	20,14.1085,8.80689,6.67557,5.42344,4.32971,3.27471,2.27471,1.38385,0.437338,3.37941,5.90446,13.0336,11.8257,9.29342,7.25476,5.70066,4.61785,3.25756,2.13341,0.438205,3.36468,	
0.156747,3.36874,5.05112,5.83425,6.46146,8.28162,8.39888,8.84376,8.22886,7.48127,6.12141,0.636536,3.20159,5.22066,6.6567,7.96258,8.25513,8.45899,8.84638,8.27472,7.51867,6.20813,	20,14.0378,8.76265,6.66163,5.41597,4.30962,3.26414,2.25951,1.37485,0.442581,3.33848,5.88507,13.0273,11.6496,9.22255,7.23244,5.67949,4.5983,3.24057,2.09809,0.44415,3.32071,	
0.147978,3.35064,4.98574,5.79363,6.41963,8.13434,8.31057,8.80472,8.20784,7.40946,6.11424,0.612552,3.1458,5.14332,6.60266,7.8609,8.18432,8.36547,8.75375,8.29626,7.41795,6.16318,	20,13.9018,8.69355,6.63889,5.38807,4.28997,3.24412,2.25906,1.36702,0.431751,3.29666,5.82861,12.9487,11.4607,9.13754,7.21184,5.64272,4.58043,3.18904,2.05505,0.437378,3.27017,	
0.145223,3.3346,4.97945,5.78255,6.40009,8.10835,8.26487,8.67359,8.19852,7.40257,6.13083,0.603047,3.12327,5.11955,6.55987,7.81658,8.11805,8.35741,8.67252,8.27064,7.41457,6.14354,	20,13.8192,8.64156,6.62266,5.38038,4.27243,3.23644,2.26738,1.37401,0.432755,3.27486,5.7919,12.836,11.3585,9.09866,7.19644,5.62711,4.53976,3.18021,2.03955,0.432942,3.25263,	
0.139136,3.25269,4.90229,5.77445,6.38172,8.01294,8.25123,8.56337,8.16041,7.39508,6.09652,0.593868,3.10396,5.08179,6.537,7.77439,8.01843,8.30215,8.62442,8.24262,7.4234,6.12632,	20,13.768,8.61072,6.61094,5.37355,4.26931,3.23946,2.26596,1.3688,0.41891,3.22527,5.72141,12.762,11.2878,9.06742,7.1746,5.55711,4.54107,3.15406,2.00588,0.418714,3.21336,	
0.137894,3.33784,4.89551,5.742,6.35375,7.98358,8.22066,8.47281,8.15376,7.40104,6.05713,0.578064,3.06683,5.02238,6.4873,7.73483,8.00533,8.19193,8.54022,8.29451,7.44397,6.13848,	20,13.6812,8.56061,6.59411,5.36329,4.26548,3.2343,2.26844,1.36217,0.416991,3.22227,5.68736,12.7404,11.2169,9.03584,7.13251,5.54065,4.51276,3.14824,2.01169,0.418987,3.19723,	
0.134309,3.30881,4.88868,5.72868,6.34068,7.91516,8.12669,8.47656,8.16944,7.31474,6.09791,0.569661,3.04751,4.99871,6.44978,7.69872,7.92401,8.16052,8.44095,8.18227,7.4156,6.08494,	20,13.633,8.52982,6.58472,5.35763,4.26228,3.22013,2.26806,1.36611,0.409717,3.19542,5.65427,12.7101,11.1438,9.01944,7.10881,5.48712,4.48796,3.12571,2.00321,0.411875,3.17074,	
0.130158,3.26671,4.84033,5.74153,6.30995,7.90056,8.09752,8.4439,8.05942,7.33871,6.04652,0.553551,2.99857,4.96073,6.41383,7.6613,7.86999,8.04714,8.42661,8.06417,7.40783,6.0964,	20,13.5514,8.50017,6.55472,5.3506,4.25699,3.2077,2.26295,1.36752,0.39702,3.15339,5.5578,12.5727,11.0995,8.97,7.06899,5.46155,4.41909,3.10442,2.01117,0.401825,3.15187,	
0.126907,3.23834,4.85533,5.72439,6.29426,7.78628,8.02902,8.4082,8.00192,7.34006,6.05345,0.552005,2.9953,4.95408,6.39504,7.63053,7.80371,8.03443,8.43966,8.0137,7.43184,6.07448,	20,13.54,8.44783,6.54621,5.34592,4.25416,3.21212,2.2745,1.37075,0.395857,3.12119,5.5578,12.5755,10.9587,8.94681,7.02605,5.45058,4.40799,3.0747,2.02422,0.398284,3.116,	
0.122437,3.19668,4.82771,5.71313,6.26716,7.75349,7.99015,8.38491,7.95583,7.31956,6.00553,0.544452,2.9794,4.92398,6.36102,7.59314,7.77599,8.00379,8.40505,8.01237,7.33887,5.9991,	20,13.4949,8.42075,6.53637,5.33993,4.25077,3.21809,2.2792,1.36301,0.393111,3.09261,5.52724,12.5474,10.9194,8.90076,6.99846,5.40049,4.38226,3.04312,2.00096,0.39492,3.08613,	
0.119166,3.17272,4.79074,5.64403,6.24815,7.69113,7.97616,8.33316,7.95535,7.30928,5.93793,0.534278,2.95371,4.90022,6.33778,7.55444,7.7079,7.97948,8.34497,7.97663,7.31656,5.94943,	20,13.4621,8.40179,6.52827,5.32019,4.24785,3.19814,2.28681,1.35228,0.386536,3.05569,5.45294,12.4607,10.8027,8.84851,6.93229,5.39073,4.36621,3.01525,1.99168,0.387769,3.0579,	
0.116976,3.19837,4.78534,5.6137,6.23605,7.60445,7.93581,8.32348,7.92373,7.22633,5.89296,0.518865,2.91462,4.86355,6.28185,7.50943,7.65552,7.94203,8.36604,8.01512,7.28505,5.97985,	20,13.387,8.35851,6.51367,5.31412,4.2433,3.20704,2.2768,1.33868,0.396852,3.02779,5.39536,12.3724,10.7268,8.80981,6.92108,5.37072,4.33641,3.01383,1.97063,0.40015,3.02469,	
0.114864,3.2276,4.72959,5.59493,6.2189,7.60069,7.93601,8.25954,7.93973,7.25401,5.91285,0.509523,2.8927,4.8357,6.25188,7.473,7.59035,7.97467,8.32692,7.9479,7.27514,5.95127,	20,13.3347,8.32385,6.50143,5.3087,4.24054,3.20602,2.28359,1.33231,0.399769,3.01029,5.33936,12.2498,10.6797,8.79183,6.86536,5.35704,4.31033,3.01266,1.96863,0.401156,3.01857,	
0.11196,3.1968,4.72275,5.58307,6.20952,7.56131,7.92889,8.25489,7.88064,7.19152,5.9218,0.495365,2.8575,4.79895,6.22578,7.44773,7.55337,7.95564,8.25839,7.88491,7.26441,5.92565,	20,13.2632,8.29476,6.49314,5.30506,4.23743,3.19589,2.26547,1.32894,0.398682,2.98818,5.33936,12.2065,10.6107,8.76632,6.87392,5.3487,4.29318,3.00292,1.95039,0.402134,2.988,	
0.109169,3.18232,4.68927,5.56587,6.1651,7.51427,7.89353,8.21742,7.83966,7.17407,5.86936,0.490408,2.84624,4.78123,6.20168,7.39102,7.51357,7.91892,8.25186,7.88781,7.23858,5.91055,	20,13.2234,8.27475,6.48426,5.30035,4.23389,3.19433,2.26609,1.32851,0.403582,2.94944,5.27229,12.1008,10.5648,8.71663,6.84505,5.35087,4.3009,2.97656,1.92644,0.402836,2.94979,	
0.107295,3.16786,4.6815,5.55437,6.15955,7.49827,7.84677,8.20062,7.85118,7.19728,5.85588,0.483183,2.8279,4.7623,6.18192,7.37732,7.49412,7.87423,8.21161,7.84567,7.20896,5.88713,	20,13.1748,8.25727,6.47929,5.29822,4.23225,3.19841,2.25372,1.33035,0.403588,2.93058,5.25917,12.0678,10.5421,8.71012,6.82047,5.34079,4.27651,2.97931,1.91818,0.406837,2.92691,	
0.104724,3.16727,4.66398,5.54712,6.13737,7.43748,7.8131,8.13464,7.78995,7.15571,5.86979,0.478518,2.81572,4.74961,6.16674,7.36463,7.44508,7.87849,8.17032,7.81408,7.19766,5.87676,	20,13.118,8.24225,6.47492,5.29567,4.23043,3.19415,2.25957,1.32701,0.40201,2.92173,5.23352,12.0506,10.5384,8.70815,6.81218,5.30226,4.23267,2.96192,1.91988,0.402478,2.9012,	
0.10151,3.13269,4.61453,5.52011,6.12663,7.41761,7.80741,8.08658,7.74921,7.17052,5.82716,0.471708,2.79904,4.72862,6.13812,7.33279,7.44335,7.81659,8.11572,7.88959,7.16246,5.8478,	20,13.0718,8.20452,6.46675,5.27958,4.22814,3.20044,2.26665,1.32932,0.402645,2.91205,5.22102,12.0182,10.5126,8.64426,6.76715,5.27264,4.20818,2.96154,1.91305,0.406663,2.89005,	
0.0991474,3.14289,4.63503,5.48649,6.09696,7.40372,7.74583,8.08145,7.83858,7.14053,5.81371,0.466194,2.78913,4.70069,6.10959,7.29241,7.42945,7.78713,8.14352,7.85428,7.13541,5.89754,	20,12.9904,8.177,6.45467,5.27541,4.22598,3.20748,2.27388,1.33337,0.416858,2.91102,5.17202,11.9763,10.4852,8.59654,6.74011,5.25854,4.20877,2.95183,1.90291,0.417572,2.8843,	
0.0970981,3.15452,4.62404,5.46095,6.07326,7.3903,7.7309,8.0525,7.77283,7.09106,5.82694,0.456533,2.76672,4.66848,6.08738,7.26401,7.41508,7.75351,8.09291,7.81924,7.13563,5.87947,	20,12.9551,8.16033,6.44686,5.27237,4.22488,3.20536,2.27388,1.33015,0.417185,2.89345,5.13606,11.8561,10.4392,8.56513,6.71043,5.25284,4.19753,2.94872,1.8935,0.418607,2.87713,	
0.0953358,3.18198,4.58805,5.4587,6.05662,7.36962,7.68157,7.9986,7.78458,6.97943,5.78017,0.449286,2.7495,4.64491,6.05176,7.24004,7.42002,7.73061,8.03993,7.78557,7.02357,5.85471,	20,12.9033,8.14573,6.44038,5.25769,4.22321,3.20487,2.27031,1.33941,0.418311,2.86629,5.08923,11.8098,10.4331,8.5357,6.64535,5.24855,4.17003,2.9352,1.86774,0.415639,2.8604,	
0.0940535,3.19265,4.58739,5.4113,6.03461,7.36709,7.66756,7.99437,7.75268,6.93656,5.81324,0.445253,2.73973,4.63242,6.03584,7.21782,7.39533,7.70463,8.00369,7.76864,6.92042,5.87149,	20,12.8611,8.12838,6.43428,5.24436,4.2217,3.18727,2.27419,1.34312,0.417439,2.84658,5.07777,11.7803,10.4084,8.5105,6.61722,5.25102,4.15869,2.92459,1.85327,0.418408,2.84895,	
0.0930147,3.17935,4.58626,5.39845,6.0348,7.3203,7.63249,7.95756,7.72227,6.94281,5.84013,0.439365,2.72553,4.61447,6.0191,7.20099,7.38073,7.65366,7.95567,7.76379,6.92845,5.86553,	20,12.8199,8.11309,6.42845,5.24339,4.22012,3.1926,2.26905,1.34383,0.413103,2.84458,5.05528,11.7625,10.3862,8.5046,6.59579,5.23027,4.15063,2.9218,1.84042,0.414218,2.83205,	
0.0909972,3.18595,4.55785,5.39116,6.00455,7.27233,7.61185,7.83978,7.73768,6.92573,5.79038,0.436482,2.72011,4.60234,6.00095,7.17352,7.36354,7.61419,7.86808,7.79454,6.96126,5.80588,	20,12.7794,8.09965,6.42323,5.24226,4.2188,3.19794,2.26156,1.34851,0.410973,2.80726,5.02217,11.7045,10.3722,8.472,6.57348,5.22406,4.12832,2.91717,1.82976,0.414005,2.80236,	
0.0886662,3.11445,4.53513,5.38975,5.95329,7.28704,7.57776,7.84167,7.69608,6.90469,5.75613,0.429909,2.70359,4.58267,5.9619,7.14248,7.33185,7.57257,7.83796,7.77509,6.95731,5.79099,	20,12.7238,8.07935,6.41516,5.24078,4.21693,3.19709,2.26066,1.34943,0.404869,2.78796,4.96802,11.5734,10.3489,8.41723,6.56273,5.20433,4.126,2.90146,1.82887,0.408269,2.78017,	
0.0881003,3.16362,4.52159,5.37563,5.9483,7.27795,7.5698,7.74782,7.7065,6.88375,5.75567,0.422637,2.68659,4.55814,5.93829,7.12031,7.33042,7.56262,7.80879,7.76702,6.9221,5.7724,	20,12.6697,8.05556,6.40643,5.23937,4.21578,3.19475,2.25376,1.34747,0.405729,2.77474,4.95747,11.5761,10.3008,8.39159,6.53757,5.20224,4.11033,2.89845,1.81742,0.406588,2.76144,	
0.0864487,3.15483,4.49465,5.37184,5.92764,7.29123,7.54134,7.74517,7.6863,6.86406,5.73341,0.416443,2.67223,4.53777,5.91396,7.10069,7.3053,7.51746,7.81842,7.75077,6.84679,5.75503,	20,12.6469,8.04062,6.39983,5.22764,4.21477,3.19864,2.25604,1.34463,0.398858,2.7609,4.93666,11.531,10.2686,8.35302,6.52175,5.19954,4.10534,2.89534,1.80762,0.399714,2.74796,	
0.0852022,3.14646,4.48309,5.35951,5.92359,7.25081,7.52549,7.73159,7.66822,6.82727,5.715,0.414717,2.67101,4.51711,5.89746,7.08128,7.26529,7.55655,7.81831,7.70531,6.89006,5.7484,	20,12.6097,8.02741,6.3949,5.22707,4.21414,3.20192,2.25809,1.34936,0.401998,2.74551,4.92641,11.5288,10.2482,8.3408,6.50686,5.19152,4.09683,2.88264,1.80811,0.403902,2.73487,	
0.0839864,3.15949,4.46545,5.34342,5.89705,7.2127,7.49049,7.73999,7.67655,6.82189,5.71663,0.407965,2.65147,4.50133,5.86972,7.05508,7.24485,7.50726,7.77597,7.69839,6.90833,5.71774,	20,12.5876,8.01324,6.3886,5.20574,4.21314,3.19991,2.25701,1.34632,0.399641,2.73923,4.89631,11.495,10.1938,8.29855,6.49915,5.17579,4.09253,2.87521,1.81401,0.401184,2.72516,	
0.0821342,3.14874,4.46592,5.31935,5.87832,7.16241,7.49314,7.69577,7.63841,6.84409,5.68058,0.402221,2.63702,4.48385,5.84681,7.02674,7.19251,7.48392,7.70409,7.64881,6.92535,5.73158,	20,12.5229,7.99816,6.38171,5.20616,4.21208,3.1989,2.26245,1.34465,0.401667,2.70644,4.86659,11.4746,10.1805,8.27543,6.44214,5.15706,4.07683,2.86132,1.8263,0.405052,2.71475,	
0.0806685,3.12445,4.46911,5.32161,5.86965,7.16758,7.45203,7.66663,7.60257,6.83735,5.67663,0.397428,2.62823,4.46369,5.83247,7.00237,7.15877,7.4278,7.69931,7.66152,6.86656,5.68877,	20,12.5018,7.98956,6.37687,5.20637,4.21145,3.20365,2.26439,1.34746,0.397251,2.69532,4.86659,11.458,10.1227,8.25662,6.44794,5.14156,4.06301,2.85004,1.8246,0.400911,2.6996,	
0.0786213,3.08485,4.46012,5.3002,5.83554,7.08644,7.44775,7.64636,7.60815,6.82873,5.68728,0.395858,2.62707,4.45392,5.81395,6.98607,7.08838,7.42913,7.68359,7.67232,6.86206,5.69335,	20,12.4742,7.97396,6.37059,5.20659,4.21112,3.20763,2.26153,1.35175,0.396476,2.68748,4.82838,11.4146,10.098,8.25991,6.44449,5.13568,4.0434,2.86539,1.81023,0.398888,2.68615,	
0.0770982,3.06569,4.44996,5.29279,5.82777,7.0563,7.38238,7.6516,7.59214,6.84081,5.65962,0.387442,2.60587,4.42688,5.79407,6.96183,7.07869,7.40647,7.67063,7.6198,6.86091,5.67602,	20,12.4197,7.95412,6.36339,5.20685,4.21062,3.20023,2.26528,1.3513,0.391839,2.66631,4.80014,11.3924,10.0347,8.25555,6.43232,5.13221,4.03571,2.85859,1.80631,0.392734,2.66189,	
0.0762107,3.07536,4.4504,5.29207,5.81185,7.03071,7.36937,7.63003,7.57289,6.81625,5.63773,0.38223,2.59128,4.41275,5.77985,6.95151,7.07053,7.37246,7.64456,7.56131,6.79885,5.64981,	20,12.3931,7.9439,6.35892,5.20697,4.21026,3.20319,2.26561,1.34654,0.383144,2.64665,4.79086,11.3876,9.99533,8.23709,6.4276,5.12762,4.02525,2.85736,1.79005,0.384897,2.64138,	
0.0746272,3.04894,4.46227,5.27388,5.79601,7.03047,7.33991,7.60158,7.52814,6.78351,5.6251,0.376433,2.57569,4.3965,5.76233,6.93279,7.03941,7.34386,7.59984,7.53873,6.82622,5.66855,	20,12.2914,7.92292,6.34118,5.20712,4.20956,3.2015,2.25502,1.34684,0.3765,2.62009,4.78172,11.3988,9.95436,8.18963,6.42034,5.12457,4.00629,2.85513,1.79343,0.379307,2.61773,	
0.0733695,3.02772,4.47258,5.25944,5.79138,7.00348,7.29606,7.55987,7.51532,6.7881,5.61351,0.3729,2.56707,4.38475,5.7504,6.90631,7.02206,7.31782,7.54384,7.51744,6.82294,5.72508,	20,12.2471,7.91201,6.33729,5.19759,4.20919,3.1987,2.25664,1.34443,0.380283,2.60482,4.78172,11.4103,9.92413,8.14485,6.38818,5.12326,3.99513,2.86025,1.7903,0.381595,2.60906,	
0.0714795,2.99356,4.45407,5.25333,5.77541,6.95534,7.29779,7.52929,7.50235,6.79296,5.6276,0.36464,2.544,4.36124,5.7282,6.87904,7.0045,7.3123,7.53737,7.50172,6.82126,5.63435,	20,12.1791,7.89293,6.33146,5.18875,4.20833,3.19807,2.26055,1.33347,0.379958,2.5938,4.76392,11.4021,9.90067,8.11957,6.37479,5.10659,3.96249,2.8544,1.78266,0.381173,2.59583,	
0.0705593,2.99893,4.45021,5.24364,5.76893,6.96917,7.26247,7.52455,7.45325,6.76732,5.61686,0.357964,2.52489,4.34225,5.71147,6.86251,6.98446,7.27426,7.5108,7.4572,6.77732,5.66122,	20,12.1145,7.87939,6.31533,5.18956,4.20788,3.20192,2.26209,1.3261,0.380924,2.57651,4.75514,11.3801,9.88394,8.07333,6.37654,5.09035,3.9524,2.84237,1.77965,0.382625,2.58103,	
0.0701741,3.02373,4.4519,5.23669,5.7597,6.96372,7.21641,7.49612,7.43444,6.74799,5.61367,0.35214,2.50586,4.32987,5.6995,6.84017,6.98053,7.23115,7.46348,7.41964,6.75528,5.66133,	20,12.1027,7.87323,6.3115,5.19033,4.20745,3.20035,2.2586,1.31847,0.380635,2.5553,4.72914,11.3466,9.87207,8.03044,6.36757,5.0838,3.94563,2.84418,1.7739,0.383629,2.56066,	
0.0689158,3.00341,4.46407,5.19458,5.74481,6.93721,7.21357,7.47348,7.42955,6.68895,5.61198,0.348965,2.49916,4.3182,5.67102,6.80794,6.98388,7.23258,7.47819,7.42653,6.72329,5.62323,	20,12.0677,7.84609,6.3072,5.19084,4.19967,3.19773,2.25499,1.32132,0.381058,2.54962,4.69509,11.3071,9.83619,7.99768,6.34766,5.07588,3.93387,2.83547,1.76388,0.38271,2.54328,	
0.067938,3.00091,4.47402,5.19235,5.74048,6.95629,7.19032,7.45295,7.40042,6.68687,5.57555,0.343994,2.48462,4.30488,5.64177,6.78759,6.95508,7.20793,7.49274,7.43663,6.72447,5.61098,	20,12.0275,7.82848,6.28063,5.19128,4.19954,3.19662,2.26052,1.32199,0.379762,2.53636,4.66997,11.2811,9.78783,7.98615,6.33579,5.05899,3.93277,2.82322,1.76424,0.384341,2.52233,	
0.0665075,2.99077,4.47591,5.16627,5.73301,6.92212,7.18567,7.42084,7.39549,6.71223,5.56863,0.342779,2.4833,4.29943,5.62867,6.77348,6.95124,7.18302,7.46204,7.41418,6.73957,5.56834,	20,11.9936,7.81884,6.27791,5.18268,4.19948,3.19999,2.2607,1.32409,0.381838,2.52311,4.64514,11.254,9.74738,7.956,6.33595,5.05226,3.91318,2.81421,1.76556,0.383503,2.5184,	
0.0652379,2.97524,4.43455,5.1626,5.72575,6.90809,7.17998,7.42071,7.3719,6.64857,5.56553,0.336817,2.46702,4.28139,5.61249,6.75424,6.95203,7.20414,7.43453,7.4038,6.65902,5.59223,	20,11.9438,7.80755,6.27433,5.18345,4.19194,3.19309,2.26508,1.32663,0.377569,2.5077,4.62892,11.2422,9.72813,7.93307,6.30274,5.03096,3.91163,2.81311,1.75734,0.381246,2.49927,	
0.0635616,2.91087,4.43534,5.14898,5.71528,6.91871,7.14027,7.40435,7.34576,6.6315,5.5466,0.332178,2.45468,4.26619,5.599,6.73996,6.94281,7.16306,7.44535,7.37623,6.6675,5.58587,	20,11.8952,7.79564,6.27154,5.1838,4.19208,3.19162,2.26535,1.32406,0.376687,2.49695,4.59695,11.2072,9.70329,7.92184,6.27789,5.00295,3.91323,2.81311,1.7621,0.378306,2.47737,	
0.0630188,2.92253,4.41152,5.12568,5.71082,6.90551,7.14453,7.39751,7.33643,6.60036,5.52143,0.33047,2.44973,4.26196,5.57746,6.72982,6.92697,7.14191,7.40215,7.3271,6.62877,5.58479,	20,11.8589,7.78848,6.26975,5.184,4.18489,3.1897,2.2654,1.32774,0.374968,2.47371,4.57332,11.178,9.68695,7.91053,6.24708,4.99819,3.90831,2.80376,1.76405,0.375648,2.47578,	
0.0626974,2.94373,4.43183,5.12204,5.69553,6.89371,7.09261,7.37841,7.32696,6.59815,5.49999,0.327118,2.44079,4.25127,5.56564,6.70306,6.93982,7.10822,7.43538,7.32936,6.63024,5.50786,	20,11.8226,7.77971,6.26717,5.18404,4.18522,3.18854,2.26932,1.32191,0.371951,2.46371,4.57332,11.167,9.67977,7.88834,6.23391,4.98793,3.89867,2.80193,1.76821,0.371548,2.46188,	
0.0620684,2.93608,4.43868,5.10875,5.68825,6.8604,7.08328,7.38068,7.31508,6.60165,5.49553,0.324925,2.43592,4.24241,5.5571,6.68972,6.88427,7.10442,7.40015,7.32216,6.60298,5.51847,	20,11.7971,7.77456,6.26578,5.18408,4.18545,3.19234,2.26487,1.32552,0.368485,2.45452,4.56561,11.1614,9.66534,7.86731,6.21812,4.97013,3.90056,2.79935,1.76204,0.370026,2.45445,	
0.0609386,2.89123,4.42954,5.10382,5.67208,6.86606,7.07655,7.34966,7.2443,6.5758,5.50373,0.321687,2.42718,4.2329,5.53112,6.67317,6.86821,7.09525,7.36629,7.29257,6.60351,5.52251,	20,11.7669,7.76277,6.26271,5.18415,4.1857,3.19239,2.26275,1.32336,0.371711,2.44301,4.5504,11.1457,9.62417,7.8104,6.20986,4.9634,3.883,2.78032,1.76239,0.374604,2.44214,	
0.0597396,2.854,4.41631,5.10469,5.64673,6.83473,7.05609,7.33078,7.23279,6.5378,5.48988,0.319562,2.4188,4.22189,5.52239,6.66111,6.84835,7.08937,7.33183,7.32347,6.56261,5.52225,	20,11.7421,7.75699,6.26103,5.18403,4.17227,3.18968,2.25456,1.32603,0.374032,2.43058,4.53538,11.0925,9.59124,7.80106,6.18359,4.96761,3.87513,2.77781,1.76569,0.375423,2.42312,	
0.0588659,2.849,4.38327,5.09128,5.64111,6.80709,7.03192,7.31771,7.24773,6.54425,5.48,0.315922,2.40447,4.20963,5.50813,6.64541,6.81845,7.06153,7.31881,7.29699,6.55923,5.53243,	20,11.7177,7.74494,6.25879,5.1836,4.17329,3.18875,2.25637,1.32415,0.376146,2.42038,4.52054,11.0583,9.56866,7.80802,6.18174,4.93458,3.86069,2.77536,1.75769,0.38093,2.41748,	
0.0582,2.8559,4.39443,5.06282,5.62942,6.78281,7.00732,7.29567,7.22403,6.52601,5.49478,0.311859,2.39749,4.18712,5.4929,6.63422,6.80782,7.01404,7.29191,7.27121,6.55222,5.55974,	20,11.6747,7.7371,6.2565,5.18319,4.17402,3.18822,2.25815,1.32693,0.371118,2.41397,4.5059,11.0434,9.55874,7.78842,6.17308,4.92599,3.84926,2.7697,1.75355,0.373699,2.40879,	
0.0570884,2.84524,4.37343,5.06169,5.61486,6.77089,6.98996,7.28301,7.18468,6.49808,5.48603,0.307371,2.38863,4.1661,5.47801,6.60345,6.79347,7.01906,7.28451,7.27116,6.51128,5.55663,	20,11.6278,7.72712,6.25349,5.18276,4.17494,3.18748,2.25301,1.32107,0.379119,2.40462,4.49863,11.0252,9.55468,7.76233,6.17288,4.9141,3.83643,2.75524,1.72989,0.383677,2.38788,	
0.0561847,2.84416,4.36365,5.06065,5.6099,6.75091,6.97705,7.24268,7.19452,6.44901,5.47628,0.304448,2.37906,4.15905,5.46622,6.5899,6.76237,6.98963,7.2669,7.20857,6.51382,5.52369,	20,11.6093,7.71664,6.25148,5.18249,4.17561,3.18625,2.24715,1.32012,0.38052,2.38548,4.49145,10.9836,9.5199,7.76969,6.17007,4.90098,3.82132,2.74542,1.73052,0.382862,2.3697,	
0.055479,2.84292,4.3421,5.04272,5.58717,6.69771,6.94721,7.21554,7.19832,6.46842,5.47041,0.302051,2.37281,4.15078,5.44769,6.58262,6.70698,6.9541,7.24241,7.21849,6.50124,5.52166,	20,11.5911,7.71006,6.24986,5.18215,4.16971,3.18979,2.24789,1.32003,0.376562,2.36111,4.4561,10.9021,9.51016,7.74867,6.16668,4.89495,3.80041,2.74723,1.71882,0.377486,2.36419,	
0.0545312,2.82354,4.31299,5.02104,5.56622,6.67042,6.93785,7.1809,7.17565,6.47623,5.48361,0.297826,2.36001,4.13912,5.43492,6.56319,6.71857,6.93804,7.20177,7.21588,6.51326,5.48491,	20,11.5373,7.6978,6.23783,5.18164,4.17071,3.18847,2.2432,1.32233,0.369789,2.35371,4.43518,10.8846,9.48344,7.73777,6.1568,4.87603,3.78167,2.73146,1.72072,0.370171,2.35369,	
0.053691,2.83746,4.29497,5.01855,5.56049,6.65596,6.91904,7.1601,7.15942,6.47871,5.45668,0.295069,2.35379,4.1286,5.42154,6.55012,6.73333,6.91528,7.19596,7.17334,6.50508,5.49999,	20,11.5023,7.6879,6.2361,5.18124,4.17159,3.18677,2.245,1.32452,0.37171,2.35276,4.42832,10.8657,9.46093,7.73459,6.14464,4.87236,3.77786,2.7245,1.7168,0.374932,2.34007,	
0.0528702,2.83646,4.30119,5.01705,5.55554,6.66704,6.89107,7.15651,7.15192,6.44967,5.44794,0.29146,2.34157,4.11948,5.41171,6.52282,6.70932,6.89178,7.16472,7.15097,6.45351,5.46018,	20,11.4807,7.68092,6.22551,5.18099,4.17217,3.18549,2.24688,1.32246,0.372952,2.33219,4.42832,10.8539,9.43499,7.73066,6.14454,4.85895,3.76803,2.71267,1.71023,0.376919,2.32225,	
0.0519119,2.80711,4.2769,5.0081,5.54019,6.67439,6.87278,7.11746,7.12417,6.4248,5.4407,0.288363,2.33188,4.11063,5.40216,6.50089,6.7052,6.89143,7.12532,7.13267,6.43984,5.45707,	20,11.4466,7.67333,6.22444,5.17294,4.17251,3.17861,2.24758,1.31945,0.37146,2.32269,4.42832,10.8448,9.40268,7.72266,6.13417,4.83755,3.75445,2.71246,1.71585,0.371398,2.31055,	
0.0513639,2.80925,4.27538,5.00705,5.5343,6.66529,6.87235,7.09996,7.10162,6.4086,5.43818,0.287492,2.33228,4.10345,5.39495,6.4914,6.70794,6.86477,7.1137,7.13862,6.41245,5.44143,	20,11.4382,7.66926,6.22351,5.17293,4.17255,3.17172,2.25095,1.32248,0.36963,2.31354,4.42163,10.8206,9.3944,7.70003,6.121,4.83549,3.75258,2.71227,1.71544,0.369645,2.30682,	
0.050598,2.79573,4.26493,5.01094,5.52897,6.63874,6.82306,7.07176,7.09325,6.40306,5.39897,0.282775,2.31653,4.09051,5.38227,6.4831,6.68045,6.86106,7.09576,7.15041,6.40452,5.41008,	20,11.4173,7.63981,6.2128,5.17292,4.17256,3.17254,2.2561,1.31837,0.363061,2.28817,4.40834,10.7899,9.32235,7.68298,6.10011,4.82121,3.75296,2.70717,1.72288,0.363346,2.2885,	
0.049849,2.80103,4.25051,4.9944,5.52496,6.65215,6.81075,7.06261,7.07629,6.37754,5.38243,0.27901,2.3049,4.07952,5.36847,6.46489,6.6587,6.84319,7.07886,7.08668,6.3773,5.40135,	20,11.368,7.62764,6.20256,5.1729,4.17251,3.17281,2.25359,1.31055,0.368544,2.27023,4.39522,10.7818,9.27942,7.66497,6.09597,4.80449,3.7374,2.69537,1.72523,0.369935,2.2691,	
0.0494823,2.79936,4.24266,4.988,5.52106,6.64677,6.8057,7.0527,7.07026,6.36047,5.36148,0.278188,2.30479,4.07442,5.36131,6.45165,6.6533,6.8272,7.03009,7.07121,6.35539,5.4019,	20,11.3478,7.6214,6.20208,5.1729,4.17255,3.17632,2.2532,1.31443,0.367622,2.26038,4.38227,10.7673,9.27167,7.6652,6.08659,4.8036,3.72745,2.69668,1.71808,0.37052,2.26279,	
0.0485483,2.78185,4.22354,4.96696,5.51725,6.60928,6.79393,7.00085,7.05241,6.37547,5.35391,0.276562,2.30021,4.06861,5.35104,6.44202,6.64332,6.80514,7.01248,7.06082,6.41091,5.4357,	20,11.3318,7.61287,6.20128,5.17289,4.17269,3.1757,2.25057,1.31642,0.370717,2.25425,4.36943,10.7206,9.25197,7.64334,6.07395,4.79944,3.7258,2.68955,1.72002,0.375527,2.25236,	
0.0477774,2.76796,4.22022,4.96067,5.50641,6.59677,6.77855,6.997,7.0394,6.36381,5.37011,0.27416,2.29407,4.05416,5.33928,6.429,6.63712,6.79631,7.02421,7.04903,6.43109,5.39378,	20,11.3081,7.60398,6.20027,5.17288,4.173,3.18061,2.252,1.31336,0.373817,2.25152,4.35041,10.6827,9.22154,7.62712,6.0755,4.78543,3.71876,2.67783,1.72473,0.374479,2.2366,	
0.0475029,2.77323,4.21715,4.93523,5.49865,6.60186,6.75885,7.00173,7.01736,6.38485,5.34942,0.27337,2.2932,4.05013,5.3315,6.41753,6.58383,6.77294,7.03984,7.03396,6.39581,5.37646,	20,11.2926,7.6005,6.19983,5.17289,4.17336,3.18371,2.25563,1.3152,0.36666,2.23395,4.32534,10.6499,9.22104,7.61916,6.06256,4.777,3.72105,2.67414,1.72667,0.368724,2.2348,	
0.0472995,2.79217,4.21653,4.94242,5.49856,6.55554,6.7536,6.9929,6.99858,6.39324,5.32325,0.272589,2.29237,4.0462,5.32431,6.4116,6.57757,6.77808,7.03292,6.99307,6.40202,5.3618,	20,11.2695,7.59537,6.19934,5.17291,4.17377,3.18657,2.24909,1.31791,0.363586,2.2261,4.31296,10.6373,9.21815,7.61563,6.05591,4.77635,3.7195,2.66875,1.72667,0.366521,2.21817,	
0.0467646,2.79313,4.21076,4.93753,5.48851,6.53975,6.74174,6.96199,6.99469,6.37129,5.34728,0.269885,2.28511,4.03541,5.31405,6.39967,6.58221,6.76458,6.98494,6.99693,6.37959,5.36546,	20,11.2619,7.58977,6.19856,5.17295,4.17442,3.19033,2.25035,1.31303,0.364959,2.21845,4.30067,10.6211,9.20376,7.58293,6.05059,4.77209,3.71276,2.66616,1.71991,0.366756,2.21375,	
0.0462393,2.79762,4.21951,4.93397,5.48389,6.53918,6.71546,6.95414,6.95287,6.36412,5.33419,0.267605,2.27725,4.0303,5.30565,6.39087,6.60206,6.7401,6.9499,6.96461,6.39809,5.35702,	20,11.2431,7.58537,6.19791,5.1587,4.17497,3.18876,2.25103,1.31469,0.364862,2.21031,4.30067,10.6255,9.19894,7.56482,6.03909,4.76884,3.6935,2.66904,1.72363,0.365198,2.20011,	
0.0455971,2.79413,4.1997,4.92789,5.47313,6.54264,6.68445,6.93032,6.93444,6.3611,5.31098,0.266113,2.2738,4.02349,5.29802,6.38251,6.59558,6.71427,6.94277,6.92515,6.3997,5.34853,	20,11.232,7.57945,6.1971,5.15911,4.17542,3.19117,2.25151,1.31613,0.358503,2.1988,4.29465,10.6193,9.16816,7.56399,6.04179,4.76908,3.6784,2.6584,1.72354,0.364253,2.19117,	
0.0453445,2.81164,4.20825,4.9291,5.4678,6.54196,6.68635,6.90798,6.93653,6.35132,5.30944,0.26427,2.27048,4.01494,5.28951,6.36024,6.59342,6.71762,6.9057,6.94555,6.35983,5.34635,	20,11.2172,7.57364,6.19612,5.15967,4.17603,3.19008,2.25182,1.31571,0.362182,2.18752,4.29465,10.6226,9.14211,7.5533,6.03865,4.76755,3.67099,2.66346,1.71869,0.366,2.19078,	
0.0446002,2.79665,4.19526,4.91646,5.45456,6.54207,6.68876,6.87825,6.8891,6.35454,5.31051,0.261007,2.26026,4.00395,5.27954,6.34689,6.5659,6.69006,6.90287,6.91754,6.37911,5.34336,	20,11.1882,7.56487,6.19499,5.16026,4.17666,3.19321,2.24712,1.31583,0.362078,2.18171,4.25922,10.5626,9.1347,7.55079,6.0371,4.76604,3.65942,2.64771,1.71956,0.365869,2.18154,	
0.0441146,2.80689,4.17566,4.9106,5.44816,6.54272,6.67855,6.88119,6.8765,6.34693,5.28233,0.259229,2.25569,3.99711,5.27165,6.33546,6.5671,6.66423,6.90968,6.90936,6.35691,5.30866,	20,11.1774,7.55934,6.1942,5.1608,4.17732,3.1954,2.23542,1.31872,0.362275,2.17971,4.24756,10.5335,9.11952,7.54187,6.03491,4.74681,3.65165,2.64715,1.7134,0.364715,2.16965,	
0.0434009,2.80029,4.16623,4.90707,5.43304,6.53566,6.66572,6.87328,6.86487,6.34725,5.26965,0.258175,2.25462,3.99131,5.26378,6.31944,6.55319,6.66031,6.91538,6.90399,6.35351,5.2727,	20,11.1738,7.55343,6.19335,5.16134,4.17806,3.19313,2.23763,1.32026,0.361551,2.1696,4.24179,10.5115,9.06336,7.53755,6.03714,4.74368,3.65475,2.64838,1.7095,0.364136,2.16798,	
0.0429346,2.80512,4.15499,4.88607,5.42779,6.53109,6.65985,6.8657,6.84461,6.30212,5.24374,0.255057,2.24625,3.97914,5.25317,6.31142,6.57264,6.67211,6.87389,6.89803,6.33386,5.28955,	20,11.1562,7.54763,6.19276,5.16191,4.17872,3.19542,2.23355,1.31982,0.364081,2.16395,4.22466,10.4906,9.05303,7.53598,6.02422,4.73274,3.64173,2.64909,1.69511,0.364883,2.1595,	
0.0423058,2.80516,4.16132,4.87658,5.42229,6.53316,6.63758,6.83585,6.84949,6.30907,5.25546,0.253694,2.24319,3.97398,5.23577,6.30446,6.54819,6.6851,6.84485,6.87118,6.3111,5.27532,	20,11.1387,7.54103,6.19199,5.16247,4.17927,3.18913,2.23886,1.32116,0.361004,2.15451,4.22466,10.495,9.01861,7.53704,6.01536,4.73247,3.63323,2.65127,1.69724,0.362363,2.14923,	
0.041746,2.81807,4.15203,4.8651,5.41894,6.50264,6.63419,6.81061,6.84394,6.30694,5.23665,0.251337,2.23854,3.96264,5.21877,6.29602,6.54154,6.68058,6.83391,6.87383,6.33129,5.23886,	20,11.1043,7.53411,6.19107,5.16309,4.17434,3.19197,2.24381,1.3152,0.358592,2.13843,4.20783,10.4785,9.00467,7.51495,6.00441,4.72305,3.63259,2.65136,1.69128,0.359217,2.13446,	
0.0414708,2.83248,4.14457,4.84951,5.41778,6.49285,6.60985,6.80488,6.82465,6.30792,5.21578,0.250674,2.23748,3.95956,5.21271,6.28986,6.5019,6.66804,6.80234,6.85282,6.34992,5.23137,	20,11.0795,7.5323,6.1907,5.16327,4.16938,3.19385,2.2471,1.31765,0.35593,2.13026,4.19674,10.4515,9.00465,7.50645,6.00085,4.72038,3.62997,2.64618,1.68422,0.357922,2.13136,	
0.0409835,2.84128,4.14239,4.83495,5.41236,6.47761,6.61862,6.80053,6.79499,6.29754,5.19126,0.247405,2.22613,3.94994,5.19667,6.28264,6.48847,6.65506,6.80368,6.82686,6.30965,5.26554,	20,11.0463,7.52475,6.18986,5.16353,4.17044,3.192,2.24199,1.31175,0.355205,2.12233,4.19123,10.4378,8.98504,7.50224,5.99713,4.70755,3.6236,2.6424,1.67842,0.356627,2.12299,	
0.0404525,2.84606,4.15137,4.82904,5.4088,6.45943,6.61668,6.76237,6.76328,6.28388,5.2334,0.244202,2.21669,3.93756,5.18883,6.27452,6.48403,6.60621,6.80006,6.82378,6.32451,5.23421,	20,11.0331,7.51998,6.18918,5.1638,4.17142,3.19425,2.23715,1.30946,0.354645,2.11196,4.19123,10.4409,8.93681,7.48291,5.99626,4.70229,3.61673,2.64205,1.68113,0.355621,2.1122,	
0.040087,2.83803,4.15207,4.82859,5.39801,6.46309,6.58696,6.75677,6.75281,6.2919,5.21021,0.242627,2.21282,3.93178,5.18107,6.26547,6.45827,6.60413,6.78609,6.81336,6.30436,5.20617,	20,11.0202,7.51657,6.18879,5.164,4.17214,3.19207,2.23779,1.31037,0.351932,2.10313,4.17499,10.4198,8.93333,7.48186,5.99153,4.68774,3.60911,2.64268,1.67747,0.353143,2.10737,	
0.0398814,2.8484,4.1626,4.80485,5.39316,6.43685,6.56523,6.74839,6.7485,6.2683,5.16707,0.241691,2.20989,3.93012,5.17447,6.25578,6.45232,6.58806,6.76323,6.79289,6.30331,5.21517,	20,11.0041,7.51196,6.18835,5.16411,4.1676,3.19388,2.23614,1.31307,0.349716,2.09765,4.15352,10.3783,8.92429,7.47874,5.98728,4.67848,3.60219,2.64556,1.67801,0.350233,2.09257,	
0.0392737,2.84394,4.14601,4.79641,5.38851,6.43107,6.56218,6.73563,6.73991,6.26378,5.1787,0.238009,2.2,3.91045,5.16211,6.24777,6.44749,6.58424,6.75328,6.76326,6.28785,5.20517,	20,10.9787,7.50418,6.18753,5.16429,4.16888,3.1878,2.22448,1.3074,0.350193,2.08906,4.14291,10.3555,8.90821,7.46744,5.97423,4.66012,3.58517,2.64456,1.67618,0.350802,2.08823,	
0.0389259,2.84843,4.14059,4.78515,5.38107,6.41737,6.55301,6.71281,6.73235,6.2399,5.16403,0.236202,2.19351,3.90503,5.15522,6.24035,6.44374,6.58534,6.71521,6.76898,6.26742,5.19736,	20,10.963,7.50098,6.18715,5.16431,4.16438,3.18948,2.2284,1.30652,0.346533,2.07886,4.13766,10.3515,8.89341,7.44412,5.96411,4.65816,3.58341,2.64655,1.66808,0.346675,2.07771,	
0.0386812,2.87443,4.13638,4.78195,5.36426,6.42051,6.55382,6.69197,6.73295,6.22724,5.14964,0.23383,2.18892,3.89315,5.14736,6.23145,6.43644,6.57055,6.71534,6.75252,6.24914,5.16459,	20,10.9412,7.48805,6.18672,5.16432,4.16528,3.19087,2.22383,1.30696,0.340413,2.07191,4.12725,10.3412,8.88996,7.42531,5.96363,4.66037,3.58278,2.63687,1.66844,0.345411,2.0694,	
0.0382472,2.87647,4.12286,4.77765,5.36146,6.39783,6.55029,6.69602,6.71343,6.22585,5.15265,0.231788,2.18487,3.88409,5.1329,6.2234,6.40847,6.59104,6.70508,6.72654,6.23097,5.17449,	20,10.9228,7.48392,6.18612,5.1515,4.16625,3.18833,2.22278,1.3077,0.343895,2.06112,4.12207,10.3379,8.85902,7.41505,5.95847,4.65891,3.58338,2.62807,1.667,0.345472,2.05992,	
0.0376795,2.86872,4.103,4.77189,5.3468,6.38818,6.54727,6.67301,6.69611,6.19568,5.14965,0.229207,2.17594,3.87706,5.12455,6.19689,6.41333,6.59443,6.70791,6.70755,6.22799,5.18181,	20,10.8926,7.4795,6.18518,5.14572,4.16709,3.18612,2.21674,1.30856,0.346868,2.05402,4.09137,10.2989,8.87189,7.40953,5.96401,4.65251,3.579,2.61646,1.67069,0.349487,2.05167,	
0.0376795,2.88209,4.09855,4.76418,5.33525,6.38316,6.53908,6.6547,6.68362,6.19355,5.14487,0.228075,2.173,3.87268,5.12049,6.19265,6.40145,6.55929,6.67734,6.69845,6.21108,5.18034,	20,10.8807,7.47695,6.1846,5.14612,4.16743,3.17515,2.21697,1.30728,0.343945,2.05379,4.08124,10.2865,8.86849,7.40559,5.96276,4.6454,3.57754,2.61418,1.66384,0.343819,2.04725,	
0.0374024,2.88121,4.08721,4.75565,5.32971,6.37561,6.50254,6.63691,6.69037,6.17622,5.1648,0.226956,2.16922,3.86948,5.10973,6.1776,6.37457,6.52445,6.67087,6.70432,6.20031,5.17392,	20,10.8689,7.47409,6.18409,5.14656,4.16772,3.17695,2.21865,1.30942,0.341414,2.03821,4.07122,10.2741,8.85426,7.40647,5.93838,4.64859,3.58246,2.61351,1.66284,0.342794,2.03643,	
0.0371288,2.90442,4.07897,4.75452,5.32645,6.33863,6.4838,6.62875,6.68409,6.15376,5.15848,0.226402,2.16868,3.86821,5.10451,6.17008,6.34813,6.53967,6.65308,6.70838,6.20075,5.17279,	20,10.8572,7.47056,6.18332,5.14715,4.168,3.17494,2.2227,1.31124,0.341677,2.02749,4.06626,10.2694,8.84763,7.39957,5.92718,4.64976,3.58467,2.61163,1.66061,0.342782,2.02769,	
0.0364581,2.87371,4.06598,4.74853,5.31677,6.33373,6.47446,6.61805,6.67005,6.15535,5.15166,0.224483,2.16333,3.8615,5.09836,6.16234,6.34037,6.52881,6.62944,6.69036,6.18306,5.18427,	20,10.8312,7.46536,6.18255,5.14775,4.16821,3.17318,2.22163,1.30826,0.34099,2.02183,4.05639,10.2359,8.84103,7.39145,5.92144,4.6449,3.57492,2.60253,1.65994,0.343274,2.01169,	
0.0361076,2.88626,4.06071,4.74643,5.31234,6.32645,6.45595,6.60085,6.66088,6.15334,5.14099,0.223131,2.16458,3.85211,5.09205,6.15365,6.32197,6.51348,6.61401,6.69681,6.16372,5.16539,	20,10.7999,7.45961,6.18168,5.14824,4.16345,3.17133,2.21782,1.30872,0.340214,2.01434,4.0515,10.2239,8.82217,7.37847,5.92385,4.64815,3.57158,2.59884,1.65843,0.344184,2.00945,	
