accept,reject,	accept,reject,	accept,reject,	accept,reject,	accept,reject,	accept,reject,	accept,reject,	accept,reject,	accept,reject,	accept,reject,	accept,reject,	wait,	wait,	wait,	wait,	wait,	wait,	wait,	wait,	wait,	wait,	wait,	
0.5,0.5,	0.5,0.5,	0.5,0.5,	0.5,0.5,	0.5,0.5,	0.5,0.5,	0.5,0.5,	0.5,0.5,	0.5,0.5,	0.5,0.5,	0.5,0.5,	1,	1,	1,	1,	1,	1,	1,	1,	1,	1,	1,	
0.5,0.5,	0.510128,0.489872,	0.520588,0.479412,	0.530584,0.469416,	0.526357,0.473643,	0.522356,0.477644,	0.516287,0.483713,	0.512922,0.487078,	0.486879,0.513121,	0.498472,0.501528,	0.499943,0.500057,	1,	1,	1,	1,	1,	1,	1,	1,	1,	1,	1,	
0.5,0.5,	0.53677,0.46323,	0.563202,0.436798,	0.570538,0.429462,	0.542648,0.457352,	0.517458,0.482542,	0.502848,0.497152,	0.486006,0.513994,	0.478327,0.521673,	0.501209,0.498791,	0.499928,0.500072,	1,	1,	1,	1,	1,	1,	1,	1,	1,	1,	1,	
0.5,0.5,	0.578108,0.421892,	0.597309,0.402691,	0.588619,0.411381,	0.536388,0.463612,	0.490304,0.509696,	0.477317,0.522683,	0.481614,0.518386,	0.483285,0.516715,	0.510719,0.489281,	0.499816,0.500184,	1,	1,	1,	1,	1,	1,	1,	1,	1,	1,	1,	
0.5,0.5,	0.627393,0.372607,	0.615247,0.384753,	0.587915,0.412085,	0.504141,0.495859,	0.473903,0.526097,	0.476865,0.523135,	0.498505,0.501495,	0.504289,0.495711,	0.521502,0.478498,	0.499752,0.500248,	1,	1,	1,	1,	1,	1,	1,	1,	1,	1,	1,	
0.5,0.5,	0.680502,0.319498,	0.618155,0.381845,	0.565758,0.434242,	0.476323,0.523677,	0.475488,0.524512,	0.492605,0.507395,	0.525192,0.474808,	0.531753,0.468247,	0.536877,0.463123,	0.499823,0.500177,	1,	1,	1,	1,	1,	1,	1,	1,	1,	1,	1,	
0.5,0.5,	0.734016,0.265984,	0.610347,0.389653,	0.537914,0.462086,	0.469071,0.530929,	0.490068,0.509932,	0.524749,0.475251,	0.569207,0.430793,	0.563237,0.436763,	0.556038,0.443962,	0.499782,0.500218,	1,	1,	1,	1,	1,	1,	1,	1,	1,	1,	1,	
0.5,0.5,	0.784005,0.215995,	0.600994,0.399006,	0.52141,0.47859,	0.476386,0.523614,	0.51882,0.48118,	0.565192,0.434808,	0.609212,0.390788,	0.597668,0.402332,	0.574114,0.425886,	0.499735,0.500265,	1,	1,	1,	1,	1,	1,	1,	1,	1,	1,	1,	
0.5,0.5,	0.832549,0.167451,	0.60042,0.39958,	0.518045,0.481955,	0.485282,0.514718,	0.556591,0.443409,	0.618063,0.381937,	0.661293,0.338707,	0.639859,0.360141,	0.595761,0.404239,	0.499707,0.500293,	1,	1,	1,	1,	1,	1,	1,	1,	1,	1,	1,	
0.5,0.5,	0.876212,0.123788,	0.613208,0.386792,	0.524719,0.475281,	0.51184,0.48816,	0.606694,0.393306,	0.687984,0.312016,	0.721031,0.278969,	0.68862,0.31138,	0.618388,0.381612,	0.499707,0.500293,	1,	1,	1,	1,	1,	1,	1,	1,	1,	1,	1,	
0.5,0.5,	0.912326,0.0876745,	0.638364,0.361636,	0.544981,0.455019,	0.56554,0.43446,	0.671426,0.328574,	0.76356,0.23644,	0.78646,0.21354,	0.742199,0.257801,	0.641069,0.358931,	0.499712,0.500288,	1,	1,	1,	1,	1,	1,	1,	1,	1,	1,	1,	
0.5,0.5,	0.939885,0.0601146,	0.673016,0.326984,	0.585555,0.414445,	0.641502,0.358498,	0.748563,0.251437,	0.834316,0.165684,	0.844741,0.155259,	0.787018,0.212982,	0.662453,0.337547,	0.499719,0.500281,	1,	1,	1,	1,	1,	1,	1,	1,	1,	1,	1,	
0.5,0.5,	0.960569,0.0394307,	0.720244,0.279756,	0.646037,0.353963,	0.724985,0.275015,	0.826743,0.173257,	0.893671,0.106329,	0.893326,0.106674,	0.826349,0.173651,	0.683599,0.316401,	0.499691,0.500309,	1,	1,	1,	1,	1,	1,	1,	1,	1,	1,	1,	
0.5,0.5,	0.974437,0.0255629,	0.777117,0.222883,	0.720614,0.279386,	0.805278,0.194722,	0.890938,0.109062,	0.936809,0.0631912,	0.929924,0.0700762,	0.862304,0.137696,	0.70586,0.29414,	0.499663,0.500337,	1,	1,	1,	1,	1,	1,	1,	1,	1,	1,	1,	
0.5,0.5,	0.983894,0.0161056,	0.835018,0.164982,	0.795428,0.204572,	0.871489,0.128511,	0.935421,0.064579,	0.964652,0.0353477,	0.9563,0.0437004,	0.894751,0.105249,	0.727679,0.272321,	0.499655,0.500345,	1,	1,	1,	1,	1,	1,	1,	1,	1,	1,	1,	
0.5,0.5,	0.989981,0.0100186,	0.887489,0.112511,	0.865141,0.134859,	0.922131,0.0778691,	0.963659,0.0363407,	0.980845,0.0191545,	0.973716,0.0262839,	0.922658,0.0773416,	0.750631,0.249369,	0.499693,0.500307,	1,	1,	1,	1,	1,	1,	1,	1,	1,	1,	1,	
0.5,0.5,	0.993786,0.00621369,	0.929219,0.0707813,	0.918542,0.0814575,	0.955519,0.0444813,	0.980141,0.0198589,	0.989792,0.0102076,	0.984585,0.0154153,	0.943865,0.0561349,	0.770196,0.229804,	0.499704,0.500296,	1,	1,	1,	1,	1,	1,	1,	1,	1,	1,	1,	
0.5,0.5,	0.996154,0.00384575,	0.958073,0.041927,	0.953987,0.0460126,	0.975399,0.0246015,	0.989379,0.0106209,	0.994609,0.00539083,	0.99111,0.00888952,	0.959677,0.0403225,	0.791083,0.208917,	0.499713,0.500287,	1,	1,	1,	1,	1,	1,	1,	1,	1,	1,	1,	
0.5,0.5,	0.997623,0.00237703,	0.9761,0.0239003,	0.974986,0.0250138,	0.986617,0.0133834,	0.994381,0.00561915,	0.997165,0.00283458,	0.994914,0.00508594,	0.971319,0.0286813,	0.808112,0.191888,	0.49972,0.50028,	1,	1,	1,	1,	1,	1,	1,	1,	1,	1,	1,	
0.5,0.5,	0.998532,0.00146788,	0.986608,0.0133924,	0.986747,0.0132527,	0.992775,0.0072252,	0.99705,0.00295049,	0.998513,0.00148727,	0.997102,0.00289833,	0.979512,0.0204884,	0.824437,0.175563,	0.499721,0.500279,	1,	1,	1,	1,	1,	1,	1,	1,	1,	1,	1,	
0.5,0.5,	0.999094,0.000905926,	0.992587,0.00741262,	0.993046,0.0069536,	0.996123,0.00387684,	0.998455,0.0015453,	0.999221,0.000779452,	0.998351,0.00164886,	0.985387,0.0146128,	0.839718,0.160282,	0.499702,0.500298,	1,	1,	1,	1,	1,	1,	1,	1,	1,	1,	1,	
0.5,0.5,	0.999441,0.000558879,	0.995922,0.00407799,	0.996368,0.00363248,	0.997929,0.00207138,	0.999191,0.000808587,	0.999592,0.000408039,	0.999063,0.00093666,	0.989575,0.0104253,	0.854099,0.145901,	0.499691,0.500309,	1,	1,	1,	1,	1,	1,	1,	1,	1,	1,	1,	
0.5,0.5,	0.999655,0.000344701,	0.997768,0.00223209,	0.998107,0.00189314,	0.998895,0.00110543,	0.999577,0.000422896,	0.999786,0.000213545,	0.999469,0.000531044,	0.992621,0.00737867,	0.867036,0.132964,	0.499695,0.500305,	1,	1,	1,	1,	1,	1,	1,	1,	1,	1,	1,	
0.5,0.5,	0.999787,0.000212572,	0.998787,0.00121306,	0.999017,0.000983028,	0.99941,0.000589563,	0.999779,0.000221125,	0.999888,0.000111652,	0.999699,0.000300922,	0.99481,0.00518985,	0.878826,0.121174,	0.499726,0.500274,	1,	1,	1,	1,	1,	1,	1,	1,	1,	1,	1,	
0.5,0.5,	0.999869,0.000131077,	0.999341,0.000658805,	0.999491,0.000508755,	0.999686,0.000314334,	0.999884,0.000115609,	0.999942,5.82707e-05,	0.99983,0.000170484,	0.99636,0.00363986,	0.889045,0.110955,	0.49967,0.50033,	1,	1,	1,	1,	1,	1,	1,	1,	1,	1,	1,	
0.5,0.5,	0.999919,8.0821e-05,	0.999642,0.000357665,	0.999739,0.000261355,	0.999832,0.000167563,	0.99994,6.04388e-05,	0.99997,3.04102e-05,	0.999903,9.65772e-05,	0.997449,0.00255094,	0.898643,0.101357,	0.499623,0.500377,	1,	1,	1,	1,	1,	1,	1,	1,	1,	1,	1,	
0.5,0.5,	0.99995,4.98318e-05,	0.999806,0.00019414,	0.999866,0.000134241,	0.999911,8.93161e-05,	0.999968,3.15957e-05,	0.999984,1.58701e-05,	0.999945,5.47063e-05,	0.998215,0.00178465,	0.907835,0.0921649,	0.499597,0.500403,	1,	1,	1,	1,	1,	1,	1,	1,	1,	1,	1,	
0.5,0.5,	0.999969,3.07242e-05,	0.999895,0.000105368,	0.999931,6.89451e-05,	0.999952,4.7606e-05,	0.999983,1.6517e-05,	0.999992,8.28201e-06,	0.999969,3.09873e-05,	0.998752,0.00124769,	0.916635,0.083365,	0.499605,0.500395,	1,	1,	1,	1,	1,	1,	1,	1,	1,	1,	1,	
0.5,0.5,	0.999981,1.8943e-05,	0.999943,5.71848e-05,	0.999965,3.54084e-05,	0.999975,2.53736e-05,	0.999991,8.63442e-06,	0.999996,4.32205e-06,	0.999982,1.75519e-05,	0.999128,0.000871949,	0.924833,0.0751668,	0.499568,0.500432,	1,	1,	1,	1,	1,	1,	1,	1,	1,	1,	1,	
0.5,0.5,	0.999988,1.16792e-05,	0.999969,3.10341e-05,	0.999982,1.81844e-05,	0.999986,1.35238e-05,	0.999995,4.51369e-06,	0.999998,2.2555e-06,	0.99999,9.94173e-06,	0.999391,0.000609075,	0.931751,0.068249,	0.499553,0.500447,	1,	1,	1,	1,	1,	1,	1,	1,	1,	1,	1,	
0.5,0.5,	0.999993,7.20073e-06,	0.999983,1.68418e-05,	0.999991,9.33874e-06,	0.999993,7.20793e-06,	0.999998,2.35955e-06,	0.999999,1.17705e-06,	0.999994,5.63115e-06,	0.999575,0.000425316,	0.937627,0.0623735,	0.499563,0.500437,	1,	1,	1,	1,	1,	1,	1,	1,	1,	1,	1,	
0.5,0.5,	0.999996,4.43955e-06,	0.999991,9.13982e-06,	0.999995,4.79596e-06,	0.999996,3.84169e-06,	0.999999,1.23347e-06,	0.999999,6.14255e-07,	0.999997,3.18956e-06,	0.999703,0.000296981,	0.942837,0.0571634,	0.499577,0.500423,	1,	1,	1,	1,	1,	1,	1,	1,	1,	1,	1,	
0.5,0.5,	0.999997,2.73716e-06,	0.999995,4.96002e-06,	0.999998,2.46298e-06,	0.999998,2.04754e-06,	0.999999,6.44798e-07,	1,3.20554e-07,	0.999998,1.80661e-06,	0.999793,0.000207443,	0.947867,0.0521328,	0.499566,0.500434,	1,	1,	1,	1,	1,	1,	1,	1,	1,	1,	1,	
0.5,0.5,	0.999998,1.68757e-06,	0.999997,2.69171e-06,	0.999999,1.26487e-06,	0.999999,1.0913e-06,	1,3.37071e-07,	1,1.67284e-07,	0.999999,1.02328e-06,	0.999855,0.000144892,	0.952982,0.0470184,	0.499615,0.500385,	1,	1,	1,	1,	1,	1,	1,	1,	1,	1,	1,	
0.5,0.5,	0.999999,1.04045e-06,	0.999999,1.46074e-06,	0.999999,6.49579e-07,	0.999999,5.81639e-07,	1,1.76205e-07,	1,8.72984e-08,	0.999999,5.79601e-07,	0.999899,0.000101197,	0.957075,0.0429252,	0.499623,0.500377,	1,	1,	1,	1,	1,	1,	1,	1,	1,	1,	1,	
0.5,0.5,	0.999999,6.41479e-07,	0.999999,7.92714e-07,	1,3.33593e-07,	1,3.10002e-07,	1,9.21116e-08,	1,4.55574e-08,	1,3.28293e-07,	0.999929,7.06762e-05,	0.961031,0.0389694,	0.499629,0.500371,	1,	1,	1,	1,	1,	1,	1,	1,	1,	1,	1,	
0.5,0.5,	1,3.95497e-07,	1,4.3019e-07,	1,1.71318e-07,	1,1.65224e-07,	1,4.81517e-08,	1,2.37745e-08,	1,1.85949e-07,	0.999951,4.93628e-05,	0.96481,0.0351895,	0.499635,0.500365,	1,	1,	1,	1,	1,	1,	1,	1,	1,	1,	1,	
0.5,0.5,	1,2.43839e-07,	1,2.33456e-07,	1,8.79806e-08,	1,8.80611e-08,	1,2.51714e-08,	1,1.24069e-08,	1,1.05324e-07,	0.999966,3.44887e-05,	0.96786,0.0321397,	0.499599,0.500401,	1,	1,	1,	1,	1,	1,	1,	1,	1,	1,	1,	
0.5,0.5,	1,1.50336e-07,	1,1.26692e-07,	1,4.51827e-08,	1,4.69347e-08,	1,1.31585e-08,	1,6.47464e-09,	1,5.96566e-08,	0.999976,2.40962e-05,	0.970452,0.0295476,	0.499609,0.500391,	1,	1,	1,	1,	1,	1,	1,	1,	1,	1,	1,	
0.5,0.5,	1,9.26882e-08,	1,6.8753e-08,	1,2.32037e-08,	1,2.50152e-08,	1,6.87863e-09,	1,3.37884e-09,	1,3.37902e-08,	0.999983,1.6835e-05,	0.973025,0.0269754,	0.499642,0.500358,	1,	1,	1,	1,	1,	1,	1,	1,	1,	1,	1,	
0.5,0.5,	1,5.71458e-08,	1,3.73109e-08,	1,1.19163e-08,	1,1.33326e-08,	1,3.59582e-09,	1,1.76328e-09,	1,1.91392e-08,	0.999988,1.17619e-05,	0.975246,0.0247538,	0.499691,0.500309,	1,	1,	1,	1,	1,	1,	1,	1,	1,	1,	1,	
0.5,0.5,	1,3.52326e-08,	1,2.02479e-08,	1,6.11965e-09,	1,7.10598e-09,	1,1.87973e-09,	1,9.2018e-10,	1,1.08407e-08,	0.999992,8.21746e-06,	0.977292,0.0227076,	0.49966,0.50034,	1,	1,	1,	1,	1,	1,	1,	1,	1,	1,	1,	
0.5,0.5,	1,2.17223e-08,	1,1.09881e-08,	1,3.14276e-09,	1,3.78734e-09,	1,9.82634e-10,	1,4.80203e-10,	1,6.14028e-09,	0.999994,5.74114e-06,	0.979167,0.0208332,	0.499649,0.500351,	1,	1,	1,	1,	1,	1,	1,	1,	1,	1,	1,	
0.5,0.5,	1,1.33926e-08,	1,5.96303e-09,	1,1.61397e-09,	1,2.01857e-09,	1,5.13675e-10,	1,2.50598e-10,	1,3.47792e-09,	0.999996,4.01104e-06,	0.980929,0.0190705,	0.499654,0.500346,	1,	1,	1,	1,	1,	1,	1,	1,	1,	1,	1,	
0.5,0.5,	1,8.25707e-09,	1,3.23601e-09,	1,8.2886e-10,	1,1.07586e-09,	1,2.68525e-10,	1,1.30777e-10,	1,1.96994e-09,	0.999997,2.80231e-06,	0.982516,0.0174837,	0.499658,0.500342,	1,	1,	1,	1,	1,	1,	1,	1,	1,	1,	1,	
0.5,0.5,	1,5.0908e-09,	1,1.75612e-09,	1,4.25663e-10,	1,5.73409e-10,	1,1.40373e-10,	1,6.82468e-11,	1,1.1158e-09,	0.999998,1.95782e-06,	0.983946,0.016054,	0.499654,0.500346,	1,	1,	1,	1,	1,	1,	1,	1,	1,	1,	1,	
0.5,0.5,	1,3.13868e-09,	1,9.53011e-10,	1,2.186e-10,	1,3.05615e-10,	1,7.33802e-11,	1,3.56152e-11,	1,6.32e-10,	0.999999,1.36783e-06,	0.985212,0.0147882,	0.499654,0.500346,	1,	1,	1,	1,	1,	1,	1,	1,	1,	1,	1,	
0.5,0.5,	1,1.93512e-09,	1,5.1718e-10,	1,1.12263e-10,	1,1.62886e-10,	1,3.83598e-11,	1,1.85861e-11,	1,3.57972e-10,	0.999999,9.55629e-07,	0.986376,0.0136236,	0.499658,0.500342,	1,	1,	1,	1,	1,	1,	1,	1,	1,	1,	1,	
0.5,0.5,	1,1.19307e-09,	1,2.80663e-10,	1,5.76528e-11,	1,8.68149e-11,	1,2.00527e-11,	1,9.69928e-12,	1,2.0276e-10,	0.999999,6.67647e-07,	0.987433,0.0125671,	0.49965,0.50035,	1,	1,	1,	1,	1,	1,	1,	1,	1,	1,	1,	
0.5,0.5,	1,7.35577e-10,	1,1.5231e-10,	1,2.96077e-11,	1,4.62705e-11,	1,1.04826e-11,	1,5.06165e-12,	1,1.14846e-10,	1,4.66449e-07,	0.988415,0.0115851,	0.499627,0.500373,	1,	1,	1,	1,	1,	1,	1,	1,	1,	1,	1,	
0.5,0.5,	1,4.53511e-10,	1,8.26557e-11,	1,1.52051e-11,	1,2.46612e-11,	1,5.47982e-12,	1,2.64146e-12,	1,6.50499e-11,	1,3.25883e-07,	0.989313,0.0106868,	0.499628,0.500372,	1,	1,	1,	1,	1,	1,	1,	1,	1,	1,	1,	
0.5,0.5,	1,2.79607e-10,	1,4.48556e-11,	1,7.80864e-12,	1,1.31439e-11,	1,2.86459e-12,	1,1.37847e-12,	1,3.6845e-11,	1,2.27677e-07,	0.99015,0.00984951,	0.499608,0.500392,	1,	1,	1,	1,	1,	1,	1,	1,	1,	1,	1,	
0.5,0.5,	1,1.72389e-10,	1,2.43422e-11,	1,4.01014e-12,	1,7.00542e-12,	1,1.49748e-12,	1,7.19365e-13,	1,2.08695e-11,	1,1.59066e-07,	0.990913,0.00908724,	0.499623,0.500377,	1,	1,	1,	1,	1,	1,	1,	1,	1,	1,	1,	
0.5,0.5,	1,1.06284e-10,	1,1.321e-11,	1,2.05942e-12,	1,3.73374e-12,	1,7.8281e-13,	1,3.75406e-13,	1,1.18207e-11,	1,1.11131e-07,	0.991591,0.00840904,	0.499648,0.500352,	1,	1,	1,	1,	1,	1,	1,	1,	1,	1,	1,	
0.5,0.5,	1,6.55284e-11,	1,7.16882e-12,	1,1.05762e-12,	1,1.99001e-12,	1,4.09217e-13,	1,1.95909e-13,	1,6.69539e-12,	1,7.76409e-08,	0.992223,0.00777723,	0.499624,0.500376,	1,	1,	1,	1,	1,	1,	1,	1,	1,	1,	1,	
0.5,0.5,	1,4.04008e-11,	1,3.89038e-12,	1,5.43144e-13,	1,1.06063e-12,	1,2.13919e-13,	1,1.02237e-13,	1,3.79235e-12,	1,5.42435e-08,	0.99279,0.00720989,	0.49962,0.50038,	1,	1,	1,	1,	1,	1,	1,	1,	1,	1,	1,	
0.5,0.5,	1,2.49087e-11,	1,2.11123e-12,	1,2.78933e-13,	1,5.65294e-13,	1,1.11827e-13,	1,5.3353e-14,	1,2.14803e-12,	1,3.7897e-08,	0.993296,0.00670414,	0.499628,0.500372,	1,	1,	1,	1,	1,	1,	1,	1,	1,	1,	1,	
0.5,0.5,	1,1.53572e-11,	1,1.14572e-12,	1,1.43247e-13,	1,3.0129e-13,	1,5.84579e-14,	1,2.78427e-14,	1,1.21667e-12,	1,2.64766e-08,	0.993791,0.00620852,	0.499625,0.500375,	1,	1,	1,	1,	1,	1,	1,	1,	1,	1,	1,	
0.5,0.5,	1,9.46828e-12,	1,6.2176e-13,	1,7.35647e-14,	1,1.60581e-13,	1,3.05591e-14,	1,1.45299e-14,	1,6.89136e-13,	1,1.84978e-08,	0.994243,0.00575669,	0.499613,0.500387,	1,	1,	1,	1,	1,	1,	1,	1,	1,	1,	1,	
0.5,0.5,	1,5.83756e-12,	1,3.37417e-13,	1,3.77793e-14,	1,8.55864e-14,	1,1.59749e-14,	1,7.58256e-15,	1,3.90335e-13,	1,1.29234e-08,	0.994644,0.00535591,	0.499645,0.500355,	1,	1,	1,	1,	1,	1,	1,	1,	1,	1,	1,	
0.5,0.5,	1,3.59908e-12,	1,1.83109e-13,	1,1.94017e-14,	1,4.56157e-14,	1,8.35091e-15,	1,3.95702e-15,	1,2.2109e-13,	1,9.02889e-09,	0.995009,0.00499068,	0.499624,0.500376,	1,	1,	1,	1,	1,	1,	1,	1,	1,	1,	1,	
0.5,0.5,	1,2.21897e-12,	1,9.93697e-14,	1,9.96377e-15,	1,2.43122e-14,	1,4.36547e-15,	1,2.065e-15,	1,1.25228e-13,	1,6.308e-09,	0.995353,0.00464659,	0.499636,0.500364,	1,	1,	1,	1,	1,	1,	1,	1,	1,	1,	1,	
0.5,0.5,	1,1.36808e-12,	1,5.39259e-14,	1,5.11692e-15,	1,1.29579e-14,	1,2.28206e-15,	1,1.07764e-15,	1,7.09307e-14,	1,4.40706e-09,	0.99568,0.00431983,	0.499631,0.500369,	1,	1,	1,	1,	1,	1,	1,	1,	1,	1,	1,	
0.5,0.5,	1,8.43476e-13,	1,2.92645e-14,	1,2.62781e-15,	1,6.90629e-15,	1,1.19296e-15,	1,5.62374e-16,	1,4.0176e-14,	1,3.07897e-09,	0.995983,0.00401697,	0.499647,0.500353,	1,	1,	1,	1,	1,	1,	1,	1,	1,	1,	1,	
0.5,0.5,	1,5.20036e-13,	1,1.58813e-14,	1,1.34952e-15,	1,3.68091e-15,	1,6.23621e-16,	1,2.93479e-16,	1,2.27562e-14,	1,2.15111e-09,	0.996264,0.0037363,	0.499682,0.500318,	1,	1,	1,	1,	1,	1,	1,	1,	1,	1,	1,	
0.5,0.5,	1,3.20622e-13,	1,8.61845e-15,	1,6.93048e-16,	1,1.96185e-15,	1,3.26e-16,	1,1.53155e-16,	1,1.28894e-14,	1,1.50287e-09,	0.996523,0.0034768,	0.49971,0.50029,	1,	1,	1,	1,	1,	1,	1,	1,	1,	1,	1,	
0.5,0.5,	1,1.97676e-13,	1,4.67706e-15,	1,3.55917e-16,	1,1.04562e-15,	1,1.70418e-16,	1,7.99249e-17,	1,7.30068e-15,	1,1.04997e-09,	0.996765,0.00323489,	0.499722,0.500278,	1,	1,	1,	1,	1,	1,	1,	1,	1,	1,	1,	
0.5,0.5,	1,1.21875e-13,	1,2.53815e-15,	1,1.82782e-16,	1,5.57295e-16,	1,8.90864e-17,	1,4.17095e-17,	1,4.13519e-15,	1,7.33559e-10,	0.996993,0.00300697,	0.499706,0.500294,	1,	1,	1,	1,	1,	1,	1,	1,	1,	1,	1,	
0.5,0.5,	1,7.51406e-14,	1,1.3774e-15,	1,9.38681e-17,	1,2.97026e-16,	1,4.65702e-17,	1,2.17664e-17,	1,2.34222e-15,	1,5.12498e-10,	0.99721,0.00278975,	0.49971,0.50029,	1,	1,	1,	1,	1,	1,	1,	1,	1,	1,	1,	
0.5,0.5,	1,4.63271e-14,	1,7.47487e-16,	1,4.82062e-17,	1,1.58309e-16,	1,2.43447e-17,	1,1.1359e-17,	1,1.32666e-15,	1,3.58055e-10,	0.99741,0.00258954,	0.499717,0.500283,	1,	1,	1,	1,	1,	1,	1,	1,	1,	1,	1,	
0.5,0.5,	1,2.85624e-14,	1,4.05646e-16,	1,2.47564e-17,	1,8.43752e-17,	1,1.27263e-17,	1,5.92778e-18,	1,7.51437e-16,	1,2.50154e-10,	0.997596,0.00240394,	0.49973,0.50027,	1,	1,	1,	1,	1,	1,	1,	1,	1,	1,	1,	
0.5,0.5,	1,1.76098e-14,	1,2.20136e-16,	1,1.27137e-17,	1,4.49702e-17,	1,6.6527e-18,	1,3.09346e-18,	1,4.25623e-16,	1,1.74769e-10,	0.997768,0.00223247,	0.49971,0.50029,	1,	1,	1,	1,	1,	1,	1,	1,	1,	1,	1,	
0.5,0.5,	1,1.08572e-14,	1,1.19463e-16,	1,6.52916e-18,	1,2.39682e-17,	1,3.47772e-18,	1,1.61435e-18,	1,2.41078e-16,	1,1.22102e-10,	0.997924,0.00207574,	0.499702,0.500298,	1,	1,	1,	1,	1,	1,	1,	1,	1,	1,	1,	
0.5,0.5,	1,6.69386e-15,	1,6.48304e-17,	1,3.35307e-18,	1,1.27745e-17,	1,1.81799e-18,	1,8.42459e-19,	1,1.36549e-16,	1,8.53058e-11,	0.998068,0.00193227,	0.499705,0.500295,	1,	1,	1,	1,	1,	1,	1,	1,	1,	1,	1,	
0.5,0.5,	1,4.12702e-15,	1,3.51822e-17,	1,1.72198e-18,	1,6.80856e-18,	1,9.50361e-19,	1,4.39644e-19,	1,7.73432e-17,	1,5.95986e-11,	0.998201,0.00179865,	0.499694,0.500306,	1,	1,	1,	1,	1,	1,	1,	1,	1,	1,	1,	
0.5,0.5,	1,2.54447e-15,	1,1.90927e-17,	1,8.84325e-19,	1,3.62882e-18,	1,4.96804e-19,	1,2.29432e-19,	1,4.38081e-17,	1,4.16383e-11,	0.998326,0.00167353,	0.499667,0.500333,	1,	1,	1,	1,	1,	1,	1,	1,	1,	1,	1,	
0.5,0.5,	1,1.56876e-15,	1,1.03612e-17,	1,4.54148e-19,	1,1.93408e-18,	1,2.59706e-19,	1,1.19731e-19,	1,2.48134e-17,	1,2.90904e-11,	0.998442,0.00155774,	0.499689,0.500311,	1,	1,	1,	1,	1,	1,	1,	1,	1,	1,	1,	
0.5,0.5,	1,9.67203e-16,	1,5.62282e-18,	1,2.33229e-19,	1,1.03083e-18,	1,1.35762e-19,	1,6.24825e-20,	1,1.40546e-17,	1,2.03239e-11,	0.998548,0.00145179,	0.499704,0.500296,	1,	1,	1,	1,	1,	1,	1,	1,	1,	1,	1,	
0.5,0.5,	1,5.96318e-16,	1,3.05139e-18,	1,1.19775e-19,	1,5.49408e-19,	1,7.09701e-20,	1,3.2607e-20,	1,7.9607e-18,	1,1.41992e-11,	0.998646,0.00135365,	0.499697,0.500303,	1,	1,	1,	1,	1,	1,	1,	1,	1,	1,	1,	
0.5,0.5,	1,3.67653e-16,	1,1.65593e-18,	1,6.15108e-20,	1,2.92823e-19,	1,3.70999e-20,	1,1.70162e-20,	1,4.50903e-18,	1,9.92024e-12,	0.998737,0.00126272,	0.499683,0.500317,	1,	1,	1,	1,	1,	1,	1,	1,	1,	1,	1,	
0.5,0.5,	1,2.26673e-16,	1,8.98638e-19,	1,3.1589e-20,	1,1.56068e-19,	1,1.93941e-20,	1,8.88005e-21,	1,2.55397e-18,	1,6.93073e-12,	0.998822,0.00117787,	0.499695,0.500305,	1,	1,	1,	1,	1,	1,	1,	1,	1,	1,	1,	
0.5,0.5,	1,1.39752e-16,	1,4.87673e-19,	1,1.62226e-20,	1,8.31812e-20,	1,1.01383e-20,	1,4.63413e-21,	1,1.4466e-18,	1,4.84213e-12,	0.998901,0.00109949,	0.499716,0.500284,	1,	1,	1,	1,	1,	1,	1,	1,	1,	1,	1,	
0.5,0.5,	1,8.61628e-17,	1,2.6465e-19,	1,8.33118e-21,	1,4.43338e-20,	1,5.29984e-21,	1,2.41836e-21,	1,8.19371e-19,	1,3.38294e-12,	0.998973,0.00102689,	0.49972,0.50028,	1,	1,	1,	1,	1,	1,	1,	1,	1,	1,	1,	
0.5,0.5,	1,5.31227e-17,	1,1.4362e-19,	1,4.2785e-21,	1,2.3629e-20,	1,2.77051e-21,	1,1.26204e-21,	1,4.64101e-19,	1,2.36347e-12,	0.99904,0.000959558,	0.499751,0.500249,	1,	1,	1,	1,	1,	1,	1,	1,	1,	1,	1,	
0.5,0.5,	1,3.27522e-17,	1,7.79399e-20,	1,2.19723e-21,	1,1.25938e-20,	1,1.44829e-21,	1,6.58605e-22,	1,2.62872e-19,	1,1.65123e-12,	0.999103,0.000897149,	0.499759,0.500241,	1,	1,	1,	1,	1,	1,	1,	1,	1,	1,	1,	
0.5,0.5,	1,2.0193e-17,	1,4.22964e-20,	1,1.12839e-21,	1,6.71221e-21,	1,7.571e-22,	1,3.43698e-22,	1,1.48894e-19,	1,1.15363e-12,	0.999161,0.000839388,	0.499766,0.500234,	1,	1,	1,	1,	1,	1,	1,	1,	1,	1,	1,	
0.5,0.5,	1,1.24498e-17,	1,2.29534e-20,	1,5.7949e-22,	1,3.57746e-21,	1,3.95776e-22,	1,1.79362e-22,	1,8.43354e-20,	1,8.05977e-13,	0.999214,0.000785709,	0.49978,0.50022,	1,	1,	1,	1,	1,	1,	1,	1,	1,	1,	1,	
0.5,0.5,	1,7.67576e-18,	1,1.24564e-20,	1,2.97598e-22,	1,1.90671e-21,	1,2.06893e-22,	1,9.36014e-23,	1,4.77685e-20,	1,5.63093e-13,	0.999265,0.000735484,	0.499797,0.500203,	1,	1,	1,	1,	1,	1,	1,	1,	1,	1,	1,	
0.5,0.5,	1,4.7324e-18,	1,6.75982e-21,	1,1.52832e-22,	1,1.01624e-21,	1,1.08154e-22,	1,4.88466e-23,	1,2.70567e-20,	1,3.93403e-13,	0.999312,0.000688131,	0.499793,0.500207,	1,	1,	1,	1,	1,	1,	1,	1,	1,	1,	1,	
0.5,0.5,	1,2.91771e-18,	1,3.66842e-21,	1,7.84875e-23,	1,5.41633e-22,	1,5.6538e-23,	1,2.5491e-23,	1,1.53252e-20,	1,2.74849e-13,	0.999356,0.000643933,	0.499768,0.500232,	1,	1,	1,	1,	1,	1,	1,	1,	1,	1,	1,	
0.5,0.5,	1,1.79888e-18,	1,1.99078e-21,	1,4.03074e-23,	1,2.88679e-22,	1,2.95554e-23,	1,1.33027e-23,	1,8.68038e-21,	1,1.92022e-13,	0.999397,0.000602665,	0.499797,0.500203,	1,	1,	1,	1,	1,	1,	1,	1,	1,	1,	1,	
0.5,0.5,	1,1.10908e-18,	1,1.08035e-21,	1,2.07e-23,	1,1.5386e-22,	1,1.54502e-23,	1,6.94211e-24,	1,4.91667e-21,	1,1.34156e-13,	0.999436,0.000564424,	0.499804,0.500196,	1,	1,	1,	1,	1,	1,	1,	1,	1,	1,	1,	
0.5,0.5,	1,6.83791e-19,	1,5.86286e-22,	1,1.06305e-23,	1,8.20041e-23,	1,8.07663e-24,	1,3.6228e-24,	1,2.78486e-21,	1,9.37273e-14,	0.999471,0.000528763,	0.499795,0.500205,	1,	1,	1,	1,	1,	1,	1,	1,	1,	1,	1,	
0.5,0.5,	1,4.21583e-19,	1,3.18166e-22,	1,5.45934e-24,	1,4.37065e-23,	1,4.22209e-24,	1,1.89059e-24,	1,1.57738e-21,	1,6.54822e-14,	0.999505,0.000495357,	0.499792,0.500208,	1,	1,	1,	1,	1,	1,	1,	1,	1,	1,	1,	
0.5,0.5,	1,2.59922e-19,	1,1.72662e-22,	1,2.80366e-24,	1,2.32946e-23,	1,2.20711e-24,	1,9.86617e-25,	1,8.93446e-22,	1,4.57489e-14,	0.999536,0.000464181,	0.499818,0.500182,	1,	1,	1,	1,	1,	1,	1,	1,	1,	1,	1,	
0.5,0.5,	1,1.60252e-19,	1,9.37003e-23,	1,1.43982e-24,	1,1.24155e-23,	1,1.15377e-24,	1,5.14874e-25,	1,5.06058e-22,	1,3.19623e-14,	0.999565,0.00043508,	0.499808,0.500192,	1,	1,	1,	1,	1,	1,	1,	1,	1,	1,	1,	
0.5,0.5,	1,9.88017e-20,	1,5.08493e-23,	1,7.39426e-25,	1,6.61722e-24,	1,6.03139e-25,	1,2.68691e-25,	1,2.86637e-22,	1,2.23303e-14,	0.999592,0.000407917,	0.499826,0.500174,	1,	1,	1,	1,	1,	1,	1,	1,	1,	1,	1,	
0.5,0.5,	1,6.09151e-20,	1,2.75949e-23,	1,3.79734e-25,	1,3.52684e-24,	1,3.15293e-25,	1,1.40219e-25,	1,1.62355e-22,	1,1.5601e-14,	0.999618,0.000382447,	0.499838,0.500162,	1,	1,	1,	1,	1,	1,	1,	1,	1,	1,	1,	
0.5,0.5,	1,3.75565e-20,	1,1.49752e-23,	1,1.95013e-25,	1,1.87973e-24,	1,1.6482e-25,	1,7.31742e-26,	1,9.19597e-23,	1,1.08996e-14,	0.999641,0.000358574,	0.499833,0.500167,	1,	1,	1,	1,	1,	1,	1,	1,	1,	1,	1,	
0.5,0.5,	1,2.3155e-20,	1,8.12673e-24,	1,1.0015e-25,	1,1.00186e-24,	1,8.61604e-26,	1,3.81866e-26,	1,5.20871e-23,	1,7.61495e-15,	0.999664,0.000336421,	0.499821,0.500179,	1,	1,	1,	1,	1,	1,	1,	1,	1,	1,	1,	
0.5,0.5,	1,1.4276e-20,	1,4.41021e-24,	1,5.14321e-26,	1,5.33969e-25,	1,4.50406e-26,	1,1.9928e-26,	1,2.95027e-23,	1,5.32015e-15,	0.999684,0.000315695,	0.499823,0.500177,	1,	1,	1,	1,	1,	1,	1,	1,	1,	1,	1,	
0.5,0.5,	1,8.80169e-21,	1,2.39333e-24,	1,2.64131e-26,	1,2.84594e-25,	1,2.35451e-26,	1,1.03996e-26,	1,1.67107e-23,	1,3.7169e-15,	0.999704,0.000296231,	0.499805,0.500195,	1,	1,	1,	1,	1,	1,	1,	1,	1,	1,	1,	
0.5,0.5,	1,5.42659e-21,	1,1.29881e-24,	1,1.35645e-26,	1,1.51683e-25,	1,1.23083e-26,	1,5.4271e-27,	1,9.46513e-24,	1,2.5968e-15,	0.999722,0.000277967,	0.499794,0.500206,	1,	1,	1,	1,	1,	1,	1,	1,	1,	1,	1,	
0.5,0.5,	1,3.3457e-21,	1,7.04841e-25,	1,6.96608e-27,	1,8.08436e-26,	1,6.4342e-27,	1,2.83218e-27,	1,5.36116e-24,	1,1.81424e-15,	0.999739,0.00026092,	0.499792,0.500208,	1,	1,	1,	1,	1,	1,	1,	1,	1,	1,	1,	
0.5,0.5,	1,2.06275e-21,	1,3.82503e-25,	1,3.57745e-27,	1,4.3088e-26,	1,3.3635e-27,	1,1.47799e-27,	1,3.03663e-24,	1,1.26752e-15,	0.999755,0.000244913,	0.499808,0.500192,	1,	1,	1,	1,	1,	1,	1,	1,	1,	1,	1,	
0.5,0.5,	1,1.27177e-21,	1,2.07577e-25,	1,1.83721e-27,	1,2.2965e-26,	1,1.75828e-27,	1,7.71303e-28,	1,1.71998e-24,	1,8.85545e-16,	0.99977,0.000229915,	0.499803,0.500197,	1,	1,	1,	1,	1,	1,	1,	1,	1,	1,	1,	
0.5,0.5,	1,7.84094e-22,	1,1.12648e-25,	1,9.43503e-28,	1,1.22398e-26,	1,9.19147e-28,	1,4.02511e-28,	1,9.74218e-25,	1,6.18682e-16,	0.999784,0.000215827,	0.49981,0.50019,	1,	1,	1,	1,	1,	1,	1,	1,	1,	1,	1,	
0.5,0.5,	1,4.83424e-22,	1,6.11316e-26,	1,4.84538e-28,	1,6.52358e-27,	1,4.80487e-28,	1,2.10053e-28,	1,5.51808e-25,	1,4.3224e-16,	0.999797,0.000202595,	0.499811,0.500189,	1,	1,	1,	1,	1,	1,	1,	1,	1,	1,	1,	
0.5,0.5,	1,2.9805e-22,	1,3.31749e-26,	1,2.48836e-28,	1,3.47693e-27,	1,2.51176e-28,	1,1.09618e-28,	1,3.12551e-25,	1,3.01983e-16,	0.99981,0.000190212,	0.499809,0.500191,	1,	1,	1,	1,	1,	1,	1,	1,	1,	1,	1,	
0.5,0.5,	1,1.83759e-22,	1,1.80034e-26,	1,1.2779e-28,	1,1.85313e-27,	1,1.31303e-28,	1,5.72051e-29,	1,1.77032e-25,	1,2.10979e-16,	0.999821,0.000178586,	0.4998,0.5002,	1,	1,	1,	1,	1,	1,	1,	1,	1,	1,	1,	
0.5,0.5,	1,1.13295e-22,	1,9.77006e-27,	1,6.5627e-29,	1,9.87679e-28,	1,6.86392e-29,	1,2.98529e-29,	1,1.00273e-25,	1,1.474e-16,	0.999832,0.000167688,	0.499809,0.500191,	1,	1,	1,	1,	1,	1,	1,	1,	1,	1,	1,	
0.5,0.5,	1,6.98506e-23,	1,5.30201e-27,	1,3.37029e-29,	1,5.26412e-28,	1,3.58814e-29,	1,1.5579e-29,	1,5.6796e-26,	1,1.0298e-16,	0.999842,0.000157501,	0.499806,0.500194,	1,	1,	1,	1,	1,	1,	1,	1,	1,	1,	1,	
0.5,0.5,	1,4.30656e-23,	1,2.8773e-27,	1,1.73082e-29,	1,2.80567e-28,	1,1.87571e-29,	1,8.13002e-30,	1,3.21699e-26,	1,7.19467e-17,	0.999852,0.000147973,	0.499801,0.500199,	1,	1,	1,	1,	1,	1,	1,	1,	1,	1,	1,	
0.5,0.5,	1,2.65516e-23,	1,1.56145e-27,	1,8.88868e-30,	1,1.49536e-28,	1,9.80534e-30,	1,4.24272e-30,	1,1.82214e-26,	1,5.02653e-17,	0.999861,0.00013902,	0.4998,0.5002,	1,	1,	1,	1,	1,	1,	1,	1,	1,	1,	1,	
0.5,0.5,	1,1.63701e-23,	1,8.47368e-28,	1,4.56481e-30,	1,7.96996e-29,	1,5.12577e-30,	1,2.21409e-30,	1,1.03208e-26,	1,3.51177e-17,	0.999869,0.00013062,	0.499817,0.500183,	1,	1,	1,	1,	1,	1,	1,	1,	1,	1,	1,	
0.5,0.5,	1,1.00928e-23,	1,4.5985e-28,	1,2.34427e-30,	1,4.24782e-29,	1,2.67951e-30,	1,1.15544e-30,	1,5.84584e-27,	1,2.45348e-17,	0.999877,0.000122743,	0.499815,0.500185,	1,	1,	1,	1,	1,	1,	1,	1,	1,	1,	1,	
0.5,0.5,	1,6.2226e-24,	1,2.49551e-28,	1,1.2039e-30,	1,2.264e-29,	1,1.40072e-30,	1,6.02977e-31,	1,3.31115e-27,	1,1.71412e-17,	0.999885,0.000115339,	0.499809,0.500191,	1,	1,	1,	1,	1,	1,	1,	1,	1,	1,	1,	
0.5,0.5,	1,3.83647e-24,	1,1.35426e-28,	1,6.18268e-31,	1,1.20666e-29,	1,7.32233e-31,	1,3.14669e-31,	1,1.87548e-27,	1,1.19756e-17,	0.999892,0.000108383,	0.499808,0.500192,	1,	1,	1,	1,	1,	1,	1,	1,	1,	1,	1,	
0.5,0.5,	1,2.36533e-24,	1,7.34932e-29,	1,3.17513e-31,	1,6.43126e-30,	1,3.82777e-31,	1,1.64212e-31,	1,1.06229e-27,	1,8.36671e-18,	0.999898,0.000101856,	0.499802,0.500198,	1,	1,	1,	1,	1,	1,	1,	1,	1,	1,	1,	
0.5,0.5,	1,1.45832e-24,	1,3.98833e-29,	1,1.6306e-31,	1,3.42773e-30,	1,2.00098e-31,	1,8.56955e-32,	1,6.01695e-28,	1,5.84537e-18,	0.999904,9.57227e-05,	0.499802,0.500198,	1,	1,	1,	1,	1,	1,	1,	1,	1,	1,	1,	
0.5,0.5,	1,8.9911e-25,	1,2.16438e-29,	1,8.37397e-32,	1,1.82691e-30,	1,1.04602e-31,	1,4.47209e-32,	1,3.40807e-28,	1,4.08384e-18,	0.99991,8.99579e-05,	0.499796,0.500204,	1,	1,	1,	1,	1,	1,	1,	1,	1,	1,	1,	
0.5,0.5,	1,5.54336e-25,	1,1.17457e-29,	1,4.30047e-32,	1,9.73703e-31,	1,5.4681e-32,	1,2.3338e-32,	1,1.93037e-28,	1,2.85316e-18,	0.999915,8.454e-05,	0.499794,0.500206,	1,	1,	1,	1,	1,	1,	1,	1,	1,	1,	1,	
0.5,0.5,	1,3.4177e-25,	1,6.37415e-30,	1,2.20852e-32,	1,5.18963e-31,	1,2.85847e-32,	1,1.21791e-32,	1,1.09338e-28,	1,1.99335e-18,	0.999921,7.94482e-05,	0.499803,0.500197,	1,	1,	1,	1,	1,	1,	1,	1,	1,	1,	1,	
0.5,0.5,	1,2.10714e-25,	1,3.45912e-30,	1,1.13419e-32,	1,2.76596e-31,	1,1.49427e-32,	1,6.35576e-33,	1,6.19306e-29,	1,1.39265e-18,	0.999925,7.46628e-05,	0.499821,0.500179,	1,	1,	1,	1,	1,	1,	1,	1,	1,	1,	1,	
0.5,0.5,	1,1.29914e-25,	1,1.8772e-30,	1,5.82467e-33,	1,1.4742e-31,	1,7.81137e-33,	1,3.31681e-33,	1,3.50782e-29,	1,9.72967e-19,	0.99993,7.01654e-05,	0.499813,0.500187,	1,	1,	1,	1,	1,	1,	1,	1,	1,	1,	1,	
0.5,0.5,	1,8.00967e-26,	1,1.01872e-30,	1,2.99127e-33,	1,7.85717e-32,	1,4.08342e-33,	1,1.7309e-33,	1,1.98687e-29,	1,6.7976e-19,	0.999934,6.59385e-05,	0.499823,0.500177,	1,	1,	1,	1,	1,	1,	1,	1,	1,	1,	1,	
0.5,0.5,	1,4.93827e-26,	1,5.52837e-31,	1,1.53618e-33,	1,4.18771e-32,	1,2.13462e-33,	1,9.03285e-34,	1,1.12539e-29,	1,4.74911e-19,	0.999938,6.19661e-05,	0.499842,0.500158,	1,	1,	1,	1,	1,	1,	1,	1,	1,	1,	1,	
0.5,0.5,	1,3.04464e-26,	1,3.00013e-31,	1,7.88907e-34,	1,2.23196e-32,	1,1.11588e-33,	1,4.71386e-34,	1,6.37433e-30,	1,3.31795e-19,	0.999942,5.8233e-05,	0.499857,0.500143,	1,	1,	1,	1,	1,	1,	1,	1,	1,	1,	1,	
0.5,0.5,	1,1.87714e-26,	1,1.62811e-31,	1,4.05145e-34,	1,1.18959e-32,	1,5.8333e-34,	1,2.45997e-34,	1,3.6105e-30,	1,2.31807e-19,	0.999945,5.47245e-05,	0.499843,0.500157,	1,	1,	1,	1,	1,	1,	1,	1,	1,	1,	1,	
0.5,0.5,	1,1.15733e-26,	1,8.83544e-32,	1,2.08063e-34,	1,6.34025e-33,	1,3.04937e-34,	1,1.28375e-34,	1,2.04503e-30,	1,1.61951e-19,	0.999949,5.14272e-05,	0.499845,0.500155,	1,	1,	1,	1,	1,	1,	1,	1,	1,	1,	1,	
0.5,0.5,	1,7.13537e-27,	1,4.79481e-32,	1,1.06851e-34,	1,3.37922e-33,	1,1.59407e-34,	1,6.69937e-35,	1,1.15833e-30,	1,1.13147e-19,	0.999952,4.83283e-05,	0.499845,0.500155,	1,	1,	1,	1,	1,	1,	1,	1,	1,	1,	1,	
0.5,0.5,	1,4.39923e-27,	1,2.60205e-32,	1,5.48738e-35,	1,1.80105e-33,	1,8.33306e-35,	1,3.49612e-35,	1,6.56091e-31,	1,7.90495e-20,	0.999955,4.54159e-05,	0.499844,0.500156,	1,	1,	1,	1,	1,	1,	1,	1,	1,	1,	1,	
0.5,0.5,	1,2.7123e-27,	1,1.41208e-32,	1,2.81806e-35,	1,9.59923e-34,	1,4.35613e-35,	1,1.82448e-35,	1,3.71617e-31,	1,5.52276e-20,	0.999957,4.26791e-05,	0.499849,0.500151,	1,	1,	1,	1,	1,	1,	1,	1,	1,	1,	1,	
0.5,0.5,	1,1.67224e-27,	1,7.66307e-33,	1,1.44722e-35,	1,5.11619e-34,	1,2.27718e-35,	1,9.52119e-36,	1,2.10489e-31,	1,3.85845e-20,	0.99996,4.01072e-05,	0.49985,0.50015,	1,	1,	1,	1,	1,	1,	1,	1,	1,	1,	1,	
0.5,0.5,	1,1.031e-27,	1,4.1586e-33,	1,7.43224e-36,	1,2.72682e-34,	1,1.1904e-35,	1,4.96871e-36,	1,1.19223e-31,	1,2.69569e-20,	0.999962,3.76903e-05,	0.499854,0.500146,	1,	1,	1,	1,	1,	1,	1,	1,	1,	1,	1,	
0.5,0.5,	1,6.3565e-28,	1,2.25679e-33,	1,3.81685e-36,	1,1.45334e-34,	1,6.22288e-36,	1,2.59296e-36,	1,6.75294e-32,	1,1.88334e-20,	0.999965,3.54238e-05,	0.499847,0.500153,	1,	1,	1,	1,	1,	1,	1,	1,	1,	1,	1,	
0.5,0.5,	1,3.91903e-28,	1,1.22471e-33,	1,1.96015e-36,	1,7.74599e-35,	1,3.25303e-36,	1,1.35316e-36,	1,3.82495e-32,	1,1.31579e-20,	0.999967,3.32986e-05,	0.499844,0.500156,	1,	1,	1,	1,	1,	1,	1,	1,	1,	1,	1,	
0.5,0.5,	1,2.41623e-28,	1,6.64627e-34,	1,1.00664e-36,	1,4.12845e-35,	1,1.70053e-36,	1,7.06156e-37,	1,2.1665e-32,	1,9.19268e-21,	0.999969,3.13074e-05,	0.499849,0.500151,	1,	1,	1,	1,	1,	1,	1,	1,	1,	1,	1,	
0.5,0.5,	1,1.4897e-28,	1,3.6068e-34,	1,5.16963e-37,	1,2.20038e-35,	1,8.88959e-37,	1,3.68513e-37,	1,1.22713e-32,	1,6.42243e-21,	0.999971,2.94369e-05,	0.499863,0.500137,	1,	1,	1,	1,	1,	1,	1,	1,	1,	1,	1,	
0.5,0.5,	1,9.18459e-29,	1,1.95734e-34,	1,2.65488e-37,	1,1.17275e-35,	1,4.64706e-37,	1,1.92312e-37,	1,6.9506e-33,	1,4.48701e-21,	0.999972,2.76781e-05,	0.499851,0.500149,	1,	1,	1,	1,	1,	1,	1,	1,	1,	1,	1,	
0.5,0.5,	1,5.66266e-29,	1,1.06221e-34,	1,1.36342e-37,	1,6.25053e-36,	1,2.42927e-37,	1,1.00359e-37,	1,3.9369e-33,	1,3.13483e-21,	0.999974,2.60244e-05,	0.499856,0.500144,	1,	1,	1,	1,	1,	1,	1,	1,	1,	1,	1,	
0.5,0.5,	1,3.49125e-29,	1,5.76438e-35,	1,7.00187e-38,	1,3.3314e-36,	1,1.26991e-37,	1,5.23734e-38,	1,2.22991e-33,	1,2.19014e-21,	0.999976,2.44695e-05,	0.499869,0.500131,	1,	1,	1,	1,	1,	1,	1,	1,	1,	1,	1,	
0.5,0.5,	1,2.15249e-29,	1,3.12822e-35,	1,3.59583e-38,	1,1.77557e-36,	1,6.63848e-38,	1,2.73315e-38,	1,1.26305e-33,	1,1.53013e-21,	0.999977,2.30074e-05,	0.499873,0.500127,	1,	1,	1,	1,	1,	1,	1,	1,	1,	1,	1,	
0.5,0.5,	1,1.32709e-29,	1,1.69762e-35,	1,1.84665e-38,	1,9.46339e-37,	1,3.47029e-38,	1,1.42631e-38,	1,7.15404e-34,	1,1.06902e-21,	0.999978,2.16327e-05,	0.499876,0.500124,	1,	1,	1,	1,	1,	1,	1,	1,	1,	1,	1,	
0.5,0.5,	1,8.18204e-30,	1,9.21264e-36,	1,9.4835e-39,	1,5.04379e-37,	1,1.8141e-38,	1,7.44333e-39,	1,4.05213e-34,	1,7.46867e-22,	0.99998,2.03401e-05,	0.499874,0.500126,	1,	1,	1,	1,	1,	1,	1,	1,	1,	1,	1,	
0.5,0.5,	1,5.04454e-30,	1,4.99952e-36,	1,4.87027e-39,	1,2.68823e-37,	1,9.48329e-39,	1,3.88436e-39,	1,2.29518e-34,	1,5.21796e-22,	0.999981,1.91247e-05,	0.499874,0.500126,	1,	1,	1,	1,	1,	1,	1,	1,	1,	1,	1,	
0.5,0.5,	1,3.11016e-30,	1,2.71314e-36,	1,2.50114e-39,	1,1.43277e-37,	1,4.95742e-39,	1,2.02709e-39,	1,1.30002e-34,	1,3.6455e-22,	0.999982,1.7982e-05,	0.499901,0.500099,	1,	1,	1,	1,	1,	1,	1,	1,	1,	1,	1,	
0.5,0.5,	1,1.91753e-30,	1,1.47236e-36,	1,1.28447e-39,	1,7.63637e-38,	1,2.59151e-39,	1,1.05785e-39,	1,7.36344e-35,	1,2.54692e-22,	0.999983,1.69075e-05,	0.499902,0.500098,	1,	1,	1,	1,	1,	1,	1,	1,	1,	1,	1,	
0.5,0.5,	1,1.18223e-30,	1,7.99023e-37,	1,6.59642e-40,	1,4.07002e-38,	1,1.35472e-39,	1,5.52048e-40,	1,4.17074e-35,	1,1.77939e-22,	0.999984,1.58972e-05,	0.499917,0.500083,	1,	1,	1,	1,	1,	1,	1,	1,	1,	1,	1,	
0.5,0.5,	1,7.28892e-31,	1,4.33614e-37,	1,3.38761e-40,	1,2.16924e-38,	1,7.08184e-40,	1,2.88091e-40,	1,2.36236e-35,	1,1.24317e-22,	0.999985,1.49472e-05,	0.499904,0.500096,	1,	1,	1,	1,	1,	1,	1,	1,	1,	1,	1,	
0.5,0.5,	1,4.4939e-31,	1,2.35313e-37,	1,1.73971e-40,	1,1.15616e-38,	1,3.70206e-40,	1,1.50342e-40,	1,1.33807e-35,	1,8.68534e-23,	0.999986,1.40541e-05,	0.49989,0.50011,	1,	1,	1,	1,	1,	1,	1,	1,	1,	1,	1,	
0.5,0.5,	1,2.77067e-31,	1,1.277e-37,	1,8.93434e-41,	1,6.16208e-39,	1,1.93526e-40,	1,7.84574e-41,	1,7.57897e-36,	1,6.06798e-23,	0.999987,1.32142e-05,	0.499897,0.500103,	1,	1,	1,	1,	1,	1,	1,	1,	1,	1,	1,	
0.5,0.5,	1,1.70822e-31,	1,6.93001e-38,	1,4.58825e-41,	1,3.28426e-39,	1,1.01166e-40,	1,4.09436e-41,	1,4.29282e-36,	1,4.23937e-23,	0.999988,1.24254e-05,	0.499899,0.500101,	1,	1,	1,	1,	1,	1,	1,	1,	1,	1,	1,	
0.5,0.5,	1,1.05319e-31,	1,3.76078e-38,	1,2.35631e-41,	1,1.75044e-39,	1,5.28851e-41,	1,2.13668e-41,	1,2.4315e-36,	1,2.96182e-23,	0.999988,1.16855e-05,	0.499886,0.500114,	1,	1,	1,	1,	1,	1,	1,	1,	1,	1,	1,	
0.5,0.5,	1,6.49329e-32,	1,2.0409e-38,	1,1.21009e-41,	1,9.32947e-40,	1,2.76459e-41,	1,1.11504e-41,	1,1.37723e-36,	1,2.06926e-23,	0.999989,1.09898e-05,	0.499887,0.500113,	1,	1,	1,	1,	1,	1,	1,	1,	1,	1,	1,	
0.5,0.5,	1,4.00337e-32,	1,1.10755e-38,	1,6.21444e-42,	1,4.97241e-40,	1,1.4452e-41,	1,5.81894e-42,	1,7.8008e-37,	1,1.44568e-23,	0.99999,1.03371e-05,	0.499874,0.500126,	1,	1,	1,	1,	1,	1,	1,	1,	1,	1,	1,	
0.5,0.5,	1,2.46823e-32,	1,6.01048e-39,	1,3.19144e-42,	1,2.65019e-40,	1,7.55481e-42,	1,3.03666e-42,	1,4.41847e-37,	1,1.01002e-23,	0.99999,9.72393e-06,	0.499885,0.500115,	1,	1,	1,	1,	1,	1,	1,	1,	1,	1,	1,	
0.5,0.5,	1,1.52176e-32,	1,3.26177e-39,	1,1.63897e-42,	1,1.4125e-40,	1,3.9493e-42,	1,1.5847e-42,	1,2.50267e-37,	1,7.05647e-24,	0.999991,9.14717e-06,	0.499891,0.500109,	1,	1,	1,	1,	1,	1,	1,	1,	1,	1,	1,	
0.5,0.5,	1,9.38224e-33,	1,1.77009e-39,	1,8.41699e-43,	1,7.52831e-41,	1,2.06451e-42,	1,8.26991e-43,	1,1.41754e-37,	1,4.92997e-24,	0.999991,8.60461e-06,	0.499905,0.500095,	1,	1,	1,	1,	1,	1,	1,	1,	1,	1,	1,	
0.5,0.5,	1,5.78451e-33,	1,9.60595e-40,	1,4.32257e-43,	1,4.01243e-41,	1,1.07923e-42,	1,4.31572e-43,	1,8.02913e-38,	1,3.44431e-24,	0.999992,8.09423e-06,	0.499893,0.500107,	1,	1,	1,	1,	1,	1,	1,	1,	1,	1,	1,	
0.5,0.5,	1,3.56638e-33,	1,5.21295e-40,	1,2.21986e-43,	1,2.13854e-41,	1,5.64171e-43,	1,2.25219e-43,	1,4.5478e-38,	1,2.40635e-24,	0.999992,7.61412e-06,	0.499896,0.500104,	1,	1,	1,	1,	1,	1,	1,	1,	1,	1,	1,	
0.5,0.5,	1,2.19881e-33,	1,2.82897e-40,	1,1.14002e-43,	1,1.1398e-41,	1,2.94922e-43,	1,1.17532e-43,	1,2.57593e-38,	1,1.68119e-24,	0.999993,7.16249e-06,	0.499904,0.500096,	1,	1,	1,	1,	1,	1,	1,	1,	1,	1,	1,	
0.5,0.5,	1,1.35565e-33,	1,1.53522e-40,	1,5.85459e-44,	1,6.07488e-42,	1,1.54172e-43,	1,6.13353e-44,	1,1.45903e-38,	1,1.17456e-24,	0.999993,6.73765e-06,	0.499918,0.500082,	1,	1,	1,	1,	1,	1,	1,	1,	1,	1,	1,	
0.5,0.5,	1,8.35811e-34,	1,8.33135e-41,	1,3.00664e-44,	1,3.23778e-42,	1,8.05937e-44,	1,3.20083e-44,	1,8.26414e-39,	1,8.20599e-25,	0.999994,6.338e-06,	0.499918,0.500082,	1,	1,	1,	1,	1,	1,	1,	1,	1,	1,	1,	
0.5,0.5,	1,5.1531e-34,	1,4.52125e-41,	1,1.54407e-44,	1,1.72567e-42,	1,4.21306e-44,	1,1.67038e-44,	1,4.68091e-39,	1,5.73308e-25,	0.999994,5.96206e-06,	0.499919,0.500081,	1,	1,	1,	1,	1,	1,	1,	1,	1,	1,	1,	
0.5,0.5,	1,3.17709e-34,	1,2.45359e-41,	1,7.92959e-45,	1,9.19745e-43,	1,2.20239e-44,	1,8.71701e-45,	1,2.65132e-39,	1,4.00539e-25,	0.999994,5.60842e-06,	0.49992,0.50008,	1,	1,	1,	1,	1,	1,	1,	1,	1,	1,	1,	
0.5,0.5,	1,1.9588e-34,	1,1.33152e-41,	1,4.07226e-45,	1,4.90205e-43,	1,1.15131e-44,	1,4.54904e-45,	1,1.50174e-39,	1,2.79835e-25,	0.999995,5.27575e-06,	0.499918,0.500082,	1,	1,	1,	1,	1,	1,	1,	1,	1,	1,	1,	
0.5,0.5,	1,1.20767e-34,	1,7.22587e-42,	1,2.09132e-45,	1,2.61269e-43,	1,6.0185e-45,	1,2.37395e-45,	1,8.50603e-40,	1,1.95506e-25,	0.999995,4.96282e-06,	0.499926,0.500074,	1,	1,	1,	1,	1,	1,	1,	1,	1,	1,	1,	
0.5,0.5,	1,7.44578e-35,	1,3.92133e-42,	1,1.074e-45,	1,1.39251e-43,	1,3.14619e-45,	1,1.23887e-45,	1,4.81792e-40,	1,1.36589e-25,	0.999995,4.66844e-06,	0.49993,0.50007,	1,	1,	1,	1,	1,	1,	1,	1,	1,	1,	1,	
0.5,0.5,	1,4.59061e-35,	1,2.12803e-42,	1,5.51557e-46,	1,7.42177e-44,	1,1.64468e-45,	1,6.46512e-46,	1,2.72893e-40,	1,9.54277e-26,	0.999996,4.39153e-06,	0.499928,0.500072,	1,	1,	1,	1,	1,	1,	1,	1,	1,	1,	1,	
0.5,0.5,	1,2.83029e-35,	1,1.15484e-42,	1,2.83253e-46,	1,3.95565e-44,	1,8.59762e-46,	1,3.37388e-46,	1,1.5457e-40,	1,6.66702e-26,	0.999996,4.13104e-06,	0.499926,0.500074,	1,	1,	1,	1,	1,	1,	1,	1,	1,	1,	1,	
0.5,0.5,	1,1.74498e-35,	1,6.26708e-43,	1,1.45466e-46,	1,2.10828e-44,	1,4.49443e-46,	1,1.76068e-46,	1,8.755e-41,	1,4.65789e-26,	0.999996,3.886e-06,	0.49993,0.50007,	1,	1,	1,	1,	1,	1,	1,	1,	1,	1,	1,	
0.5,0.5,	1,1.07585e-35,	1,3.40102e-43,	1,7.47042e-47,	1,1.12367e-44,	1,2.34948e-46,	1,9.18827e-47,	1,4.95894e-41,	1,3.25421e-26,	0.999996,3.6555e-06,	0.499927,0.500073,	1,	1,	1,	1,	1,	1,	1,	1,	1,	1,	1,	
0.5,0.5,	1,6.63303e-36,	1,1.84566e-43,	1,3.83645e-47,	1,5.98891e-45,	1,1.2282e-46,	1,4.79497e-47,	1,2.8088e-41,	1,2.27354e-26,	0.999997,3.43867e-06,	0.499918,0.500082,	1,	1,	1,	1,	1,	1,	1,	1,	1,	1,	1,	
0.5,0.5,	1,4.08952e-36,	1,1.0016e-43,	1,1.97022e-47,	1,3.19196e-45,	1,6.42045e-47,	1,2.5023e-47,	1,1.59094e-41,	1,1.5884e-26,	0.999997,3.2347e-06,	0.499921,0.500079,	1,	1,	1,	1,	1,	1,	1,	1,	1,	1,	1,	
0.5,0.5,	1,2.52135e-36,	1,5.43551e-44,	1,1.01181e-47,	1,1.70125e-45,	1,3.35631e-47,	1,1.30584e-47,	1,9.01126e-42,	1,1.10973e-26,	0.999997,3.04283e-06,	0.499917,0.500083,	1,	1,	1,	1,	1,	1,	1,	1,	1,	1,	1,	
0.5,0.5,	1,1.55451e-36,	1,2.94974e-44,	1,5.19618e-48,	1,9.0673e-46,	1,1.75452e-47,	1,6.81465e-48,	1,5.10409e-42,	1,7.75309e-27,	0.999997,2.86234e-06,	0.499923,0.500077,	1,	1,	1,	1,	1,	1,	1,	1,	1,	1,	1,	
0.5,0.5,	1,9.58414e-37,	1,1.60076e-44,	1,2.66851e-48,	1,4.83268e-46,	1,9.17182e-48,	1,3.55628e-48,	1,2.89101e-42,	1,5.41667e-27,	0.999997,2.69255e-06,	0.499925,0.500075,	1,	1,	1,	1,	1,	1,	1,	1,	1,	1,	1,	
0.5,0.5,	1,5.90899e-37,	1,8.68703e-45,	1,1.37042e-48,	1,2.57572e-46,	1,4.7946e-48,	1,1.85587e-48,	1,1.6375e-42,	1,3.78433e-27,	0.999997,2.53284e-06,	0.499915,0.500085,	1,	1,	1,	1,	1,	1,	1,	1,	1,	1,	1,	
0.5,0.5,	1,3.64312e-37,	1,4.71428e-45,	1,7.03784e-49,	1,1.3728e-46,	1,2.50639e-48,	1,9.68502e-49,	1,9.27502e-43,	1,2.64391e-27,	0.999998,2.3826e-06,	0.499925,0.500075,	1,	1,	1,	1,	1,	1,	1,	1,	1,	1,	1,	
0.5,0.5,	1,2.24613e-37,	1,2.55834e-45,	1,3.6143e-49,	1,7.31674e-47,	1,1.31023e-48,	1,5.05421e-49,	1,5.25348e-43,	1,1.84716e-27,	0.999998,2.24127e-06,	0.499926,0.500074,	1,	1,	1,	1,	1,	1,	1,	1,	1,	1,	1,	
0.5,0.5,	1,1.38482e-37,	1,1.38836e-45,	1,1.85613e-49,	1,3.89967e-47,	1,6.84925e-49,	1,2.63758e-49,	1,2.97563e-43,	1,1.29051e-27,	0.999998,2.10833e-06,	0.499934,0.500066,	1,	1,	1,	1,	1,	1,	1,	1,	1,	1,	1,	
0.5,0.5,	1,8.53798e-38,	1,7.53436e-46,	1,9.53221e-50,	1,2.07844e-47,	1,3.58047e-49,	1,1.37644e-49,	1,1.68543e-43,	1,9.0161e-28,	0.999998,1.98327e-06,	0.499932,0.500068,	1,	1,	1,	1,	1,	1,	1,	1,	1,	1,	1,	
0.5,0.5,	1,5.26399e-38,	1,4.08874e-46,	1,4.89529e-50,	1,1.10777e-47,	1,1.8717e-49,	1,7.18307e-50,	1,9.5465e-44,	1,6.29906e-28,	0.999998,1.86562e-06,	0.499928,0.500072,	1,	1,	1,	1,	1,	1,	1,	1,	1,	1,	1,	
0.5,0.5,	1,3.24546e-38,	1,2.21888e-46,	1,2.51399e-50,	1,5.90416e-48,	1,9.78437e-50,	1,3.74854e-50,	1,5.40725e-44,	1,4.40081e-28,	0.999998,1.75496e-06,	0.49993,0.50007,	1,	1,	1,	1,	1,	1,	1,	1,	1,	1,	1,	
0.5,0.5,	1,2.00095e-38,	1,1.20414e-46,	1,1.29107e-50,	1,3.14679e-48,	1,5.11481e-50,	1,1.95621e-50,	1,3.06273e-44,	1,3.07461e-28,	0.999998,1.65086e-06,	0.499935,0.500065,	1,	1,	1,	1,	1,	1,	1,	1,	1,	1,	1,	
0.5,0.5,	1,1.23366e-38,	1,6.53463e-47,	1,6.6303e-51,	1,1.67717e-48,	1,2.67379e-50,	1,1.02086e-50,	1,1.73477e-44,	1,2.14807e-28,	0.999998,1.55294e-06,	0.499943,0.500057,	1,	1,	1,	1,	1,	1,	1,	1,	1,	1,	1,	
0.5,0.5,	1,7.60601e-39,	1,3.54621e-47,	1,3.40501e-51,	1,8.93898e-49,	1,1.39773e-50,	1,5.32745e-51,	1,9.82592e-45,	1,1.50074e-28,	0.999999,1.46082e-06,	0.499934,0.500066,	1,	1,	1,	1,	1,	1,	1,	1,	1,	1,	1,	
0.5,0.5,	1,4.6894e-39,	1,1.92446e-47,	1,1.74865e-51,	1,4.76429e-49,	1,7.30668e-51,	1,2.78017e-51,	1,5.56552e-45,	1,1.04848e-28,	0.999999,1.37417e-06,	0.499941,0.500059,	1,	1,	1,	1,	1,	1,	1,	1,	1,	1,	1,	
0.5,0.5,	1,2.8912e-39,	1,1.04437e-47,	1,8.98024e-52,	1,2.53927e-49,	1,3.81959e-51,	1,1.45086e-51,	1,3.15238e-45,	1,7.3252e-29,	0.999999,1.29266e-06,	0.499929,0.500071,	1,	1,	1,	1,	1,	1,	1,	1,	1,	1,	1,	
0.5,0.5,	1,1.78253e-39,	1,5.66756e-48,	1,4.61182e-52,	1,1.35337e-49,	1,1.9967e-51,	1,7.57141e-52,	1,1.78554e-45,	1,5.11772e-29,	0.999999,1.21598e-06,	0.499946,0.500054,	1,	1,	1,	1,	1,	1,	1,	1,	1,	1,	1,	
0.5,0.5,	1,1.099e-39,	1,3.07567e-48,	1,2.36841e-52,	1,7.2132e-50,	1,1.04378e-51,	1,3.9512e-52,	1,1.01135e-45,	1,3.57548e-29,	0.999999,1.14385e-06,	0.499954,0.500046,	1,	1,	1,	1,	1,	1,	1,	1,	1,	1,	1,	
0.5,0.5,	1,6.77577e-40,	1,1.6691e-48,	1,1.21631e-52,	1,3.84449e-50,	1,5.45641e-52,	1,2.06197e-52,	1,5.72842e-46,	1,2.49799e-29,	0.999999,1.076e-06,	0.499957,0.500043,	1,	1,	1,	1,	1,	1,	1,	1,	1,	1,	1,	
0.5,0.5,	1,4.17752e-40,	1,9.05789e-49,	1,6.24637e-53,	1,2.04903e-50,	1,2.85236e-52,	1,1.07605e-52,	1,3.24465e-46,	1,1.74521e-29,	0.999999,1.01218e-06,	0.499952,0.500048,	1,	1,	1,	1,	1,	1,	1,	1,	1,	1,	1,	
0.5,0.5,	1,2.57561e-40,	1,4.91554e-49,	1,3.20784e-53,	1,1.09209e-50,	1,1.49108e-52,	1,5.61547e-53,	1,1.83781e-46,	1,1.21929e-29,	0.999999,9.52136e-07,	0.49994,0.50006,	1,	1,	1,	1,	1,	1,	1,	1,	1,	1,	1,	
0.5,0.5,	1,1.58796e-40,	1,2.66756e-49,	1,1.64739e-53,	1,5.82061e-51,	1,7.79467e-53,	1,2.93048e-53,	1,1.04095e-46,	1,8.51849e-30,	0.999999,8.95658e-07,	0.499932,0.500068,	1,	1,	1,	1,	1,	1,	1,	1,	1,	1,	1,	
0.5,0.5,	1,9.79039e-41,	1,1.44763e-49,	1,8.46023e-54,	1,3.10226e-51,	1,4.07469e-53,	1,1.52929e-53,	1,5.89609e-47,	1,5.95141e-30,	0.999999,8.4253e-07,	0.499928,0.500072,	1,	1,	1,	1,	1,	1,	1,	1,	1,	1,	1,	
0.5,0.5,	1,6.03615e-41,	1,7.85601e-50,	1,4.34477e-54,	1,1.65344e-51,	1,2.13006e-53,	1,7.98074e-54,	1,3.33962e-47,	1,4.15793e-30,	0.999999,7.92553e-07,	0.499918,0.500082,	1,	1,	1,	1,	1,	1,	1,	1,	1,	1,	1,	
0.5,0.5,	1,3.72152e-41,	1,4.2633e-50,	1,2.23127e-54,	1,8.81248e-52,	1,1.11349e-53,	1,4.16481e-54,	1,1.8916e-47,	1,2.90492e-30,	0.999999,7.45541e-07,	0.499921,0.500079,	1,	1,	1,	1,	1,	1,	1,	1,	1,	1,	1,	
0.5,0.5,	1,2.29446e-41,	1,2.31361e-50,	1,1.14587e-54,	1,4.69687e-52,	1,5.82082e-54,	1,2.17344e-54,	1,1.07142e-47,	1,2.02951e-30,	0.999999,7.01317e-07,	0.499915,0.500085,	1,	1,	1,	1,	1,	1,	1,	1,	1,	1,	1,	
0.5,0.5,	1,1.41463e-41,	1,1.25556e-50,	1,5.8847e-55,	1,2.50335e-52,	1,3.04288e-54,	1,1.13424e-54,	1,6.0687e-48,	1,1.41792e-30,	0.999999,6.59717e-07,	0.499917,0.500083,	1,	1,	1,	1,	1,	1,	1,	1,	1,	1,	1,	
