k=0_act,k=1_act,k=2_act,k=3_act,k=4_act,k=5_act,k=6_act,k=7_act,k=8_act,k=9_act,k=10_act,k=0_wait,k=1_wait,k=2_wait,k=3_wait,k=4_wait,k=5_wait,k=6_wait,k=7_wait,k=8_wait,k=9_wait,k=10_wait,	k=0_act,k=1_act,k=2_act,k=3_act,k=4_act,k=5_act,k=6_act,k=7_act,k=8_act,k=9_act,k=10_act,k=0_wait,k=1_wait,k=2_wait,k=3_wait,k=4_wait,k=5_wait,k=6_wait,k=7_wait,k=8_wait,k=9_wait,k=10_wait,	
20,20,20,20,20,20,20,20,20,20,20,20,20,20,20,20,20,20,20,20,20,20,	20,20,20,20,20,20,20,20,20,20,20,20,20,20,20,20,20,20,20,20,20,20,	
5.48763,9.85909,14.9792,18.0786,19.9293,20.8264,21.1433,21.3106,21.4402,21.6987,21.7234,1.12022,8.39671,14.2788,17.8758,19.8188,20.8519,21.2537,21.4611,21.5562,21.7552,21.8787,	20,20.1798,19.6685,19.5491,19.373,18.8981,17.7199,16.9304,16.0503,14.653,13.8699,15.7231,19.656,19.3863,19.4957,19.5102,19.135,18.3713,17.6216,16.4195,14.8301,13.9615,	
1.3758,6.73087,11.2072,14.4787,16.6601,18.666,19.9397,21.2523,21.9224,22.2734,22.6699,0.14133,5.65042,10.2144,13.8371,16.4309,18.5193,20.0115,21.2392,21.9792,22.376,22.7936,	20,20.0309,19.5351,19.0518,17.9448,17.2423,15.9133,14.6707,13.9654,13.1498,12.3283,12.8665,18.9959,19.212,18.877,18.4493,17.6319,16.5628,15.1441,13.8882,13.1055,12.3077,	
0.263131,6.31191,9.37021,12.2908,14.9221,16.7518,18.4236,19.7435,20.6575,21.2258,21.9138,0.0200095,4.57565,8.51995,11.6371,14.4509,16.4913,18.3407,19.7262,20.7555,21.4048,22.0222,	20,19.823,18.8386,17.8878,16.8276,15.2429,14.1879,13.3012,12.707,12.137,11.3488,11.3511,18.5158,18.7992,17.7313,17.2506,15.5981,14.3877,13.3324,12.7615,12.0661,11.3958,	
0.0500739,6.5073,9.36444,11.5986,13.7634,15.4481,16.9331,18.2969,19.2528,19.9352,20.4881,0.00376982,4.21412,8.21715,10.8882,13.2845,15.2584,16.855,18.2495,19.2767,20.0083,20.5829,	20,19.4016,18.2772,16.9662,15.4979,14.0857,13.4152,12.7119,12.0891,11.4287,10.7764,9.66889,17.7632,18.2634,17.3362,15.7979,14.2984,13.3749,12.7005,12.0886,11.4263,10.8361,	
0.00823987,5.52971,8.83936,11.1734,13.3284,14.9375,16.46,17.2488,18.1856,18.8365,19.456,0.00110402,4.04643,7.78915,10.7276,13.0845,14.7277,16.2229,17.1644,18.203,18.966,19.4908,	20,18.9637,17.5405,16.0052,14.914,13.7122,12.8698,12.5709,11.9335,11.3792,10.7337,8.11306,16.512,17.5653,16.3981,14.7469,13.5506,12.8123,12.2632,11.8394,11.4066,10.8103,	
0.00117246,5.13168,8.58077,11.1912,12.7728,14.3214,15.5525,16.6191,17.372,18.0092,18.5814,0.00037957,3.91666,7.4627,10.2915,12.4201,14.1468,15.5029,16.6057,17.4058,18.0173,18.6935,	20,18.2663,16.7253,15.2561,14.1271,13.3672,12.9177,12.5014,11.8786,11.3636,10.4815,7.08611,15.8489,16.6383,15.1744,14.1165,13.2771,12.5356,12.1325,11.6943,11.1979,10.5811,	
0.000183501,5.709,8.65967,10.7414,12.6105,13.8351,14.8496,15.6614,16.5757,17.2747,17.8719,0.000124119,3.54204,7.29659,10.0344,12.256,13.753,14.8592,15.8449,16.6714,17.3802,17.9931,	20,17.5533,15.9142,14.7637,13.9184,12.9804,12.5743,12.368,11.9588,11.4505,10.6932,5.91614,14.689,15.4306,14.847,13.9677,12.7825,12.084,11.848,11.6483,11.2951,10.762,	
3.63491e-05,5.75397,8.91886,11.1033,12.5761,13.6865,14.8015,15.655,16.1401,16.8398,17.3081,6.09139e-05,3.79061,7.35798,10.2305,12.2179,13.6225,14.7765,15.597,16.263,16.9252,17.4927,	20,17.03,15.5633,14.5019,13.5137,13.0881,12.8144,12.7192,12.5084,12.0492,11.3366,4.91465,13.9655,15.0602,14.4279,13.5245,12.7073,11.8379,12.1092,11.9745,11.7707,11.338,	
6.04167e-06,5.49349,8.83938,11.0157,12.4035,13.6859,14.6632,15.4467,16.1371,16.6965,17.1587,3.20679e-05,3.70492,7.55063,10.225,12.1437,13.5342,14.6542,15.4355,16.1816,16.7561,17.255,	20,16.6521,15.1861,14.354,13.4615,13.3404,13.2813,13.1996,12.7893,12.5961,11.8618,4.06228,13.0693,14.4427,13.9302,12.8629,12.6253,12.2524,12.1371,12.1127,12.3366,11.8847,	
1.09902e-06,5.57467,9.13268,11.4202,12.2308,13.4862,14.5823,15.4898,16.0366,16.6939,17.2198,1.80188e-05,3.72353,7.30064,10.0122,11.8793,13.2859,14.4962,15.4729,16.1354,16.7767,17.3241,	20,16.3034,14.9538,14.1579,13.6184,13.6758,13.6981,13.5757,13.4696,12.8291,12.0317,3.60183,12.8756,14.084,13.579,12.7029,12.6713,12.1163,12.2912,12.7064,12.5685,12.1171,	
2.15529e-07,6.05723,9.62943,11.5783,12.6878,13.7378,14.6188,15.3246,16.0453,16.6103,17.0985,9.92366e-06,3.41015,7.16439,10.2232,12.1415,13.4883,14.5445,15.3381,16.122,16.6792,17.1977,	20,16.0054,14.6897,14.1773,13.9381,14.0938,14.148,14.1459,13.8426,13.4512,12.6816,2.93272,11.7993,13.5439,13.5378,12.9632,12.3555,12.1473,12.6087,13.1433,13.1815,12.7855,	
3.22443e-08,5.99736,9.1473,11.0778,12.4427,13.5689,14.5615,15.272,16.0073,16.6571,17.1142,5.54816e-06,3.31584,6.93058,9.74207,11.8432,13.3524,14.5225,15.2488,16.0533,16.7095,17.2103,	20,15.7908,14.533,14.2918,14.5615,14.6188,14.6556,14.605,13.965,13.3155,12.6267,2.29404,10.9195,12.8736,13.2738,12.8893,12.3603,12.3147,12.6442,13.0517,13.1205,12.6721,	
7.61203e-09,6.56595,9.92359,11.6166,12.9545,13.8386,14.7014,15.426,16.0554,16.6243,17.0868,3.46353e-06,3.51066,7.12626,10.1422,12.182,13.588,14.6811,15.3802,16.11,16.7073,17.2556,	20,15.7259,14.6098,14.6934,14.9761,15.1848,15.3352,15.1885,14.7225,14.0855,13.3687,1.88669,10.1752,12.5193,13.3142,13.3439,12.7908,12.1643,12.7616,13.6309,13.7209,13.3752,	
1.41272e-09,5.85067,9.34537,12.0327,13.212,14.0869,14.825,15.5016,16.2436,16.7512,17.1871,2.15135e-06,3.43497,6.98597,10.1924,12.3875,13.7447,14.7471,15.5511,16.2763,16.8251,17.3076,	20,15.6259,14.8855,15.296,15.7473,15.999,15.9943,15.393,14.7841,14.1568,13.4812,1.57519,10.22,12.1321,13.1953,13.0444,12.9952,12.4588,12.6972,13.2302,13.9538,13.419,	
2.43196e-10,6.5319,9.38014,11.9367,13.3488,14.1425,14.7874,15.4975,16.2014,16.7575,17.1626,1.29671e-06,3.2349,6.47596,9.76166,12.2096,13.8058,14.8265,15.524,16.2413,16.8392,17.3369,	20,15.7647,15.4474,16.0665,16.6003,16.5424,15.9662,15.3801,14.6793,13.8714,13.0678,1.26977,9.77043,12.1767,13.2715,13.27,13.2178,12.5697,12.7735,13.2289,13.6323,13.074,	
4.49092e-11,5.72416,9.39174,12.2167,13.3361,14.0726,14.922,15.6732,16.2129,16.9,17.4437,8.85925e-07,3.39041,6.65004,9.78372,12.1037,13.6395,14.8282,15.6905,16.3307,16.9725,17.5222,	20,15.9702,16.0564,16.9211,17.2057,16.7958,16.2045,15.5504,15.0057,14.3156,13.5642,1.06545,9.34267,11.9832,13.477,13.5366,12.7337,12.5289,12.378,13.3771,13.708,13.5306,	
9.63875e-12,6.73423,10.0017,12.386,13.6083,14.3179,14.9516,15.6963,16.4221,16.9624,17.4484,6.11371e-07,3.30385,6.80252,9.53496,12.2956,13.9509,14.8834,15.7092,16.4493,17.0162,17.5188,	20,16.2424,16.6689,17.4521,17.5484,16.8752,16.3389,15.7294,15.2059,14.5196,13.6843,0.925931,9.29181,12.1828,13.7543,13.54,13.286,12.911,12.7022,13.6287,14.1917,13.7185,	
2.32154e-12,6.20289,10.2511,12.9222,13.7533,14.4929,15.1282,15.9824,16.5717,17.0517,17.4132,4.05319e-07,3.20158,6.59759,9.73485,12.3477,14.0329,15.1666,16.0183,16.6365,17.1119,17.5274,	20,16.5446,17.3401,17.9554,17.6521,17.1551,16.7632,16.2079,15.5423,14.7133,13.9455,0.784766,9.16246,12.1158,13.5549,13.388,13.1841,12.6458,13.4957,14.2581,14.5337,13.9613,	
5.42587e-13,5.624,10.6669,12.696,14.1049,14.7275,15.3841,16.2098,16.629,17.2231,17.7495,2.91153e-07,3.36494,6.6,9.75418,12.498,14.3083,15.3542,16.2239,16.7529,17.3017,17.8268,	20,17.0035,17.9336,18.3713,18.1024,17.6917,17.1742,16.4891,15.8695,15.0324,14.1168,0.671824,9.04899,12.0997,13.5583,13.157,13.2345,13.3118,13.7854,14.5947,14.7165,14.1569,	
1.34675e-13,6.73587,9.99771,12.8874,14.1912,14.7313,15.6331,16.1871,16.9511,17.4655,17.8743,2.10194e-07,3.27285,6.84172,9.80123,12.555,14.2949,15.5114,16.2786,16.9674,17.5195,17.9383,	20,17.4088,18.4973,18.8626,18.5945,18.0334,17.3718,16.7511,16.0908,15.3256,14.4779,0.56372,9.03458,12.2839,13.8356,13.4166,13.281,13.4102,14.1377,14.6733,14.8499,14.4858,	
2.93428e-14,6.33213,10.2854,12.8458,14.2708,15.0176,15.7434,16.4964,17.1263,17.6414,18.1634,1.50989e-07,3.31839,6.63435,9.71079,12.5611,14.4927,15.6349,16.4906,17.1582,17.6998,18.2302,	20,17.9302,19.0657,19.2694,19.0332,18.477,17.7885,17.1388,16.2913,15.4955,14.6252,0.473011,9.3513,12.1637,13.9317,13.9215,13.7866,13.6717,13.9733,14.3359,14.9054,14.5831,	
8.29695e-15,6.63671,10.5857,13.1026,14.5084,15.3295,15.9594,16.6007,17.2861,17.8358,18.2595,1.12897e-07,3.25932,6.80417,10.0013,12.4924,14.5884,15.8468,16.6543,17.3503,17.8948,18.2192,	20,18.2905,19.5311,19.7469,19.3916,18.7648,18.0722,17.3807,16.4771,15.916,15.0599,0.38902,8.63132,12.4094,14.0449,14.044,14.0322,14.1229,14.1839,14.7062,15.5639,15.0736,	
2.12225e-15,6.56472,10.6365,12.9523,14.5239,15.4246,16.1609,16.8904,17.4351,18.0413,18.3655,8.39933e-08,3.28579,6.5627,9.85276,12.793,14.8233,16.0468,16.8908,17.3604,18.1218,18.4279,	20,18.8257,19.9992,20.0046,19.6489,18.9863,18.1386,17.4801,17.1554,16.1764,15.2237,0.326422,9.04268,12.4209,13.3755,14.483,13.7467,13.8324,14.1303,15.0979,15.8826,15.2365,	
5.82306e-16,6.46609,10.5896,12.8331,14.7584,15.6553,16.3059,16.937,17.3406,17.9356,18.3085,6.2177e-08,3.30913,6.62294,9.78661,12.8533,14.9693,16.1804,16.9766,17.5177,18.0108,18.3801,	20,19.3552,20.4071,20.2921,19.9766,19.3296,18.4474,17.7355,16.7653,16.0534,15.2269,0.269809,9.32392,12.3807,13.4496,14.6295,14.4153,14.0987,14.1045,15.1257,15.7223,15.2221,	
1.70532e-16,6.37704,10.7098,13.1913,15.1113,15.8146,16.4921,17.1845,17.8506,18.1857,18.7763,5.01213e-08,3.29855,6.88844,9.79049,12.9818,15.0753,16.3391,17.1804,17.8654,18.2149,18.8378,	20,19.7957,20.7395,20.6438,20.2261,19.4951,18.6747,17.7342,17.2587,16.5796,15.7156,0.232139,9.78299,12.5585,13.2626,14.2002,14.6671,14.6954,14.7609,15.4692,16.1838,15.7506,	
4.21159e-17,6.25124,10.9577,13.3723,14.9317,15.9865,16.5613,17.2617,17.9369,18.5371,18.8911,4.04031e-08,3.50124,6.90174,10.0199,12.9341,15.0861,16.4313,17.2988,17.9947,18.5809,18.9635,	20,20.1634,21.1028,20.9591,20.4546,19.7322,19.0101,18.2061,17.3614,16.48,15.5986,0.201741,9.71433,13.2377,13.5057,14.6564,15.0163,15.0207,14.7917,15.5852,16.0679,15.6181,	
1.16722e-17,6.0825,10.8557,13.1456,15.0968,16.0678,16.6936,17.4852,18.1597,18.5818,18.9503,3.20831e-08,3.51975,6.82963,9.87456,12.7105,15.2236,16.6534,17.5431,18.249,18.6327,19.0164,	20,20.5473,21.4204,21.2431,20.7057,19.9966,19.1877,18.3548,17.3149,16.5434,15.6224,0.17013,9.79039,13.1491,14.0015,14.6174,15.1966,15.1139,15.0359,15.397,15.9608,15.6377,	
2.75551e-18,6.37287,10.214,13.1114,14.8937,16.1412,16.6782,17.5024,18.0595,18.5759,19.2352,2.56044e-08,3.68799,6.68099,9.9823,12.6446,15.0273,16.5392,17.5014,18.1635,18.6815,19.3352,	20,20.9632,21.7746,21.5382,20.923,20.0309,19.1778,18.2735,17.3989,16.4169,15.5687,0.135096,9.33453,12.9686,14.5844,14.5848,15.4434,14.9295,15.0015,15.4606,15.9104,15.5807,	
6.97792e-19,6.60411,10.4781,13.4534,14.9534,16.0455,16.6372,17.3167,18.0346,18.5402,18.8958,2.05367e-08,3.81198,6.55626,9.79771,12.6338,14.8947,16.42,17.3106,18.0746,18.5846,18.9699,	20,21.2771,22.0446,21.6643,20.9978,19.9955,19.161,18.2217,17.3636,16.489,15.4447,0.110552,8.99682,13.2734,14.5491,15.2653,15.1232,14.8929,14.8691,15.2618,16.0654,15.477,	
2.10592e-19,7.55477,11.2341,13.5739,15.2445,16.2837,16.803,17.2873,17.992,18.5317,18.9444,1.67216e-08,3.78419,6.6314,9.90662,12.6347,15.1655,16.5755,17.304,18.0183,18.5803,19.0581,	20,21.5801,22.264,21.8157,21.0284,20.0728,19.0774,18.2184,17.3734,16.794,15.9302,0.0900142,8.94409,13.1999,14.3726,15.0488,15.4972,15.1583,15.4453,16.1448,16.3999,15.9437,	
6.54968e-20,7.10184,11.119,13.8759,15.4624,16.4005,16.9047,17.4824,17.9954,18.5046,18.8227,1.34794e-08,3.79547,7.08725,9.71864,12.7972,15.2284,16.6472,17.5005,18.0341,18.5624,18.9442,	20,21.9281,22.4902,21.927,21.0607,20.1526,19.323,18.6003,17.6811,16.9016,15.9585,0.0736604,9.13089,13.5186,14.6087,14.8929,14.8696,15.4714,15.7232,16.11,16.5481,15.9669,	
1.48543e-20,5.83611,10.6026,13.5832,15.3747,16.3301,16.8377,17.4342,17.9311,18.4764,18.8966,1.08115e-08,3.69598,7.11914,10.1601,12.732,15.1785,16.5391,17.4104,18.0042,18.5508,19.0488,	20,22.2488,22.659,22.0357,21.2232,20.3804,19.3546,18.4682,17.4777,16.6254,15.707,0.0573308,9.21413,13.3774,15.1275,15.5632,15.0617,14.7159,15.2976,15.5282,16.0562,15.7314,	
4.93094e-21,7.3526,10.6613,13.7331,15.1685,16.2075,16.5338,17.4391,18.0862,18.6716,19.0984,8.4147e-09,3.62484,6.83346,9.87851,12.7124,15.1556,16.5031,17.4507,18.1443,18.7335,19.1311,	20,22.4876,22.8031,22.1324,21.2477,20.3979,19.4536,18.4203,17.4328,16.5662,15.6837,0.0441762,8.94449,13.7755,15.1089,16.0775,15.6708,14.8408,15.3596,16.0627,16.2792,15.7276,	
1.40127e-21,6.71302,11.1071,13.4009,15.2213,16.4074,16.871,17.4202,17.9713,18.4998,19.1413,6.61526e-09,3.7435,6.94705,9.84063,12.5706,14.9331,16.5101,17.408,18.0154,18.5455,19.1636,	20,22.699,22.9402,22.224,21.3444,20.3811,19.3307,18.2897,17.3546,16.4711,15.6497,0.0356107,9.01064,14.4807,15.7694,15.9728,15.5592,15.073,15.5083,15.6721,16.0135,15.6621,	
4.31466e-22,6.86252,10.851,13.6138,15.3182,16.5421,16.9189,17.4748,18.1994,18.7262,19.1378,5.7779e-09,3.9842,7.29056,9.76064,12.6059,15.2258,16.6291,17.4676,18.2536,18.781,19.2187,	20,22.8795,23.0352,22.2835,21.3553,20.3708,19.425,18.5574,17.7496,16.9139,15.9982,0.0289953,8.93447,14.7426,16.2675,15.2912,15.7523,15.3237,15.0872,15.6878,16.3498,16.0025,	
1.14304e-22,6.57119,10.7393,13.0336,14.8163,16.237,16.907,17.4894,18.2118,18.6612,19.2363,4.97121e-09,4.00155,7.57392,10.0172,12.5802,15.0536,16.5654,17.4813,18.267,18.8332,19.2497,	20,23.0415,23.1198,22.3277,21.4123,20.5095,19.5788,18.5566,17.5157,16.5374,15.6212,0.0230244,8.44519,14.7467,16.2273,15.8446,15.5971,15.2469,15.5759,15.6851,16.0885,15.5927,	
4.00947e-23,6.96853,10.7155,14.0797,15.4747,16.4729,16.9539,17.5607,18.065,18.5957,18.9311,4.0477e-09,3.93955,7.3525,10.1035,12.6831,14.8558,16.5721,17.5285,18.0942,18.6324,18.9255,	20,23.2241,23.1727,22.3136,21.4738,20.4935,19.426,18.4235,17.5019,16.7916,15.7702,0.018936,8.9626,14.5355,15.9729,16.0041,15.343,15.7996,15.7074,16.0033,16.4006,15.8233,	
1.4936e-23,7.55774,10.9979,13.6295,15.1849,16.6939,17.1393,17.6319,18.1654,18.6059,18.6618,3.46517e-09,3.94419,7.55006,10.1415,12.7992,15.2454,16.8137,17.6414,18.1803,18.6524,18.824,	20,23.378,23.2317,22.3714,21.399,20.3233,19.4439,18.625,17.8774,17.084,16.1132,0.0157305,9.33174,14.6685,15.8199,16.321,15.4988,15.6469,15.7294,16.2319,16.5293,16.082,	
4.64528e-24,6.78838,11.1561,13.9458,15.4833,16.6692,16.9807,17.5727,18.2759,18.8022,19.3597,2.89304e-09,3.87681,7.47406,10.3413,12.7591,15.1593,16.5991,17.4981,18.204,18.8315,19.4041,	20,23.5268,23.2754,22.3795,21.4054,20.5387,19.7964,18.8171,17.7025,16.8183,15.9414,0.0128082,9.48413,14.4091,16.3924,16.2902,16.0496,15.5622,15.9953,16.4368,16.5775,16.0227,	
1.61318e-24,6.75005,11.5259,13.9928,15.7973,16.7076,17.1712,17.6918,18.2429,18.6862,19.3267,2.52684e-09,3.89016,7.6676,10.6409,12.9287,15.3234,16.8853,17.6963,18.2087,18.859,19.3856,	20,23.621,23.3144,22.4246,21.5417,20.722,19.8818,19.0582,18.1015,17.2971,16.2796,0.0106935,9.42198,14.8766,16.1619,15.9492,16.1138,15.6624,15.9187,16.5251,16.8208,16.3277,	
4.53859e-25,6.20498,10.8897,13.7184,15.426,16.5565,17.2395,17.6146,18.2468,18.7714,19.1907,2.12024e-09,3.95527,7.41709,10.5069,12.9026,15.2847,16.8456,17.7018,18.3799,18.7969,19.2373,	20,23.755,23.3694,22.5255,21.7183,20.8758,19.8681,18.7646,17.7757,16.8213,15.8734,0.0088833,10.0537,14.3978,15.9763,16.0655,16.3302,15.7809,15.7711,16.0417,16.4385,15.8567,	
1.63241e-25,7.41722,10.8833,13.7284,15.8168,16.7796,17.4438,17.8783,18.3691,18.9559,19.3297,1.86117e-09,4.07781,7.3513,10.3085,12.9265,15.4494,17.061,17.8032,18.4438,18.9966,19.2881,	20,23.8498,23.422,22.6197,21.7791,20.7755,19.5248,18.756,17.9711,17.0976,16.1147,0.00772006,10.2633,14.4625,16.2036,15.7325,16.6248,16.2807,16.2593,16.435,16.806,16.3039,	
5.17983e-26,6.60315,10.5877,13.4851,15.5953,16.7415,17.2952,17.7132,18.4164,18.8807,19.2966,1.55388e-09,3.94351,7.25346,10.1544,12.9264,15.3181,16.9126,17.7756,18.4146,18.8157,19.3559,	20,23.9362,23.3763,22.6783,21.7467,20.7235,19.7666,18.8206,17.8362,16.8243,15.7254,0.00628589,9.91736,14.2245,15.5382,15.9146,16.1048,16.3847,16.6018,16.1945,16.4367,15.8227,	
1.70231e-26,7.21226,11.0137,13.4405,15.3399,16.6052,17.2681,17.7927,18.3906,18.9343,19.2292,1.25889e-09,3.8837,6.87076,9.97861,12.7797,15.04,16.7521,17.7928,18.4556,18.9718,19.2718,	20,24.0404,23.4953,22.7121,21.7468,20.7339,19.6353,18.443,17.5869,16.6706,15.8445,0.00511815,10.6017,14.826,16.0971,16.07,15.5947,15.838,16.0596,16.081,16.4012,15.8639,	
5.34775e-27,6.52597,10.563,13.6666,15.4245,16.3185,16.955,17.6028,18.1331,18.6928,18.9357,1.03535e-09,3.90806,6.79315,9.82296,12.5529,14.9267,16.6304,17.6212,18.1806,18.7481,19.0146,	20,24.1381,23.546,22.652,21.672,20.5539,19.4431,18.3057,17.2262,16.2247,15.3485,0.00404388,10.5608,14.4307,16.6164,15.6871,15.7546,15.7183,15.6871,15.9798,16.0884,15.3862,	
1.87583e-27,6.07581,10.9445,13.4065,15.3425,16.5979,17.1358,17.7464,18.1812,18.6775,19.2181,8.90797e-10,3.75711,6.91208,9.98511,12.577,15.0625,16.6794,17.6883,18.2526,18.7969,19.2279,	20,24.1969,23.5719,22.6367,21.5509,20.3683,19.2287,18.3438,17.4574,16.4801,15.423,0.003532,10.35,14.5198,16.4195,16.5892,16.0139,15.5395,15.8847,16.0736,16.2484,15.4492,	
6.57989e-28,6.34454,10.5719,13.1652,15.3143,16.6061,17.3388,17.777,18.3507,18.8726,19.1409,7.97787e-10,3.7929,7.09881,10.0956,12.4413,14.9286,16.7342,17.7021,18.3793,18.9016,19.1844,	20,24.2417,23.58,22.573,21.434,20.3217,19.3584,18.4601,17.4785,16.6792,15.9104,0.00300857,10.1056,14.2923,16.4284,16.4134,15.9154,16.2836,15.7892,15.834,16.2852,15.9253,	
2.1733e-28,6.83,10.4975,13.0109,15.0541,16.371,17.1084,17.5238,18.0579,18.7013,19.111,6.82971e-10,3.88769,6.88676,9.95588,12.5688,14.7101,16.5109,17.4809,18.1277,18.728,19.2037,	20,24.2946,23.5476,22.415,21.3754,20.3169,19.2498,18.2296,17.3263,16.3589,15.5089,0.00234161,9.73966,14.5016,16.4344,16.6377,15.7135,15.9158,15.6735,15.9398,16.0002,15.5171,	
8.25988e-29,7.09123,10.8955,13.5365,15.3063,16.564,17.068,17.7151,18.2074,18.6423,19.1236,6.14734e-10,4.15561,7.06649,9.89736,12.4996,14.8389,16.6543,17.6766,18.233,18.6991,19.1592,	20,24.3312,23.5095,22.3881,21.3233,20.2761,19.3161,18.4095,17.6671,16.8183,15.7732,0.00200461,10.2454,14.1481,16.2206,16.9625,15.8978,16.0606,15.7629,16.2216,16.471,15.7846,	
3.00079e-29,6.4448,10.8814,13.7157,15.7528,16.6934,17.306,17.7069,18.3552,18.6949,19.0939,5.58889e-10,4.21038,7.33921,10.1613,12.6101,14.9264,16.6379,17.6823,18.3767,18.7193,19.1226,	20,24.3481,23.4755,22.3619,21.334,20.4005,19.4535,18.6921,17.6761,16.7379,15.7903,0.00178632,10.3423,14.4052,16.3393,16.7883,16.0764,15.9714,15.8099,16.2017,16.4176,15.8074,	
1.13479e-29,6.68029,10.8604,13.5327,15.107,16.2747,17.1837,17.6772,18.2782,18.7211,19.1288,5.13237e-10,4.37424,7.45913,10.1892,12.7109,14.8171,16.6186,17.6617,18.3181,18.813,19.1136,	20,24.3628,23.4404,22.3668,21.4103,20.5127,19.5806,18.5763,17.584,16.677,15.6647,0.00139032,9.70275,14.495,16.3049,16.6727,16.1714,15.9968,16.0696,16.1507,16.1086,15.6681,	
3.88198e-30,6.52735,11.1678,13.2736,15.1831,16.5122,17.0912,17.5459,18.1247,18.6563,18.9448,4.4603e-10,4.29374,7.52533,10.1354,12.5074,14.7809,16.5468,17.5435,18.1662,18.7449,19.0464,	20,24.375,23.4221,22.4027,21.455,20.4654,19.4508,18.5305,17.6456,16.6824,15.7867,0.00105532,9.51465,14.3441,16.2092,16.5192,16.1214,16.094,15.8194,15.9318,16.2172,15.7829,	
1.5906e-30,6.57384,10.8194,13.4482,15.2501,16.4913,17.0515,17.3491,18.0314,18.4539,19.0065,3.91529e-10,4.22656,7.5334,10.1785,12.5904,14.7602,16.4923,17.3622,18.0487,18.5547,19.0452,	20,24.3818,23.4133,22.284,21.3252,20.4722,19.4432,18.5516,17.6047,16.608,15.7342,0.000821368,9.02461,13.9302,15.7938,16.8451,16.3365,16.1567,16.0858,16.0001,16.2266,15.7237,	
5.83684e-31,6.68147,10.0716,13.1907,15.0334,16.3673,17.0466,17.4838,18.0663,18.5363,18.7877,3.43688e-10,4.13823,7.39271,10.2672,12.5548,14.753,16.4108,17.4059,18.1133,18.5192,18.8608,	20,24.3828,23.3631,22.2435,21.4144,20.5143,19.5829,18.5958,17.4581,16.5049,15.4424,0.000668781,9.10441,13.7245,15.4523,16.4896,16.3839,16.1229,16.1385,16.2557,16.2216,15.5564,	
1.99672e-31,6.03705,10.5733,13.397,15.1777,16.1026,16.9912,17.5195,18.0329,18.3966,18.9113,2.9719e-10,4.16235,7.28169,10.1118,12.4115,14.5113,16.3779,17.4856,18.075,18.4701,18.9734,	20,24.3765,23.3409,22.3431,21.4697,20.3451,19.4918,18.456,17.4449,16.5421,15.5334,0.000544541,9.83552,14.0618,15.0161,16.2571,16.131,15.7586,15.9034,16.0861,16.2965,15.5728,	
7.66523e-32,6.669,10.4616,13.0248,15.055,16.2002,16.968,17.5148,18.1368,18.6063,19.0164,2.62187e-10,4.21533,7.12114,9.93261,12.3565,14.676,16.4077,17.4852,18.1624,18.6112,19.0365,	20,24.3721,23.3487,22.3821,21.4233,20.4009,19.4259,18.4744,17.5858,16.8061,15.9376,0.000447848,9.651,13.8539,15.3139,16.2794,16.3067,15.9259,15.8303,16.1146,16.2991,15.9465,	
3.07841e-32,7.16237,10.7778,12.8165,15.0584,16.2663,16.801,17.4739,18.1336,18.5332,18.7245,2.37177e-10,4.26619,7.35444,9.93421,12.3696,14.6571,16.3899,17.538,18.1866,18.6357,18.7979,	20,24.3699,23.3604,22.3993,21.4348,20.4977,19.6449,18.793,17.7589,16.5754,15.4651,0.000353847,9.00299,13.6814,15.4458,16.1462,16.4805,16.2016,16.1207,16.5508,16.3482,15.4775,	
1.28046e-32,6.81563,10.9231,13.6946,15.0424,15.7924,16.9191,17.3872,17.9499,18.3615,18.8842,2.05089e-10,4.19129,7.38564,9.89855,12.2468,14.4298,16.314,17.3261,17.9826,18.4132,18.9179,	20,24.3697,23.3763,22.4216,21.4075,20.5583,19.4857,18.3528,17.3368,16.524,15.5657,0.000279576,9.30909,13.7102,15.7999,15.5791,16.4189,16.3036,16.4721,16.2179,16.3146,15.5767,	
4.10397e-33,6.00188,10.2261,12.7215,14.7873,16.0042,16.7423,17.2962,17.845,18.3626,18.3673,1.75573e-10,4.18342,7.21302,9.97481,12.2546,14.2268,16.1085,17.2351,17.8924,18.3769,18.4109,	20,24.3728,23.3924,22.436,21.4617,20.4476,19.352,18.22,16.9644,15.9142,14.9816,0.00021979,10.0453,13.3005,15.4453,16.1935,16.1958,15.8764,15.7689,15.7731,15.8376,15.0028,	
1.66479e-33,6.51507,10.3694,12.9868,14.7982,16.0455,16.765,17.2284,17.7689,18.414,18.6254,1.64497e-10,4.35261,7.29219,9.97012,12.306,14.3687,16.1656,17.2196,17.8062,18.444,18.6412,	20,24.3759,23.4047,22.4367,21.4003,20.2667,19.1343,18.1546,17.2586,16.2144,15.2997,0.000180762,9.70387,13.9051,15.5671,16.6821,16.6107,15.9454,15.7939,15.7068,15.7113,15.3088,	
6.75326e-34,6.33651,11.0546,13.3779,15.1992,16.2518,17.0228,17.4092,17.9445,18.3369,18.8298,1.5106e-10,4.26585,7.50177,10.1798,12.3278,14.5016,16.2851,17.3762,17.9807,18.3986,18.8747,	20,24.3793,23.4082,22.4016,21.3015,20.1839,19.1407,18.1367,17.3614,16.766,15.933,0.00016352,9.94362,13.9235,15.7319,16.2883,16.6483,15.879,15.8545,16.1137,16.4045,15.9595,	
2.45344e-34,6.29201,10.4876,13.2987,15.1473,16.3553,17.1424,17.5004,17.9994,18.3666,18.7377,1.34611e-10,4.29948,7.40351,10.0809,12.3231,14.49,16.4683,17.4522,18.0538,18.4226,18.7808,	20,24.3836,23.3848,22.2454,21.2416,20.2391,19.3673,18.4714,17.4186,16.4217,15.4628,0.000137207,10.4862,13.6529,15.7818,16.2,16.2068,16.1925,16.0403,16.0017,16.1965,15.4871,	
1.08377e-34,7.3929,10.7254,13.0218,15.0363,16.3179,16.9567,17.4389,17.9703,18.3974,18.8069,1.20556e-10,4.41547,7.47422,9.88964,12.2822,14.3636,16.2853,17.4089,18.0098,18.4461,18.8618,	20,24.3812,23.3431,22.2281,21.2025,20.3212,19.3317,18.2964,17.3798,16.5576,15.6539,0.000112844,10.4159,13.9743,15.564,16.4343,16.1699,16.0148,15.9593,16.0681,16.2484,15.6844,	
4.18142e-35,6.3627,10.4894,12.9988,14.8638,16.2142,16.9093,17.1799,17.771,18.3492,18.6675,1.05825e-10,4.38033,7.36309,9.98265,12.0382,14.2982,16.2222,17.2839,17.8098,18.364,18.6706,	20,24.3718,23.3047,22.2283,21.2366,20.255,19.2617,18.2369,17.2602,16.1614,15.1297,9.05093e-05,10.0826,14.0702,15.583,15.9362,16.2547,15.808,15.8678,16.0056,15.9847,15.1014,	
1.79236e-35,6.57103,10.6088,13.1959,14.9944,16.0487,16.8103,17.2728,17.6103,18.1603,18.5315,9.38301e-11,4.30739,7.26661,10.0244,12.1151,14.2147,16.1437,17.1485,17.6886,18.1703,18.5639,	20,24.3592,23.2856,22.2331,21.2378,20.2086,19.1259,18.0636,17.0393,16.0289,15.0487,7.44378e-05,10.1818,13.6893,15.5293,16.0257,16.0827,16.0747,15.823,15.9784,15.9522,15.0887,	
8.40832e-36,6.00871,10.9593,13.6079,15.3254,16.2026,16.8457,17.2416,17.8803,18.1971,18.5324,8.36129e-11,4.22949,7.31956,9.98014,12.3239,14.245,16.1052,17.1449,17.8894,18.2398,18.5494,	20,24.3475,23.2714,22.2265,21.1975,20.1438,19.1423,18.1733,17.1561,16.3264,15.3987,6.30892e-05,10.3683,13.8417,15.7295,16.5908,16.1232,15.8101,15.4768,15.6717,16.0633,15.4074,	
3.2441e-36,6.31496,10.3509,13.1014,15.0948,16.1005,16.9981,17.3495,17.891,18.3942,18.7745,7.41356e-11,4.2383,7.29244,9.93978,12.3539,14.4346,16.2117,17.2696,17.9192,18.4429,18.788,	20,24.3347,23.2545,22.2066,21.1739,20.1685,19.1938,18.2224,17.3385,16.5068,15.4989,5.18866e-05,10.191,14.1976,15.8663,16.0291,15.5655,15.9584,15.7271,15.7303,16.0518,15.5293,	
1.22066e-36,6.63138,9.89548,12.7755,14.8761,15.9966,16.765,17.1552,17.9038,18.3483,18.4562,6.41057e-11,4.08076,7.1444,9.81495,12.3506,14.3104,16.0857,17.2237,17.9361,18.4051,18.5224,	20,24.3198,23.2327,22.1647,21.1354,20.2111,19.1936,18.0509,16.8933,15.865,14.7917,4.48667e-05,10.5867,14.1515,16.0816,16.0844,15.7964,15.5937,15.6776,15.8655,15.7007,14.8146,	
5.66926e-37,7.36835,10.7822,12.957,14.6577,15.9061,16.6152,17.1686,17.7463,18.0634,18.3887,5.88693e-11,4.26355,7.27973,9.71331,12.1285,14.2408,16.0578,17.1287,17.6429,18.1058,18.4274,	20,24.3069,23.2118,22.1592,21.1485,20.0909,18.9167,17.8088,16.8906,15.9585,14.9111,3.74589e-05,10.2912,14.6786,15.8939,16.1814,16.2486,15.8237,15.4067,15.6439,15.696,15.0053,	
2.71344e-37,6.77044,10.4977,13.0332,15.0842,16.2051,16.5393,17.0152,17.6458,17.979,18.4378,5.32538e-11,4.31119,7.27978,9.82353,12.0775,14.2928,16.019,17.0966,17.6597,18.0125,18.4712,	20,24.2931,23.1968,22.1413,21.0749,19.9551,18.8692,17.8727,16.94,16.0528,15.0562,2.97452e-05,9.64008,14.4439,15.6403,16.1336,16.2318,16.0404,15.7753,15.8635,15.6802,15.0773,	
9.75951e-38,6.61056,10.2772,12.8548,14.7077,15.8915,16.5858,17.0335,17.5296,17.9042,18.223,4.86593e-11,4.46444,7.33705,9.98329,12.0486,14.2398,15.9187,17.0104,17.5705,17.9578,18.2566,	20,24.1637,23.1699,22.0847,20.9752,19.8842,18.8715,17.8482,16.7961,15.8344,14.8438,2.44634e-05,9.56947,14.4828,15.9604,15.979,15.7665,15.5545,15.8244,15.7559,15.6113,14.8762,	
4.51006e-38,6.797,10.3269,12.8804,14.8806,16.1568,16.841,16.9671,17.5112,18.0181,18.4568,4.37976e-11,4.44324,7.32141,10.0029,12.1818,14.2485,15.9141,16.8254,17.5218,17.9889,18.4732,	20,24.1624,23.1397,22.0276,20.9149,19.8327,18.8102,17.9595,17.0608,16.1141,15.074,2.01195e-05,9.41919,14.418,15.8597,16.6278,15.5818,15.7385,15.7329,15.8786,15.9233,15.139,	
1.84795e-38,6.34293,10.4067,12.5989,14.6288,15.74,16.5376,17.0266,17.5181,17.922,18.2622,3.90285e-11,4.44458,7.30442,9.75803,12.0085,14.1681,15.9134,16.9809,17.536,17.9922,18.3077,	20,24.1444,23.0139,21.9697,20.871,19.8432,18.8698,17.8681,16.7733,15.8191,14.9108,1.64642e-05,9.22781,14.2318,16.1137,16.8869,15.1086,15.5647,15.4901,15.6644,15.6172,14.933,	
8.7127e-39,6.2105,10.4782,12.6079,14.5993,15.7911,16.5776,16.9525,17.5593,18.0675,18.2703,3.73069e-11,4.52197,7.39932,9.84886,12.1393,14.1215,15.9186,16.9602,17.5952,18.0909,18.298,	20,24.0101,23.0009,21.9328,20.833,19.7772,18.8021,17.8263,17.0428,16.2493,15.3043,1.34056e-05,8.84795,13.823,15.6413,16.9406,15.591,15.6491,15.4394,15.2822,15.896,15.3264,	
3.86805e-39,6.56971,10.8286,12.6901,14.7443,15.7801,16.4047,16.8834,17.379,17.8935,18.1983,3.35795e-11,4.47576,7.44277,9.78424,11.976,14.0545,15.8202,16.8593,17.4755,17.9168,18.222,	20,24.0067,22.9727,21.8761,20.7856,19.7895,18.8352,18.0115,16.9474,15.7298,14.8239,1.14189e-05,9.39028,13.7993,15.97,16.4813,16.1993,15.5475,15.277,15.619,15.6522,14.808,	
1.53794e-39,6.37954,10.0686,13.123,14.57,15.7914,16.4644,16.8344,17.2929,17.6981,18.171,3.06824e-11,4.50184,7.47999,9.84973,12.0426,14.0584,15.6901,16.7934,17.3246,17.7363,18.1894,	20,24.0009,22.9401,21.8375,20.7805,19.7966,18.8016,17.8586,16.8248,15.7989,14.798,9.72667e-06,9.19607,14.0556,15.5187,16.3633,15.9041,15.4368,15.0849,15.2231,15.4902,14.8109,	
6.72585e-40,6.23683,10.0135,13.0059,14.6527,15.793,16.3828,16.8774,17.344,17.865,18.0473,2.73414e-11,4.35916,7.44197,9.89476,12.0323,13.9931,15.7321,16.8181,17.3577,17.8174,18.0635,	20,23.9887,22.9049,21.8162,20.7906,19.7862,18.7218,17.5861,16.5314,15.5857,14.4976,8.49547e-06,9.88899,14.5929,15.386,15.739,15.8777,15.2624,15.4274,15.4613,15.3895,14.5221,	
3.09261e-40,5.88629,10.1856,12.5774,14.4912,15.638,16.3771,16.8151,17.3514,17.8422,18.0397,2.57452e-11,4.36703,7.40934,10.0362,11.9878,13.9954,15.735,16.8137,17.3597,17.8766,18.0622,	20,23.9795,22.8841,21.798,20.643,19.6519,18.6402,17.6497,16.698,15.6685,14.707,6.88267e-06,9.17056,14.385,15.3433,15.9244,15.5904,15.4107,15.5638,15.1848,15.426,14.7337,	
1.61185e-40,6.65786,10.8501,13.2273,14.31,15.3925,16.4556,16.7967,17.3422,17.8146,18.1616,2.3173e-11,4.25863,7.4502,9.93432,12.0419,13.8555,15.7512,16.7481,17.3687,17.8349,18.1766,	20,23.9667,22.8557,21.7412,20.6372,19.6008,18.5228,17.5064,16.6137,15.8238,14.9509,6.13321e-06,9.68829,14.5845,15.8194,16.2687,15.7868,15.4565,15.3725,15.2886,15.5104,14.9613,	
8.52818e-41,6.26815,10.7987,13.3855,14.8322,16.0051,16.5948,16.8958,17.3193,17.8712,18.0398,2.13871e-11,4.26566,7.41741,10.1323,12.1989,14.0968,15.8026,16.8273,17.3619,17.869,18.1325,	20,23.9516,22.8169,21.6114,20.6126,19.5905,18.662,17.7982,16.8538,15.8359,14.8319,5.41084e-06,10.0447,14.4502,16.1388,16.1681,16.2915,15.6981,15.4481,15.6965,15.3848,14.8507,	
4.06137e-41,7.07695,10.8137,13.0349,14.7046,15.6818,16.3842,16.8171,17.3425,17.5516,17.9306,1.88681e-11,4.23898,7.35254,9.94263,12.1994,14.0417,15.7278,16.7807,17.3816,17.6741,17.9345,	20,23.8201,22.7569,21.6135,20.6277,19.6705,18.6935,17.6345,16.5132,15.5505,14.5808,4.40566e-06,9.80516,14.1502,15.6605,15.8167,16.2957,16.0038,15.9291,15.466,15.3342,14.5861,	
2.21445e-41,7.31562,11.2962,13.3878,14.391,15.7325,16.3472,16.7268,17.2602,17.5625,18.0031,1.79456e-11,4.45865,7.53748,9.90885,12.2372,14.1274,15.7752,16.6993,17.2896,17.614,18.031,	20,23.8128,22.726,21.6025,20.5744,19.6291,18.5193,17.4312,16.55,15.8429,14.9833,3.77161e-06,9.29658,14.1442,15.6969,15.7095,16.0142,16.1212,16.0947,15.9464,15.68,15.0064,	
9.88055e-42,7.09709,10.6753,12.8756,14.6522,15.782,16.4485,16.6914,17.102,17.5746,17.7385,1.55177e-11,4.42631,7.43273,10.1793,12.113,13.9393,15.6885,16.694,17.1031,17.6038,17.7964,	20,23.796,22.6874,21.5891,20.5602,19.5114,18.4969,17.6262,16.6099,15.4028,14.2948,3.27773e-06,9.96809,14.5018,16.0242,15.8212,15.7022,15.614,15.5299,15.6489,15.4442,14.3413,	
4.38652e-42,6.04195,10.4367,12.8004,14.3634,15.3453,16.1186,16.562,17.1971,17.5118,17.7466,1.38975e-11,4.27852,7.44269,10.1333,12.1647,14.0097,15.6232,16.6009,17.2431,17.5524,17.8122,	20,23.7834,22.6638,21.5729,20.5378,19.5128,18.4878,17.4249,16.3191,15.0951,14.0306,2.73655e-06,9.43327,14.2945,15.9011,15.7669,16.1517,15.2769,15.3181,15.399,15.1413,14.0778,	
1.89922e-42,5.12901,9.55544,12.5442,14.2099,15.4747,16.0444,16.5935,17.1958,17.4355,17.7395,1.27623e-11,4.20297,7.20167,10.0819,12.2312,14.0712,15.6293,16.5872,17.1499,17.4678,17.7366,	20,23.7682,22.6428,21.558,20.5114,19.4333,18.2755,17.1199,16.0978,15.1136,14.0867,2.22818e-06,9.04235,13.7227,15.326,15.7559,15.6615,15.2142,15.2707,14.9518,14.9446,14.173,	
8.82076e-43,6.09209,10.0797,12.3753,13.7987,15.2492,16.0484,16.5473,16.9525,17.2837,17.4079,1.13726e-11,4.09585,7.03783,9.78544,12.0443,13.9392,15.5213,16.5593,17.0899,17.3386,17.4435,	20,23.7447,22.6158,21.5202,20.4138,19.2563,18.1049,17.0168,15.9498,14.7969,13.6816,1.9075e-06,9.94841,13.3325,15.3812,16.2183,15.6417,15.2375,14.4962,15.0012,14.8319,13.706,	
4.41663e-43,5.96135,9.58083,12.4666,14.1323,15.2458,16.0921,16.4067,16.9444,17.291,17.5629,1.06551e-11,4.11071,7.02815,9.74633,12.0426,13.935,15.5246,16.4553,17.0282,17.315,17.6094,	20,23.7308,22.5925,21.4712,20.2994,19.0436,17.9561,16.9,16.0526,15.0907,14.0535,1.70834e-06,9.96384,13.3322,15.1284,15.8432,15.6818,15.1316,14.7331,14.8132,14.8175,14.031,	
2.21145e-43,5.44934,10.0353,12.7591,14.2207,15.253,16.0395,16.5417,16.9678,17.3904,17.5001,1.00835e-11,4.17745,7.05768,9.61478,11.9097,13.9832,15.6104,16.5137,17.0043,17.4292,17.5179,	20,23.7128,22.5591,21.3914,20.1591,18.9586,17.8938,16.955,15.9457,14.7882,13.9327,1.5147e-06,10.1137,13.1165,15.078,15.9372,15.7401,15.3797,15.2617,15.1102,14.7716,13.9531,	
1.1411e-43,5.9693,9.77765,12.5523,14.3353,15.2312,15.8263,16.3965,16.9557,17.2112,17.4731,9.49489e-12,4.12736,7.16343,9.57325,12.0686,13.9724,15.4832,16.4395,17.014,17.3026,17.4707,	20,23.6988,22.5206,21.3108,20.0626,18.9299,17.9099,16.93,15.9613,14.8963,13.9913,1.31636e-06,9.4819,13.2328,14.898,16.0024,15.643,15.5197,15.0315,14.9826,14.8449,14.0081,	
5.46155e-44,6.31132,10.2133,12.332,13.7805,14.9872,15.8446,16.3095,16.8457,17.1979,17.3585,8.71932e-12,4.20802,7.12034,9.44338,11.7859,13.786,15.3918,16.3223,16.8617,17.2069,17.4175,	20,23.6731,22.4419,21.1767,19.9267,18.928,17.9282,16.8989,15.8038,14.6632,13.7736,1.16132e-06,9.70001,13.8034,14.9784,15.681,15.4008,15.4396,15.1447,14.81,14.5142,13.7827,	
2.64036e-44,6.06358,10.0887,12.3521,13.7393,14.6754,15.5538,16.1029,16.7159,17.2017,17.454,7.76986e-12,4.07702,7.10634,9.36758,11.5565,13.6754,15.2097,16.1193,16.7359,17.2283,17.4988,	20,23.6306,22.3631,21.0699,19.8512,18.8913,17.8015,16.6938,15.6239,14.7913,13.938,9.55104e-07,9.81421,13.6801,14.9745,14.9848,15.1523,15.0159,14.6444,14.7947,14.6202,13.9577,	
1.17809e-44,5.57125,9.34355,12.2474,13.9408,14.9575,15.676,16.1705,16.7724,17.0755,17.2755,7.20708e-12,4.04705,7.03095,9.46064,11.5374,13.5806,15.1363,16.1154,16.7966,17.1215,17.3983,	20,23.5961,22.2901,20.9973,19.8451,18.802,17.7411,16.7918,15.8809,14.8481,13.783,8.46846e-07,9.98536,13.6953,14.7987,14.8048,15.2901,14.9044,14.3909,14.3965,14.429,13.7387,	
5.72403e-45,5.899,9.78281,12.1091,13.9637,15.1362,15.8006,16.1876,16.782,16.9411,17.3122,6.88918e-12,4.13127,7.04293,9.52789,11.5271,13.494,15.1211,16.186,16.7502,16.9885,17.4103,	20,23.57,22.228,20.942,19.8178,18.7815,17.7736,16.7643,15.6975,14.7531,13.653,7.69915e-07,9.84534,13.8284,15.1795,14.9077,15.1478,15.0202,14.557,14.5235,14.5405,13.709,	
2.67184e-45,6.51721,9.41088,11.9391,13.6908,14.8579,15.6963,16.1307,16.5725,16.8936,17.2926,6.26334e-12,4.22392,6.95635,9.38351,11.3677,13.4018,15.058,16.0235,16.6384,16.9257,17.2913,	20,23.5054,22.1339,20.8856,19.7943,18.7572,17.708,16.6126,15.4531,14.2867,13.3132,6.42797e-07,9.93848,13.8166,15.1731,14.942,15.0182,15.407,14.6697,14.4013,14.1679,13.3536,	
1.49378e-45,6.94039,9.74966,12.124,13.837,15.0421,15.7071,16.0676,16.7908,17.1268,17.5059,5.80968e-12,4.28641,6.86143,9.44687,11.3861,13.449,15.0269,16.0428,16.7887,17.1355,17.5411,	20,23.4602,22.0823,20.8502,19.7623,18.6752,17.5467,16.4785,15.5739,14.627,13.7286,5.84403e-07,10.5083,13.8192,15.5484,14.8343,15.0701,15.4806,14.8368,14.4705,14.5147,13.7521,	
7.59283e-46,5.52076,10.1193,12.2904,13.8719,15.0152,15.8202,16.197,16.6503,17.0295,17.3323,5.49801e-12,4.27393,6.88546,9.56225,11.52,13.5208,15.1736,16.1929,16.6994,17.0458,17.3639,	20,23.4296,22.0381,20.8161,19.7106,18.6047,17.5612,16.6328,15.7513,14.8681,13.9306,5.00297e-07,9.57782,13.6467,15.3317,14.8303,14.8609,14.9118,14.7585,14.6902,14.7119,13.9546,	
4.90921e-46,5.90347,10.4254,12.5935,13.9738,15.1074,15.9011,16.1811,16.8174,17.1641,17.5039,5.22922e-12,4.25895,6.99338,9.53594,11.4071,13.555,15.2856,16.2419,16.8434,17.1221,17.5159,	20,23.398,21.9968,20.7839,19.6743,18.6094,17.6752,16.8525,16.0603,15.2954,14.3269,4.4359e-07,9.3162,13.8377,15.3168,14.6414,15.0164,14.7938,15.1061,14.9888,15.0578,14.3648,	
2.82846e-46,6.33924,10.0746,12.7572,14.1244,15.2122,15.9001,16.238,16.5985,16.8571,17.2645,4.82621e-12,4.16612,7.05559,9.71662,11.5705,13.3638,15.1684,16.2022,16.531,16.8629,17.277,	20,23.3639,21.9586,20.7486,19.6684,18.714,17.867,16.9122,15.8058,14.6837,13.8315,3.87441e-07,9.26209,13.8005,15.5744,15.0641,14.9383,14.9573,15.0936,15.0696,14.5711,13.8933,	
1.47418e-46,6.11685,9.5425,12.3797,13.7834,14.8887,15.63,16.015,16.5326,16.9671,16.9769,4.36584e-12,4.07769,6.93494,9.54679,11.6589,13.4683,15.1069,16.0282,16.6002,16.9911,16.9921,	20,23.2068,21.9141,20.731,19.7096,18.7867,17.8013,16.6664,15.4752,14.4862,13.5738,3.33348e-07,9.22669,13.4153,15.2485,15.4053,14.6388,14.8683,14.7705,14.7156,14.4279,13.5909,	
6.64387e-47,5.19911,9.38013,11.9609,13.497,14.6429,15.3972,15.9178,16.3587,16.7445,17.0089,3.89044e-12,4.03446,6.69758,9.40237,11.516,13.356,14.9192,15.92,16.4724,16.7824,17.0279,	20,23.15,21.8603,20.7093,19.6781,18.7192,17.5814,16.4322,15.3237,14.0446,13.2094,2.79708e-07,9.74841,13.0186,15.1461,15.0991,14.6084,14.4705,14.4446,14.252,13.9807,13.213,	
3.70505e-47,5.89023,9.61758,11.5738,13.5633,14.686,15.1007,15.6942,16.3982,16.695,16.7857,3.54646e-12,3.9276,6.80115,9.25266,11.4153,13.1618,14.8,15.7533,16.4091,16.7184,16.8434,	20,23.115,21.8259,20.6985,19.66,18.5539,17.2469,16.0838,14.9945,14.1646,13.1636,2.41685e-07,9.66835,13.2113,14.7727,15.5425,15.0698,14.7196,14.0529,14.0543,14.0203,13.1735,	
2.24182e-47,5.7819,9.90509,11.9483,13.6399,14.6393,15.2067,15.699,16.2023,16.5271,16.5578,3.30535e-12,3.88384,6.769,9.26257,11.3521,13.2294,14.7589,15.7017,16.1459,16.5548,16.6439,	20,23.0946,21.8055,20.6782,19.5824,18.3591,17.102,15.9833,15.0098,13.9643,13.013,2.15913e-07,9.26364,13.1257,15.1369,15.6612,15.1038,14.4363,14.2329,14.2104,13.9657,13.079,	
1.1334e-47,5.72116,9.40192,11.8377,13.48,14.601,15.2422,15.6893,16.0494,16.5295,16.8541,3.07355e-12,3.89344,6.83111,9.14783,11.3269,13.1162,14.6315,15.6354,16.0792,16.5394,16.8824,	20,23.064,21.7673,20.6147,19.4169,18.1398,16.9131,15.8349,14.923,14.0472,13.1415,1.90892e-07,9.53982,13.1563,14.8603,15.3209,15.3885,14.8217,14.0373,13.6426,13.7991,13.1446,	
6.64011e-48,5.61233,9.9222,11.8952,13.4582,14.6129,15.219,15.6197,16.1736,16.6942,16.7641,2.94092e-12,3.94341,6.98973,9.08946,11.1578,13.1529,14.6633,15.618,16.2053,16.7188,16.7827,	20,23.0384,21.7257,20.5264,19.2714,18.0141,16.911,15.9532,14.9953,14.0285,13.2529,1.63482e-07,9.19943,13.3744,15.0004,15.2391,15.2746,14.8365,14.2291,14.0926,13.9134,13.2616,	
3.84887e-48,5.76147,9.82931,12.0937,13.4863,14.3931,15.157,15.6531,16.1105,16.4641,16.8594,2.76947e-12,3.95026,7.00538,9.14996,11.1821,13.092,14.6551,15.6759,16.1338,16.5059,16.8675,	20,23.0111,21.6888,20.4445,19.164,17.977,16.9688,15.9807,15.0388,14.0491,13.1606,1.44991e-07,9.08526,13.057,15.0871,15.1686,15.1922,14.9222,14.2703,13.9507,13.9501,13.1802,	
2.30769e-48,5.89439,9.70352,11.8672,13.4197,14.2362,15.0982,15.5585,16.1247,16.3271,16.6676,2.53604e-12,3.89613,7.00876,9.19891,11.1289,12.9802,14.5354,15.4831,16.1401,16.3646,16.6946,	20,22.9691,21.6258,20.3422,19.0833,17.9786,16.9799,15.9441,14.8199,13.6965,12.7972,1.2627e-07,9.46539,13.101,15.1845,15.6378,15.1159,14.5626,14.1554,13.6553,13.672,12.7846,	
1.34357e-48,5.73298,9.92027,11.8856,13.1783,14.1429,14.8425,15.4813,15.8696,16.4905,16.5835,2.39495e-12,4.01113,6.8507,9.14691,10.8955,12.923,14.4783,15.5045,15.98,16.5086,16.7333,	20,22.9167,21.5507,20.2542,19.041,17.9599,16.897,15.7677,14.7397,13.6713,12.7132,1.08089e-07,9.79989,13.0971,15.0051,15.2618,15.0568,14.3581,14.0926,13.7433,13.5443,12.6487,	
8.37087e-49,5.91339,9.52678,11.9698,13.3341,14.2297,14.8109,15.358,15.9748,16.3159,16.5028,2.26456e-12,4.04122,6.9692,9.16319,10.8747,12.7875,14.2901,15.3424,16.0029,16.2945,16.5154,	20,22.8757,21.4817,20.1785,18.995,17.8922,16.7625,15.5969,14.4818,13.5467,12.5715,9.43117e-08,9.74204,13.4462,14.9372,15.2113,15.216,14.5566,14.0211,13.7388,13.2965,12.5869,	
5.81365e-49,6.25117,9.51901,11.9948,13.4825,14.4129,15.058,15.456,15.8036,16.0966,16.382,2.1518e-12,4.03746,6.90863,9.26811,11.0658,12.8484,14.3743,15.403,15.8816,16.1852,16.4893,	20,22.8396,21.4331,20.1333,18.9459,17.8028,16.6445,15.5476,14.6008,13.7806,12.8296,8.68434e-08,9.80515,13.1329,15.0288,15.2748,15.343,14.457,14.2878,13.6745,13.6027,12.7215,	
3.69437e-49,5.65777,9.48375,11.8382,13.3677,14.3048,14.8679,15.4107,15.7893,16.2688,16.4241,2.08631e-12,4.07704,6.83985,9.25987,11.1897,12.986,14.4003,15.3962,15.8256,16.2919,16.4293,	20,22.8066,21.3971,20.0928,18.8982,17.7134,16.562,15.6317,14.76,13.8757,12.9714,7.61974e-08,9.45272,12.5196,14.8036,14.9817,15.1133,14.5006,14.1977,13.7521,13.7374,12.9748,	
2.15411e-49,5.20893,9.43798,11.811,13.1976,14.0562,14.7828,15.2561,15.7242,16.0418,16.4085,1.90568e-12,3.93055,6.74478,9.24825,11.2427,12.9191,14.3482,15.2883,15.7451,16.0178,16.4421,	20,22.7624,21.3324,20.0315,18.8161,17.6606,16.6316,15.6694,14.5962,13.5721,12.5458,6.8567e-08,9.56428,12.8915,14.6118,14.5316,14.8728,14.3753,14.0787,13.792,13.3978,12.5853,	
1.37023e-49,5.98774,8.84786,11.6782,13.0889,14.1162,14.7581,15.2779,15.7359,16.0971,16.2463,1.81593e-12,3.94506,6.64029,9.23178,11.1257,12.9473,14.3695,15.2639,15.7763,16.1348,16.308,	20,22.7158,21.281,19.9753,18.7684,17.6486,16.6198,15.5644,14.5152,13.6203,12.7282,6.29673e-08,9.85149,12.7349,14.2558,14.2475,14.6637,14.611,14.0063,13.5837,13.4595,12.7334,	
7.57018e-50,5.47696,8.76968,11.1849,12.9694,13.9359,14.5568,15.144,15.6908,15.917,16.0996,1.71919e-12,3.98294,6.61751,9.17641,11.0525,12.7946,14.2596,15.1444,15.7445,15.9333,16.0874,	20,22.6837,21.2313,19.9122,18.7181,17.6154,16.5485,15.462,14.3672,13.2889,12.2238,5.52373e-08,9.30293,12.6999,14.4647,14.313,14.5236,14.4161,13.7564,13.2327,13.152,12.2485,	
4.6357e-50,5.65415,8.92407,11.3,12.5657,13.7847,14.429,14.9963,15.5872,15.9681,16.1043,1.60595e-12,3.92122,6.55469,9.05754,10.9766,12.6829,14.1455,15.0275,15.6175,15.9844,16.1145,	20,22.6378,21.1737,19.8596,18.6702,17.5313,16.3065,15.2048,14.0633,13.1916,12.3001,4.90731e-08,9.40531,12.4549,14.0682,14.4008,14.3515,14.1823,13.8395,13.5502,13.1562,12.3084,	
3.21649e-50,5.86526,9.37564,11.3626,12.7494,13.7557,14.533,14.9848,15.5429,15.6399,16.0323,1.5182e-12,3.897,6.63182,8.89829,10.9423,12.6055,14.063,15.0053,15.5707,15.6893,16.041,	20,22.6063,21.1185,19.8047,18.5958,17.3724,16.2355,15.1739,14.1725,13.1805,12.2672,4.41692e-08,9.19872,12.723,13.7734,14.4611,14.6226,14.1561,13.6013,13.5071,13.2067,12.2784,	
2.04485e-50,5.2017,9.24912,11.4745,12.7245,13.7265,14.3023,14.8771,15.4805,15.7251,15.8626,1.42654e-12,3.83869,6.65277,8.87246,10.8418,12.5798,14.0038,14.923,15.5115,15.7552,15.9147,	20,22.5621,21.0658,19.7401,18.5105,17.3024,16.1806,15.0766,14.0401,13.1072,12.2237,4.05069e-08,9.46383,12.656,13.9793,14.3238,14.4123,13.8614,13.4396,13.1319,12.9948,12.2332,	
1.42073e-50,5.43028,9.02648,11.5468,12.8415,13.7488,14.2737,14.8417,15.368,15.6749,15.7607,1.3602e-12,3.80567,6.62104,8.8894,10.7519,12.56,13.9262,14.9135,15.4018,15.6993,15.8217,	20,22.5298,21.0231,19.6884,18.4448,17.2434,16.1269,15.0759,14.0557,13.0944,12.0684,3.69495e-08,9.30371,12.5659,13.925,14.3533,14.5865,13.8646,13.4176,13.0493,12.9772,12.0946,	
8.9723e-51,5.22897,8.85553,10.9575,12.7044,13.6986,14.3487,14.8445,15.2621,15.4845,15.8804,1.30655e-12,3.78618,6.6246,8.90199,10.7512,12.5157,13.9525,14.8777,15.2945,15.5391,15.8762,	20,22.4986,20.9755,19.6314,18.3806,17.1844,16.047,15.0392,13.9525,12.9549,11.9103,3.27456e-08,8.7058,12.5513,14.0612,14.2911,14.4182,14.0875,13.27,12.9508,12.7744,11.9289,	
6.49017e-51,5.73194,9.00637,11.2493,12.7242,13.7068,14.2877,14.7694,15.2613,15.5182,15.674,1.24344e-12,3.74621,6.62392,8.92983,10.7762,12.4274,13.8918,14.8163,15.3095,15.5718,15.6951,	20,22.4706,20.9291,19.5709,18.3119,17.1206,16.0162,14.968,13.9464,12.8423,11.8524,3.01471e-08,8.61022,12.6767,14.2636,14.4875,14.5512,14.0016,13.554,13.0552,12.8003,11.8568,	
4.61008e-51,5.69223,9.31904,11.036,12.5784,13.7002,14.2296,14.7134,15.1047,15.5064,15.5613,1.18415e-12,3.74864,6.64877,8.84376,10.7222,12.3738,13.8612,14.7822,15.1221,15.497,15.573,	20,22.4328,20.8666,19.5017,18.2435,17.0532,15.8844,14.8443,13.7294,12.7255,11.678,2.75208e-08,8.62419,12.9992,14.1876,14.4013,14.3249,13.9734,13.6512,13.1639,12.7215,11.697,	
3.10632e-51,5.16102,9.2245,11.4243,12.5437,13.4749,14.2,14.7147,15.1864,15.3897,15.5608,1.13938e-12,3.77839,6.58914,8.78011,10.7474,12.3888,13.8034,14.7464,15.2053,15.4016,15.5899,	20,22.3926,20.8126,19.446,18.1821,16.9813,15.8272,14.7228,13.6812,12.7704,11.7459,2.58911e-08,8.98916,12.9627,13.9254,14.1984,14.3256,13.7992,13.5803,13.0723,12.6459,11.7566,	
2.24902e-51,5.21662,8.88279,11.5393,12.778,13.5345,14.0953,14.5704,15.0973,15.4178,15.4213,1.09689e-12,3.77081,6.54306,8.82655,10.742,12.3469,13.753,14.5708,15.0688,15.4405,15.4955,	20,22.3501,20.7632,19.3883,18.1208,16.9018,15.7349,14.6545,13.6104,12.6305,11.6349,2.4302e-08,9.16713,12.9619,13.948,14.0376,14.0952,13.9418,13.4978,13.2135,12.628,11.6776,	
1.58009e-51,5.59861,8.76088,11.3855,12.5943,13.4818,14.1273,14.5878,14.9675,15.252,15.5063,1.03046e-12,3.72102,6.50967,8.73219,10.6942,12.3424,13.7443,14.6301,14.9678,15.2757,15.5209,	20,22.2929,20.6957,19.322,18.0462,16.8185,15.626,14.5737,13.5444,12.6367,11.6693,2.21284e-08,9.37627,12.9912,13.9034,13.777,14.1011,13.7649,13.3977,13.2231,12.6062,11.6768,	
1.08812e-51,5.47106,8.91479,11.1072,12.5063,13.4448,14.0639,14.5355,14.9256,15.1724,15.3349,9.62886e-13,3.69982,6.41585,8.63895,10.6021,12.29,13.6833,14.5585,14.9328,15.193,15.3439,	20,22.2355,20.6339,19.2445,17.9614,16.7349,15.5982,14.5575,13.4841,12.3647,11.4222,2.05501e-08,9.62706,12.9081,14.0564,13.7289,14.1763,13.7172,13.1894,12.9262,12.441,11.443,	
6.85354e-52,4.98781,8.84345,10.8194,12.2599,13.4194,13.9625,14.4191,14.9944,15.2093,15.382,9.25516e-13,3.7448,6.42188,8.57145,10.547,12.1768,13.6069,14.5039,14.9786,15.2277,15.4123,	20,22.1855,20.5677,19.1626,17.8714,16.6655,15.5359,14.4226,13.3715,12.4975,11.4923,1.83607e-08,9.43568,12.7214,14.0701,13.9653,13.843,13.4635,13.1072,12.4524,12.3345,11.5144,	
5.06021e-52,5.30374,8.678,11.1267,12.3657,13.3174,13.8918,14.3901,14.8314,15.0303,15.2453,8.90068e-13,3.742,6.46228,8.48707,10.5151,12.1641,13.5411,14.4164,14.853,15.0737,15.2608,	20,22.1402,20.5033,19.0992,17.803,16.5948,15.4392,14.3785,13.2806,12.1734,11.2527,1.70324e-08,9.47194,12.9404,13.6425,14.1572,13.9785,13.3747,13.288,12.7912,12.1611,11.2606,	
3.7725e-52,5.18613,8.66323,11.052,12.2148,13.3505,13.9085,14.3488,14.8754,15.0423,15.2291,8.7174e-13,3.75609,6.47426,8.56284,10.4994,12.1844,13.5319,14.4199,14.9034,15.0175,15.2459,	20,22.1155,20.4689,19.0507,17.7518,16.538,15.3917,14.2949,13.2402,12.3716,11.4593,1.5629e-08,9.09032,12.7677,13.89,13.9651,13.8284,13.3656,13.2757,12.7492,12.1958,11.4726,	
2.66228e-52,5.12497,8.50828,10.9047,12.0544,13.0992,13.7952,14.3352,14.7935,14.897,14.9827,8.24564e-13,3.70452,6.35832,8.55691,10.4598,12.138,13.5318,14.3903,14.8051,14.911,14.9923,	20,22.0697,20.4149,18.9955,17.6923,16.4823,15.3363,14.2377,13.1535,12.2044,11.2129,1.39004e-08,8.78059,12.5911,13.7813,13.8826,13.4789,13.3174,13.1298,12.7019,12.1397,11.2201,	
1.82676e-52,5.3263,8.32856,10.5271,12.0624,13.2209,13.7352,14.2408,14.7874,15.029,15.093,7.73637e-13,3.65942,6.31708,8.4572,10.3261,12.0391,13.3906,14.3235,14.8089,15.0507,15.1215,	20,22.0211,20.3344,18.9122,17.6137,16.4105,15.2653,14.1573,13.0694,12.1534,11.2261,1.31179e-08,9.06194,12.8943,13.8551,13.8456,13.5156,13.1491,12.8928,12.436,11.9037,11.2355,	
1.31448e-52,5.16432,8.25763,10.3632,12.0303,12.9688,13.6574,14.2181,14.764,15.0412,15.0592,7.45407e-13,3.63716,6.28462,8.43852,10.3522,12.0066,13.371,14.3014,14.787,15.0515,15.0908,	20,21.9815,20.2867,18.859,17.5583,16.3516,15.2047,14.1099,13.1364,12.1559,11.1628,1.21776e-08,8.96633,12.864,13.7093,13.8406,13.4609,12.9203,12.7308,12.3033,12.0814,11.172,	
8.69841e-53,4.92872,8.2856,10.3907,12.021,12.9965,13.6132,14.1497,14.6911,15.036,15.0051,7.08421e-13,3.61625,6.23883,8.30987,10.2752,11.9216,13.3035,14.2224,14.7064,15.055,15.0914,	20,21.9235,20.2035,18.762,17.3994,16.2526,15.1584,14.0946,13.0159,11.9968,10.889,1.13794e-08,9.15958,12.8915,13.522,13.9131,13.3071,12.9704,12.7949,12.2706,11.8974,10.9229,	
6.63144e-53,5.27231,8.29282,10.5566,11.9136,12.9212,13.6112,14.0689,14.4806,14.8175,14.9193,6.83157e-13,3.62742,6.26958,8.30464,10.1367,11.8676,13.2452,14.1442,14.505,14.8153,14.9476,	20,21.8688,20.1342,18.675,17.3525,16.2099,15.071,14.0068,12.8266,11.7765,10.6906,1.05229e-08,9.32911,12.9868,13.6049,13.8017,13.4162,13.1335,12.7451,12.2122,11.7421,10.7079,	
4.67912e-53,5.26195,8.35305,10.6687,11.8867,12.8457,13.5487,14.0798,14.5245,14.7935,14.8318,6.49944e-13,3.62539,6.2616,8.22956,10.0658,11.7961,13.1942,14.1136,14.5251,14.8125,14.8408,	20,21.8194,20.0618,18.602,17.2964,16.1157,15.0004,13.8439,12.6541,11.6433,10.7457,1.01791e-08,9.82424,13.2434,13.6048,13.8662,13.3834,13.072,12.394,12.092,11.6103,10.759,	
3.39784e-53,5.22732,8.21793,10.5453,11.8571,12.8732,13.5449,14.0261,14.4582,14.7855,14.8544,6.18752e-13,3.57466,6.27017,8.27353,10.0135,11.7282,13.1415,14.0489,14.4672,14.8096,14.871,	20,21.7692,20.0025,18.538,17.2431,16.0579,14.9037,13.7389,12.6431,11.5943,10.6609,9.74368e-09,10.0589,13.1515,13.5688,13.9392,13.3207,12.9412,12.2959,11.9388,11.564,10.6879,	
2.59202e-53,5.30557,8.12214,10.7428,11.9198,12.7593,13.4531,13.9252,14.394,14.6789,14.8614,5.92536e-13,3.58161,6.21702,8.27635,10.0184,11.6879,13.0725,13.9612,14.3921,14.7049,14.8672,	20,21.7271,19.9372,18.4766,17.1831,15.9801,14.7881,13.6787,12.6247,11.5751,10.6382,8.91142e-09,9.66226,13.2955,13.6763,13.7919,13.4614,13.1178,12.3114,11.9453,11.4318,10.6506,	
1.98858e-53,5.30326,8.38733,10.6394,11.903,12.8372,13.3987,13.9084,14.2463,14.5288,14.5198,5.7383e-13,3.57917,6.20986,8.2997,10.0402,11.685,13.0225,13.947,14.2696,14.5427,14.5438,	20,21.6847,19.8879,18.4277,17.1311,15.9111,14.7251,13.6048,12.5051,11.4786,10.4654,8.42424e-09,9.63652,12.9655,13.5744,13.7042,13.3671,13.2461,12.3824,11.9827,11.414,10.4834,	
1.48949e-53,5.26459,8.53623,10.6369,11.8758,12.7357,13.3309,13.8525,14.3213,14.5385,14.5139,5.45625e-13,3.55275,6.1672,8.28697,10.0728,11.6576,13.0103,13.8916,14.3452,14.5628,14.5026,	20,21.6296,19.8294,18.3693,17.0668,15.8329,14.6533,13.5232,12.4123,11.4622,10.5329,8.00991e-09,9.87459,12.9785,13.7049,13.6324,13.3302,13.0249,12.2437,12.0218,11.4367,10.5833,	
1.18554e-53,5.41308,8.61618,10.5489,11.8854,12.7237,13.3395,13.8211,14.3045,14.5529,14.6812,5.27343e-13,3.57484,6.13177,8.22892,10.057,11.6545,13.0218,13.8911,14.3208,14.5762,14.7351,	20,21.5853,19.7799,18.3174,17.0087,15.7693,14.5908,13.4849,12.488,11.5822,10.6534,7.56047e-09,9.75064,12.9705,13.6448,13.8078,13.1868,13.0782,12.5249,12.0275,11.5367,10.6804,	
8.61212e-54,5.09098,8.42817,10.5346,11.8982,12.7382,13.2846,13.844,14.1055,14.3258,14.5326,5.04574e-13,3.55299,6.18726,8.20231,9.96775,11.6069,12.9534,13.8765,14.1882,14.3571,14.5324,	20,21.5305,19.7102,18.2496,16.9348,15.6948,14.5112,13.4748,12.4402,11.3948,10.3425,7.0124e-09,9.61745,12.9935,13.7178,13.692,13.1714,12.896,12.4175,11.9934,11.3132,10.3763,	
6.67696e-54,5.19163,8.32791,10.4855,11.7888,12.8121,13.2825,13.7545,14.1505,14.416,14.4382,4.80523e-13,3.50377,6.1501,8.19498,9.96414,11.6105,12.9414,13.83,14.1853,14.4435,14.4465,	20,21.4817,19.6523,18.1952,16.8783,15.6395,14.4906,13.4386,12.3506,11.3812,10.4626,6.64377e-09,9.66038,12.8908,13.6833,13.6526,13.1594,12.863,12.2959,11.8261,11.3543,10.4786,	
4.91819e-54,4.79558,8.27049,10.3967,11.7878,12.6715,13.2316,13.68,14.01,14.3748,14.4696,4.64872e-13,3.49133,6.13719,8.21132,9.96215,11.5775,12.9115,13.7395,14.0459,14.4423,14.4938,	20,21.456,19.6062,18.138,16.8199,15.5881,14.4543,13.3707,12.2852,11.2788,10.3642,6.18683e-09,9.20823,12.7916,13.6887,13.569,13.2528,12.7863,12.4164,11.6193,11.2053,10.3681,	
3.83183e-54,4.88146,8.3577,10.4407,11.8004,12.5885,13.1504,13.6877,14.0759,14.1895,14.406,4.51018e-13,3.48391,6.17944,8.20921,9.9507,11.4927,12.8608,13.7258,14.1191,14.2551,14.4197,	20,21.4212,19.5496,18.0317,16.7539,15.5137,14.4105,13.2928,12.2364,11.3221,10.3164,5.8824e-09,9.15171,12.9797,13.8129,13.3599,12.9906,12.6694,12.3643,11.7822,11.2437,10.3244,	
3.07561e-54,4.87623,8.30773,10.4604,11.7935,12.592,13.1966,13.6782,13.938,14.31,14.4855,4.42095e-13,3.49015,6.18486,8.27307,9.99164,11.4509,12.8475,13.7246,13.9786,14.3186,14.5026,	20,21.3905,19.5057,17.9907,16.7013,15.4823,14.3664,13.2792,12.2626,11.3453,10.4482,5.66622e-09,9.16459,13.005,13.7391,13.4808,13.0189,12.6595,12.2995,11.6376,11.2654,10.4533,	
2.21304e-54,4.8522,7.97919,10.2733,11.5727,12.5064,13.1057,13.6581,14.0378,14.2072,14.2991,4.28099e-13,3.53787,6.08965,8.18458,9.95343,11.4225,12.8317,13.7084,14.0906,14.226,14.3109,	20,21.3247,19.4354,17.9327,16.6437,15.4412,14.3289,13.2596,12.1665,11.2318,10.2442,5.23468e-09,9.2752,12.8909,13.6878,13.2341,12.9433,12.6096,12.2051,11.522,11.2124,10.2279,	
1.71071e-54,4.86345,7.96479,10.2799,11.5376,12.4437,13.0834,13.6035,14.0035,14.2338,14.2752,4.11636e-13,3.49782,6.07605,8.17149,9.91914,11.4405,12.7882,13.659,14.0221,14.2592,14.2769,	20,21.2917,19.3882,17.8812,16.594,15.4014,14.2897,13.2098,12.1613,11.179,10.212,4.95972e-09,9.11363,12.7836,13.7324,13.4597,12.9939,12.5745,12.0725,11.4708,11.1181,10.2185,	
1.40157e-54,5.00495,8.34792,10.2563,11.3956,12.4587,13.0196,13.5289,14.0128,14.1445,14.2578,3.94036e-13,3.45296,6.0562,8.10247,9.90818,11.4291,12.7622,13.5635,14.0299,14.1991,14.2744,	20,21.2368,19.3345,17.833,16.5427,15.3288,14.2242,13.16,12.1525,11.1576,10.2204,4.65603e-09,9.17399,12.7655,13.7806,13.5845,13.0018,12.4997,12.0199,11.5602,11.1509,10.223,	
1.08062e-54,5.13109,8.15573,10.323,11.4315,12.3473,13.0653,13.4981,13.8247,14.0248,14.2672,3.76411e-13,3.41888,6.00343,8.12034,9.88633,11.4253,12.7379,13.5816,13.8569,14.0483,14.2823,	20,21.1999,19.2941,17.7863,16.4918,15.2906,14.1937,13.1348,12.0924,11.1839,10.1412,4.37349e-09,8.97464,12.5976,13.8033,13.58,12.9016,12.3587,12.0818,11.5673,11.1252,10.1657,	
8.31181e-55,5.15278,8.12395,10.1748,11.5744,12.2485,12.8915,13.4378,13.8508,14.0005,14.0898,3.66664e-13,3.44324,5.99913,8.0991,9.94681,11.3855,12.7016,13.521,13.8643,14.0407,14.1143,	20,21.163,19.2507,17.7415,16.4097,15.2582,14.166,13.1152,12.0907,11.0426,10.0543,4.16955e-09,8.93797,12.642,13.6078,13.6774,13.0532,12.2753,11.9736,11.5233,10.9744,10.0421,	
6.39223e-55,5.25196,8.05367,10.0864,11.4253,12.2213,12.8594,13.3858,13.7484,13.9163,14.0215,3.52221e-13,3.44018,5.99491,8.08419,9.86474,11.3364,12.597,13.4636,13.8015,13.935,14.0311,	20,21.1172,19.1866,17.6713,16.3334,15.2265,14.1387,13.0659,11.9248,10.8855,9.84968,3.90229e-09,8.80136,12.6098,13.6948,13.651,13.0367,12.4874,11.8873,11.4313,10.8985,9.85755,	
4.92714e-55,5.14006,7.95539,9.92679,11.3883,12.1979,12.7266,13.3257,13.7179,13.8772,13.9325,3.3686e-13,3.42772,5.95829,8.05016,9.82325,11.3411,12.5623,13.3772,13.7567,13.8866,13.9606,	20,21.0691,19.1265,17.6166,16.304,15.1641,14.0871,12.9471,11.7522,10.7146,9.78919,3.58639e-09,8.53016,12.6301,13.6289,13.7221,12.9711,12.546,11.8854,11.3651,10.6509,9.80528,	
3.82418e-55,5.03523,8.02513,9.89623,11.3121,12.089,12.6229,13.2371,13.6388,13.8529,13.8456,3.26069e-13,3.46758,5.92652,7.98856,9.75272,11.335,12.5246,13.3066,13.6849,13.8475,13.8427,	20,21.0248,19.0641,17.5603,16.2659,15.0979,14.01,12.8392,11.7129,10.6477,9.60445,3.29845e-09,8.31745,12.7058,13.6795,13.6358,13.0341,12.4446,11.6984,11.2994,10.7199,9.65953,	
3.07901e-55,5.04398,7.77082,9.928,11.3983,12.1438,12.6939,13.2272,13.6387,13.768,13.9513,3.16448e-13,3.47753,5.89234,7.97811,9.73018,11.2754,12.4996,13.2929,13.6607,13.759,13.9505,	20,20.9675,19.018,17.5173,16.2287,15.0606,13.9091,12.7523,11.6315,10.7515,9.73418,3.16425e-09,8.67868,12.5544,13.6698,13.5367,12.985,12.3797,11.6615,11.2784,10.6689,9.74553,	
2.43814e-55,4.81726,7.85584,9.94965,11.3175,12.1741,12.7622,13.2088,13.5779,13.7236,13.9312,3.03693e-13,3.44343,5.89479,7.91545,9.69283,11.2387,12.4947,13.2906,13.6034,13.7816,13.9819,	20,20.9132,18.9568,17.4686,16.1877,15.0076,13.8357,12.6758,11.61,10.6307,9.71474,2.97466e-09,8.81908,12.6081,13.6795,13.4542,12.956,12.3154,11.6547,11.1784,10.7184,9.70195,	
1.90416e-55,4.83723,7.95449,9.78204,11.272,12.0888,12.7149,13.2329,13.7062,13.8182,13.919,2.99592e-13,3.46316,5.98251,7.91048,9.65475,11.2068,12.4812,13.2739,13.7144,13.8256,13.8932,	20,20.8825,18.9114,17.4247,16.1435,14.9497,13.7748,12.6549,11.6503,10.781,9.8338,2.8492e-09,8.76674,12.6109,13.639,13.421,12.9817,12.2406,11.4769,11.1128,10.7089,9.86604,	
1.49676e-55,4.82449,7.98585,9.80822,11.0819,12.024,12.6871,13.184,13.6315,13.897,13.8347,2.90304e-13,3.45366,5.94913,7.89232,9.6763,11.1553,12.4492,13.2519,13.6627,13.9157,13.8713,	20,20.8345,18.8667,17.3462,16.0984,14.8948,13.7303,12.6487,11.7062,10.7328,9.73625,2.74229e-09,8.9456,12.6,13.6125,13.4489,12.8245,12.251,11.4632,11.0536,10.6694,9.75986,	
1.17346e-55,4.61846,7.88086,9.69584,11.2227,11.9536,12.583,13.1361,13.5917,13.7927,13.8949,2.84528e-13,3.45636,5.95263,7.90467,9.62877,11.16,12.4025,13.1895,13.6087,13.8237,13.914,	20,20.8084,18.823,17.3133,16.0579,14.8517,13.7009,12.6504,11.6874,10.6897,9.69374,2.61084e-09,8.71198,12.6766,13.4695,13.3611,12.7668,12.2949,11.3805,11.0623,10.6519,9.69136,	
9.40416e-56,4.37658,7.8452,9.64418,11.1089,11.9778,12.5979,13.0921,13.4743,13.7898,13.9102,2.76454e-13,3.42078,5.9218,7.9304,9.60739,11.1599,12.3926,13.189,13.4929,13.7945,13.958,	20,20.7757,18.7904,17.2828,16.0197,14.8161,13.6878,12.6544,11.6364,10.6792,9.77027,2.47564e-09,8.60305,12.5865,13.3467,13.3353,12.6574,12.0388,11.487,11.0344,10.5583,9.77019,	
7.19235e-56,4.58015,7.69148,9.80311,11.0314,11.9596,12.4614,13.1345,13.4487,13.6879,13.7983,2.62826e-13,3.37352,5.85367,7.82416,9.56891,11.0907,12.3526,13.188,13.4565,13.692,13.8016,	20,20.6959,18.7162,17.1973,15.9662,14.7728,13.6663,12.6008,11.503,10.4998,9.54765,2.34853e-09,8.91469,12.41,13.3281,13.2677,12.6578,12.0199,11.3949,10.9883,10.477,9.55687,	
5.52454e-56,4.27518,7.85795,9.87921,10.9935,11.7978,12.4808,13.0419,13.4407,13.6345,13.6087,2.56607e-13,3.39318,5.8153,7.78993,9.54381,11.0282,12.3018,13.0983,13.4652,13.6612,13.6217,	20,20.6363,18.6607,17.1579,15.9208,14.7381,13.6337,12.5419,11.3851,10.3591,9.45659,2.22402e-09,8.93969,12.2995,13.3687,13.2921,12.5173,11.9912,11.3139,10.9228,10.3582,9.47139,	
4.4303e-56,4.61544,7.74418,9.74827,11.0652,11.7601,12.3768,12.9781,13.4885,13.6052,13.5401,2.47343e-13,3.3498,5.83324,7.78178,9.49205,10.9677,12.2313,13.0397,13.5097,13.623,13.5561,	20,20.5876,18.6039,17.1133,15.8706,14.6865,13.5433,12.4087,11.3173,10.3482,9.3757,2.07517e-09,8.8691,12.4054,13.4431,13.3577,12.4429,12.0155,11.2908,10.8557,10.3486,9.39766,	
3.70721e-56,4.79211,7.78018,9.62939,10.9826,11.7051,12.3704,12.9477,13.4389,13.6595,13.4953,2.41053e-13,3.33979,5.86539,7.75157,9.44988,10.9388,12.1948,13.0144,13.4873,13.6841,13.5136,	20,20.5495,18.5561,17.0777,15.8332,14.6467,13.4935,12.3655,11.3093,10.336,9.39103,1.96676e-09,8.75788,12.4615,13.3453,13.323,12.4375,12.0245,11.3937,10.8263,10.3091,9.39976,	
2.87083e-56,4.69171,7.73842,9.55032,10.8239,11.7859,12.2902,12.8949,13.3614,13.5547,13.6181,2.35973e-13,3.36159,5.84275,7.74441,9.45772,10.899,12.144,12.9423,13.4016,13.5993,13.6321,	20,20.5093,18.5156,17.044,15.7923,14.6009,13.4452,12.3381,11.3106,10.304,9.29316,1.86475e-09,8.69425,12.3397,13.2975,13.1755,12.5013,11.8514,11.3857,10.8307,10.2575,9.27966,	
2.22277e-56,4.57005,7.54446,9.47665,10.7009,11.6693,12.3075,12.8885,13.2505,13.5274,13.5769,2.30548e-13,3.36564,5.86828,7.71834,9.38416,10.8782,12.1125,12.9506,13.3154,13.5357,13.6074,	20,20.4672,18.4666,17.008,15.7519,14.5565,13.4047,12.307,11.2445,10.2386,9.24027,1.75755e-09,8.61042,12.3849,13.1249,13.1327,12.5178,11.8055,11.1611,10.6405,10.2324,9.25186,	
1.79802e-56,4.59529,7.68825,9.4173,10.837,11.5129,12.2875,12.8573,13.2297,13.4384,13.6139,2.26238e-13,3.39314,5.85469,7.70434,9.32396,10.8396,12.0865,12.8871,13.2518,13.437,13.6361,	20,20.423,18.4216,16.9661,15.7103,14.5107,13.3594,12.2572,11.1788,10.1526,9.18301,1.68175e-09,8.69587,12.429,13.1209,13.0391,12.5443,11.8264,11.2204,10.604,10.1815,9.18369,	
1.48427e-56,4.53865,7.7846,9.52632,10.8597,11.5234,12.2644,12.8429,13.2546,13.3457,13.5685,2.19272e-13,3.37743,5.81029,7.66434,9.28964,10.8018,12.0574,12.8811,13.2606,13.3716,13.5892,	20,20.3752,18.3773,16.9276,15.6703,14.4703,13.3182,12.1887,11.1281,10.1423,9.19742,1.62655e-09,8.8354,12.4409,13.1631,12.8935,12.5446,11.8034,11.2805,10.5811,10.1416,9.20124,	
1.21941e-56,4.513,7.76369,9.53299,10.6858,11.6092,12.1893,12.8131,13.2186,13.2624,13.5201,2.13456e-13,3.36706,5.80121,7.67157,9.23828,10.7564,12.0296,12.8687,13.2348,13.2959,13.5493,	20,20.3399,18.3366,16.8931,15.6358,14.4343,13.2764,12.16,11.0686,10.0775,9.12944,1.54458e-09,8.71712,12.3657,13.0685,12.9066,12.3615,11.8869,11.1932,10.7489,10.0783,9.12807,	
9.37519e-57,4.39748,7.6134,9.59322,10.6436,11.6247,12.1526,12.7506,13.1163,13.294,13.3652,2.09979e-13,3.38948,5.8182,7.66406,9.21826,10.7337,11.9937,12.8177,13.1723,13.2973,13.387,	20,20.2986,18.295,16.8548,15.593,14.3868,13.2311,12.114,11.04,10.0183,8.96781,1.48856e-09,8.81138,12.3239,12.8924,12.9143,12.3099,11.8452,11.2297,10.5647,9.98756,8.99989,	
7.6922e-57,4.84882,7.513,9.37618,10.6593,11.5696,12.1541,12.6896,13.0497,13.1796,13.3963,2.04897e-13,3.40083,5.76676,7.67143,9.22319,10.697,11.9528,12.7552,13.0704,13.1965,13.4066,	20,20.2559,18.2565,16.8181,15.5512,14.3414,13.1841,12.0598,10.9464,9.90119,8.99299,1.42326e-09,8.74087,12.3511,12.8797,12.8258,12.2611,11.8264,11.2902,10.6595,9.963,9.00251,	
6.48831e-57,4.72702,7.72819,9.47988,10.7549,11.6039,12.1053,12.6983,13.1053,13.23,13.361,1.9957e-13,3.39138,5.76341,7.63122,9.22658,10.6868,11.9388,12.7474,13.1234,13.24,13.3922,	20,20.2155,18.2185,16.786,15.5151,14.3038,13.1393,12.0073,10.94,10.0278,9.08691,1.38345e-09,8.81434,12.3405,12.8202,12.8664,12.2384,11.7933,11.313,10.6574,10.0559,9.10165,	
5.49014e-57,4.79312,7.77152,9.65284,10.7575,11.579,12.1477,12.641,13.0163,13.2175,13.3499,1.94026e-13,3.38281,5.7242,7.64995,9.18621,10.6758,11.9228,12.711,13.0229,13.2397,13.3678,	20,20.1696,18.1797,16.747,15.4742,14.2328,13.0965,11.9888,10.9779,10.0306,9.01487,1.35045e-09,9.11686,12.4347,12.8804,12.8648,12.2361,11.7945,11.2197,10.5525,10.0586,9.02742,	
4.53159e-57,4.73017,7.6157,9.59394,10.6401,11.5232,12.1238,12.6678,12.9697,13.2341,13.2912,1.88295e-13,3.35916,5.73837,7.6379,9.14578,10.6511,11.9134,12.7007,12.9915,13.2579,13.2991,	20,20.1301,18.1417,16.7086,15.4241,14.1245,13.0658,11.9575,10.9719,10.0155,9.09148,1.27691e-09,8.9831,12.3235,12.931,12.855,12.1807,11.6458,11.1044,10.455,10.0081,9.09372,	
3.73054e-57,4.54161,7.58284,9.5205,10.5533,11.3967,12.0842,12.6413,13.0333,13.1681,13.2378,1.83134e-13,3.35801,5.6889,7.6257,9.1397,10.6295,11.8813,12.6629,13.0466,13.1817,13.2537,	20,20.0794,18.1031,16.6694,15.3474,14.11,13.0379,11.9609,10.9387,9.99322,9.02381,1.2031e-09,8.94872,12.2069,12.7377,12.729,12.2229,11.6122,11.0543,10.4021,9.98019,9.03627,	
3.06911e-57,4.45181,7.65745,9.52642,10.5519,11.3267,12.0177,12.6102,12.9726,13.1155,13.3488,1.75359e-13,3.30271,5.65912,7.59993,9.14455,10.5783,11.8449,12.659,12.9774,13.1449,13.3556,	20,20.0371,18.0625,16.6227,15.3024,14.0908,13.0122,11.9337,10.8771,9.95524,8.97039,1.15885e-09,9.02372,12.1364,12.6874,12.6527,12.2539,11.562,11.0808,10.4438,9.87902,8.97348,	
2.54819e-57,4.73042,7.52155,9.31293,10.6037,11.3461,11.9873,12.604,12.9621,13.0862,13.1842,1.69948e-13,3.28499,5.6682,7.54228,9.12035,10.561,11.8068,12.6556,12.9488,13.089,13.1896,	20,19.9913,18.0145,16.5754,15.2381,14.0671,12.959,11.8848,10.8173,9.9181,8.86252,1.11e-09,9.08981,12.2158,12.6588,12.4591,12.2726,11.5233,11.0014,10.4562,9.89287,8.88838,	
2.22395e-57,4.65659,7.53083,9.44012,10.595,11.3949,11.9831,12.5714,12.9012,13.075,13.0985,1.65062e-13,3.26815,5.63417,7.53651,9.09858,10.5469,11.7889,12.5991,12.9314,13.0843,13.1221,	20,19.9554,17.9835,16.5386,15.1857,14.0223,12.9388,11.8662,10.8295,9.85992,8.89293,1.06143e-09,8.96517,12.1906,12.5937,12.4847,12.1726,11.5878,11.0312,10.4779,9.92848,8.90466,	
1.79806e-57,4.62791,7.45665,9.39421,10.5848,11.3135,11.914,12.5113,12.918,13.1045,12.9833,1.61279e-13,3.27892,5.62394,7.56228,9.09101,10.513,11.7557,12.5855,12.9183,13.1508,13.0121,	20,19.9234,17.9469,16.4893,15.1499,13.9743,12.9127,11.8471,10.8226,9.85497,8.81507,1.02712e-09,8.94523,12.1835,12.5304,12.4984,12.1422,11.4289,10.9694,10.4424,9.89787,8.83822,	
1.48397e-57,4.56583,7.42017,9.3265,10.5686,11.2739,11.8392,12.4998,12.8895,12.9832,12.9418,1.58517e-13,3.30123,5.61436,7.54598,9.08496,10.506,11.7311,12.547,12.89,12.9936,12.961,	20,19.8841,17.91,16.4522,15.1228,13.9339,12.8943,11.8395,10.8206,9.79683,8.79075,9.6778e-10,8.7758,12.124,12.5339,12.497,11.954,11.4532,10.8639,10.4066,9.78591,8.7951,	
1.22399e-57,4.3567,7.34786,9.24042,10.4916,11.1927,11.836,12.4235,12.8034,12.9557,12.8756,1.53747e-13,3.27364,5.60775,7.53288,9.08321,10.4794,11.7015,12.4997,12.805,12.9726,12.8785,	20,19.8489,17.8723,16.415,15.0935,13.9241,12.8767,11.8191,10.7561,9.70037,8.72568,9.29805e-10,8.74153,11.9617,12.4873,12.5316,11.8465,11.2824,10.788,10.4263,9.69081,8.73859,	
1.03978e-57,4.32259,7.33652,9.26388,10.4415,11.2832,11.7971,12.3692,12.7743,12.9213,12.9029,1.48024e-13,3.22875,5.54991,7.48739,9.08353,10.4681,11.6784,12.4305,12.7721,12.9428,12.9292,	20,19.8082,17.8377,16.3797,15.0696,13.9078,12.8164,11.7814,10.6823,9.68099,8.77033,8.93516e-10,8.75391,11.853,12.3912,12.4717,11.803,11.2308,10.8005,10.4134,9.72241,8.77752,	
8.99413e-58,4.27847,7.2924,9.20794,10.4174,11.1957,11.7806,12.3718,12.7499,12.8773,12.9949,1.43088e-13,3.20067,5.48993,7.44418,9.06101,10.4509,11.6643,12.4389,12.7619,12.8739,13.0073,	20,19.7681,17.8009,16.3463,15.0455,13.8908,12.8047,11.7486,10.6505,9.70816,8.74867,8.62112e-10,8.80897,11.9166,12.4371,12.5528,11.7911,11.1391,10.6661,10.3174,9.65041,8.76887,	
7.54312e-58,4.20799,7.27924,9.0971,10.371,11.2403,11.7609,12.3522,12.6423,12.8206,12.8928,1.38864e-13,3.1598,5.52627,7.42347,9.04661,10.4296,11.6338,12.4088,12.6502,12.8248,12.9055,	20,19.739,17.7634,16.3087,15.0176,13.8699,12.7827,11.6917,10.6436,9.61704,8.64074,8.24218e-10,8.69753,11.9795,12.443,12.4402,11.7429,11.0411,10.6172,10.2522,9.69781,8.6498,	
6.10128e-58,4.10968,7.12191,9.01373,10.3712,11.2164,11.6468,12.3041,12.6584,12.7366,12.7884,1.33292e-13,3.12565,5.46256,7.34789,9.01748,10.4175,11.6003,12.3802,12.6659,12.7554,12.819,	20,19.6795,17.7165,16.2701,14.9913,13.8476,12.7488,11.6416,10.5698,9.50519,8.55917,7.86769e-10,8.83796,11.9154,12.3984,12.2836,11.6247,11.0092,10.5311,10.185,9.535,8.56459,	
5.0996e-58,4.15293,7.06286,8.93397,10.2471,11.0781,11.6054,12.2889,12.5534,12.751,12.7816,1.30125e-13,3.11576,5.45729,7.31817,8.97543,10.3975,11.572,12.3459,12.5877,12.7275,12.8026,	20,19.6457,17.6826,16.2334,14.9661,13.8236,12.7149,11.6033,10.505,9.48554,8.53821,7.41591e-10,8.59124,11.9329,12.4602,12.2911,11.5082,10.9771,10.5531,10.0713,9.42749,8.56081,	
4.41858e-58,4.2517,7.13646,8.95776,10.2317,11.0538,11.6154,12.259,12.5702,12.7138,12.6776,1.26819e-13,3.10358,5.43183,7.28393,8.95664,10.3816,11.5388,12.3228,12.5816,12.7328,12.6897,	20,19.6085,17.6451,16.2062,14.9451,13.7992,12.6807,11.5632,10.4618,9.46265,8.4624,7.13534e-10,8.65161,11.9759,12.4651,12.2559,11.5648,11.0123,10.5204,10.0639,9.44267,8.47536,	
3.67426e-58,4.30338,7.07605,9.01359,10.1007,10.9498,11.5527,12.2354,12.4887,12.6193,12.6655,1.21821e-13,3.06569,5.39701,7.27193,8.89518,10.3593,11.5081,12.2978,12.5131,12.6426,12.6832,	20,19.5698,17.61,16.1747,14.9189,13.768,12.637,11.5158,10.3941,9.34911,8.36118,6.77958e-10,8.57113,11.9428,12.4404,12.2619,11.5671,11.001,10.5572,9.99221,9.39123,8.37057,	
3.13745e-58,4.22105,7.25436,8.95743,10.1956,10.9339,11.5202,12.207,12.4742,12.6519,12.5406,1.18117e-13,3.04004,5.38041,7.24258,8.85707,10.3099,11.477,12.2601,12.4883,12.6441,12.5725,	20,19.5419,17.5762,16.1435,14.8929,13.7386,12.5997,11.4607,10.3059,9.28519,8.34468,6.57355e-10,8.54602,12.0361,12.3865,12.246,11.4963,11.0785,10.4442,9.94255,9.34034,8.36691,	
2.61453e-58,4.30782,7.07159,8.84946,10.1356,10.8937,11.5079,12.1597,12.4874,12.5726,12.5391,1.14344e-13,3.02074,5.35809,7.21503,8.82616,10.2635,11.4411,12.2314,12.4774,12.6039,12.5632,	20,19.5002,17.5435,16.1113,14.8648,13.7036,12.549,11.387,10.2404,9.2444,8.31003,6.26082e-10,8.55933,11.9368,12.4953,12.0729,11.4232,11.0198,10.3794,9.93834,9.34009,8.33305,	
2.22868e-58,4.43138,7.03451,8.85934,10.0576,10.8677,11.4087,12.0549,12.4596,12.5771,12.505,1.09917e-13,3.00882,5.30547,7.16377,8.79404,10.1963,11.3735,12.1205,12.4798,12.6158,12.5371,	20,19.454,17.4999,16.0783,14.8326,13.6568,12.4569,11.3229,10.1951,9.17008,8.23664,5.95397e-10,8.63984,11.9813,12.4852,12.0635,11.4576,10.9943,10.2958,9.94156,9.22219,8.24997,	
1.92887e-58,4.62558,6.97311,8.79405,10.0539,10.8032,11.4068,12.0543,12.3712,12.5607,12.6011,1.07206e-13,3.01457,5.30193,7.13236,8.74909,10.1603,11.3369,12.0948,12.3722,12.5725,12.6077,	20,19.4184,17.4721,16.0485,14.8022,13.6124,12.4158,11.2771,10.1705,9.15919,8.20077,5.71456e-10,8.68912,11.8916,12.5064,12.0599,11.5022,10.9768,10.3639,9.8373,9.20435,8.2081,	
1.61534e-58,4.57142,6.91138,8.8326,10.0071,10.8165,11.3647,12.0257,12.233,12.426,12.4679,1.0439e-13,3.03139,5.25441,7.13324,8.73824,10.1267,11.3056,12.0842,12.2257,12.4406,12.4735,	20,19.3816,17.4376,16.0157,14.7471,13.5676,12.3711,11.2143,10.1241,9.04954,8.06254,5.49596e-10,8.70132,11.8581,12.4258,12.0371,11.4589,10.9498,10.2733,9.7984,9.0709,8.06716,	
1.3757e-58,4.4906,6.94652,8.83922,9.98207,10.7759,11.3092,11.9307,12.306,12.463,12.4876,1.02566e-13,3.04539,5.25061,7.11303,8.73549,10.1116,11.2696,12.0049,12.3241,12.4694,12.4997,	20,19.3435,17.4101,15.9901,14.7188,13.524,12.3284,11.1761,10.0772,9.06047,8.15159,5.31482e-10,8.7773,11.7237,12.3507,12.1205,11.4843,10.8731,10.2612,9.79418,9.073,8.15528,	
1.17277e-58,4.39142,7.10586,8.80519,10.0243,10.724,11.2942,11.9034,12.2906,12.4075,12.4327,1.01492e-13,3.07448,5.25379,7.11682,8.71144,10.092,11.2149,11.9598,12.3019,12.4329,12.466,	20,19.319,17.3887,15.9652,14.6908,13.4874,12.2842,11.1291,10.0747,9.08555,8.08691,5.18591e-10,8.74838,11.7045,12.2844,12.1291,11.4337,10.8486,10.1399,9.85788,9.08501,8.08316,	
9.88535e-59,4.47711,6.87093,8.71154,9.9276,10.7461,11.2346,11.8788,12.264,12.4656,12.376,9.87007e-14,3.06785,5.24888,7.07081,8.68764,10.0589,11.1979,11.9365,12.2916,12.4852,12.3979,	20,19.2818,17.3549,15.935,14.6583,13.4474,12.2444,11.1093,10.0471,9.08571,8.11289,4.89596e-10,8.60157,11.6738,12.1911,12.0891,11.3533,10.814,10.0745,9.66609,9.13099,8.12042,	
8.57486e-59,4.67071,6.93746,8.59082,9.92083,10.6875,11.1914,11.889,12.1992,12.4012,12.2703,9.6334e-14,3.06592,5.23928,7.04611,8.67623,10.0447,11.1692,11.9409,12.2036,12.4088,12.288,	20,19.2529,17.3291,15.8816,14.6261,13.4062,12.2089,11.0844,10.0189,9.00121,8.02748,4.73726e-10,8.62008,11.5437,12.1883,12.0534,11.3841,10.7498,10.1107,9.62346,9.09829,8.03203,	
7.4961e-59,4.68057,6.95576,8.62799,9.94724,10.6992,11.1225,11.8423,12.1035,12.3419,12.3547,9.53419e-14,3.11289,5.23521,7.02042,8.64564,10.0406,11.1406,11.9032,12.1186,12.3295,12.3767,	20,19.229,17.3,15.8318,14.5984,13.3688,12.1785,11.062,10.003,9.0257,8.07263,4.55311e-10,8.45492,11.5861,12.1643,12.0296,11.4658,10.7622,10.1379,9.5952,9.05704,8.09267,	
6.43484e-59,4.58253,7.02326,8.71151,9.91769,10.6896,11.1739,11.8439,12.0602,12.2787,12.2907,9.21274e-14,3.10876,5.20829,7.00386,8.6054,10.0025,11.1075,11.8752,12.0542,12.2917,12.315,	20,19.1908,17.2602,15.7992,14.5356,13.3216,12.1286,11.0284,9.917,8.9381,7.97282,4.39951e-10,8.47703,11.6177,12.223,12.1131,11.4224,10.7974,10.1457,9.56813,9.01253,7.97066,	
5.54743e-59,4.5117,6.99596,8.68051,9.83621,10.5911,11.1293,11.8223,12.0708,12.2178,12.2539,8.91908e-14,3.09197,5.19858,7.0042,8.54639,9.96547,11.0944,11.8666,12.1035,12.2255,12.2553,	20,19.1527,17.2221,15.7683,14.4998,13.2826,12.0978,10.9701,9.85271,8.91452,7.97975,4.17302e-10,8.3701,11.5852,12.1615,12.1142,11.3532,10.7914,10.1552,9.51388,8.95379,7.97681,	
4.81925e-59,4.39056,7.02229,8.7274,9.84948,10.5626,11.0805,11.7849,12.0064,12.1773,12.2343,8.63622e-14,3.04709,5.20374,7.04038,8.50726,9.92484,11.0597,11.8311,12.0094,12.2028,12.2547,	20,19.1274,17.1961,15.7161,14.4668,13.2474,12.0648,10.9352,9.86362,8.92199,7.88699,4.04087e-10,8.29202,11.5389,12.2324,12.0833,11.3031,10.7162,10.1648,9.44975,8.91912,7.89879,	
4.27509e-59,4.46833,7.04124,8.66233,9.9131,10.6086,11.1063,11.7477,12.0164,12.1928,12.2569,8.43457e-14,3.05486,5.18721,7.02357,8.49385,9.90341,11.0257,11.7871,12.0318,12.1846,12.2845,	20,19.1068,17.1616,15.6878,14.4348,13.2135,12.033,10.9124,9.86385,8.90096,7.94095,3.93327e-10,8.25116,11.6658,12.2043,12.0652,11.3759,10.6756,10.1061,9.4908,8.93406,7.95493,	
3.76965e-59,4.59245,7.05629,8.67953,9.85961,10.578,11.087,11.7091,11.9654,12.2082,12.2209,8.19732e-14,3.04312,5.1907,7.02266,8.46828,9.8694,11.014,11.7605,11.9706,12.2085,12.2234,	20,19.0797,17.1237,15.6553,14.3997,13.1763,12.0032,10.8961,9.84959,8.90412,7.86274,3.82909e-10,8.29604,11.732,12.2339,12.0273,11.3984,10.679,9.99157,9.55804,8.90331,7.8676,	
