k=0_act,k=1_act,k=2_act,k=3_act,k=4_act,k=5_act,k=6_act,k=7_act,k=8_act,k=9_act,k=10_act,k=0_wait,k=1_wait,k=2_wait,k=3_wait,k=4_wait,k=5_wait,k=6_wait,k=7_wait,k=8_wait,k=9_wait,k=10_wait,	k=0_act,k=1_act,k=2_act,k=3_act,k=4_act,k=5_act,k=6_act,k=7_act,k=8_act,k=9_act,k=10_act,k=0_wait,k=1_wait,k=2_wait,k=3_wait,k=4_wait,k=5_wait,k=6_wait,k=7_wait,k=8_wait,k=9_wait,k=10_wait,	
15,15,15,15,15,14.9925,15,15,15,15,15,15,15,15,15,15,15,15,15,15,15,15,	15,15,15,15,15,15,15,15,15,15,15,15,15,15,15,15,15,15,15,15,15,14.9925,	
15,14.6414,14.7957,14.8548,14.8525,14.8754,14.8604,14.8764,14.826,15.0175,15.1337,15,14.5497,14.8855,15.0063,14.9932,15.0467,15.0642,15.1008,15.0843,15.2176,15.5236,	15,14.9873,15.0378,15.0621,15.0847,15.1252,15.1629,15.2289,15.2943,15.1532,14.2268,15,14.8743,14.9111,14.9634,14.9638,14.9282,14.9526,14.9876,14.9801,14.343,14.935,	
15,14.2078,14.6527,14.7287,14.7032,14.7844,14.8012,14.7589,14.6488,15.0407,15.4389,15,14.022,14.7521,14.9894,15.036,15.0611,15.128,15.1362,15.0912,15.3485,15.872,	15,14.9793,15.0789,15.1175,15.1704,15.2511,15.3514,15.4586,15.4361,14.8282,13.6288,15,14.6926,14.7605,14.883,14.9086,14.8714,14.9193,14.9541,14.9562,14.0711,14.8708,	
15,13.9096,14.5152,14.6565,14.6149,14.7485,14.7392,14.7022,14.6405,15.0757,15.6933,15,13.6166,14.6256,14.9707,15.0308,15.0847,15.186,15.1034,15.013,15.3794,16.038,	15,14.9854,15.1086,15.1758,15.2668,15.3684,15.5247,15.6015,15.4163,14.4314,13.2186,15,14.5244,14.6623,14.8509,14.8804,14.8569,14.9146,14.9459,14.9667,13.8219,14.8082,	
15,13.5229,14.3161,14.5626,14.5548,14.7469,14.7328,14.7138,14.6575,15.1129,15.8337,15,13.0932,14.526,14.9185,15.0548,15.101,15.2338,15.136,15.0302,15.3893,16.0901,	15,14.9615,15.1363,15.2488,15.3745,15.51,15.7038,15.7198,15.2352,14.0472,12.8675,15,14.4193,14.5615,14.8065,14.8179,14.8441,14.9081,14.93,14.9822,13.4757,14.7597,	
15,13.3491,14.217,14.4706,14.5694,14.6876,14.7314,14.7671,14.746,15.1489,15.9598,15,12.6832,14.276,14.8461,15.0789,15.1249,15.2323,15.1284,15.0464,15.4074,16.2007,	15,14.9657,15.1738,15.3142,15.4647,15.6431,15.8501,15.7767,14.9959,13.7614,12.575,15,14.336,14.5044,14.7516,14.7888,14.8297,14.8789,14.9538,14.963,13.426,14.7122,	
15,13.0271,14.0539,14.3507,14.5832,14.708,14.7715,14.7726,14.7671,15.1837,16.0456,15,12.2646,14.0949,14.7767,15.0589,15.1131,15.2147,15.1523,15.0376,15.4488,16.2136,	15,14.9599,15.2139,15.3882,15.5703,15.7962,15.9932,15.7343,14.7385,13.4107,12.4117,15,14.1403,14.4429,14.7123,14.7592,14.8123,14.8988,14.9556,14.8955,13.1747,14.636,	
15,12.6531,13.9391,14.3185,14.5264,14.6865,14.7393,14.8813,14.8817,15.213,16.1199,15,11.8367,13.8927,14.7089,15.0351,15.118,15.2776,15.1871,15.1333,15.4496,16.2751,	15,14.9504,15.2608,15.4672,15.6854,15.9391,16.118,15.6749,14.4651,13.2428,12.281,15,13.9806,14.3868,14.6756,14.7374,14.7911,14.9311,14.9528,14.7405,13.039,14.5784,	
15,12.3834,13.8179,14.2948,14.4786,14.742,14.7973,14.8956,14.8787,15.2422,16.18,15,11.3731,13.7079,14.6299,15.0161,15.1173,15.2547,15.2524,15.1449,15.4599,16.3029,	15,14.9709,15.3129,15.5454,15.7951,16.0669,16.1931,15.5189,14.2558,13.0395,12.0892,15,13.8707,14.3434,14.6097,14.7224,14.8033,14.977,14.9597,14.6182,12.8173,14.5193,	
15,12.1342,13.734,14.1961,14.4541,14.7512,14.8266,14.9117,14.9708,15.2706,16.2327,15,10.9347,13.4561,14.5542,14.9892,15.1256,15.2602,15.2777,15.1629,15.522,16.317,	15,14.98,15.3702,15.6252,15.9174,16.2055,16.244,15.3715,13.9877,12.8417,11.9653,15,13.7403,14.2953,14.5709,14.7172,14.798,14.9967,14.982,14.5043,12.6181,14.4527,	
15,11.909,13.5917,14.1507,14.4462,14.7939,14.8162,15.041,15.0247,15.2985,16.2474,15,10.6078,13.285,14.4471,14.9567,15.0916,15.284,15.3166,15.1651,15.5866,16.3302,	15,14.9658,15.4074,15.7002,16.0215,16.3089,16.2285,15.2481,13.8617,12.7964,11.8026,15,13.6212,14.2637,14.5691,14.7118,14.7771,15.0055,14.9666,14.3738,12.5377,14.3675,	
15,11.6401,13.4647,14.0788,14.3854,14.76,14.8376,15.0565,15.1199,15.3329,16.2793,15,10.2762,13.1493,14.3638,14.8883,15.0785,15.2926,15.3337,15.2122,15.5855,16.3568,	15,14.943,15.4513,15.7621,16.1139,16.4103,16.2377,15.1071,13.7378,12.6758,11.6981,15,13.4572,14.1861,14.4995,14.6788,14.7384,15.0429,14.9777,14.183,12.4635,14.3114,	
15,11.467,13.3864,14.0557,14.3959,14.773,14.9013,15.1611,15.163,15.3608,16.3243,15,9.93496,12.975,14.2706,14.8456,15.0686,15.2865,15.399,15.2492,15.5921,16.4079,	15,14.9474,15.5017,15.8466,16.2239,16.5009,16.1888,14.9918,13.6104,12.5895,11.6589,15,13.4054,14.1065,14.4968,14.6647,14.7804,15.0743,14.9491,14.0638,12.4198,14.227,	
15,11.3296,13.3144,14.0416,14.3646,14.775,14.9375,15.1864,15.1644,15.379,16.2721,15,9.55988,12.7056,14.132,14.7642,15.0457,15.3153,15.3936,15.255,15.6217,16.4228,	15,14.9515,15.5633,15.9363,16.3465,16.5675,16.1223,14.8133,13.4558,12.4681,11.4363,15,13.3485,14.0614,14.4758,14.6347,14.8124,15.1036,14.8101,13.9439,12.2888,14.1273,	
15,11.1852,13.2163,14.0089,14.3604,14.7945,14.9591,15.1964,15.1531,15.4071,16.3222,15,9.19702,12.5072,13.9923,14.712,15.0416,15.3273,15.3751,15.3212,15.69,16.4393,	15,14.9307,15.6195,16.0048,16.4596,16.6305,16.0369,14.6503,13.3307,12.3515,11.4495,15,13.2136,14.0361,14.4438,14.6287,14.8398,15.1307,14.7478,13.8141,12.1727,14.0466,	
15,10.9774,13.1479,13.9879,14.3009,14.8113,14.9699,15.1666,15.1227,15.4339,16.383,15,8.96065,12.3232,13.8605,14.6946,15.0456,15.3319,15.394,15.3298,15.6762,16.4713,	15,14.9506,15.6719,16.0819,16.5489,16.6745,15.9458,14.5276,13.3219,12.2328,11.4234,15,13.1047,13.9444,14.3855,14.6192,14.8371,15.1167,14.7209,13.6535,12.0619,13.982,	
15,10.7913,13.0072,13.9611,14.2872,14.8471,14.9993,15.1786,15.2157,15.4546,16.3768,15,8.66745,12.0998,13.7471,14.5902,15.0006,15.2999,15.4024,15.334,15.6304,16.4757,	15,14.9505,15.7246,16.1693,16.6534,16.7048,15.8476,14.4435,13.151,12.1402,11.211,15,12.9845,13.9181,14.4034,14.6332,14.8266,15.1003,14.6532,13.5123,11.9782,13.8672,	
15,10.6883,12.9168,13.8991,14.3215,14.7811,15.0053,15.1471,15.1805,15.4742,16.3951,15,8.33223,11.8666,13.6234,14.5346,14.9644,15.2513,15.3748,15.387,15.6755,16.4918,	15,14.9453,15.7838,16.2653,16.7402,16.7186,15.7558,14.3109,13.0584,12.0154,11.1256,15,12.8602,13.8186,14.3643,14.6235,14.8258,15.0861,14.5584,13.4026,11.8822,13.7801,	
15,10.5354,12.8753,13.884,14.3334,14.8227,14.9728,15.1433,15.1817,15.5012,16.4092,15,8.00857,11.6159,13.492,14.4614,14.939,15.2478,15.3785,15.334,15.7124,16.5453,	15,14.9601,15.8512,16.36,16.821,16.705,15.6732,14.222,12.9262,11.9216,11.008,15,12.7908,13.817,14.3172,14.5974,14.8232,15.0599,14.4674,13.3122,11.7734,13.7264,	
15,10.4156,12.8329,13.8189,14.3121,14.8189,15.0363,15.1547,15.2432,15.5026,16.4149,15,7.76664,11.4248,13.3538,14.4059,14.9098,15.2278,15.4,15.3513,15.7335,16.577,	15,14.9793,15.8949,16.4526,16.8887,16.6911,15.5772,14.123,12.8777,11.8976,10.9783,15,12.6866,13.7763,14.3449,14.5835,14.8484,15.0383,14.3477,13.2156,11.6893,13.6642,	
15,10.2299,12.7824,13.749,14.3385,14.8308,15.1167,15.1981,15.2887,15.5098,16.4396,15,7.47592,11.1825,13.2444,14.3261,14.896,15.2141,15.4449,15.3167,15.7251,16.5598,	15,14.9948,15.9626,16.5546,16.9431,16.6722,15.4889,14.01,12.7598,11.759,10.9173,15,12.628,13.7404,14.3446,14.558,14.8717,15.0005,14.3033,13.1018,11.623,13.6157,	
15,10.1896,12.7016,13.7364,14.3745,14.8259,15.138,15.2186,15.3399,15.541,16.4482,15,7.18173,10.9754,13.0521,14.1983,14.8475,15.2321,15.4302,15.3611,15.7632,16.5586,	15,15.0289,16.0219,16.647,17,16.6534,15.3754,13.8781,12.6623,11.6762,10.8038,15,12.5479,13.7285,14.331,14.5575,14.9112,14.9775,14.2146,13.0008,11.6369,13.5552,	
15,10.0512,12.6764,13.6839,14.3927,14.8476,15.1874,15.2356,15.3531,15.5631,16.4387,15,6.99924,10.7727,12.911,14.1111,14.8192,15.2026,15.4217,15.373,15.8062,16.5852,	15,15.0082,16.0787,16.7287,17.0609,16.6221,15.2914,13.7791,12.597,11.719,10.7944,15,12.4854,13.6342,14.3239,14.5885,14.8987,14.9509,14.1352,12.8931,11.5857,13.4663,	
15,9.89363,12.607,13.6899,14.3555,14.8662,15.2298,15.264,15.3858,15.5855,16.4921,15,6.8118,10.589,12.8023,13.9999,14.7945,15.2083,15.3864,15.2587,15.7565,16.6234,	15,15.0141,16.1364,16.8025,17.1078,16.593,15.1937,13.6939,12.5651,11.6844,10.6901,15,12.362,13.6183,14.3103,14.58,14.8889,14.9345,14.0255,12.8276,11.5482,13.3777,	
15,9.83348,12.5578,13.6194,14.3771,14.919,15.2381,15.316,15.416,15.592,16.5188,15,6.56443,10.3871,12.6815,13.9286,14.7422,15.188,15.4456,15.3231,15.7601,16.5879,	15,15.0314,16.2041,16.8797,17.145,16.5305,15.1014,13.6325,12.5169,11.5703,10.7562,15,12.3108,13.6083,14.3073,14.5735,14.8979,14.9148,13.9401,12.7549,11.4985,13.2924,	
15,9.68406,12.4855,13.5788,14.3765,14.9019,15.3037,15.3899,15.4419,15.6102,16.528,15,6.3676,10.2145,12.5133,13.8436,14.7005,15.1216,15.4184,15.4004,15.7783,16.5958,	15,15.0398,16.2713,16.9619,17.1716,16.469,15.0122,13.5731,12.4866,11.5436,10.6957,15,12.2128,13.5717,14.3025,14.5815,14.8941,14.8908,13.83,12.6994,11.4134,13.2448,	
15,9.54228,12.4501,13.5717,14.3821,14.9318,15.3414,15.3934,15.4396,15.6139,16.5194,15,6.1738,10.0252,12.3312,13.7539,14.636,15.1159,15.3872,15.3902,15.7997,16.5779,	15,15.0515,16.3325,17.0374,17.2017,16.4144,14.9348,13.4968,12.4422,11.4717,10.6124,15,12.1256,13.4929,14.3023,14.5717,14.9039,14.8564,13.7513,12.6409,11.3589,13.1808,	
15,9.49405,12.4182,13.6121,14.4011,14.9853,15.368,15.3805,15.456,15.6318,16.501,15,5.957,9.8375,12.2182,13.6627,14.5877,15.0617,15.3859,15.3961,15.8073,16.6142,	15,15.055,16.4122,17.1111,17.222,16.3565,14.8643,13.4646,12.3289,11.436,10.5489,15,12.048,13.5157,14.2914,14.5874,14.9347,14.8371,13.7024,12.5873,11.3378,13.1238,	
15,9.40723,12.381,13.604,14.3896,15.0013,15.3526,15.3559,15.4805,15.6317,16.5446,15,5.8164,9.66871,12.0702,13.546,14.5217,15.0329,15.3777,15.4265,15.8175,16.6471,	15,15.0738,16.4604,17.1707,17.2364,16.3057,14.7993,13.412,12.2878,11.4026,10.5808,15,11.98,13.445,14.273,14.5859,14.9282,14.8074,13.6262,12.5335,11.3099,13.023,	
15,9.35552,12.3742,13.6345,14.4135,15.0173,15.3555,15.3486,15.4954,15.6432,16.5608,15,5.58323,9.43945,11.9109,13.4456,14.458,14.9915,15.3459,15.4489,15.8303,16.6419,	15,15.1005,16.5314,17.2418,17.2511,16.2417,14.7057,13.3355,12.2262,11.326,10.4995,15,11.9236,13.3991,14.3144,14.5987,14.9075,14.7885,13.5852,12.479,11.25,12.9591,	
15,9.27648,12.3895,13.5768,14.3959,15.0172,15.3889,15.3363,15.5225,15.6521,16.5324,15,5.39265,9.26371,11.7793,13.3509,14.3827,14.9915,15.3562,15.3887,15.8037,16.6099,	15,15.1145,16.5983,17.3106,17.2521,16.1866,14.6132,13.2575,12.1548,11.2881,10.4287,15,11.8745,13.3668,14.319,14.6212,14.8991,14.7534,13.5151,12.3963,11.1354,12.9045,	
15,9.19986,12.3647,13.5705,14.4433,14.9998,15.3574,15.3045,15.5713,15.6591,16.4805,15,5.23088,9.11095,11.6175,13.2416,14.2959,14.9492,15.3778,15.4004,15.8182,16.5916,	15,15.1106,16.6651,17.3674,17.2534,16.1216,14.5132,13.1923,12.1294,11.2571,10.3955,15,11.7963,13.3428,14.3342,14.6384,14.9007,14.6543,13.4623,12.3055,11.0964,12.8481,	
15,9.13035,12.3246,13.511,14.4097,15.0454,15.3021,15.3097,15.5967,15.6806,16.5384,15,5.06181,8.9594,11.498,13.1636,14.2278,14.8631,15.3018,15.4554,15.8515,16.6397,	15,15.1378,16.7185,17.4001,17.2493,16.069,14.4618,13.1571,12.0998,11.2376,10.3686,15,11.7723,13.3111,14.3284,14.6357,14.869,14.5887,13.3896,12.2501,11.0659,12.7835,	
15,9.04047,12.3081,13.5878,14.4172,15.0829,15.2966,15.3534,15.6421,15.6976,16.5499,15,4.93519,8.84834,11.3701,13.0629,14.139,14.8199,15.2576,15.4444,15.7876,16.6454,	15,15.1602,16.7599,17.4159,17.2422,15.9908,14.4055,13.1282,12.0904,11.2213,10.2796,15,11.7601,13.309,14.3704,14.6372,14.8529,14.5322,13.35,12.2094,11.071,12.7154,	
15,9.01814,12.3063,13.4788,14.3811,15.1155,15.2773,15.3864,15.6406,15.7172,16.5532,15,4.78988,8.68441,11.2394,12.9622,14.0441,14.8002,15.2472,15.4827,15.8584,16.6283,	15,15.1593,16.8279,17.472,17.2061,15.9205,14.3314,13.0828,12.0461,11.2162,10.3024,15,11.6883,13.2957,14.3886,14.6483,14.8738,14.4912,13.2578,12.1602,11.0342,12.6626,	
15,8.96307,12.2086,13.4973,14.3768,15.1513,15.2608,15.3609,15.6133,15.7166,16.5759,15,4.6362,8.55237,11.1238,12.8717,13.994,14.7564,15.1601,15.4254,15.7749,16.6303,	15,15.16,16.8829,17.5119,17.1928,15.8582,14.2891,13.0143,12.0267,11.1264,10.2027,15,11.5959,13.3193,14.3895,14.6504,14.8563,14.3996,13.2111,12.1312,10.9468,12.5805,	
15,8.87759,12.1957,13.4862,14.4216,15.119,15.2785,15.4035,15.6064,15.7141,16.5815,15,4.53068,8.39515,10.9904,12.7803,13.8964,14.7349,15.1126,15.4013,15.8256,16.6482,	15,15.2076,16.9309,17.5485,17.167,15.7991,14.2132,12.9801,11.9629,11.1043,10.2135,15,11.549,13.3211,14.3478,14.6971,14.8167,14.3189,13.1765,12.0905,10.9279,12.5196,	
15,8.71218,12.1329,13.5371,14.4749,15.164,15.3546,15.3719,15.6678,15.7265,16.57,15,4.41321,8.23544,10.8491,12.665,13.7971,14.6869,15.1357,15.3219,15.8641,16.6437,	15,15.2148,16.9931,17.5887,17.142,15.7284,14.1765,12.9341,11.9286,11.0564,10.1867,15,11.4926,13.3217,14.3754,14.7208,14.7799,14.2788,13.12,12.0109,10.9199,12.4473,	
15,8.64315,12.0675,13.5772,14.4582,15.1586,15.4103,15.3993,15.6446,15.7351,16.5707,15,4.30224,8.06514,10.7157,12.577,13.7283,14.6389,15.1319,15.3411,15.7854,16.6527,	15,15.2367,17.0475,17.6296,17.1032,15.6697,14.13,12.8858,11.8533,11.088,10.1355,15,11.4606,13.3259,14.399,14.7103,14.7516,14.2232,13.0502,11.9583,10.875,12.4071,	
15,8.62904,12.029,13.5126,14.4924,15.1071,15.4253,15.4636,15.5881,15.7362,16.5832,15,4.2055,7.942,10.5914,12.4995,13.7043,14.5972,15.1166,15.3388,15.7792,16.6488,	15,15.2281,17.1032,17.6571,17.0689,15.6173,14.0926,12.8315,11.8892,11.0637,10.166,15,11.3843,13.2722,14.4125,14.7184,14.7364,14.1989,12.991,11.9287,10.8542,12.3644,	
15,8.53016,11.9673,13.5104,14.516,15.1336,15.4361,15.457,15.6183,15.7394,16.5732,15,4.10507,7.81169,10.4795,12.4136,13.653,14.5304,15.0463,15.3765,15.8027,16.6316,	15,15.2571,17.1521,17.6808,17.0344,15.5647,14.049,12.785,11.8856,11.0544,10.1401,15,11.3351,13.2945,14.4269,14.7353,14.6555,14.1133,12.9493,11.8879,10.8135,12.3264,	
15,8.4512,11.9709,13.4882,14.5043,15.1428,15.4754,15.471,15.5976,15.7451,16.5493,15,3.99464,7.66717,10.3451,12.3162,13.5516,14.4825,15.0718,15.3216,15.8323,16.6242,	15,15.2608,17.1957,17.7066,17.004,15.5191,13.9966,12.7241,11.8845,11.0274,10.0844,15,11.323,13.3108,14.4039,14.6886,14.6349,14.0567,12.8647,11.874,10.828,12.2504,	
15,8.39993,11.9308,13.4368,14.5463,15.1061,15.4257,15.4401,15.5812,15.7407,16.5478,15,3.90669,7.55398,10.2184,12.2514,13.5019,14.4417,15.0441,15.2945,15.7841,16.5988,	15,15.2461,17.2449,17.6986,16.9396,15.4664,13.9465,12.7534,11.8879,10.9585,10.0846,15,11.2919,13.2995,14.4254,14.6695,14.6311,13.9899,12.8085,11.8362,10.6998,12.1819,	
15,8.3648,11.9069,13.4478,14.5419,15.1181,15.4103,15.5129,15.5719,15.7486,16.529,15,3.80094,7.44059,10.0737,12.1392,13.3962,14.3804,14.9856,15.3151,15.8323,16.593,	15,15.2547,17.2958,17.7073,16.8824,15.4063,13.9376,12.7485,11.8049,10.941,9.99567,15,11.3185,13.2906,14.4411,14.6601,14.6348,13.9301,12.7365,11.8112,10.6991,12.1148,	
15,8.27544,11.85,13.4407,14.5242,15.1676,15.3888,15.5354,15.6071,15.7407,16.5286,15,3.67827,7.33643,9.93793,12.0273,13.3361,14.3274,14.9676,15.2875,15.7694,16.6264,	15,15.2942,17.3414,17.7223,16.8529,15.3565,13.9007,12.7127,11.7572,10.8736,9.95037,15,11.2702,13.3036,14.45,14.6343,14.6306,13.8983,12.7053,11.756,10.6896,12.0471,	
15,8.25114,11.77,13.4397,14.5579,15.0697,15.3805,15.4995,15.5991,15.737,16.5394,15,3.57075,7.21329,9.80583,11.9566,13.245,14.2362,14.9126,15.2027,15.7371,16.6162,	15,15.3293,17.3939,17.7314,16.8073,15.2934,13.8812,12.6811,11.6994,10.7616,9.8432,15,11.1832,13.3025,14.4527,14.6118,14.6301,13.8455,12.6517,11.7267,10.6167,11.9522,	
15,8.24408,11.7202,13.4494,14.5461,15.0575,15.409,15.5238,15.6488,15.7041,16.5608,15,3.50468,7.15541,9.71457,11.8835,13.1457,14.1694,14.8751,15.2901,15.6938,16.6066,	15,15.3661,17.4304,17.7411,16.7769,15.2523,13.8545,12.6507,11.6791,10.7802,9.90041,15,11.1219,13.2882,14.4665,14.5857,14.6369,13.8183,12.6261,11.6832,10.6499,11.9,	
15,8.213,11.7386,13.4653,14.5527,15.0782,15.4187,15.5602,15.5345,15.6897,16.5256,15,3.40205,7.00817,9.59505,11.7804,13.0782,14.1374,14.8561,15.2785,15.6817,16.5825,	15,15.3803,17.4801,17.7524,16.7416,15.2101,13.815,12.607,11.6111,10.7647,9.85329,15,11.1269,13.2838,14.4855,14.5829,14.6163,13.7724,12.591,11.6586,10.5734,11.8354,	
15,8.1938,11.7485,13.5114,14.5437,15.1303,15.4469,15.4898,15.5454,15.6604,16.4832,15,3.34983,6.90858,9.50753,11.6937,13.072,14.1162,14.8512,15.2661,15.6868,16.5686,	15,15.3994,17.5214,17.7496,16.7046,15.1753,13.7965,12.6033,11.6229,10.7567,9.93045,15,11.0981,13.2667,14.4802,14.5827,14.6041,13.7559,12.5621,11.6226,10.6034,11.8071,	
15,8.15564,11.7812,13.5597,14.5809,15.1252,15.4505,15.5125,15.5528,15.6455,16.4693,15,3.23599,6.77211,9.38857,11.5794,13.021,14.0801,14.8573,15.2075,15.6647,16.4736,	15,15.4234,17.5472,17.7359,16.6682,15.1384,13.7761,12.5705,11.5728,10.6395,9.90656,15,11.1172,13.2681,14.5037,14.5932,14.5793,13.7024,12.5438,11.5814,10.6568,11.7397,	
15,8.09663,11.7545,13.6067,14.5565,15.1132,15.4449,15.5537,15.532,15.6361,16.4454,15,3.12462,6.68299,9.3075,11.4498,12.9589,14.0602,14.8222,15.213,15.6942,16.5015,	15,15.4412,17.5911,17.737,16.631,15.0873,13.7376,12.5445,11.5767,10.6902,9.91211,15,11.1108,13.2453,14.4914,14.5919,14.5224,13.6624,12.5339,11.5749,10.6224,11.7072,	
15,8.04981,11.6986,13.596,14.5147,15.0534,15.4184,15.4988,15.5677,15.6144,16.4311,15,3.04356,6.5953,9.18317,11.3691,12.868,14.0266,14.8176,15.153,15.6772,16.5367,	15,15.4763,17.6241,17.7273,16.5971,15.0437,13.6971,12.5182,11.563,10.7292,9.84425,15,11.07,13.2259,14.4949,14.587,14.4774,13.5854,12.5013,11.5206,10.5143,11.6534,	
15,8.00871,11.6931,13.5919,14.5439,14.9989,15.3938,15.4973,15.5226,15.6098,16.4518,15,2.99639,6.50178,9.08008,11.2817,12.7692,13.9484,14.7481,15.1781,15.622,16.504,	15,15.5083,17.6678,17.7148,16.559,15.0014,13.6622,12.4977,11.5348,10.7011,9.74469,15,11.0492,13.2282,14.491,14.6002,14.4607,13.5635,12.442,11.4977,10.4873,11.597,	
15,7.96082,11.6378,13.5393,14.5036,15.0013,15.3679,15.5179,15.5161,15.5901,16.4269,15,2.94393,6.38768,8.98905,11.1944,12.7407,13.8843,14.7353,15.1813,15.6501,16.4814,	15,15.525,17.7089,17.7007,16.513,14.9766,13.6385,12.4971,11.5304,10.6607,9.7919,15,11.0502,13.2024,14.4233,14.591,14.4246,13.5371,12.3948,11.5041,10.3833,11.5517,	
15,7.91208,11.6564,13.5016,14.5049,14.9564,15.3866,15.5036,15.4697,15.5747,16.4179,15,2.8724,6.25045,8.90277,11.0633,12.6836,13.8363,14.6709,15.1635,15.6395,16.4591,	15,15.55,17.7373,17.6977,16.4789,14.9155,13.606,12.4425,11.4665,10.6075,9.70679,15,11.0303,13.2106,14.382,14.6079,14.3939,13.5296,12.3905,11.4527,10.376,11.5241,	
15,7.92315,11.6864,13.5567,14.5241,14.8915,15.3436,15.445,15.423,15.5735,16.3775,15,2.79157,6.14991,8.79785,11.0025,12.6276,13.796,14.6608,15.1422,15.6822,16.5108,	15,15.6012,17.7772,17.6879,16.4345,14.8828,13.5587,12.4161,11.4673,10.5976,9.72341,15,10.9742,13.2379,14.3395,14.5822,14.3817,13.504,12.3964,11.4238,10.4021,11.4648,	
15,7.86417,11.6026,13.5412,14.5468,14.8665,15.3634,15.4871,15.4055,15.5741,16.405,15,2.7664,6.07367,8.73599,10.9383,12.5834,13.7372,14.6011,15.0916,15.5983,16.4761,	15,15.6269,17.8069,17.6807,16.3904,14.8575,13.5484,12.382,11.4906,10.5661,9.67669,15,10.9465,13.2208,14.3578,14.5922,14.3569,13.4699,12.3729,11.3989,10.3335,11.404,	
15,7.82376,11.5944,13.5426,14.4984,14.9511,15.3708,15.4644,15.435,15.5788,16.401,15,2.6789,5.97581,8.69199,10.856,12.5004,13.6998,14.597,15.0402,15.6144,16.448,	15,15.6526,17.8339,17.6644,16.3419,14.8053,13.5187,12.388,11.4604,10.56,9.69043,15,10.9445,13.2137,14.3636,14.5721,14.335,13.4422,12.3322,11.4016,10.4131,11.3502,	
15,7.80212,11.5824,13.4664,14.4014,14.9777,15.3084,15.4995,15.3914,15.55,16.3634,15,2.62074,5.88151,8.57807,10.7666,12.4626,13.6646,14.5219,15.0262,15.5623,16.4227,	15,15.6725,17.8618,17.6502,16.3088,14.7641,13.4899,12.3527,11.4226,10.5275,9.6796,15,10.9181,13.2005,14.3415,14.5176,14.2895,13.381,12.2978,11.3878,10.3497,11.2785,	
15,7.79226,11.5855,13.4666,14.3594,14.9953,15.2833,15.4021,15.4225,15.5461,16.3315,15,2.56419,5.80551,8.48272,10.6625,12.4067,13.5991,14.5254,14.9624,15.4898,16.381,	15,15.7124,17.8886,17.6131,16.2724,14.7222,13.4408,12.3469,11.3954,10.5179,9.61009,15,10.8943,13.188,14.3245,14.5242,14.253,13.3506,12.2653,11.3355,10.3421,11.1906,	
15,7.76922,11.6151,13.4937,14.4015,14.9995,15.3078,15.4304,15.38,15.5312,16.3054,15,2.51452,5.71062,8.40371,10.5693,12.3249,13.5464,14.4989,14.9793,15.4863,16.3572,	15,15.7381,17.9167,17.58,16.2272,14.7044,13.4329,12.3134,11.3182,10.5044,9.64881,15,10.8982,13.207,14.3581,14.5329,14.2194,13.3229,12.254,11.3281,10.3932,11.1442,	
15,7.74282,11.5644,13.4928,14.3741,15.0106,15.3184,15.3485,15.3323,15.5133,16.2772,15,2.46549,5.64457,8.31778,10.5194,12.2366,13.5035,14.4549,14.9542,15.4506,16.2504,	15,15.6902,17.934,17.5663,16.1959,14.6763,13.4155,12.2896,11.2946,10.4937,9.62016,15,10.8574,13.2641,14.3416,14.5077,14.1926,13.3072,12.2476,11.2765,10.2642,11.0975,	
15,7.73749,11.6474,13.4897,14.3284,14.9948,15.2969,15.3641,15.303,15.4829,16.2457,15,2.40551,5.57062,8.22243,10.4207,12.1775,13.4605,14.4061,14.9023,15.4674,16.2601,	15,15.705,17.9614,17.5508,16.1631,14.6548,13.3693,12.2717,11.2658,10.46,9.59343,15,10.8929,13.245,14.3437,14.5113,14.1598,13.2833,12.2113,11.2528,10.2652,11.0617,	
15,7.66367,11.6321,13.4637,14.2584,14.9757,15.2541,15.3505,15.2945,15.4615,16.1995,15,2.38878,5.51084,8.1914,10.349,12.1151,13.4553,14.3902,14.8511,15.4649,16.2415,	15,15.6939,17.9707,17.5284,16.1284,14.6248,13.3551,12.2689,11.2882,10.487,9.63262,15,10.8352,13.2077,14.3227,14.4693,14.1396,13.2158,12.18,11.236,10.2534,11.0176,	
15,7.65915,11.6166,13.4525,14.2929,15.0204,15.2942,15.3677,15.3004,15.4408,16.1859,15,2.36079,5.45334,8.13635,10.2863,12.1112,13.455,14.3343,14.8635,15.371,16.252,	15,15.7146,17.9828,17.5139,16.0934,14.6006,13.3388,12.276,11.3167,10.5069,9.61867,15,10.8861,13.2249,14.3358,14.4507,14.0872,13.2018,12.1829,11.2363,10.2911,10.9875,	
15,7.67104,11.6184,13.4753,14.3262,14.9335,15.2157,15.2711,15.2961,15.4063,16.1608,15,2.32013,5.35572,8.04788,10.2402,12.0835,13.4233,14.2884,14.8602,15.3179,16.1569,	15,15.743,18.0029,17.4897,16.0602,14.5776,13.3294,12.2608,11.291,10.457,9.5541,15,10.8477,13.1932,14.3272,14.457,14.0559,13.1904,12.1598,11.2181,10.2312,10.9563,	
15,7.65772,11.6241,13.4305,14.312,14.9232,15.2425,15.2417,15.2705,15.3743,16.1289,15,2.2811,5.25856,7.95085,10.1859,12.0244,13.3584,14.2605,14.7844,15.3242,16.1199,	15,15.7279,18.0263,17.47,16.0197,14.5675,13.2997,12.2204,11.265,10.4096,9.47302,15,10.8448,13.2164,14.3301,14.4718,14.0234,13.182,12.1435,11.2019,10.1776,10.9302,	
15,7.64295,11.5687,13.3994,14.3218,14.9492,15.2017,15.2149,15.24,15.3598,16.0801,15,2.22531,5.22276,7.90367,10.1458,11.9382,13.2885,14.2366,14.7697,15.3085,16.1336,	15,15.718,18.0462,17.451,15.9853,14.5468,13.2941,12.2027,11.2313,10.3682,9.46283,15,10.8502,13.2346,14.3139,14.4171,13.9868,13.1308,12.1219,11.188,10.1944,10.9042,	
15,7.6474,11.5557,13.3606,14.3055,14.9432,15.1465,15.2094,15.2122,15.3356,16.0667,15,2.15782,5.17764,7.83572,10.0636,11.8611,13.2584,14.1983,14.7103,15.2423,16.147,	15,15.7694,18.0666,17.4302,15.9547,14.5234,13.2802,12.1549,11.157,10.338,9.41914,15,10.7963,13.2381,14.329,14.4203,13.9653,13.1151,12.0799,11.1742,10.18,10.8682,	
15,7.69443,11.5589,13.3739,14.2896,14.9426,15.1336,15.201,15.2426,15.3086,16.0467,15,2.1326,5.11456,7.7806,10.0158,11.8157,13.2259,14.123,14.6479,15.2546,16.099,	15,15.7794,18.0736,17.4014,15.9314,14.5068,13.253,12.1188,11.1584,10.3725,9.44616,15,10.813,13.2753,14.3139,14.3862,13.952,13.0948,12.0182,11.1667,10.2271,10.8253,	
15,7.65584,11.5666,13.3167,14.2782,14.9226,15.0974,15.1527,15.2031,15.2859,16.0399,15,2.10765,5.05481,7.71116,9.95858,11.7755,13.1366,14.0654,14.6699,15.1888,16.0772,	15,15.8287,18.0604,17.367,15.9044,14.4732,13.2264,12.1241,11.1292,10.3233,9.40038,15,10.7947,13.3058,14.3071,14.3955,13.9077,13.0942,11.9962,11.1385,10.1389,10.8016,	
15,7.68231,11.5663,13.3133,14.3275,14.8981,15.078,15.0915,15.1717,15.2544,16.0229,15,2.0755,4.99435,7.6418,9.88958,11.7323,13.1205,14.0676,14.6828,15.1363,16.0212,	15,15.8755,18.0799,17.3414,15.8753,14.4369,13.1922,12.0744,11.0902,10.2944,9.47102,15,10.7958,13.3544,14.262,14.3856,13.8755,13.0912,12.0047,11.1052,10.1633,10.7488,	
15,7.64154,11.5737,13.3369,14.2972,14.8861,15.0853,15.0294,15.1441,15.2284,15.9904,15,2.05261,4.91012,7.57608,9.81079,11.6655,13.097,14.0262,14.603,15.1824,16.0054,	15,15.8889,18.0904,17.3213,15.8497,14.4212,13.1844,12.067,11.0909,10.2696,9.40693,15,10.7899,13.3598,14.2754,14.3885,13.8409,13.0694,11.98,11.0963,10.1278,10.6853,	
15,7.60175,11.6094,13.352,14.3069,14.8426,15.0613,15.0105,15.1312,15.2039,15.957,15,2.024,4.86644,7.57559,9.75698,11.6362,13.0375,14.0271,14.5884,15.1016,15.985,	15,15.9271,18.1016,17.302,15.8158,14.3987,13.1678,12.043,11.086,10.3167,9.42464,15,10.7638,13.345,14.2991,14.3807,13.8244,13.0438,11.978,11.0549,10.153,10.6397,	
15,7.6111,11.5943,13.3524,14.2138,14.8473,15.0238,15.0021,15.0178,15.1838,15.9216,15,1.98723,4.83998,7.53387,9.69411,11.5659,13.022,13.9993,14.5602,15.1025,15.957,	15,15.9475,18.1132,17.2787,15.7919,14.3854,13.1379,12.0225,11.0986,10.3068,9.39685,15,10.7155,13.3756,14.2741,14.3803,13.8214,13.0034,11.9672,11.0407,10.0815,10.6038,	
15,7.6026,11.5287,13.3162,14.2178,14.7556,14.9702,15.0169,14.956,15.1731,15.9229,15,1.95529,4.78236,7.47507,9.62974,11.526,12.9726,13.9132,14.5429,15.105,15.9198,	15,15.9829,18.109,17.2562,15.7671,14.3622,13.1133,11.9501,11.083,10.2755,9.38271,15,10.7214,13.3949,14.2655,14.3881,13.7848,12.9903,11.9124,11.0321,9.99798,10.5332,	
15,7.63941,11.4823,13.2672,14.2266,14.7692,14.8987,15.0117,14.9024,15.163,15.8779,15,1.93076,4.73456,7.438,9.57753,11.4745,12.9469,13.8903,14.4887,15.092,15.9001,	15,16.0277,18.1105,17.2362,15.7323,14.3,13.0533,11.9317,11.0942,10.2766,9.363,15,10.7281,13.4219,14.2649,14.3539,13.7717,12.9753,11.8626,11.0385,10.0097,10.4691,	
15,7.57392,11.4974,13.2709,14.1843,14.7624,14.8645,14.9805,14.8656,15.1328,15.8586,15,1.92497,4.69979,7.38533,9.55923,11.4435,12.9302,13.8798,14.4628,15.0142,15.9006,	15,16.0687,18.1179,17.2186,15.7071,14.2801,13.0507,11.9383,11.126,10.2485,9.32924,15,10.7088,13.3922,14.2568,14.3711,13.73,12.9725,11.8381,11.025,10.0066,10.408,	
15,7.6321,11.5005,13.1672,14.1937,14.7521,14.8287,14.9957,14.9095,15.1084,15.848,15,1.88491,4.65814,7.35244,9.5092,11.4078,12.8589,13.8764,14.4368,15.0219,15.877,	15,16.077,18.124,17.1968,15.6769,14.2684,13.0281,11.9474,11.1184,10.2276,9.35811,15,10.7114,13.4005,14.2532,14.372,13.7013,12.928,11.825,11.0218,10.076,10.3804,	
15,7.57841,11.5071,13.1341,14.1408,14.7375,14.8578,15.0153,14.8492,15.0929,15.8142,15,1.88544,4.62901,7.31297,9.49438,11.3552,12.8123,13.8218,14.4312,14.993,15.8502,	15,16.0904,18.128,17.1748,15.6417,14.2492,13.0064,11.9667,11.1027,10.2113,9.37802,15,10.7172,13.4131,14.2525,14.3951,13.7077,12.9188,11.783,11.0178,9.9774,10.3492,	
15,7.5206,11.4819,13.1403,14.1209,14.7045,14.826,14.8842,14.8115,15.0661,15.7678,15,1.86511,4.57613,7.26947,9.43537,11.3303,12.7692,13.7906,14.4005,14.9092,15.8444,	15,16.1181,18.1321,17.1319,15.6093,14.219,12.9943,11.9888,11.0754,10.2033,9.25716,15,10.5991,13.4416,14.2788,14.3204,13.6622,12.8948,11.7574,11.0041,9.98017,10.3075,	
15,7.47522,11.4761,13.1622,14.1172,14.6939,14.8146,14.8783,14.864,15.0427,15.7701,15,1.84881,4.54514,7.2014,9.44988,11.3187,12.7516,13.7927,14.3489,14.8845,15.7813,	15,16.1446,18.1363,17.113,15.5881,14.1941,12.9981,11.98,11.081,10.1657,9.30632,15,10.5599,13.4552,14.2558,14.304,13.671,12.8812,11.7838,10.986,10.0599,10.283,	
15,7.46915,11.4595,13.2077,14.0767,14.6618,14.7504,14.8019,14.8648,15.0174,15.7183,15,1.81772,4.53034,7.16303,9.42541,11.287,12.7267,13.7807,14.3846,14.8905,15.7422,	15,16.1695,18.128,17.0812,15.5662,14.174,13.0056,11.9421,11.0505,10.2071,9.40197,15,10.5551,13.4464,14.2244,14.2962,13.6577,12.8335,11.7711,10.9769,9.99924,10.2564,	
15,7.46248,11.4007,13.2202,14.0573,14.5874,14.6919,14.833,14.836,14.9921,15.7101,15,1.79896,4.49322,7.08851,9.37535,11.2682,12.6556,13.756,14.3521,14.9139,15.7355,	15,16.1918,18.1306,17.0341,15.5431,14.1481,12.974,11.9252,11.0484,10.2312,9.38071,15,10.5437,13.4412,14.2384,14.2578,13.6353,12.8015,11.7485,10.9771,9.9978,10.2231,	
15,7.44552,11.4403,13.2436,14.0488,14.5368,14.7222,14.8336,14.8677,14.9709,15.6795,15,1.79557,4.47048,7.06268,9.34329,11.231,12.6296,13.6884,14.3478,14.8817,15.7184,	15,16.226,18.1217,17.0114,15.5216,14.1271,12.9662,11.941,11.0876,10.2381,9.39061,15,10.5704,13.4179,14.2022,14.2629,13.5925,12.7842,11.7549,10.9832,10.0677,10.1965,	
15,7.48581,11.5031,13.2357,14.0046,14.5037,14.6741,14.8218,14.8287,14.9572,15.6624,15,1.78384,4.45109,7.00118,9.24419,11.1837,12.58,13.625,14.3216,14.8442,15.7029,	15,16.2468,18.1146,16.9809,15.4815,14.1067,12.9559,11.9528,11.0462,10.244,9.33234,15,10.5759,13.464,14.2103,14.263,13.598,12.7458,11.7538,10.9633,10.0249,10.1688,	
15,7.44662,11.4665,13.2417,14.012,14.4845,14.6729,14.821,14.8041,14.9281,15.6325,15,1.75082,4.42972,6.94812,9.17438,11.1026,12.5228,13.6188,14.274,14.7901,15.6871,	15,16.2762,18.1132,16.9583,15.4496,14.0725,12.9604,11.9786,11.0287,10.1524,9.24297,15,10.5772,13.5114,14.234,14.2576,13.5858,12.7204,11.7533,10.9652,9.96913,10.1163,	
15,7.45743,11.4912,13.2401,13.9692,14.4664,14.6154,14.8053,14.8223,14.8837,15.645,15,1.73215,4.39149,6.96118,9.1099,11.065,12.5044,13.5708,14.2045,14.8154,15.6794,	15,16.3134,18.1038,16.9354,15.4234,14.0754,12.9543,11.928,11.0117,10.1552,9.32336,15,10.6065,13.4902,14.1921,14.2298,13.5777,12.7098,11.7493,10.9456,9.98698,10.0897,	
15,7.4435,11.4383,13.217,13.9701,14.494,14.6303,14.7103,14.7515,14.8693,15.6289,15,1.69928,4.38664,6.92442,9.08408,11.0339,12.4896,13.5538,14.2259,14.7799,15.6411,	15,16.3413,18.1004,16.908,15.4089,14.0712,12.9511,11.9178,11.006,10.1846,9.36251,15,10.5521,13.4696,14.188,14.1868,13.5428,12.6958,11.7587,10.9399,10.0136,10.05,	
15,7.39378,11.3833,13.2091,13.9169,14.4814,14.542,14.6516,14.7258,14.8508,15.5688,15,1.66489,4.3537,6.86246,9.04287,10.9494,12.4242,13.4956,14.172,14.7815,15.6125,	15,16.3701,18.0763,16.8617,15.3782,14.0654,12.9353,11.904,10.9797,10.1701,9.28776,15,10.5571,13.4619,14.1812,14.1418,13.4866,12.6664,11.7379,10.8882,9.94577,9.99283,	
15,7.30911,11.3698,13.1251,13.8855,14.407,14.4918,14.6655,14.708,14.8261,15.5301,15,1.65117,4.3676,6.80795,8.99587,10.9129,12.3962,13.431,14.1351,14.6958,15.5751,	15,16.3764,18.0547,16.8304,15.358,14.0516,12.9314,11.8787,10.9457,10.1511,9.20478,15,10.5624,13.4517,14.1741,14.1216,13.4687,12.6346,11.6989,10.8946,9.83485,9.97592,	
15,7.34439,11.2933,13.1229,13.8442,14.4231,14.478,14.6432,14.6907,14.8026,15.4835,15,1.65339,4.3443,6.75429,8.96655,10.9063,12.3894,13.4239,14.144,14.6828,15.5374,	15,16.3988,18.0511,16.8167,15.347,14.0431,12.9043,11.8723,10.9534,10.1698,9.22188,15,10.543,13.4291,14.1588,14.1054,13.4298,12.6309,11.7045,10.8651,9.9189,9.93863,	
15,7.30622,11.2862,13.1716,13.8578,14.4114,14.4739,14.535,14.6581,14.7788,15.4625,15,1.6325,4.3246,6.71094,8.94139,10.8554,12.3825,13.3889,14.0686,14.6516,15.4807,	15,16.401,18.0457,16.7781,15.3134,14.0332,12.9054,11.8248,10.9232,10.1367,9.2221,15,10.5996,13.4436,14.1679,14.0819,13.4121,12.5755,11.7138,10.8558,9.86139,9.93029,	
15,7.32603,11.2838,13.1533,13.8546,14.3772,14.4416,14.5716,14.6014,14.7291,15.4398,15,1.63088,4.28135,6.66811,8.93062,10.7952,12.3378,13.3871,14.1297,14.5402,15.4383,	15,16.4292,18.0128,16.747,15.2913,14.0321,12.897,11.8311,10.9102,10.0765,9.19789,15,10.572,13.4734,14.1961,14.0966,13.393,12.5749,11.7065,10.8396,9.82468,9.90424,	
15,7.27769,11.2973,13.159,13.8181,14.3585,14.4295,14.5563,14.6543,14.7015,15.3548,15,1.64461,4.25488,6.68955,8.88373,10.8013,12.3074,13.3741,14.0818,14.5957,15.371,	15,16.4085,18.0086,16.7308,15.2598,14.0218,12.9039,11.8301,10.9281,10.0924,9.28016,15,10.5379,13.4943,14.1861,14.071,13.3512,12.5521,11.7017,10.8198,9.90001,9.8853,	
15,7.22845,11.259,13.1561,13.8289,14.2975,14.3857,14.4963,14.595,14.6627,15.3084,15,1.64611,4.20313,6.64094,8.82902,10.7359,12.2428,13.3472,14.0041,14.6024,15.3652,	15,16.4328,17.9894,16.7092,15.2389,14.0197,12.8741,11.8132,10.9163,10.0365,9.17551,15,10.5786,13.5039,14.1511,14.0566,13.3506,12.5129,11.6516,10.7932,9.79687,9.85519,	
15,7.22037,11.2121,13.1241,13.784,14.2464,14.3661,14.5329,14.5236,14.6433,15.2863,15,1.63147,4.16011,6.62546,8.80699,10.6878,12.1837,13.3101,13.9581,14.5363,15.3561,	15,16.4444,17.9826,16.6859,15.229,14.0079,12.8598,11.7831,10.8602,9.97138,9.13693,15,10.5662,13.5284,14.1141,14.042,13.3425,12.4891,11.6416,10.7873,9.7775,9.82935,	
15,7.2397,11.2047,13.0932,13.7148,14.2085,14.3527,14.4266,14.5185,14.6171,15.2645,15,1.6085,4.11496,6.60587,8.76934,10.6418,12.1183,13.265,13.9831,14.5375,15.3738,	15,16.4752,17.9756,16.6682,15.2133,14.0015,12.8615,11.7622,10.8601,9.98595,9.09517,15,10.5392,13.4721,14.1137,14.0049,13.3,12.4676,11.6373,10.7455,9.8226,9.79546,	
15,7.21943,11.1859,13.0328,13.6938,14.195,14.2973,14.4385,14.4191,14.5908,15.2652,15,1.60537,4.10097,6.55807,8.75367,10.5884,12.0721,13.2077,13.9008,14.5227,15.3769,	15,16.4855,17.9606,16.6437,15.2047,13.9855,12.8435,11.7738,10.8006,10.0022,9.10279,15,10.5522,13.4822,14.0619,13.9877,13.272,12.4274,11.6312,10.714,9.75571,9.74648,	
15,7.23897,11.1214,13.0301,13.6439,14.1603,14.2548,14.4285,14.3649,14.5631,15.2524,15,1.60025,4.06757,6.53132,8.72776,10.5309,12.0437,13.1995,13.8686,14.4717,15.3131,	15,16.4876,17.9451,16.622,15.1829,13.9819,12.8139,11.7262,10.8126,9.98213,9.11142,15,10.5596,13.5081,14.0396,13.9683,13.2489,12.4397,11.5846,10.7038,9.66329,9.71962,	
15,7.20137,11.0963,12.9881,13.6657,14.1331,14.251,14.3612,14.3786,14.5341,15.2622,15,1.5998,4.03934,6.4787,8.6871,10.5293,12.0258,13.14,13.836,14.4385,15.3098,	15,16.5159,17.9361,16.5802,15.1718,13.9765,12.7982,11.7246,10.8211,9.95833,9.05461,15,10.5624,13.5389,14.0236,13.9275,13.2457,12.4257,11.5681,10.7041,9.71173,9.67335,	
15,7.21592,11.0704,12.9431,13.6582,14.0791,14.2258,14.4166,14.4076,14.508,15.2374,15,1.58271,4.04638,6.46837,8.63659,10.4986,11.9895,13.1188,13.8414,14.426,15.2841,	15,16.5189,17.9295,16.5605,15.1674,13.9698,12.7795,11.7329,10.834,9.94918,9.10371,15,10.5553,13.5145,13.9657,13.9,13.2516,12.4187,11.5613,10.6942,9.80821,9.63909,	
15,7.19738,11.0776,12.917,13.6175,14.0979,14.2106,14.4118,14.3857,14.4892,15.2043,15,1.58178,4.04658,6.40701,8.61887,10.464,11.9653,13.0646,13.8249,14.3798,15.2318,	15,16.5133,17.9218,16.5388,15.1562,13.9452,12.7636,11.7235,10.7901,9.96547,9.10239,15,10.5799,13.5602,13.9384,13.8728,13.2485,12.4067,11.5524,10.6978,9.72833,9.6169,	
15,7.18369,11.0746,12.8814,13.5866,14.039,14.2143,14.3732,14.3817,14.4685,15.1757,15,1.56298,4.03315,6.34967,8.61562,10.4169,11.9507,13.013,13.7479,14.3694,15.2233,	15,16.531,17.9128,16.5167,15.1409,13.9273,12.7455,11.7019,10.7719,9.95557,9.03422,15,10.6157,13.5342,13.9304,13.8636,13.2311,12.4031,11.5625,10.6898,9.69076,9.59119,	
15,7.19644,11.0666,12.8467,13.5903,14.0433,14.2116,14.3828,14.3113,14.45,15.1582,15,1.56315,4.02275,6.36512,8.58125,10.395,11.9475,12.9835,13.7339,14.3321,15.2054,	15,16.5303,17.9051,16.5049,15.1343,13.9156,12.742,11.6574,10.7891,9.9614,9.04671,15,10.6532,13.5086,13.9222,13.8559,13.2299,12.3937,11.5467,10.6947,9.70207,9.57052,	
15,7.17443,11.0434,12.8545,13.5899,13.9755,14.1809,14.3186,14.357,14.4246,15.1508,15,1.55976,4.01535,6.35951,8.55298,10.3839,11.9315,12.9639,13.749,14.3178,15.1758,	15,16.5322,17.8964,16.4947,15.1222,13.9095,12.7196,11.6601,10.804,9.95811,9.07774,15,10.6704,13.4841,13.89,13.8461,13.2103,12.3838,11.5393,10.693,9.71093,9.55726,	
15,7.13726,11.0128,12.8492,13.5948,13.9366,14.1576,14.3237,14.3415,14.3904,15.1146,15,1.55326,3.98419,6.32648,8.52805,10.3612,11.8986,12.9524,13.71,14.2809,15.1395,	15,16.5187,17.8787,16.4808,15.1117,13.8844,12.7081,11.6794,10.7609,9.93479,9.04256,15,10.6699,13.4665,13.8595,13.7985,13.221,12.3749,11.5341,10.6887,9.72136,9.5327,	
15,7.14644,10.9994,12.8428,13.5773,13.9375,14.145,14.3256,14.3615,14.3541,15.0939,15,1.54828,3.98061,6.29909,8.51483,10.3541,11.8794,12.9515,13.7119,14.2649,15.1268,	15,16.5359,17.8576,16.4681,15.1006,13.8714,12.704,11.6774,10.7535,9.93999,9.08156,15,10.6635,13.4927,13.8602,13.7883,13.2288,12.3723,11.5172,10.6736,9.74743,9.52242,	
15,7.1701,10.944,12.7929,13.5681,13.9472,14.1466,14.32,14.3225,14.34,15.069,15,1.54732,3.97588,6.27388,8.49116,10.3349,11.8691,12.9582,13.6647,14.2501,15.1159,	15,16.5394,17.8362,16.4562,15.0953,13.8651,12.6978,11.6665,10.7562,9.96504,9.08303,15,10.7005,13.4727,13.8576,13.7669,13.2151,12.3532,11.4886,10.6536,9.70969,9.51409,	
15,7.15739,10.9521,12.7667,13.5999,13.9183,14.1496,14.2965,14.3527,14.3221,15.0764,15,1.54416,3.95131,6.2761,8.47885,10.3066,11.8517,12.906,13.609,14.2663,15.0859,	15,16.5466,17.8255,16.4463,15.0777,13.8509,12.6829,11.6379,10.7655,9.92991,9.08339,15,10.7408,13.4899,13.8699,13.7547,13.2022,12.3366,11.4908,10.6435,9.73055,9.50223,	
15,7.16737,10.9973,12.7257,13.5965,13.9129,14.1322,14.3161,14.3333,14.3046,15.0486,15,1.5412,3.91443,6.2824,8.47418,10.3053,11.829,12.9237,13.631,14.2256,15.0385,	15,16.548,17.8136,16.4341,15.0659,13.8401,12.682,11.6471,10.7717,9.92998,9.08221,15,10.7511,13.4902,13.8787,13.7641,13.1998,12.3366,11.4948,10.6412,9.74168,9.49805,	
15,7.1759,10.9884,12.7434,13.5612,13.8895,14.1274,14.3092,14.3195,14.2953,15.0367,15,1.54344,3.92042,6.28083,8.46055,10.2567,11.804,12.8891,13.5902,14.1829,15.0597,	15,16.5653,17.8072,16.4193,15.0498,13.8212,12.6748,11.6154,10.7683,9.96348,9.04774,15,10.7533,13.4817,13.887,13.7605,13.1942,12.3379,11.4852,10.6552,9.74897,9.48294,	
15,7.19674,10.9655,12.7345,13.5537,13.8661,14.0894,14.2618,14.2846,14.2759,15.0033,15,1.54564,3.92227,6.27714,8.45417,10.2439,11.7694,12.872,13.6004,14.1816,15.0335,	15,16.5783,17.8008,16.4124,15.041,13.805,12.6668,11.6115,10.802,9.95661,9.05669,15,10.7463,13.465,13.8646,13.757,13.1926,12.3323,11.4829,10.6488,9.69123,9.47461,	
15,7.14512,10.9476,12.7013,13.5169,13.8219,14.0347,14.2421,14.2301,14.262,14.9717,15,1.54386,3.8906,6.2592,8.41885,10.2147,11.7645,12.8592,13.5884,14.1512,15.0149,	15,16.5791,17.7882,16.4029,15.0371,13.7971,12.6511,11.6213,10.7642,9.90138,9.01368,15,10.7296,13.4641,13.8389,13.7471,13.1713,12.3135,11.4667,10.653,9.63767,9.43708,	
15,7.13799,10.9055,12.672,13.4857,13.7676,14.0304,14.2239,14.2014,14.2465,14.9564,15,1.54575,3.8748,6.25224,8.38108,10.1915,11.7218,12.8527,13.5522,14.1055,14.9712,	15,16.5686,17.7761,16.3932,15.0241,13.7852,12.6423,11.6105,10.7532,9.85451,8.93899,15,10.7393,13.4705,13.8289,13.7509,13.1635,12.3139,11.4355,10.6535,9.57881,9.41447,	
15,7.11678,10.863,12.6653,13.4815,13.7557,14.0197,14.2066,14.2123,14.2308,14.9479,15,1.53756,3.86568,6.23511,8.33568,10.198,11.6826,12.8433,13.5518,14.1151,14.9735,	15,16.583,17.7685,16.3824,15.0144,13.7836,12.6325,11.596,10.6848,9.85932,8.93789,15,10.759,13.4939,13.8302,13.7409,13.1582,12.3062,11.4306,10.6451,9.58761,9.39922,	
15,7.08457,10.8558,12.6455,13.4706,13.7616,14.0029,14.198,14.207,14.2224,14.9432,15,1.53743,3.86255,6.24326,8.3409,10.1895,11.6698,12.8089,13.5325,14.1374,14.9783,	15,16.5862,17.7601,16.3757,15.0107,13.7717,12.6281,11.5893,10.6858,9.87681,8.98594,15,10.7583,13.4909,13.8208,13.7375,13.1381,12.2992,11.411,10.6402,9.61088,9.38237,	
15,7.08053,10.8286,12.6378,13.4187,13.7532,14.0345,14.1833,14.1948,14.204,14.9164,15,1.54048,3.85092,6.23541,8.32289,10.1589,11.6412,12.7933,13.5431,14.13,14.9703,	15,16.5912,17.7494,16.3657,15.0043,13.7687,12.6058,11.5888,10.681,9.87873,8.96546,15,10.7504,13.4952,13.817,13.7381,13.1351,12.2842,11.403,10.6342,9.59731,9.38037,	
15,7.06672,10.8092,12.6199,13.4219,13.7332,14.0225,14.1562,14.1526,14.194,14.9083,15,1.54066,3.83649,6.24882,8.30942,10.1622,11.6297,12.7945,13.5106,14.1222,14.9809,	15,16.6052,17.7405,16.3486,14.995,13.7559,12.6092,11.5877,10.6843,9.89097,8.96666,15,10.7546,13.4706,13.8409,13.7314,13.1368,12.271,11.3992,10.6262,9.56389,9.37213,	
15,7.04976,10.7778,12.5845,13.4053,13.7096,14.0034,14.1222,14.1456,14.1847,14.8927,15,1.54303,3.84915,6.23021,8.31196,10.1417,11.6143,12.7527,13.4771,14.1024,14.977,	15,16.6171,17.7291,16.34,14.9788,13.747,12.6013,11.5887,10.6705,9.89547,8.91829,15,10.7801,13.4472,13.8226,13.7256,13.1158,12.268,11.3954,10.6034,9.5322,9.35618,	
15,7.03456,10.7621,12.5765,13.3824,13.6627,13.972,14.0988,14.1562,14.178,14.8909,15,1.53758,3.84517,6.21746,8.30067,10.1031,11.6085,12.7266,13.5,14.0686,14.9549,	15,16.6156,17.7189,16.3321,14.974,13.7403,12.6023,11.5733,10.668,9.85946,8.89097,15,10.7855,13.4485,13.8008,13.7017,13.0978,12.2609,11.3994,10.6008,9.52334,9.35127,	
15,7.00358,10.7689,12.5955,13.3837,13.6658,13.9523,14.0811,14.1249,14.1689,14.877,15,1.52135,3.85895,6.21258,8.28657,10.0962,11.5822,12.7194,13.4537,14.0459,14.9396,	15,16.6274,17.7126,16.321,14.966,13.7281,12.5917,11.5827,10.6796,9.80213,8.875,15,10.7943,13.4518,13.7933,13.6876,13.0945,12.2344,11.3834,10.5989,9.54921,9.34072,	
15,7.01361,10.7562,12.5865,13.3854,13.6613,13.9553,14.073,14.1029,14.15,14.8741,15,1.51114,3.8528,6.20184,8.25696,10.0776,11.5711,12.7082,13.4543,14.0618,14.9126,	15,16.6225,17.703,16.3085,14.9612,13.7236,12.5943,11.5629,10.6751,9.78172,8.88706,15,10.8067,13.4622,13.8143,13.6997,13.0784,12.2276,11.368,10.5952,9.54214,9.33225,	
15,7.00487,10.7756,12.5633,13.3825,13.6544,13.9223,14.0756,14.0645,14.1389,14.8651,15,1.49892,3.84387,6.1845,8.25086,10.063,11.5808,12.7091,13.4184,14.0151,14.9065,	15,16.6273,17.6966,16.2999,14.9555,13.7146,12.5932,11.5658,10.6533,9.75868,8.85924,15,10.8188,13.4585,13.7997,13.6985,13.0607,12.2242,11.3726,10.574,9.54074,9.33051,	
15,6.96834,10.7616,12.5527,13.3619,13.6456,13.9,14.0831,14.0368,14.1295,14.8642,15,1.48934,3.83715,6.18585,8.25066,10.0627,11.5581,12.6987,13.4085,13.965,14.8828,	15,16.6324,17.6876,16.293,14.9504,13.7036,12.5899,11.5544,10.6325,9.74476,8.86087,15,10.805,13.4585,13.7964,13.6882,13.0422,12.2188,11.3744,10.5608,9.52926,9.31177,	
15,6.98197,10.749,12.5332,13.3536,13.6435,13.8909,14.0512,14.0318,14.1077,14.8295,15,1.4819,3.81229,6.15814,8.24597,10.053,11.5429,12.6955,13.3873,13.9422,14.841,	15,16.6164,17.6824,16.2871,14.9461,13.7011,12.5868,11.5553,10.6095,9.74033,8.82347,15,10.7897,13.4562,13.7772,13.6742,13.0158,12.1942,11.3706,10.5415,9.53046,9.3041,	
15,7.01629,10.743,12.5488,13.346,13.6403,13.8655,14.0302,14.0365,14.0954,14.7994,15,1.47313,3.80008,6.13418,8.23909,10.0366,11.5254,12.659,13.3849,13.939,14.8288,	15,16.6243,17.678,16.2705,14.9375,13.6967,12.5693,11.5323,10.5868,9.72624,8.84607,15,10.8164,13.4614,13.7883,13.6679,13.0116,12.1851,11.3683,10.5277,9.53991,9.29907,	
15,6.9936,10.7415,12.5437,13.3368,13.6424,13.8363,14.0069,14.0536,14.0787,14.7761,15,1.46547,3.80096,6.1306,8.22029,10.0316,11.5185,12.635,13.3604,13.9425,14.8035,	15,16.5999,17.6736,16.2649,14.9294,13.6826,12.5641,11.5286,10.5961,9.731,8.85325,15,10.8188,13.465,13.7925,13.6532,13.0023,12.1728,11.3574,10.5205,9.5454,9.28644,	
15,6.9741,10.7223,12.5455,13.3347,13.6485,13.8573,13.9818,14.0384,14.0571,14.7595,15,1.46194,3.79771,6.13547,8.21466,10.0237,11.5061,12.635,13.3262,13.9315,14.7792,	15,16.596,17.6684,16.2579,14.9217,13.6785,12.5565,11.5288,10.5818,9.74822,8.8581,15,10.8309,13.4544,13.7997,13.641,12.9966,12.1709,11.3496,10.5158,9.51527,9.28484,	
15,6.99807,10.7184,12.5313,13.2978,13.6406,13.8454,13.9705,14.028,14.0388,14.7387,15,1.45288,3.79036,6.12015,8.20476,10.0101,11.5131,12.6314,13.3173,13.9074,14.7767,	15,16.5979,17.6636,16.252,14.9064,13.6798,12.5431,11.5096,10.578,9.72873,8.87084,15,10.8191,13.4403,13.7924,13.6435,12.9964,12.18,11.35,10.5109,9.53806,9.27259,	
15,6.9761,10.7089,12.5224,13.3036,13.6462,13.8349,13.9481,14.0387,14.0246,14.7146,15,1.44877,3.79045,6.1006,8.18551,10.0104,11.5167,12.6173,13.3157,13.9048,14.7748,	15,16.593,17.655,16.2465,14.9009,13.6767,12.5367,11.5006,10.5971,9.74217,8.86301,15,10.7991,13.453,13.7859,13.6439,12.9885,12.1811,11.3534,10.4971,9.55735,9.25727,	
15,6.95389,10.7004,12.4998,13.2849,13.6478,13.8268,13.9145,14.0258,14.0107,14.7115,15,1.44153,3.7887,6.10108,8.17077,10.0036,11.5122,12.6003,13.3215,13.9091,14.7529,	15,16.5938,17.651,16.2365,14.8957,13.6706,12.5372,11.5012,10.5982,9.74721,8.86033,15,10.8025,13.4629,13.7653,13.6358,12.9804,12.1672,11.3521,10.4822,9.53317,9.24145,	
15,6.97237,10.7101,12.4952,13.2834,13.6339,13.8029,13.8964,14.0386,14.004,14.7035,15,1.44027,3.776,6.1053,8.15071,9.9836,11.4886,12.5992,13.3634,13.8802,14.7496,	15,16.5877,17.6443,16.2294,14.8891,13.6653,12.5432,11.4919,10.5834,9.73983,8.85865,15,10.8215,13.463,13.7746,13.6348,12.9834,12.1626,11.3537,10.4861,9.54423,9.2424,	
15,6.9822,10.6899,12.4801,13.2593,13.6201,13.7699,13.8833,14.0272,13.9882,14.6838,15,1.43503,3.78286,6.1015,8.14378,9.97998,11.4703,12.5786,13.3268,13.8914,14.7293,	15,16.5831,17.6408,16.2211,14.8867,13.6592,12.54,11.4934,10.5695,9.73211,8.85725,15,10.8136,13.438,13.7689,13.6213,12.9771,12.1644,11.3343,10.4913,9.52231,9.23245,	
15,6.98194,10.6634,12.4769,13.2439,13.6058,13.7526,13.8701,13.9972,13.9761,14.6793,15,1.42433,3.77106,6.09112,8.12464,9.96739,11.4725,12.5761,13.2942,13.8648,14.7105,	15,16.5913,17.6318,16.2121,14.8759,13.6541,12.5309,11.4827,10.5399,9.70794,8.84366,15,10.8265,13.4265,13.7487,13.6181,12.9678,12.1664,11.331,10.484,9.51292,9.21471,	
15,6.97004,10.6282,12.4579,13.2243,13.587,13.7701,13.8609,13.9895,13.9641,14.6642,15,1.4263,3.77812,6.07674,8.11729,9.95916,11.4599,12.5532,13.2796,13.8694,14.7055,	15,16.5894,17.6251,16.2073,14.8727,13.6519,12.5183,11.4841,10.5375,9.71007,8.84478,15,10.8151,13.438,13.7358,13.6017,12.9716,12.1641,11.316,10.4648,9.50182,9.20393,	
15,6.9738,10.6139,12.4489,13.2175,13.5796,13.7535,13.8388,13.9821,13.9483,14.6609,15,1.42506,3.78609,6.05758,8.1125,9.94716,11.4442,12.5534,13.2598,13.8296,14.6954,	15,16.5938,17.62,16.1962,14.8618,13.6435,12.5085,11.4675,10.5397,9.69621,8.84173,15,10.8402,13.4201,13.7246,13.5946,12.9588,12.1532,11.3161,10.4683,9.47956,9.20197,	
15,6.95301,10.6066,12.438,13.186,13.573,13.7469,13.8119,14.0017,13.9427,14.6366,15,1.41415,3.77412,6.05646,8.10431,9.93583,11.4396,12.5382,13.2772,13.8293,14.674,	15,16.5844,17.6066,16.1913,14.8569,13.6355,12.5072,11.4363,10.5265,9.70312,8.84741,15,10.8408,13.4109,13.7316,13.5799,12.9427,12.1446,11.312,10.4703,9.50576,9.19168,	
15,6.97699,10.6094,12.443,13.1733,13.5692,13.7205,13.801,13.9472,13.9357,14.6137,15,1.41461,3.77164,6.04809,8.10346,9.91889,11.4261,12.5165,13.254,13.8199,14.6538,	15,16.5844,17.5991,16.1828,14.8538,13.6331,12.497,11.4239,10.5208,9.71625,8.83078,15,10.8355,13.4027,13.7375,13.5693,12.9345,12.1491,11.2968,10.4648,9.48662,9.18149,	
15,6.96426,10.6146,12.4102,13.166,13.5412,13.7109,13.8001,13.9191,13.9223,14.6089,15,1.40367,3.76994,6.05289,8.08816,9.90743,11.417,12.5002,13.2485,13.7916,14.6394,	15,16.578,17.591,16.1775,14.85,13.6199,12.4891,11.402,10.5195,9.72401,8.80954,15,10.8376,13.3974,13.7359,13.5666,12.9236,12.1424,11.2964,10.4627,9.47749,9.16815,	
15,6.97416,10.6066,12.4021,13.1693,13.5407,13.6869,13.7819,13.9309,13.9125,14.601,15,1.39963,3.75988,6.03754,8.07515,9.90474,11.4001,12.5091,13.2295,13.7989,14.6437,	15,16.5682,17.5863,16.1726,14.8441,13.6171,12.4858,11.4034,10.5312,9.71672,8.80199,15,10.8487,13.3989,13.7469,13.562,12.928,12.147,11.2789,10.4593,9.47621,9.15933,	
15,6.94329,10.6052,12.3911,13.1659,13.5386,13.6952,13.7689,13.9129,13.9033,14.5934,15,1.39103,3.75614,6.02475,8.06987,9.8886,11.4025,12.5051,13.2213,13.798,14.6395,	15,16.5776,17.5834,16.1653,14.8367,13.6142,12.4811,11.4007,10.5255,9.69962,8.7988,15,10.8411,13.4057,13.7548,13.5565,12.9158,12.1409,11.2783,10.4631,9.47356,9.15149,	
15,6.90689,10.5966,12.3662,13.1731,13.5128,13.6802,13.7618,13.8949,13.8965,14.5762,15,1.3845,3.74583,6.01172,8.0458,9.86357,11.386,12.4994,13.2065,13.7722,14.6495,	15,16.5864,17.5775,16.159,14.8303,13.6135,12.4801,11.3988,10.5052,9.67133,8.75613,15,10.8279,13.4226,13.7424,13.5482,12.912,12.131,11.267,10.4572,9.44211,9.13914,	
15,6.89952,10.5898,12.3551,13.1686,13.5119,13.6719,13.7597,13.8895,13.8849,14.5658,15,1.38207,3.74268,6.01447,8.05278,9.88102,11.3787,12.4815,13.2125,13.7943,14.6364,	15,16.5864,17.575,16.1523,14.8234,13.6047,12.4678,11.3989,10.5186,9.69472,8.80555,15,10.8318,13.4122,13.7396,13.5328,12.9049,12.127,11.2646,10.4376,9.48168,9.12859,	
15,6.90022,10.5643,12.354,13.1612,13.498,13.6432,13.7573,13.8613,13.8796,14.556,15,1.37864,3.74643,5.99744,8.03947,9.87342,11.3662,12.4872,13.1963,13.7883,14.6228,	15,16.5857,17.5703,16.1421,14.8167,13.6051,12.4631,11.3936,10.519,9.67307,8.81382,15,10.8316,13.4035,13.7388,13.5314,12.8897,12.1125,11.2651,10.4183,9.46412,9.12171,	
15,6.91335,10.5642,12.355,13.1522,13.476,13.6429,13.7318,13.85,13.8746,14.5506,15,1.37351,3.74761,6.00176,8.03869,9.86634,11.3459,12.4617,13.1812,13.797,14.6017,	15,16.5848,17.5659,16.1317,14.8143,13.5875,12.4548,11.3937,10.5109,9.67903,8.80988,15,10.8288,13.4185,13.7387,13.5267,12.8953,12.1125,11.263,10.4146,9.45964,9.11646,	
15,6.91153,10.5431,12.3362,13.142,13.4563,13.6238,13.7144,13.832,13.8648,14.5431,15,1.36884,3.7426,5.98277,8.02235,9.85474,11.3214,12.4515,13.1652,13.7644,14.5875,	15,16.5803,17.5602,16.1248,14.8025,13.5812,12.4585,11.3877,10.4826,9.66078,8.77075,15,10.8537,13.3893,13.7263,13.5093,12.8765,12.1124,11.2559,10.4018,9.43827,9.11319,	
15,6.92892,10.5481,12.3188,13.1334,13.4435,13.6196,13.7095,13.816,13.8565,14.538,15,1.37137,3.73713,5.98292,8.01606,9.8457,11.3212,12.4507,13.1467,13.7597,14.5839,	15,16.5875,17.5562,16.1205,14.7912,13.5742,12.4579,11.39,10.4855,9.66362,8.78764,15,10.8444,13.3872,13.7189,13.5125,12.8727,12.1016,11.2526,10.4062,9.4333,9.10914,	
15,6.92164,10.5448,12.3257,13.1283,13.4455,13.6037,13.7242,13.8058,13.849,14.5297,15,1.36406,3.73189,5.97141,8.00825,9.84023,11.3149,12.4379,13.1626,13.7483,14.5735,	15,16.5975,17.5522,16.1154,14.786,13.5719,12.4553,11.3848,10.4745,9.65695,8.79569,15,10.8678,13.3819,13.7087,13.508,12.868,12.1034,11.2467,10.4012,9.45145,9.0993,	
15,6.91938,10.5443,12.3238,13.1147,13.4435,13.567,13.7095,13.8079,13.841,14.5187,15,1.36161,3.74145,5.97874,8.00625,9.82986,11.3023,12.4436,13.1489,13.7272,14.5399,	15,16.5789,17.5429,16.1082,14.7804,13.5644,12.452,11.3844,10.4795,9.66612,8.796,15,10.87,13.3672,13.7051,13.508,12.8559,12.0974,11.2474,10.3974,9.45881,9.0922,	
15,6.91016,10.55,12.3142,13.1118,13.4294,13.5474,13.7217,13.7739,13.8316,14.5062,15,1.351,3.73623,5.97165,7.99791,9.80259,11.2857,12.4342,13.1404,13.6926,14.5302,	15,16.58,17.539,16.1,14.7764,13.5588,12.4464,11.3734,10.4717,9.64571,8.77252,15,10.8729,13.3633,13.7049,13.4909,12.8572,12.0903,11.2416,10.394,9.44465,9.07834,	
15,6.91409,10.5534,12.3081,13.1029,13.4123,13.5419,13.7219,13.75,13.8177,14.4928,15,1.34711,3.72605,5.96266,7.99116,9.80996,11.2793,12.426,13.1298,13.6888,14.5335,	15,16.5919,17.5338,16.0951,14.7709,13.5557,12.4413,11.3709,10.4674,9.63665,8.77228,15,10.877,13.3473,13.7088,13.4684,12.859,12.0861,11.2453,10.3879,9.45146,9.07092,	
15,6.89297,10.5405,12.2957,13.0826,13.415,13.5283,13.6961,13.7256,13.806,14.4809,15,1.34091,3.72061,5.94225,7.98883,9.79697,11.27,12.429,13.1279,13.6683,14.5232,	15,16.5958,17.5292,16.0912,14.7648,13.551,12.4281,11.3555,10.4676,9.64189,8.75476,15,10.8714,13.332,13.6872,13.4584,12.8514,12.0888,11.2376,10.3786,9.41744,9.06569,	
15,6.87458,10.5251,12.2869,13.0685,13.4122,13.5225,13.6861,13.7188,13.799,14.4794,15,1.33427,3.71333,5.94009,7.98368,9.77997,11.2615,12.4007,13.1407,13.67,14.5195,	15,16.5992,17.5217,16.0855,14.7556,13.5455,12.4242,11.3531,10.4633,9.61933,8.75133,15,10.8705,13.3537,13.701,13.4373,12.8406,12.0825,11.2368,10.3656,9.40928,9.05985,	
15,6.86965,10.5019,12.2684,13.064,13.3973,13.5133,13.6603,13.7237,13.7908,14.4761,15,1.3358,3.71735,5.9382,7.98996,9.78113,11.2564,12.3639,13.151,13.6714,14.5063,	15,16.5895,17.5147,16.0805,14.7492,13.5442,12.4203,11.3529,10.4656,9.62709,8.74956,15,10.8724,13.3534,13.6934,13.4279,12.8417,12.0765,11.2266,10.3621,9.39042,9.05508,	
15,6.86864,10.4916,12.2607,13.058,13.374,13.4953,13.6753,13.7276,13.7828,14.4619,15,1.33688,3.6996,5.94026,7.9816,9.77054,11.2502,12.3628,13.1409,13.6863,14.5027,	15,16.5846,17.5099,16.0768,14.7434,13.5393,12.4082,11.3575,10.4634,9.63297,8.75135,15,10.8661,13.3508,13.6991,13.4116,12.8372,12.0743,11.2258,10.3611,9.39783,9.05108,	
15,6.86707,10.471,12.2415,13.0572,13.3685,13.4991,13.6623,13.7116,13.7754,14.4452,15,1.33782,3.70927,5.95417,7.98654,9.76162,11.2402,12.3605,13.1054,13.6859,14.5031,	15,16.5835,17.5031,16.073,14.7374,13.5359,12.3919,11.3468,10.4677,9.64121,8.77989,15,10.8578,13.355,13.6813,13.4061,12.8417,12.0673,11.2311,10.3589,9.37978,9.04644,	
15,6.85497,10.4702,12.2454,13.0558,13.36,13.4976,13.6784,13.6972,13.7707,14.4429,15,1.33031,3.70133,5.94996,7.9882,9.74452,11.2308,12.3559,13.0927,13.6797,14.5097,	15,16.5908,17.4986,16.0682,14.7293,13.5334,12.3912,11.3475,10.4534,9.64753,8.75908,15,10.8599,13.3505,13.6856,13.4016,12.8342,12.0655,11.2318,10.3589,9.40456,9.03462,	
15,6.84518,10.4683,12.2355,13.0567,13.3645,13.5052,13.6606,13.6877,13.7632,14.4487,15,1.32975,3.69564,5.94549,7.98277,9.74918,11.2181,12.3621,13.0952,13.6496,14.4958,	15,16.5807,17.4945,16.0611,14.7278,13.5262,12.3894,11.3346,10.4613,9.6569,8.76382,15,10.8616,13.3539,13.671,13.4008,12.8289,12.0677,11.2264,10.3553,9.41302,9.02749,	
15,6.83574,10.4678,12.2283,13.0503,13.3401,13.489,13.6554,13.6882,13.7489,14.4386,15,1.32769,3.69368,5.94513,7.96821,9.7456,11.218,12.3504,13.0699,13.6332,14.4968,	15,16.5746,17.4907,16.0566,14.7238,13.5207,12.3852,11.3252,10.4624,9.66356,8.73854,15,10.8744,13.346,13.6618,13.4,12.8254,12.0622,11.2182,10.3424,9.40084,9.02243,	
15,6.82646,10.452,12.2163,13.0313,13.3189,13.4932,13.6334,13.6747,13.7368,14.4445,15,1.33478,3.68544,5.94753,7.96753,9.74667,11.2051,12.348,13.0708,13.6252,14.4906,	15,16.568,17.4842,16.0497,14.7215,13.5166,12.388,11.3335,10.4736,9.65712,8.74043,15,10.8554,13.3413,13.6479,13.3992,12.8192,12.0588,11.2179,10.343,9.39277,9.00941,	
15,6.83592,10.4495,12.2132,13.0301,13.314,13.4915,13.6234,13.6899,13.7277,14.4449,15,1.33025,3.67497,5.94332,7.96155,9.73508,11.1983,12.3288,13.047,13.6182,14.4731,	15,16.5602,17.4778,16.0454,14.7183,13.514,12.3843,11.3307,10.4658,9.64567,8.7093,15,10.8595,13.3453,13.6438,13.3922,12.8132,12.0585,11.2139,10.3463,9.41752,9.00328,	
15,6.85107,10.4404,12.2131,13.0403,13.3113,13.4837,13.6041,13.6856,13.7224,14.4211,15,1.33147,3.67196,5.92851,7.96052,9.72574,11.2054,12.3184,13.0264,13.6109,14.4673,	15,16.5601,17.4744,16.0395,14.7111,13.5109,12.3824,11.3302,10.4627,9.63463,8.7072,15,10.8714,13.3394,13.6419,13.3776,12.8178,12.0618,11.2083,10.34,9.42402,8.99838,	
15,6.84469,10.4411,12.1918,13.0375,13.3219,13.4862,13.5985,13.6681,13.7134,14.4102,15,1.32929,3.67209,5.93646,7.95694,9.72125,11.2043,12.3182,13.0104,13.6115,14.4619,	15,16.561,17.4691,16.0337,14.7045,13.509,12.3812,11.3377,10.4771,9.62283,8.73116,15,10.8607,13.3336,13.6426,13.3732,12.8065,12.0519,11.2055,10.337,9.43331,8.9906,	
15,6.82025,10.4395,12.1744,13.0187,13.3082,13.478,13.594,13.6486,13.7016,14.4109,15,1.32427,3.6598,5.92999,7.94758,9.73028,11.1959,12.3162,13.0269,13.568,14.4611,	15,16.561,17.4598,16.0232,14.6999,13.5034,12.3782,11.3343,10.48,9.62623,8.72943,15,10.8649,13.3103,13.6474,13.3611,12.7941,12.0375,11.2057,10.3356,9.4052,8.98448,	
15,6.82012,10.454,12.1671,13.0053,13.2963,13.4677,13.591,13.6471,13.6913,14.4079,15,1.32353,3.66456,5.93207,7.94806,9.71532,11.1839,12.2969,13.017,13.5693,14.4411,	15,16.5647,17.4496,16.0163,14.6979,13.5002,12.378,11.3369,10.4701,9.60283,8.73508,15,10.8629,13.3294,13.65,13.3617,12.7893,12.0338,11.1956,10.331,9.39439,8.97754,	
15,6.80107,10.4463,12.1663,13,13.284,13.4657,13.5942,13.6455,13.6853,14.4011,15,1.32015,3.65923,5.92055,7.9514,9.69565,11.1701,12.2787,13.0261,13.5692,14.4262,	15,16.5664,17.4424,16.0114,14.6946,13.4983,12.3669,11.3293,10.4632,9.59521,8.72492,15,10.8672,13.3412,13.6498,13.3671,12.7768,12.0361,11.1858,10.3329,9.38344,8.96984,	
15,6.78715,10.4537,12.1429,12.9933,13.2814,13.457,13.5951,13.651,13.6784,14.3923,15,1.31977,3.66092,5.92368,7.9516,9.69442,11.1694,12.2751,13.0117,13.5785,14.4297,	15,16.5695,17.4402,16.0068,14.6922,13.4946,12.3679,11.3368,10.4614,9.60093,8.74431,15,10.8557,13.3442,13.6409,13.3702,12.7795,12.0186,11.1816,10.3267,9.40598,8.96448,	
15,6.77894,10.4603,12.134,12.9821,13.2727,13.4365,13.5833,13.6352,13.6686,14.3917,15,1.32236,3.65783,5.91543,7.95281,9.68974,11.1624,12.2746,12.9961,13.5722,14.423,	15,16.5725,17.4353,16.0001,14.6896,13.489,12.3724,11.3298,10.4575,9.60682,8.73118,15,10.8627,13.3356,13.6433,13.3692,12.7792,12.0177,11.1761,10.3112,9.38864,8.96066,	
15,6.76509,10.4559,12.1344,12.9766,13.2711,13.4287,13.5784,13.5932,13.6601,14.3877,15,1.32003,3.64429,5.91336,7.96437,9.68838,11.1528,12.2752,12.9863,13.5635,14.4175,	15,16.5787,17.4261,15.9972,14.6863,13.4834,12.3656,11.3317,10.4407,9.6128,8.72809,15,10.8811,13.3297,13.6355,13.3625,12.7771,12.0207,11.1674,10.3137,9.35612,8.95387,	
15,6.77805,10.4544,12.1367,12.984,13.2698,13.4208,13.5814,13.6092,13.6535,14.3867,15,1.31781,3.6446,5.91504,7.9602,9.68806,11.1513,12.2658,12.9673,13.5489,14.4207,	15,16.582,17.4239,15.9943,14.6805,13.4794,12.3573,11.3351,10.4418,9.6145,8.73363,15,10.8791,13.325,13.6438,13.3602,12.7744,12.0272,11.1658,10.3185,9.3967,8.95338,	
15,6.77793,10.4427,12.1325,12.9777,13.2647,13.4243,13.5711,13.595,13.6487,14.38,15,1.3073,3.63909,5.90113,7.93951,9.6809,11.1453,12.2737,12.9557,13.536,14.4062,	15,16.5844,17.42,15.9892,14.6758,13.4748,12.3507,11.3441,10.4245,9.60272,8.70044,15,10.8866,13.3325,13.6478,13.3482,12.7752,12.0228,11.1561,10.3178,9.39023,8.94346,	
15,6.77595,10.436,12.1343,12.9772,13.2567,13.4154,13.5734,13.5891,13.6381,14.3753,15,1.30334,3.64125,5.88445,7.93742,9.68031,11.1353,12.254,12.9402,13.5357,14.4021,	15,16.5886,17.4137,15.9867,14.6744,13.4711,12.3472,11.34,10.4311,9.59525,8.69452,15,10.8721,13.3278,13.6425,13.342,12.7675,12.0179,11.1545,10.3198,9.40724,8.93389,	
15,6.78117,10.4309,12.1286,12.9611,13.2532,13.3925,13.5803,13.5972,13.6319,14.3531,15,1.30175,3.63906,5.88848,7.93184,9.67978,11.1411,12.2598,12.9467,13.5355,14.3895,	15,16.5832,17.4105,15.9834,14.6725,13.4692,12.3494,11.3485,10.4189,9.59607,8.7291,15,10.8721,13.3248,13.6337,13.3436,12.7627,12.0185,11.1473,10.3166,9.40866,8.93034,	
15,6.78566,10.4279,12.1219,12.9507,13.2298,13.3885,13.5851,13.5956,13.6277,14.3425,15,1.30174,3.64184,5.89109,7.92941,9.67575,11.1242,12.2665,12.9578,13.5371,14.3976,	15,16.5921,17.4073,15.9791,14.6659,13.4688,12.3535,11.3539,10.4078,9.6104,8.75789,15,10.8656,13.3117,13.6348,13.343,12.7544,12.0143,11.1437,10.3157,9.41335,8.92658,	
15,6.77104,10.4276,12.1101,12.9462,13.231,13.3626,13.577,13.5926,13.6219,14.3372,15,1.29916,3.64024,5.89537,7.92497,9.66771,11.1159,12.2671,12.9387,13.5275,14.3859,	15,16.5859,17.4011,15.9758,14.658,13.4642,12.3548,11.3506,10.399,9.62668,8.74396,15,10.8695,13.3093,13.6389,13.3481,12.7504,12.0044,11.1415,10.3184,9.37731,8.91969,	
15,6.76157,10.4145,12.1096,12.9328,13.2318,13.3721,13.5621,13.5863,13.6121,14.3329,15,1.2931,3.6379,5.88494,7.92637,9.65684,11.113,12.2631,12.9416,13.5254,14.3762,	15,16.585,17.3976,15.9715,14.6545,13.4625,12.357,11.3384,10.4057,9.6048,8.74116,15,10.8768,13.2998,13.6447,13.3496,12.7432,12.0009,11.1423,10.319,9.37341,8.90913,	
15,6.76274,10.4067,12.0979,12.9246,13.232,13.3656,13.5764,13.5935,13.6045,14.3272,15,1.29111,3.63693,5.87432,7.92865,9.65339,11.1175,12.258,12.9461,13.5135,14.3787,	15,16.5874,17.3916,15.9675,14.6507,13.4611,12.3523,11.3409,10.4145,9.61721,8.73499,15,10.8703,13.303,13.6359,13.3431,12.7388,11.9993,11.1432,10.3192,9.39641,8.90278,	
15,6.76568,10.3993,12.0882,12.9241,13.2362,13.3683,13.5775,13.578,13.5955,14.3233,15,1.28759,3.64223,5.87211,7.91977,9.66185,11.1241,12.2572,12.9314,13.5116,14.3795,	15,16.5883,17.388,15.9629,14.6489,13.4591,12.3545,11.3383,10.4223,9.6329,8.74281,15,10.8822,13.2977,13.639,13.3403,12.7342,11.9993,11.1467,10.3195,9.39653,8.89398,	
15,6.76272,10.3916,12.0946,12.923,13.2359,13.3618,13.576,13.5547,13.5882,14.3293,15,1.28862,3.63332,5.86667,7.90672,9.66079,11.1272,12.2532,12.9257,13.5066,14.3785,	15,16.5947,17.3846,15.9596,14.6474,13.4559,12.3533,11.3338,10.4189,9.63362,8.74538,15,10.8971,13.29,13.6297,13.3408,12.7304,11.9907,11.1485,10.3179,9.39175,8.89209,	
15,6.76193,10.3762,12.0698,12.9129,13.2269,13.3548,13.5726,13.5534,13.5809,14.3279,15,1.2839,3.6295,5.86125,7.90264,9.64533,11.1227,12.2556,12.9234,13.5053,14.369,	15,16.5967,17.3765,15.9514,14.6449,13.4538,12.3545,11.3296,10.4301,9.62721,8.74156,15,10.8917,13.2836,13.624,13.3359,12.7284,11.9917,11.1461,10.3107,9.38015,8.88751,	
15,6.75174,10.387,12.064,12.9096,13.2295,13.3528,13.559,13.5487,13.5747,14.3214,15,1.28209,3.62392,5.85942,7.90017,9.64535,11.1113,12.2513,12.9149,13.5069,14.3664,	15,16.5955,17.374,15.9493,14.6418,13.4534,12.3548,11.3291,10.4365,9.62272,8.73569,15,10.8882,13.2786,13.625,13.3319,12.725,11.9863,11.1472,10.3117,9.39496,8.88252,	
15,6.76065,10.3925,12.0499,12.9043,13.2404,13.354,13.5707,13.5521,13.5685,14.315,15,1.2858,3.61575,5.85727,7.88922,9.64521,11.0929,12.2428,12.9142,13.4969,14.3592,	15,16.5949,17.3708,15.9466,14.636,13.4523,12.352,11.3253,10.4398,9.60852,8.73831,15,10.9007,13.2787,13.6161,13.3243,12.7119,11.9822,11.147,10.3117,9.41776,8.88016,	
15,6.76318,10.4031,12.0372,12.8956,13.2361,13.3484,13.5596,13.5489,13.5602,14.3143,15,1.281,3.60353,5.85484,7.88592,9.64531,11.0886,12.2464,12.912,13.4898,14.3531,	15,16.5958,17.3669,15.9412,14.6318,13.4499,12.3436,11.3291,10.4267,9.61354,8.75205,15,10.9131,13.2696,13.612,13.3185,12.7061,11.981,11.1373,10.3118,9.41945,8.87402,	
15,6.75944,10.3973,12.035,12.8881,13.2276,13.3398,13.5418,13.5434,13.5519,14.3036,15,1.28067,3.60195,5.85486,7.87759,9.63635,11.074,12.2398,12.9033,13.4785,14.3396,	15,16.5976,17.3607,15.9372,14.6259,13.4479,12.3435,11.328,10.4158,9.60717,8.74209,15,10.9168,13.2697,13.6133,13.3067,12.7059,11.9816,11.1373,10.3062,9.38236,8.86773,	
15,6.75749,10.397,12.0451,12.8859,13.2262,13.3413,13.5324,13.5273,13.5457,14.2995,15,1.27373,3.59874,5.85608,7.86842,9.63022,11.0639,12.2163,12.9099,13.4819,14.3325,	15,16.5932,17.3572,15.93,14.6196,13.4446,12.3415,11.3305,10.4109,9.60625,8.72623,15,10.934,13.2665,13.6195,13.3105,12.7032,11.9774,11.1321,10.3029,9.3797,8.86412,	
15,6.76575,10.3901,12.0353,12.8814,13.2177,13.3286,13.5345,13.5285,13.5414,14.2903,15,1.27411,3.59341,5.856,7.86979,9.61638,11.0573,12.2075,12.9045,13.4772,14.3359,	15,16.5983,17.3545,15.9275,14.6176,13.4378,12.3431,11.3345,10.4156,9.60863,8.71393,15,10.942,13.2651,13.6185,13.3008,12.7071,11.9714,11.1333,10.2971,9.36221,8.86058,	
15,6.75972,10.3878,12.0235,12.8833,13.2128,13.3406,13.5103,13.5289,13.5369,14.2943,15,1.27579,3.58215,5.84807,7.87217,9.61578,11.0485,12.2016,12.8965,13.4704,14.3228,	15,16.5903,17.3511,15.9237,14.6135,13.4367,12.3431,11.3314,10.4036,9.59904,8.70811,15,10.9425,13.2672,13.6199,13.2965,12.707,11.9696,11.1349,10.2967,9.38162,8.85327,	
15,6.75882,10.3835,12.0253,12.8815,13.2155,13.3436,13.5105,13.53,13.5346,14.2824,15,1.27279,3.58319,5.84398,7.85254,9.61451,11.0351,12.1875,12.8915,13.4662,14.3191,	15,16.5899,17.3477,15.9201,14.6087,13.4329,12.345,11.3227,10.3995,9.59741,8.6913,15,10.9419,13.27,13.6206,13.2987,12.7103,11.9618,11.1314,10.2992,9.40435,8.84684,	
15,6.76197,10.3825,12.0255,12.8768,13.2071,13.3352,13.5092,13.5333,13.5268,14.2722,15,1.2705,3.58186,5.8407,7.84808,9.6116,11.0272,12.1922,12.8816,13.4598,14.3194,	15,16.5895,17.3445,15.9147,14.6069,13.4278,12.3416,11.3215,10.4111,9.584,8.69894,15,10.9513,13.2691,13.6129,13.3007,12.7056,11.9547,11.1279,10.2948,9.40457,8.84251,	
15,6.76193,10.3782,12.0205,12.8652,13.2066,13.3369,13.4878,13.5273,13.5213,14.267,15,1.27171,3.57569,5.83396,7.83888,9.60141,11.0286,12.1699,12.8609,13.4668,14.3087,	15,16.5957,17.3396,15.9112,14.6056,13.4243,12.3352,11.3211,10.4038,9.57859,8.6855,15,10.9437,13.2668,13.6155,13.3048,12.6997,11.9429,11.1238,10.2878,9.39663,8.83494,	
15,6.73724,10.3607,12.011,12.8721,13.2005,13.3291,13.4666,13.5111,13.5155,14.261,15,1.27094,3.57376,5.83085,7.8298,9.58654,11.0247,12.1662,12.8522,13.4594,14.305,	15,16.5923,17.3355,15.9048,14.6041,13.4261,12.3317,11.3219,10.4003,9.56173,8.68518,15,10.9378,13.2682,13.6024,13.2962,12.6947,11.9325,11.1203,10.2887,9.36116,8.83182,	
15,6.73402,10.3483,11.9996,12.8718,13.2022,13.3128,13.4744,13.5058,13.5102,14.2599,15,1.26963,3.57519,5.81812,7.82746,9.57396,11.0199,12.1515,12.86,13.4614,14.3016,	15,16.5969,17.332,15.9013,14.6002,13.4228,12.3316,11.3215,10.3917,9.55498,8.68629,15,10.943,13.2756,13.598,13.2945,12.6918,11.9295,11.1177,10.2868,9.35082,8.82547,	
15,6.7282,10.3341,12.0049,12.8681,13.1822,13.2914,13.4767,13.4932,13.5003,14.2527,15,1.26791,3.5735,5.81906,7.82415,9.57242,11.0113,12.1563,12.8589,13.4726,14.3004,	15,16.5936,17.3293,15.8987,14.5987,13.4226,12.3308,11.3232,10.3855,9.56473,8.70628,15,10.9319,13.2713,13.5915,13.2862,12.683,11.9263,11.1137,10.2863,9.34406,8.81665,	
15,6.73647,10.323,12.0122,12.8664,13.1853,13.2938,13.4772,13.5059,13.4976,14.2501,15,1.26579,3.56807,5.81788,7.81877,9.56694,11.0106,12.1502,12.8693,13.4744,14.3042,	15,16.5959,17.326,15.893,14.5948,13.4217,12.3285,11.3213,10.38,9.56825,8.72631,15,10.9543,13.2716,13.5931,13.2888,12.6874,11.9283,11.116,10.2827,9.35867,8.81053,	
15,6.75099,10.3169,12.0209,12.8555,13.1835,13.2978,13.4814,13.4956,13.4948,14.2475,15,1.26589,3.56144,5.80368,7.81139,9.56102,11.0061,12.1388,12.877,13.4603,14.3086,	15,16.6035,17.3189,15.8906,14.5928,13.4158,12.3252,11.3169,10.3807,9.57782,8.70894,15,10.9607,13.2654,13.5929,13.2869,12.6923,11.929,11.1145,10.2791,9.37536,8.80944,	
15,6.75106,10.3173,12.0174,12.8455,13.1858,13.2956,13.4706,13.4871,13.4903,14.2509,15,1.27078,3.55604,5.80377,7.80484,9.55778,10.995,12.1395,12.8743,13.4513,14.2971,	15,16.5992,17.3158,15.8843,14.5857,13.4129,12.3201,11.3156,10.38,9.58626,8.71135,15,10.9711,13.2586,13.5944,13.2864,12.6889,11.9311,11.1109,10.2806,9.35445,8.80775,	
15,6.73774,10.3295,11.9996,12.8459,13.1911,13.2849,13.4712,13.4756,13.4891,14.2454,15,1.27204,3.5497,5.80083,7.80737,9.56218,10.9955,12.1197,12.8713,13.4508,14.3021,	15,16.6023,17.3134,15.8821,14.5836,13.41,12.3213,11.3107,10.3873,9.59624,8.7136,15,10.9636,13.2507,13.5883,13.2824,12.6863,11.9341,11.1137,10.2817,9.35711,8.80169,	
15,6.72954,10.328,11.9996,12.8466,13.1839,13.2901,13.4625,13.4713,13.4839,14.2469,15,1.27232,3.55149,5.79756,7.81301,9.55259,10.9914,12.118,12.8685,13.4236,14.2919,	15,16.5995,17.308,15.8759,14.5816,13.4073,12.3195,11.3081,10.3833,9.60223,8.70951,15,10.9711,13.2466,13.5896,13.2797,12.6894,11.9304,11.1155,10.2784,9.34961,8.79848,	
15,6.73578,10.3168,11.9944,12.842,13.1807,13.2836,13.4585,13.467,13.4769,14.2452,15,1.27176,3.55359,5.79632,7.8145,9.5486,10.9855,12.1133,12.8593,13.4084,14.2919,	15,16.6011,17.3045,15.872,14.5745,13.4063,12.3113,11.3044,10.3971,9.5994,8.70872,15,10.9685,13.244,13.5885,13.2748,12.6911,11.932,11.1145,10.2792,9.34716,8.79278,	
15,6.73337,10.3147,11.9963,12.8358,13.1863,13.2809,13.4546,13.4636,13.4743,14.2448,15,1.26899,3.54765,5.80415,7.81096,9.54061,10.9748,12.111,12.8538,13.4045,14.2878,	15,16.6037,17.3016,15.8695,14.568,13.4055,12.3106,11.3076,10.3899,9.59312,8.70746,15,10.9618,13.2374,13.5924,13.2723,12.6929,11.9333,11.114,10.2778,9.36075,8.7901,	
