Prob_forager_death	Prob_recipients_death	Prob_gamma_stop		Av_return_0		Av_return_1	
0	0	0	0	0	
0.033166	0.011054	0.30243	0.844108	0.844108	
0.047396	0.011039	0.297812	1.15258	1.15258	
0.04916	0.010831	0.297587	1.17699	1.17699	
0.048308	0.010862	0.297557	1.17963	1.17963	
0.048515	0.010993	0.296838	1.18447	1.18447	
0.048446	0.010701	0.297696	1.18253	1.18253	
0.049063	0.010808	0.297186	1.18659	1.18659	
0.048683	0.010906	0.297559	1.18247	1.18247	
0.048864	0.010905	0.296677	1.18101	1.18101	
0.048772	0.01088	0.297761	1.18477	1.18477	
0.048917	0.010655	0.297366	1.18416	1.18416	
0.048942	0.010919	0.296738	1.18628	1.18628	
0.048526	0.011126	0.297207	1.18228	1.18228	
0.048766	0.010789	0.297673	1.18364	1.18364	
0.048916	0.010789	0.297734	1.1833	1.1833	
0.048926	0.010898	0.297281	1.18519	1.18519	
0.049116	0.010953	0.29776	1.18248	1.18248	
0.048586	0.010826	0.296639	1.18875	1.18875	
0.049075	0.010921	0.296872	1.18252	1.18252	
0.048899	0.010822	0.2976	1.18586	1.18586	
