Prob_forager_death	Prob_recipients_death	Prob_gamma_stop		Av_return_0		Av_return_1	
0	0	0	0	0	
0.04237	0.006005	0.012467	9.78756	9.78756	
0.044316	0.004579	0.012384	10.3708	10.3708	
0.044761	0.0047	0.012359	10.329	10.329	
0.045219	0.004657	0.012332	10.2826	10.2826	
0.045397	0.004538	0.012263	10.2973	10.2973	
0.045537	0.004518	0.012217	10.297	10.297	
0.045671	0.004457	0.012239	10.3013	10.3013	
0.045929	0.004652	0.012217	10.2443	10.2443	
0.046226	0.004605	0.012133	10.2128	10.2128	
0.046336	0.004459	0.012269	10.2103	10.2103	
0.046231	0.004512	0.012213	10.2308	10.2308	
0.046051	0.004555	0.012057	10.2635	10.2635	
0.046821	0.004725	0.012179	10.1232	10.1232	
0.046725	0.004666	0.012357	10.1302	10.1302	
0.046326	0.004559	0.012131	10.2195	10.2195	
0.046731	0.004642	0.012443	10.0979	10.0979	
0.046452	0.004633	0.0122	10.1783	10.1783	
0.046587	0.004568	0.012318	10.1536	10.1536	
0.046531	0.004495	0.012185	10.1902	10.1902	
0.046551	0.004559	0.012441	10.139	10.139	
