Prob_forager_death	Prob_recipients_death	Prob_gamma_stop		Av_return_0		Av_return_1	
0	0	0	0	0	
0.102129	0.015486	0.000875	6.7918	6.7918	
0.102763	0.01368	0.000892	7.0382	7.0382	
0.1027	0.013642	0.000871	7.05552	7.05552	
0.102757	0.013572	0.000911	7.05252	7.05252	
0.102559	0.013647	0.000918	7.06035	7.06035	
0.102893	0.01353	0.000874	7.05034	7.05034	
0.10263	0.01367	0.000879	7.05782	7.05782	
0.102721	0.013589	0.000893	7.05632	7.05632	
0.102814	0.013343	0.000857	7.07023	7.07023	
0.102866	0.013739	0.000864	7.03796	7.03796	
0.102846	0.013713	0.000886	7.03998	7.03998	
0.102564	0.013575	0.00094	7.06633	7.06633	
0.102628	0.013456	0.000843	7.07425	7.07425	
0.102634	0.013732	0.000892	7.05059	7.05059	
0.10272	0.013793	0.000855	7.04463	7.04463	
0.102756	0.013635	0.000916	7.04845	7.04845	
0.102686	0.01362	0.000882	7.05338	7.05338	
0.102672	0.013487	0.000872	7.06563	7.06563	
0.102738	0.013617	0.000908	7.05376	7.05376	
0.102494	0.013773	0.000908001	7.05602	7.05602	
