Prob_forager_death	Prob_recipients_death	Prob_gamma_stop		Av_return_0		Av_return_1	
0	0	0	0	0	
0.07083	0.027498	0.150333	2.56795	2.56795	
0.080485	0.02477	0.149434	2.78523	2.78523	
0.080358	0.024333	0.149456	2.7986	2.7986	
0.080532	0.024579	0.149658	2.79211	2.79211	
0.080711	0.024624	0.149307	2.79388	2.79388	
0.08043	0.024299	0.149557	2.80107	2.80107	
0.081146	0.024161	0.148764	2.80264	2.80264	
0.08083	0.02433	0.149108	2.80061	2.80061	
0.080979	0.024298	0.149123	2.79831	2.79831	
0.080674	0.023933	0.149488	2.80186	2.80186	
0.080882	0.024425	0.149504	2.79031	2.79031	
0.08087	0.024219	0.149035	2.80182	2.80182	
0.080454	0.024473	0.149487	2.79573	2.79573	
0.08044	0.024355	0.149635	2.79661	2.79661	
0.080681	0.024322	0.149236	2.80025	2.80025	
0.080647	0.024084	0.149216	2.80446	2.80446	
0.080778	0.024482	0.149433	2.79375	2.79375	
0.080576	0.024321	0.149084	2.80495	2.80495	
0.080959	0.024373	0.148773	2.80438	2.80438	
0.0802461	0.024177	0.149573	2.80299	2.80299	
