Prob_forager_death	Prob_recipients_death	Prob_gamma_stop		Av_return_0		Av_return_1	
0	0	0	0	0	
0.020977	0	0.163161	0.994043	0.994043	
0.038244	0	0.160681	1.59738	1.59738	
0.041093	0	0.160037	1.70169	1.70169	
0.041587	0	0.16017	1.7155	1.7155	
0.041762	0	0.159906	1.71742	1.71742	
0.041748	0	0.159901	1.72072	1.72072	
0.042459	0	0.15944	1.73089	1.73089	
0.042076	0	0.159645	1.73282	1.73282	
0.042055	0	0.159719	1.72232	1.72232	
0.042003	0	0.160107	1.72582	1.72582	
0.041712	0	0.160095	1.72771	1.72771	
0.042051	0	0.159555	1.72853	1.72853	
0.042016	0	0.159876	1.71873	1.71873	
0.041843	0	0.159995	1.72602	1.72602	
0.041707	0	0.159681	1.72833	1.72833	
0.041702	0	0.159772	1.72596	1.72596	
0.042413	0	0.159972	1.72782	1.72782	
0.042246	0	0.15948	1.72765	1.72765	
0.041882	0	0.159352	1.72278	1.72278	
0.041852	0	0.159941	1.72518	1.72518	
