Prob_forager_death	Prob_recipients_death	Prob_gamma_stop		Av_return_0		Av_return_1	
0	1	0	0	0	
0.006499	0.006477	0.001032	18.5071	18.5071	
0.009232	0.006313	0.00099	17.0438	17.0438	
0.009851	0.006543	0.000944	16.4696	16.4696	
0.010305	0.00654	0.000963	16.1138	16.1138	
0.010463	0.00671	0.00097	15.9396	15.9396	
0.009744	0.006327	0.000943	16.7851	16.7851	
0.01114	0.007153	0.001007	15.2082	15.2082	
0.010706	0.006756	0.001053	15.7093	15.7093	
0.01044	0.006893	0.00102	15.764	15.764	
0.010172	0.006628	0.00098	16.1738	16.1738	
0.010542	0.006699	0.000957	15.8985	15.8985	
0.01004	0.006453	0.000975	16.4271	16.4271	
0.010397	0.006808	0.000994	15.8816	15.8816	
0.010446	0.006682	0.001031	15.8991	15.8991	
0.010356	0.006713	0.000989	15.9872	15.9872	
0.009819	0.006229	0.000967	16.7529	16.7529	
0.009936	0.006563	0.000985	16.392	16.392	
0.009847	0.006394	0.001012	16.4976	16.4976	
0.010047	0.006458	0.000954	16.3883	16.3883	
0.00980501	0.00624301	0.000993001	16.7282	16.7282	
