Prob_forager_death	Prob_recipients_death	Prob_gamma_stop		Av_return_0		Av_return_1	
0	1	0	0	0	
0.07412	0.149724	0.068332	1.54449	1.54449	
0.057492	0.129227	0.072544	2.22379	2.22379	
0.060795	0.132496	0.071872	2.21659	2.21659	
0.062368	0.134049	0.071544	2.2015	2.2015	
0.062448	0.133105	0.071392	2.21882	2.21882	
0.062827	0.133423	0.071253	2.2123	2.2123	
0.062428	0.133182	0.071911	2.21345	2.21345	
0.062896	0.134079	0.071305	2.20299	2.20299	
0.062671	0.134309	0.071725	2.1987	2.1987	
0.062573	0.133946	0.070985	2.21267	2.21267	
0.062721	0.133103	0.0711	2.21923	2.21923	
0.063148	0.133135	0.071085	2.21684	2.21684	
0.062467	0.133018	0.071339	2.22322	2.22322	
0.062625	0.13375	0.071453	2.20734	2.20734	
0.062556	0.133874	0.07142	2.20786	2.20786	
0.062423	0.133388	0.071555	2.21455	2.21455	
0.062613	0.133956	0.071761	2.20264	2.20264	
0.062946	0.133468	0.071027	2.21636	2.21636	
0.062546	0.133533	0.071491	2.21363	2.21363	
0.0626871	0.133825	0.0715371	2.20733	2.20733	
