Prob_forager_death	Prob_recipients_death	Prob_gamma_stop		Av_return_0		Av_return_1	
0	1	0	0	0	
0.116167	0.434243	0.000937	0.562555	0.562555	
0.084262	0.338311	0.001128	0.990359	0.990359	
0.074338	0.318975	0.001173	1.07242	1.07242	
0.072146	0.315123	0.001206	1.08646	1.08646	
0.071809	0.313398	0.001154	1.09652	1.09652	
0.071445	0.313543	0.001149	1.09619	1.09619	
0.071015	0.31145	0.001209	1.10776	1.10776	
0.071403	0.313944	0.001297	1.09317	1.09317	
0.071081	0.315105	0.00124	1.08924	1.08924	
0.071205	0.312134	0.001242	1.10289	1.10289	
0.070947	0.311121	0.00117	1.10929	1.10929	
0.070803	0.312668	0.001158	1.10195	1.10195	
0.071195	0.313237	0.001246	1.09754	1.09754	
0.071193	0.312376	0.001264	1.10141	1.10141	
0.070877	0.313795	0.001173	1.09582	1.09582	
0.071244	0.311734	0.001221	1.1055	1.1055	
0.07094	0.310879	0.001216	1.10979	1.10979	
0.07123	0.312798	0.001201	1.0998	1.0998	
0.071265	0.313803	0.001212	1.09505	1.09505	
0.0710121	0.312278	0.001202	1.10403	1.10403	
