Prob_forager_death	Prob_recipients_death	Prob_gamma_stop		Av_return_0		Av_return_1	
0	1	0	0	0	
0.118048	0.636405	0.000985	0.231344	0.231344	
0.117006	0.587272	0.001193	0.341414	0.341414	
0.10702	0.57751	0.001244	0.365521	0.365521	
0.101029	0.572635	0.00132	0.378963	0.378963	
0.096971	0.56991	0.001321	0.387242	0.387242	
0.095664	0.569509	0.001332	0.389214	0.389214	
0.094861	0.567714	0.001357	0.393411	0.393411	
0.094122	0.567249	0.001407	0.394968	0.394968	
0.093401	0.565	0.001429	0.397248	0.397248	
0.091908	0.560184	0.0014	0.402241	0.402241	
0.090661	0.552948	0.001426	0.412815	0.412815	
0.090709	0.5531	0.001431	0.412138	0.412138	
0.089908	0.553769	0.001425	0.411705	0.411705	
0.090852	0.555544	0.001518	0.406045	0.406045	
0.090066	0.552049	0.001384	0.414123	0.414123	
0.090138	0.552046	0.001418	0.413457	0.413457	
0.090437	0.553593	0.001456	0.40989	0.40989	
0.090083	0.553496	0.001418	0.410895	0.410895	
0.090508	0.550008	0.001442	0.417115	0.417115	
0.0897501	0.552042	0.001393	0.414275	0.414275	
