Prob_forager_death	Prob_recipients_death	Prob_gamma_stop		Av_return_0		Av_return_1	
0	0	0	0	0	
0.046127	0	0.158258	2.11682	2.11682	
0.021082	0	0.162578	2.99866	2.99866	
0.020618	0	0.163429	3.0164	3.0164	
0.02035	0	0.163187	3.01833	3.01833	
0.020174	0	0.1632	3.02982	3.02982	
0.019976	0	0.163596	3.02004	3.02004	
0.020292	0	0.163741	3.01486	3.01486	
0.020081	0	0.163474	3.02045	3.02045	
0.020298	0	0.163797	3.01004	3.01004	
0.020281	0	0.162531	3.0371	3.0371	
0.020345	0	0.163342	3.0219	3.0219	
0.020298	0	0.163226	3.02081	3.02081	
0.020332	0	0.162905	3.02982	3.02982	
0.020158	0	0.163426	3.02284	3.02284	
0.020337	0	0.163315	3.01493	3.01493	
0.020208	0	0.163209	3.02718	3.02718	
0.020113	0	0.163568	3.02141	3.02141	
0.020258	0	0.163161	3.02293	3.02293	
0.020261	0	0.163417	3.02615	3.02615	
0.020298	0	0.163179	3.0168	3.0168	
