Prob_forager_death	Prob_recipients_death	Prob_gamma_stop		Av_return_0		Av_return_1	
0	0	0	0	0	
0.119483	0	0.277441	0.808303	0.808303	
0.058402	0	0.297006	1.21223	1.21223	
0.036964	0	0.30467	1.27817	1.27817	
0.034945	0	0.305784	1.28026	1.28026	
0.034357	0	0.305443	1.28608	1.28608	
0.034261	0	0.30497	1.28788	1.28788	
0.03423	0	0.305457	1.28717	1.28717	
0.034529	0	0.30498	1.28767	1.28767	
0.034139	0	0.305393	1.28725	1.28725	
0.03419	0	0.304091	1.29621	1.29621	
0.034333	0	0.305259	1.28779	1.28779	
0.033995	0	0.305613	1.28828	1.28828	
0.034114	0	0.305185	1.28936	1.28936	
0.03419	0	0.305591	1.28686	1.28686	
0.03411	0	0.305477	1.28652	1.28652	
0.033939	0	0.30503	1.29032	1.29032	
0.034363	0	0.305662	1.28417	1.28417	
0.034306	0	0.304724	1.29218	1.29218	
0.034268	0	0.305037	1.28985	1.28985	
0.034235	0	0.305373	1.28607	1.28607	
