accept,reject,	accept,reject,	accept,reject,	accept,reject,	accept,reject,	accept,reject,	accept,reject,	accept,reject,	accept,reject,	wait,	wait,	wait,	wait,	wait,	wait,	wait,	wait,	wait,	
0.5,0.5,	0.5,0.5,	0.5,0.5,	0.5,0.5,	0.5,0.5,	0.5,0.5,	0.5,0.5,	0.5,0.5,	0.5,0.5,	1,	1,	1,	1,	1,	1,	1,	1,	1,	
0.5,0.5,	0.5,0.5,	0.5,0.5,	0.5,0.5,	0.5,0.5,	0.5,0.5,	0.5,0.5,	0.5,0.5,	0.502391,0.497609,	1,	1,	1,	1,	1,	1,	1,	1,	1,	
0.5,0.5,	0.5,0.5,	0.5,0.5,	0.5,0.5,	0.5,0.5,	0.5,0.5,	0.5,0.5,	0.5,0.5,	0.502417,0.497583,	1,	1,	1,	1,	1,	1,	1,	1,	1,	
0.5,0.5,	0.5,0.5,	0.5,0.5,	0.5,0.5,	0.5,0.5,	0.5,0.5,	0.5,0.5,	0.5,0.5,	0.502415,0.497585,	1,	1,	1,	1,	1,	1,	1,	1,	1,	
0.5,0.5,	0.5,0.5,	0.5,0.5,	0.5,0.5,	0.5,0.5,	0.5,0.5,	0.5,0.5,	0.5,0.5,	0.502413,0.497587,	1,	1,	1,	1,	1,	1,	1,	1,	1,	
0.5,0.5,	0.5,0.5,	0.5,0.5,	0.5,0.5,	0.5,0.5,	0.5,0.5,	0.5,0.5,	0.5,0.5,	0.502417,0.497583,	1,	1,	1,	1,	1,	1,	1,	1,	1,	
0.5,0.5,	0.5,0.5,	0.5,0.5,	0.5,0.5,	0.5,0.5,	0.5,0.5,	0.5,0.5,	0.5,0.5,	0.502414,0.497586,	1,	1,	1,	1,	1,	1,	1,	1,	1,	
0.5,0.5,	0.5,0.5,	0.5,0.5,	0.5,0.5,	0.5,0.5,	0.5,0.5,	0.5,0.5,	0.5,0.5,	0.502414,0.497586,	1,	1,	1,	1,	1,	1,	1,	1,	1,	
0.5,0.5,	0.5,0.5,	0.5,0.5,	0.5,0.5,	0.5,0.5,	0.5,0.5,	0.5,0.5,	0.5,0.5,	0.502412,0.497588,	1,	1,	1,	1,	1,	1,	1,	1,	1,	
0.5,0.5,	0.5,0.5,	0.5,0.5,	0.5,0.5,	0.5,0.5,	0.5,0.5,	0.5,0.5,	0.5,0.5,	0.502413,0.497587,	1,	1,	1,	1,	1,	1,	1,	1,	1,	
0.5,0.5,	0.5,0.5,	0.5,0.5,	0.5,0.5,	0.5,0.5,	0.5,0.5,	0.5,0.5,	0.5,0.5,	0.502413,0.497587,	1,	1,	1,	1,	1,	1,	1,	1,	1,	
0.5,0.5,	0.5,0.5,	0.5,0.5,	0.5,0.5,	0.5,0.5,	0.5,0.5,	0.5,0.5,	0.5,0.5,	0.502412,0.497588,	1,	1,	1,	1,	1,	1,	1,	1,	1,	
0.5,0.5,	0.5,0.5,	0.5,0.5,	0.5,0.5,	0.5,0.5,	0.5,0.5,	0.5,0.5,	0.5,0.5,	0.50241,0.49759,	1,	1,	1,	1,	1,	1,	1,	1,	1,	
0.5,0.5,	0.5,0.5,	0.5,0.5,	0.5,0.5,	0.5,0.5,	0.5,0.5,	0.5,0.5,	0.5,0.5,	0.502408,0.497592,	1,	1,	1,	1,	1,	1,	1,	1,	1,	
0.5,0.5,	0.5,0.5,	0.5,0.5,	0.5,0.5,	0.5,0.5,	0.5,0.5,	0.5,0.5,	0.5,0.5,	0.502407,0.497593,	1,	1,	1,	1,	1,	1,	1,	1,	1,	
0.5,0.5,	0.5,0.5,	0.5,0.5,	0.5,0.5,	0.5,0.5,	0.5,0.5,	0.5,0.5,	0.5,0.5,	0.502406,0.497594,	1,	1,	1,	1,	1,	1,	1,	1,	1,	
0.5,0.5,	0.5,0.5,	0.5,0.5,	0.5,0.5,	0.5,0.5,	0.5,0.5,	0.5,0.5,	0.5,0.5,	0.502406,0.497594,	1,	1,	1,	1,	1,	1,	1,	1,	1,	
0.5,0.5,	0.5,0.5,	0.5,0.5,	0.5,0.5,	0.5,0.5,	0.5,0.5,	0.5,0.5,	0.5,0.5,	0.502407,0.497593,	1,	1,	1,	1,	1,	1,	1,	1,	1,	
0.5,0.5,	0.5,0.5,	0.5,0.5,	0.5,0.5,	0.5,0.5,	0.5,0.5,	0.5,0.5,	0.5,0.5,	0.502407,0.497593,	1,	1,	1,	1,	1,	1,	1,	1,	1,	
0.5,0.5,	0.5,0.5,	0.5,0.5,	0.5,0.5,	0.5,0.5,	0.5,0.5,	0.5,0.5,	0.5,0.5,	0.502406,0.497594,	1,	1,	1,	1,	1,	1,	1,	1,	1,	
0.5,0.5,	0.5,0.5,	0.5,0.5,	0.5,0.5,	0.5,0.5,	0.5,0.5,	0.5,0.5,	0.5,0.5,	0.502407,0.497593,	1,	1,	1,	1,	1,	1,	1,	1,	1,	
0.5,0.5,	0.5,0.5,	0.5,0.5,	0.5,0.5,	0.5,0.5,	0.5,0.5,	0.5,0.5,	0.5,0.5,	0.502407,0.497593,	1,	1,	1,	1,	1,	1,	1,	1,	1,	
0.5,0.5,	0.5,0.5,	0.5,0.5,	0.5,0.5,	0.5,0.5,	0.5,0.5,	0.5,0.5,	0.5,0.5,	0.502407,0.497593,	1,	1,	1,	1,	1,	1,	1,	1,	1,	
0.5,0.5,	0.5,0.5,	0.5,0.5,	0.5,0.5,	0.5,0.5,	0.5,0.5,	0.5,0.5,	0.5,0.5,	0.502407,0.497593,	1,	1,	1,	1,	1,	1,	1,	1,	1,	
0.5,0.5,	0.5,0.5,	0.5,0.5,	0.5,0.5,	0.5,0.5,	0.5,0.5,	0.5,0.5,	0.5,0.5,	0.502407,0.497593,	1,	1,	1,	1,	1,	1,	1,	1,	1,	
0.5,0.5,	0.5,0.5,	0.5,0.5,	0.5,0.5,	0.5,0.5,	0.5,0.5,	0.5,0.5,	0.5,0.5,	0.502407,0.497593,	1,	1,	1,	1,	1,	1,	1,	1,	1,	
0.5,0.5,	0.5,0.5,	0.5,0.5,	0.5,0.5,	0.5,0.5,	0.5,0.5,	0.5,0.5,	0.5,0.5,	0.502408,0.497592,	1,	1,	1,	1,	1,	1,	1,	1,	1,	
0.5,0.5,	0.5,0.5,	0.5,0.5,	0.5,0.5,	0.5,0.5,	0.5,0.5,	0.5,0.5,	0.5,0.5,	0.502409,0.497591,	1,	1,	1,	1,	1,	1,	1,	1,	1,	
0.5,0.5,	0.5,0.5,	0.5,0.5,	0.5,0.5,	0.5,0.5,	0.5,0.5,	0.5,0.5,	0.5,0.5,	0.502409,0.497591,	1,	1,	1,	1,	1,	1,	1,	1,	1,	
0.5,0.5,	0.5,0.5,	0.5,0.5,	0.5,0.5,	0.5,0.5,	0.5,0.5,	0.5,0.5,	0.5,0.5,	0.502409,0.497591,	1,	1,	1,	1,	1,	1,	1,	1,	1,	
0.5,0.5,	0.5,0.5,	0.5,0.5,	0.5,0.5,	0.5,0.5,	0.5,0.5,	0.5,0.5,	0.5,0.5,	0.50241,0.49759,	1,	1,	1,	1,	1,	1,	1,	1,	1,	
0.5,0.5,	0.5,0.5,	0.5,0.5,	0.5,0.5,	0.5,0.5,	0.5,0.5,	0.5,0.5,	0.5,0.5,	0.50241,0.49759,	1,	1,	1,	1,	1,	1,	1,	1,	1,	
0.5,0.5,	0.5,0.5,	0.5,0.5,	0.5,0.5,	0.5,0.5,	0.5,0.5,	0.5,0.5,	0.5,0.5,	0.50241,0.49759,	1,	1,	1,	1,	1,	1,	1,	1,	1,	
0.5,0.5,	0.5,0.5,	0.5,0.5,	0.5,0.5,	0.5,0.5,	0.5,0.5,	0.5,0.5,	0.5,0.5,	0.502409,0.497591,	1,	1,	1,	1,	1,	1,	1,	1,	1,	
0.5,0.5,	0.5,0.5,	0.5,0.5,	0.5,0.5,	0.5,0.5,	0.5,0.5,	0.5,0.5,	0.5,0.5,	0.502409,0.497591,	1,	1,	1,	1,	1,	1,	1,	1,	1,	
0.5,0.5,	0.5,0.5,	0.5,0.5,	0.5,0.5,	0.5,0.5,	0.5,0.5,	0.5,0.5,	0.5,0.5,	0.502409,0.497591,	1,	1,	1,	1,	1,	1,	1,	1,	1,	
0.5,0.5,	0.5,0.5,	0.5,0.5,	0.5,0.5,	0.5,0.5,	0.5,0.5,	0.5,0.5,	0.5,0.5,	0.502409,0.497591,	1,	1,	1,	1,	1,	1,	1,	1,	1,	
0.5,0.5,	0.5,0.5,	0.5,0.5,	0.5,0.5,	0.5,0.5,	0.5,0.5,	0.5,0.5,	0.5,0.5,	0.502409,0.497591,	1,	1,	1,	1,	1,	1,	1,	1,	1,	
0.5,0.5,	0.5,0.5,	0.5,0.5,	0.5,0.5,	0.5,0.5,	0.5,0.5,	0.5,0.5,	0.5,0.5,	0.502408,0.497592,	1,	1,	1,	1,	1,	1,	1,	1,	1,	
0.5,0.5,	0.5,0.5,	0.5,0.5,	0.5,0.5,	0.5,0.5,	0.5,0.5,	0.5,0.5,	0.5,0.5,	0.502408,0.497592,	1,	1,	1,	1,	1,	1,	1,	1,	1,	
0.5,0.5,	0.5,0.5,	0.5,0.5,	0.5,0.5,	0.5,0.5,	0.5,0.5,	0.5,0.5,	0.5,0.5,	0.502408,0.497592,	1,	1,	1,	1,	1,	1,	1,	1,	1,	
0.5,0.5,	0.5,0.5,	0.5,0.5,	0.5,0.5,	0.5,0.5,	0.5,0.5,	0.5,0.5,	0.5,0.5,	0.502408,0.497592,	1,	1,	1,	1,	1,	1,	1,	1,	1,	
0.5,0.5,	0.5,0.5,	0.5,0.5,	0.5,0.5,	0.5,0.5,	0.5,0.5,	0.5,0.5,	0.5,0.5,	0.502408,0.497592,	1,	1,	1,	1,	1,	1,	1,	1,	1,	
0.5,0.5,	0.5,0.5,	0.5,0.5,	0.5,0.5,	0.5,0.5,	0.5,0.5,	0.5,0.5,	0.5,0.5,	0.502408,0.497592,	1,	1,	1,	1,	1,	1,	1,	1,	1,	
0.5,0.5,	0.5,0.5,	0.5,0.5,	0.5,0.5,	0.5,0.5,	0.5,0.5,	0.5,0.5,	0.5,0.5,	0.502408,0.497592,	1,	1,	1,	1,	1,	1,	1,	1,	1,	
0.5,0.5,	0.5,0.5,	0.5,0.5,	0.5,0.5,	0.5,0.5,	0.5,0.5,	0.5,0.5,	0.5,0.5,	0.502408,0.497592,	1,	1,	1,	1,	1,	1,	1,	1,	1,	
0.5,0.5,	0.5,0.5,	0.5,0.5,	0.5,0.5,	0.5,0.5,	0.5,0.5,	0.5,0.5,	0.5,0.5,	0.502408,0.497592,	1,	1,	1,	1,	1,	1,	1,	1,	1,	
0.5,0.5,	0.5,0.5,	0.5,0.5,	0.5,0.5,	0.5,0.5,	0.5,0.5,	0.5,0.5,	0.5,0.5,	0.502408,0.497592,	1,	1,	1,	1,	1,	1,	1,	1,	1,	
0.5,0.5,	0.5,0.5,	0.5,0.5,	0.5,0.5,	0.5,0.5,	0.5,0.5,	0.5,0.5,	0.5,0.5,	0.502408,0.497592,	1,	1,	1,	1,	1,	1,	1,	1,	1,	
0.5,0.5,	0.5,0.5,	0.5,0.5,	0.5,0.5,	0.5,0.5,	0.5,0.5,	0.5,0.5,	0.5,0.5,	0.502408,0.497592,	1,	1,	1,	1,	1,	1,	1,	1,	1,	
0.5,0.5,	0.5,0.5,	0.5,0.5,	0.5,0.5,	0.5,0.5,	0.5,0.5,	0.5,0.5,	0.5,0.5,	0.502408,0.497592,	1,	1,	1,	1,	1,	1,	1,	1,	1,	
0.5,0.5,	0.5,0.5,	0.5,0.5,	0.5,0.5,	0.5,0.5,	0.5,0.5,	0.5,0.5,	0.5,0.5,	0.502408,0.497592,	1,	1,	1,	1,	1,	1,	1,	1,	1,	
0.5,0.5,	0.5,0.5,	0.5,0.5,	0.5,0.5,	0.5,0.5,	0.5,0.5,	0.5,0.5,	0.5,0.5,	0.502408,0.497592,	1,	1,	1,	1,	1,	1,	1,	1,	1,	
0.5,0.5,	0.5,0.5,	0.5,0.5,	0.5,0.5,	0.5,0.5,	0.5,0.5,	0.5,0.5,	0.5,0.5,	0.502408,0.497592,	1,	1,	1,	1,	1,	1,	1,	1,	1,	
0.5,0.5,	0.5,0.5,	0.5,0.5,	0.5,0.5,	0.5,0.5,	0.5,0.5,	0.5,0.5,	0.5,0.5,	0.502408,0.497592,	1,	1,	1,	1,	1,	1,	1,	1,	1,	
0.5,0.5,	0.5,0.5,	0.5,0.5,	0.5,0.5,	0.5,0.5,	0.5,0.5,	0.5,0.5,	0.5,0.5,	0.502408,0.497592,	1,	1,	1,	1,	1,	1,	1,	1,	1,	
0.5,0.5,	0.5,0.5,	0.5,0.5,	0.5,0.5,	0.5,0.5,	0.5,0.5,	0.5,0.5,	0.5,0.5,	0.502408,0.497592,	1,	1,	1,	1,	1,	1,	1,	1,	1,	
0.5,0.5,	0.5,0.5,	0.5,0.5,	0.5,0.5,	0.5,0.5,	0.5,0.5,	0.5,0.5,	0.5,0.5,	0.502409,0.497591,	1,	1,	1,	1,	1,	1,	1,	1,	1,	
0.5,0.5,	0.5,0.5,	0.5,0.5,	0.5,0.5,	0.5,0.5,	0.5,0.5,	0.5,0.5,	0.5,0.5,	0.502409,0.497591,	1,	1,	1,	1,	1,	1,	1,	1,	1,	
0.5,0.5,	0.5,0.5,	0.5,0.5,	0.5,0.5,	0.5,0.5,	0.5,0.5,	0.5,0.5,	0.5,0.5,	0.502409,0.497591,	1,	1,	1,	1,	1,	1,	1,	1,	1,	
0.5,0.5,	0.5,0.5,	0.5,0.5,	0.5,0.5,	0.5,0.5,	0.5,0.5,	0.5,0.5,	0.5,0.5,	0.502409,0.497591,	1,	1,	1,	1,	1,	1,	1,	1,	1,	
0.5,0.5,	0.5,0.5,	0.5,0.5,	0.5,0.5,	0.5,0.5,	0.5,0.5,	0.5,0.5,	0.5,0.5,	0.502409,0.497591,	1,	1,	1,	1,	1,	1,	1,	1,	1,	
0.5,0.5,	0.5,0.5,	0.5,0.5,	0.5,0.5,	0.5,0.5,	0.5,0.5,	0.5,0.5,	0.5,0.5,	0.502409,0.497591,	1,	1,	1,	1,	1,	1,	1,	1,	1,	
0.5,0.5,	0.5,0.5,	0.5,0.5,	0.5,0.5,	0.5,0.5,	0.5,0.5,	0.5,0.5,	0.5,0.5,	0.502409,0.497591,	1,	1,	1,	1,	1,	1,	1,	1,	1,	
0.5,0.5,	0.5,0.5,	0.5,0.5,	0.5,0.5,	0.5,0.5,	0.5,0.5,	0.5,0.5,	0.5,0.5,	0.502409,0.497591,	1,	1,	1,	1,	1,	1,	1,	1,	1,	
0.5,0.5,	0.5,0.5,	0.5,0.5,	0.5,0.5,	0.5,0.5,	0.5,0.5,	0.5,0.5,	0.5,0.5,	0.502409,0.497591,	1,	1,	1,	1,	1,	1,	1,	1,	1,	
0.5,0.5,	0.5,0.5,	0.5,0.5,	0.5,0.5,	0.5,0.5,	0.5,0.5,	0.5,0.5,	0.5,0.5,	0.502409,0.497591,	1,	1,	1,	1,	1,	1,	1,	1,	1,	
0.5,0.5,	0.5,0.5,	0.5,0.5,	0.5,0.5,	0.5,0.5,	0.5,0.5,	0.5,0.5,	0.5,0.5,	0.502409,0.497591,	1,	1,	1,	1,	1,	1,	1,	1,	1,	
0.5,0.5,	0.5,0.5,	0.5,0.5,	0.5,0.5,	0.5,0.5,	0.5,0.5,	0.5,0.5,	0.5,0.5,	0.502409,0.497591,	1,	1,	1,	1,	1,	1,	1,	1,	1,	
0.5,0.5,	0.5,0.5,	0.5,0.5,	0.5,0.5,	0.5,0.5,	0.5,0.5,	0.5,0.5,	0.5,0.5,	0.502409,0.497591,	1,	1,	1,	1,	1,	1,	1,	1,	1,	
0.5,0.5,	0.5,0.5,	0.5,0.5,	0.5,0.5,	0.5,0.5,	0.5,0.5,	0.5,0.5,	0.5,0.5,	0.502409,0.497591,	1,	1,	1,	1,	1,	1,	1,	1,	1,	
0.5,0.5,	0.5,0.5,	0.5,0.5,	0.5,0.5,	0.5,0.5,	0.5,0.5,	0.5,0.5,	0.5,0.5,	0.502409,0.497591,	1,	1,	1,	1,	1,	1,	1,	1,	1,	
0.5,0.5,	0.5,0.5,	0.5,0.5,	0.5,0.5,	0.5,0.5,	0.5,0.5,	0.5,0.5,	0.5,0.5,	0.502409,0.497591,	1,	1,	1,	1,	1,	1,	1,	1,	1,	
0.5,0.5,	0.5,0.5,	0.5,0.5,	0.5,0.5,	0.5,0.5,	0.5,0.5,	0.5,0.5,	0.5,0.5,	0.502409,0.497591,	1,	1,	1,	1,	1,	1,	1,	1,	1,	
0.5,0.5,	0.5,0.5,	0.5,0.5,	0.5,0.5,	0.5,0.5,	0.5,0.5,	0.5,0.5,	0.5,0.5,	0.502409,0.497591,	1,	1,	1,	1,	1,	1,	1,	1,	1,	
0.5,0.5,	0.5,0.5,	0.5,0.5,	0.5,0.5,	0.5,0.5,	0.5,0.5,	0.5,0.5,	0.5,0.5,	0.502409,0.497591,	1,	1,	1,	1,	1,	1,	1,	1,	1,	
0.5,0.5,	0.5,0.5,	0.5,0.5,	0.5,0.5,	0.5,0.5,	0.5,0.5,	0.5,0.5,	0.5,0.5,	0.502409,0.497591,	1,	1,	1,	1,	1,	1,	1,	1,	1,	
0.5,0.5,	0.5,0.5,	0.5,0.5,	0.5,0.5,	0.5,0.5,	0.5,0.5,	0.5,0.5,	0.5,0.5,	0.502409,0.497591,	1,	1,	1,	1,	1,	1,	1,	1,	1,	
0.5,0.5,	0.5,0.5,	0.5,0.5,	0.5,0.5,	0.5,0.5,	0.5,0.5,	0.5,0.5,	0.5,0.5,	0.502409,0.497591,	1,	1,	1,	1,	1,	1,	1,	1,	1,	
0.5,0.5,	0.5,0.5,	0.5,0.5,	0.5,0.5,	0.5,0.5,	0.5,0.5,	0.5,0.5,	0.5,0.5,	0.502409,0.497591,	1,	1,	1,	1,	1,	1,	1,	1,	1,	
0.5,0.5,	0.5,0.5,	0.5,0.5,	0.5,0.5,	0.5,0.5,	0.5,0.5,	0.5,0.5,	0.5,0.5,	0.502409,0.497591,	1,	1,	1,	1,	1,	1,	1,	1,	1,	
0.5,0.5,	0.5,0.5,	0.5,0.5,	0.5,0.5,	0.5,0.5,	0.5,0.5,	0.5,0.5,	0.5,0.5,	0.502409,0.497591,	1,	1,	1,	1,	1,	1,	1,	1,	1,	
0.5,0.5,	0.5,0.5,	0.5,0.5,	0.5,0.5,	0.5,0.5,	0.5,0.5,	0.5,0.5,	0.5,0.5,	0.502409,0.497591,	1,	1,	1,	1,	1,	1,	1,	1,	1,	
0.5,0.5,	0.5,0.5,	0.5,0.5,	0.5,0.5,	0.5,0.5,	0.5,0.5,	0.5,0.5,	0.5,0.5,	0.502409,0.497591,	1,	1,	1,	1,	1,	1,	1,	1,	1,	
0.5,0.5,	0.5,0.5,	0.5,0.5,	0.5,0.5,	0.5,0.5,	0.5,0.5,	0.5,0.5,	0.5,0.5,	0.502409,0.497591,	1,	1,	1,	1,	1,	1,	1,	1,	1,	
0.5,0.5,	0.5,0.5,	0.5,0.5,	0.5,0.5,	0.5,0.5,	0.5,0.5,	0.5,0.5,	0.5,0.5,	0.502409,0.497591,	1,	1,	1,	1,	1,	1,	1,	1,	1,	
0.5,0.5,	0.5,0.5,	0.5,0.5,	0.5,0.5,	0.5,0.5,	0.5,0.5,	0.5,0.5,	0.5,0.5,	0.502409,0.497591,	1,	1,	1,	1,	1,	1,	1,	1,	1,	
0.5,0.5,	0.5,0.5,	0.5,0.5,	0.5,0.5,	0.5,0.5,	0.5,0.5,	0.5,0.5,	0.5,0.5,	0.502409,0.497591,	1,	1,	1,	1,	1,	1,	1,	1,	1,	
0.5,0.5,	0.5,0.5,	0.5,0.5,	0.5,0.5,	0.5,0.5,	0.5,0.5,	0.5,0.5,	0.5,0.5,	0.502409,0.497591,	1,	1,	1,	1,	1,	1,	1,	1,	1,	
0.5,0.5,	0.5,0.5,	0.5,0.5,	0.5,0.5,	0.5,0.5,	0.5,0.5,	0.5,0.5,	0.5,0.5,	0.502409,0.497591,	1,	1,	1,	1,	1,	1,	1,	1,	1,	
0.5,0.5,	0.5,0.5,	0.5,0.5,	0.5,0.5,	0.5,0.5,	0.5,0.5,	0.5,0.5,	0.5,0.5,	0.502409,0.497591,	1,	1,	1,	1,	1,	1,	1,	1,	1,	
0.5,0.5,	0.5,0.5,	0.5,0.5,	0.5,0.5,	0.5,0.5,	0.5,0.5,	0.5,0.5,	0.5,0.5,	0.502409,0.497591,	1,	1,	1,	1,	1,	1,	1,	1,	1,	
0.5,0.5,	0.5,0.5,	0.5,0.5,	0.5,0.5,	0.5,0.5,	0.5,0.5,	0.5,0.5,	0.5,0.5,	0.502409,0.497591,	1,	1,	1,	1,	1,	1,	1,	1,	1,	
0.5,0.5,	0.5,0.5,	0.5,0.5,	0.5,0.5,	0.5,0.5,	0.5,0.5,	0.5,0.5,	0.5,0.5,	0.502409,0.497591,	1,	1,	1,	1,	1,	1,	1,	1,	1,	
0.5,0.5,	0.5,0.5,	0.5,0.5,	0.5,0.5,	0.5,0.5,	0.5,0.5,	0.5,0.5,	0.5,0.5,	0.502409,0.497591,	1,	1,	1,	1,	1,	1,	1,	1,	1,	
0.5,0.5,	0.5,0.5,	0.5,0.5,	0.5,0.5,	0.5,0.5,	0.5,0.5,	0.5,0.5,	0.5,0.5,	0.502409,0.497591,	1,	1,	1,	1,	1,	1,	1,	1,	1,	
0.5,0.5,	0.5,0.5,	0.5,0.5,	0.5,0.5,	0.5,0.5,	0.5,0.5,	0.5,0.5,	0.5,0.5,	0.502409,0.497591,	1,	1,	1,	1,	1,	1,	1,	1,	1,	
0.5,0.5,	0.5,0.5,	0.5,0.5,	0.5,0.5,	0.5,0.5,	0.5,0.5,	0.5,0.5,	0.5,0.5,	0.502409,0.497591,	1,	1,	1,	1,	1,	1,	1,	1,	1,	
0.5,0.5,	0.5,0.5,	0.5,0.5,	0.5,0.5,	0.5,0.5,	0.5,0.5,	0.5,0.5,	0.5,0.5,	0.502409,0.497591,	1,	1,	1,	1,	1,	1,	1,	1,	1,	
0.5,0.5,	0.5,0.5,	0.5,0.5,	0.5,0.5,	0.5,0.5,	0.5,0.5,	0.5,0.5,	0.5,0.5,	0.502409,0.497591,	1,	1,	1,	1,	1,	1,	1,	1,	1,	
