k=0_act,k=1_act,k=2_act,k=3_act,k=4_act,k=5_act,k=6_act,k=7_act,k=8_act,k=0_wait,k=1_wait,k=2_wait,k=3_wait,k=4_wait,k=5_wait,k=6_wait,k=7_wait,k=8_wait,	k=0_act,k=1_act,k=2_act,k=3_act,k=4_act,k=5_act,k=6_act,k=7_act,k=8_act,k=0_wait,k=1_wait,k=2_wait,k=3_wait,k=4_wait,k=5_wait,k=6_wait,k=7_wait,k=8_wait,	k=0_act,k=1_act,k=2_act,k=3_act,k=4_act,k=5_act,k=6_act,k=7_act,k=8_act,k=0_wait,k=1_wait,k=2_wait,k=3_wait,k=4_wait,k=5_wait,k=6_wait,k=7_wait,k=8_wait,	
17.2601,4.47825,1.70836,0.614675,8.15116,8.9353,12.0952,8.34816,15.3701,17.1599,7.56672,6.16531,15.178,16.0323,17.5327,2.81874,2.80402,10.3963,	1.21413,2.22426,2.74228,5.56314,16.9053,14.5755,18.9291,11.9954,12.5092,6.11087,4.79962,18.8485,10.3022,6.28629,16.7587,18.179,1.3694,17.4844,	18.6849,18.3793,5.43848,15.8816,19.4331,19.2677,4.09365,18.369,17.2193,4.54322,3.65286,14.528,16.6993,11.1292,15.8709,2.91896,5.79112,13.6344,	
17.2601,4.53234,2.72546,3.26119,8.66247,8.51825,7.99723,7.14164,7.09289,16.8462,7.4622,5.27583,8.79364,8.85125,8.46499,8.17926,6.68649,7.15746,	1.21413,2.22426,2.74228,5.56314,16.9053,14.5755,18.9291,11.9954,1.07266,6.11087,4.79962,18.8485,10.3022,6.28629,16.7587,18.179,1.3694,1.015,	18.6849,13.1702,14.0686,15.1514,12.7143,9.68323,6.16206,3.69284,0.208528,4.54322,11.0203,12.4464,15.5364,13.6614,9.81596,7.18013,3.98969,8.61808,	
17.2601,4.5542,2.97625,4.31246,8.26536,7.59414,6.97841,6.22126,6.0785,16.8462,7.43602,5.11609,7.4268,8.35213,7.63492,7.23917,5.99004,6.08363,	1.21413,2.22426,2.74228,5.56314,16.9053,14.5755,18.9291,11.9954,0.358274,6.11087,4.79962,18.8485,10.3022,6.28629,16.7587,18.179,1.3694,0.349995,	18.6849,13.3839,14.5984,14.0909,11.2832,7.43495,4.61843,2.29814,0.0560073,4.54322,11.5132,12.8813,14.4303,11.8403,7.40731,6.47691,2.31689,6.50276,	
17.2601,4.56694,3.19232,4.48338,7.99871,7.2608,6.45335,5.70649,5.64064,16.8462,7.43602,4.91473,7.1666,8.06006,7.45141,6.71794,5.6003,5.65419,	1.21413,2.22426,2.74228,5.56314,16.9053,14.5755,18.9291,11.9954,0.207104,6.11087,4.79962,18.8485,10.3022,6.28629,16.7587,18.179,1.3694,0.202699,	18.6849,13.6412,14.5781,13.4522,10.5127,6.47021,4.07196,1.84567,0.0350216,4.54322,11.7203,13.0784,13.7667,10.7201,6.41664,6.06313,1.85243,5.70332,	
17.2601,4.56694,3.23252,4.52155,7.90375,7.11287,6.1842,5.63561,5.44894,16.8462,7.43602,4.87603,7.10173,7.95742,7.1803,6.38479,5.68579,5.4629,	1.21413,2.22426,2.74228,5.56314,16.9053,14.5755,18.9291,11.9954,0.159949,6.11087,4.79962,18.8485,10.3022,6.28629,16.7587,18.179,1.3694,0.158125,	18.6849,13.7799,14.5173,13.0799,9.91904,5.85658,3.85249,1.72611,0.0311611,4.54322,11.8448,13.2014,13.2439,9.99447,5.80547,5.96999,1.7172,5.4775,	
17.2601,4.56694,3.27223,4.54579,7.85711,6.93047,6.01391,5.43928,5.28086,16.8462,7.43602,4.83909,7.05387,7.83441,7.01064,6.17823,5.44653,5.29952,	1.21413,2.22426,2.74228,5.56314,16.9053,14.5755,18.9291,11.9954,0.127217,6.11087,4.79962,18.8485,10.3022,6.28629,16.7587,18.179,1.3694,0.125811,	18.6849,13.8575,14.4558,12.7623,9.45675,5.4526,3.68386,1.62568,0.0278366,4.54322,11.9134,13.2551,12.8415,9.49792,5.40179,5.81431,1.62726,5.15541,	
17.2601,4.56694,3.27332,4.59921,7.7741,6.77846,5.81682,5.23888,5.06789,16.8462,7.43602,4.83909,6.96949,7.77199,6.85638,5.96086,5.23964,5.08766,	1.21413,2.22426,2.74228,5.56314,16.9053,14.5755,18.9291,11.9954,0.10215,6.11087,4.79962,18.8485,10.3022,6.28629,16.7587,18.179,1.3694,0.100341,	18.6849,13.9018,14.4146,12.4346,9.0483,5.142,3.56797,1.54484,0.0248424,4.54322,11.9642,13.2694,12.4535,9.02965,5.10197,5.69591,1.54478,4.75621,	
17.2601,4.57137,3.29119,4.96893,7.71584,6.69266,5.63964,5.07881,4.91472,16.8462,7.43369,4.82581,6.55512,7.71754,6.77782,5.78441,5.07466,4.9262,	1.21413,2.22426,2.74228,5.56314,16.9053,14.5755,18.9291,11.9954,0.0855994,6.11087,4.79962,18.8485,10.3022,6.28629,16.7587,18.179,1.3694,0.0843059,	18.6849,13.9558,14.3135,12.1017,8.67422,5.02493,3.47478,1.46293,0.0234698,4.54322,12.03,13.3062,12.1034,8.62084,4.98324,5.49173,1.45459,4.56788,	
17.2601,4.57137,3.2966,4.96415,7.67432,6.62353,5.56387,5.02279,4.8366,16.8462,7.43369,4.82581,6.55212,7.66856,6.69676,5.64987,5.06685,4.83427,	1.21413,2.22426,2.74228,5.56314,16.9053,14.5755,18.9291,11.9954,0.077789,6.11087,4.79962,18.8485,10.3022,6.28629,16.7587,18.179,1.3694,0.0768156,	18.6849,13.9726,14.2491,11.9301,8.35508,4.91896,3.4388,1.4308,0.0231536,4.54322,12.0808,13.3244,11.9213,8.30762,4.87387,5.44961,1.42103,4.52198,	
17.2601,4.57138,3.2966,4.96389,7.62127,6.61503,5.47648,4.9583,4.79233,16.8462,7.43368,4.82581,6.54698,7.62638,6.68539,5.59358,5.00276,4.79448,	1.21413,2.22426,2.74228,5.56314,16.9053,14.5755,18.9291,11.9954,0.0725063,6.11087,4.79962,18.8485,10.3022,6.28629,16.7587,18.179,1.3694,0.0717074,	18.6849,14.0073,14.176,11.6723,8.15837,4.82599,3.45146,1.41896,0.0227912,4.54322,12.1326,13.3406,11.5801,8.12545,4.78658,5.40065,1.41324,4.52198,	
17.2601,4.57138,3.2966,4.96505,7.6099,6.55488,5.38407,4.86397,4.69293,16.8462,7.43368,4.82581,6.5448,7.61328,6.62554,5.49119,4.93485,4.7113,	1.21413,2.22426,2.74228,5.56314,16.9053,14.5755,18.9291,11.9954,0.0662313,6.11087,4.79962,18.8485,10.3022,6.28629,16.7587,18.179,1.3694,0.0653573,	18.6849,14.0488,14.1129,11.4897,7.97591,4.7146,3.41829,1.39106,0.0222964,4.54322,12.1963,13.3406,11.4463,7.92119,4.66194,5.33955,1.38059,4.43199,	
17.2601,4.57138,3.31533,4.97437,7.60873,6.51039,5.35681,4.82028,4.6341,16.8462,7.43368,4.81563,6.5125,7.61196,6.56787,5.44589,4.86174,4.63664,	1.21413,2.22426,2.74228,5.56314,16.9053,14.5755,18.9291,11.9954,0.0625381,6.11087,4.79962,18.8485,10.3022,6.28629,16.7587,18.179,1.3694,0.0617007,	18.6849,14.0682,14.0785,11.3486,7.86052,4.68167,3.4011,1.3734,0.0219134,4.54322,12.2305,13.3406,11.2791,7.78893,4.6329,5.31767,1.36571,4.38745,	
17.2601,4.57138,3.31533,4.99148,7.53127,6.47498,5.32233,4.77554,4.5821,16.8462,7.43368,4.81563,6.47952,7.53544,6.5317,5.40425,4.83425,4.58642,	1.21413,2.22426,2.74228,5.56314,16.9053,14.5755,18.9291,11.9954,0.0581977,6.11087,4.79962,18.8485,10.3022,6.28629,16.7587,18.179,1.3694,0.0577061,	18.6849,14.086,14.0242,11.1929,7.63675,4.62747,3.37119,1.35364,0.0217026,4.54322,12.2617,13.3466,11.146,7.5928,4.58412,5.27627,1.34253,4.34336,	
17.2601,4.57138,3.31538,4.99155,7.52093,6.43401,5.25369,4.71492,4.46784,16.8462,7.43368,4.81562,6.47933,7.51784,6.52039,5.35453,4.75075,4.46338,	1.21413,2.22426,2.74228,5.56314,16.9053,14.5755,18.9291,11.9954,0.0544977,6.11087,4.79962,18.8485,10.3022,6.28629,16.7587,18.179,1.3694,0.0536171,	18.6849,14.086,14.0055,11.1385,7.49466,4.54922,3.35897,1.33893,0.0210293,4.54322,12.2617,13.352,11.1108,7.43145,4.50613,5.25497,1.32617,4.21457,	
17.2601,4.57138,3.31545,5.0137,7.47688,6.4003,5.1831,4.63577,4.44262,16.8462,7.42342,4.82047,6.44106,7.47442,6.45687,5.26894,4.6858,4.45095,	1.21413,2.22426,2.74228,5.56314,16.9053,14.5755,18.9291,11.9954,0.0502544,6.11087,4.79962,18.8485,10.3022,6.28629,16.7587,18.179,1.3694,0.0495841,	18.6849,14.1095,13.89,10.9338,7.41794,4.45909,3.32557,1.31137,0.0206389,4.54322,12.3119,13.3599,10.8599,7.35678,4.41924,5.19575,1.30381,4.17221,	
17.2601,4.57138,3.31573,5.02161,7.44665,6.36903,5.17351,4.59316,4.41897,16.8462,7.42342,4.82045,6.42412,7.44296,6.40071,5.21786,4.6704,4.42177,	1.21413,2.22426,2.74228,5.56314,16.9053,14.5755,18.9291,11.9954,0.0477677,6.11087,4.79962,18.8485,10.3022,6.28629,16.7587,18.179,1.3694,0.0473045,	18.6849,14.1226,13.8312,10.7417,7.26336,4.41981,3.31154,1.30609,0.0205168,4.54322,12.3369,13.3638,10.7,7.20307,4.38528,5.17684,1.29724,4.17221,	
17.2601,4.57274,3.31582,5.02149,7.44159,6.35549,5.12951,4.57163,4.40246,16.8462,7.42202,4.82045,6.42402,7.43612,6.3873,5.1885,4.65601,4.40747,	1.21413,2.22426,2.74228,5.56314,16.9053,14.5755,18.9291,11.9954,0.0465617,6.11087,4.79962,18.8485,10.3022,6.28629,16.7587,18.179,1.3694,0.0461011,	18.6849,14.1283,13.77,10.6401,7.19714,4.41824,3.31123,1.3001,0.020509,4.54322,12.3499,13.3565,10.5677,7.13227,4.3834,5.17684,1.29029,4.17221,	
17.2601,4.57274,3.31582,5.02152,7.41533,6.32778,5.09773,4.54695,4.36497,16.8462,7.42202,4.82044,6.42397,7.42607,6.3568,5.14851,4.65478,4.34914,	1.21413,2.22426,2.74228,5.56314,16.9053,14.5755,18.9291,11.9954,0.0443867,6.11087,4.79962,18.8485,10.3022,6.28629,16.7587,18.179,1.3694,0.0442146,	18.6849,14.1433,13.6624,10.4385,7.11758,4.39546,3.30118,1.29571,0.0204057,4.54322,12.3987,13.3491,10.3655,7.05521,4.35888,5.15777,1.28696,4.13028,	
17.2601,4.57274,3.31627,5.02387,7.40237,6.29039,5.04089,4.50107,4.33112,16.8462,7.42202,4.82044,6.40982,7.40697,6.31245,5.06528,4.59059,4.33764,	1.21413,2.22426,2.74228,5.56314,16.9053,14.5755,18.9291,11.9954,0.0418463,6.11087,4.79962,18.8485,10.3022,6.28629,16.7587,18.179,1.3694,0.0412462,	18.6849,14.1557,13.5722,10.2381,7.08987,4.35296,3.26203,1.26983,0.0199226,4.54322,12.4377,13.3509,10.144,7.02306,4.31384,5.07977,1.26224,4.13028,	
17.2601,4.57274,3.31627,5.0267,7.39874,6.23688,5.01527,4.50424,4.30907,16.8462,7.42202,4.82044,6.39874,7.40223,6.26947,5.0478,4.52529,4.3039,	1.21413,2.22426,2.74228,5.56314,16.9053,14.5755,18.9291,11.9954,0.0403174,6.11087,4.79962,18.8485,10.3022,6.28629,16.7587,18.179,1.3694,0.0399247,	18.6849,14.1557,13.5484,10.1874,7.01013,4.3192,3.25824,1.26081,0.019708,4.54322,12.4377,13.3524,10.098,6.95118,4.28028,5.07977,1.25232,4.13028,	
17.2601,4.57274,3.31627,5.03478,7.36006,6.19901,5.01246,4.49537,4.30056,16.8462,7.42202,4.82044,6.38792,7.36051,6.23378,5.06044,4.51849,4.30527,	1.21413,2.22426,2.74228,5.56314,16.9053,14.5755,18.9291,11.9954,0.0392615,6.11087,4.79962,18.8485,10.3022,6.28629,16.7587,18.179,1.3694,0.0389855,	18.6849,14.1617,13.5009,10.0466,6.95266,4.31785,3.2582,1.25725,0.0196324,4.54322,12.463,13.3524,9.98867,6.90088,4.27913,5.07977,1.24726,4.13028,	
17.2601,4.57274,3.31627,5.03478,7.30985,6.20199,4.99229,4.46655,4.25234,16.8462,7.42202,4.82044,6.38792,7.31007,6.21564,5.04722,4.50358,4.26276,	1.21413,2.22426,2.74228,5.56314,16.9053,14.5755,18.9291,11.9954,0.0377675,6.11087,4.79962,18.8485,10.3022,6.28629,16.7587,18.179,1.3694,0.0374206,	18.6849,14.1617,13.4277,9.96642,6.8509,4.3176,3.24827,1.25121,0.0196324,4.54322,12.463,13.3457,9.91974,6.81121,4.27894,5.06107,1.24101,4.00701,	
17.2601,4.57274,3.31627,5.03478,7.30896,6.19953,4.92757,4.41905,4.20704,16.8462,7.42202,4.82044,6.38792,7.30867,6.21412,5.01121,4.51382,4.19722,	1.21413,2.22426,2.74228,5.56314,16.9053,14.5755,18.9291,11.9954,0.0365567,6.11087,4.79962,18.8485,10.3022,6.28629,16.7587,18.179,1.3694,0.0360594,	18.6849,14.1653,13.379,9.85408,6.84241,4.29817,3.24827,1.24593,0.0192402,4.54322,12.4872,13.3457,9.77018,6.79749,4.25553,5.06107,1.234,3.92766,	
17.2601,4.57277,3.31629,5.03481,7.295,6.15899,4.90683,4.36575,4.16739,16.8462,7.42202,4.82042,6.38772,7.29489,6.18099,4.99488,4.43886,4.16476,	1.21413,2.22426,2.74228,5.56314,16.9053,14.5755,18.9291,11.9954,0.0347302,6.11087,4.79962,18.8485,10.3022,6.28629,16.7587,18.179,1.3694,0.0343754,	18.6849,14.1653,13.3274,9.69296,6.74284,4.29543,3.22829,1.23429,0.0189382,4.54322,12.4872,13.3428,9.62184,6.68559,4.25493,5.02426,1.22501,3.88819,	
17.2601,4.57276,3.31632,5.03491,7.28815,6.13447,4.91076,4.34531,4.16767,16.8462,7.42202,4.82042,6.38753,7.28811,6.16326,4.9651,4.40339,4.16117,	1.21413,2.22426,2.74228,5.56314,16.9053,14.5755,18.9291,11.9954,0.0340366,6.11087,4.79962,18.8485,10.3022,6.28629,16.7587,18.179,1.3694,0.0336966,	18.6849,14.1653,13.301,9.65028,6.70395,4.27593,3.21826,1.23074,0.0188245,4.54322,12.4872,13.3406,9.5783,6.64814,4.23287,5.00566,1.22237,3.88819,	
17.2601,4.57276,3.31632,5.03493,7.28795,6.09811,4.91374,4.33234,4.15271,16.8462,7.42202,4.82042,6.38751,7.28792,6.14877,4.94549,4.39387,4.14603,	1.21413,2.22426,2.74228,5.56314,16.9053,14.5755,18.9291,11.9954,0.0335309,6.11087,4.79962,18.8485,10.3022,6.28629,16.7587,18.179,1.3694,0.0331997,	18.6849,14.1653,13.301,9.61904,6.66065,4.25152,3.21826,1.23074,0.0188245,4.54322,12.4872,13.3406,9.54661,6.59692,4.21508,5.00566,1.22237,3.88819,	
17.2601,4.57276,3.31632,5.03493,7.28275,6.09746,4.8335,4.23792,4.06279,16.8462,7.42202,4.82042,6.33283,7.28334,6.12984,4.90994,4.34614,4.06225,	1.21413,2.22426,2.74228,5.56314,16.9053,14.5755,18.9291,11.9954,0.0311728,6.11087,4.79962,18.8485,10.3022,6.28629,16.7587,18.179,1.3694,0.0307729,	18.6849,14.1663,13.2501,9.50076,6.65212,4.21343,3.19666,1.21384,0.0180158,4.54322,12.4979,13.3406,9.41482,6.5894,4.16939,4.9127,1.20507,3.69743,	
17.2601,4.57276,3.31632,5.03493,7.26859,6.06569,4.83761,4.23399,4.06616,16.8462,7.42202,4.82042,6.33283,7.26883,6.09341,4.89365,4.33456,4.06307,	1.21413,2.22426,2.74228,5.56314,16.9053,14.5755,18.9291,11.9954,0.0304935,6.11087,4.79962,18.8485,10.3022,6.28629,16.7587,18.179,1.3694,0.0302332,	18.6849,14.1665,13.2224,9.43728,6.61359,4.21343,3.18682,1.20436,0.0179656,4.54322,12.5139,13.3406,9.36307,6.56565,4.16939,4.89522,1.19351,3.69743,	
17.2601,4.57276,3.31632,5.03689,7.26778,6.052,4.8123,4.22457,4.03387,16.8462,7.42202,4.82042,6.33029,7.26802,6.07717,4.8808,4.30507,4.03855,	1.21413,2.22426,2.74228,5.56314,16.9053,14.5755,18.9291,11.9954,0.0298495,6.11087,4.79962,18.8485,10.3022,6.28629,16.7587,18.179,1.3694,0.0294616,	18.6849,14.1665,13.1938,9.36315,6.60037,4.19603,3.19367,1.19899,0.0179282,4.54322,12.5139,13.3388,9.28433,6.55124,4.15486,4.86033,1.18963,3.66027,	
17.2601,4.57276,3.31632,5.03735,7.25939,6.02891,4.79239,4.22425,4.02782,16.8462,7.42202,4.82042,6.29813,7.23662,6.06025,4.83834,4.31494,4.02657,	1.21413,2.22426,2.74228,5.56314,16.9053,14.5755,18.9291,11.9954,0.0288807,6.11087,4.79962,18.8485,10.3022,6.28629,16.7587,18.179,1.3694,0.028616,	18.6849,14.1655,13.1369,9.27453,6.59871,4.16061,3.17832,1.18841,0.0177732,4.54322,12.5446,13.3388,9.19319,6.55009,4.12139,4.84222,1.17894,3.66027,	
17.2601,4.57276,3.31633,5.03735,7.24891,6.02285,4.76104,4.18634,3.99406,16.8462,7.42202,4.82041,6.29813,7.23333,6.04178,4.82342,4.29841,3.98413,	1.21413,2.22426,2.74228,5.56314,16.9053,14.5755,18.9291,11.9954,0.0280613,6.11087,4.79962,18.8485,10.3022,6.28629,16.7587,18.179,1.3694,0.0277486,	18.6849,14.1645,13.1081,9.23222,6.51703,4.12735,3.17831,1.18841,0.0175955,4.54322,12.5601,13.3388,9.14546,6.46186,4.09299,4.84222,1.17893,3.62385,	
17.2601,4.57276,3.31633,5.07178,7.23991,6.02223,4.72489,4.18134,3.97365,16.8462,7.42202,4.82041,6.26043,7.22916,6.03988,4.80066,4.26903,3.9691,	1.21413,2.22426,2.74228,5.56314,16.9053,14.5755,18.9291,11.9954,0.0274878,6.11087,4.79962,18.8485,10.3022,6.28629,16.7587,18.179,1.3694,0.0272211,	18.6849,14.1645,13.1081,9.1718,6.45275,4.12646,3.17827,1.18316,0.0175845,4.54322,12.5601,13.3388,9.10341,6.3953,4.09151,4.84222,1.17301,3.62385,	
17.2601,4.57276,3.31904,5.08907,7.21867,6.02265,4.70413,4.13344,3.95081,16.8462,7.42202,4.82041,6.22893,7.21474,6.05731,4.80301,4.2401,3.92255,	1.21413,2.22426,2.74228,5.56314,16.9053,14.5755,18.9291,11.9954,0.0267604,6.11087,4.79962,18.8485,10.3022,6.28629,16.7587,18.179,1.3694,0.0263341,	18.6849,14.1634,13.0506,9.11837,6.41211,4.12646,3.17827,1.17884,0.0173431,4.54322,12.5673,13.3356,9.07443,6.35574,4.09151,4.84222,1.16946,3.51604,	
17.2601,4.57276,3.31904,5.08907,7.21831,5.97964,4.71462,4.13132,3.946,16.8462,7.42202,4.82041,6.22852,7.16664,5.99902,4.7511,4.2489,3.93923,	1.21413,2.22426,2.74228,5.56314,16.9053,14.5755,18.9291,11.9954,0.0258929,6.11087,4.79962,18.8485,10.3022,6.28629,16.7587,18.179,1.3694,0.0256432,	18.6849,14.1596,12.9924,9.0625,6.35392,4.12646,3.16835,1.16341,0.017227,4.54322,12.5936,13.3356,9.01135,6.30143,4.09151,4.82496,1.15706,3.51604,	
17.2601,4.57276,3.31905,5.08909,7.21831,5.96637,4.72336,4.13234,3.93351,16.8462,7.42202,4.82041,6.22849,7.16664,5.97348,4.75056,4.24793,3.90322,	1.21413,2.22426,2.74228,5.56314,16.9053,14.5755,18.9291,11.9954,0.0256684,6.11087,4.79962,18.8485,10.3022,6.28629,16.7587,18.179,1.3694,0.0253569,	18.6849,14.1596,12.9924,9.0625,6.31886,4.12645,3.16835,1.16341,0.0170547,4.54322,12.5936,13.3356,9.01135,6.27368,4.09151,4.82496,1.15706,3.48105,	
17.2601,4.57276,3.31905,5.08909,7.21734,5.94393,4.67146,4.12748,3.92692,16.8462,7.42202,4.82041,6.22849,7.1668,5.9618,4.73792,4.188,3.92392,	1.21413,2.22426,2.74228,5.56314,16.9053,14.5755,18.9291,11.9954,0.0251068,6.11087,4.79962,18.8485,10.3022,6.28629,16.7587,18.179,1.3694,0.0246664,	18.6849,14.1574,12.9636,9.03682,6.30213,4.0865,3.15837,1.15761,0.0168686,4.54322,12.6057,13.3356,8.99338,6.25277,4.0501,4.80792,1.15109,3.48105,	
17.2601,4.57276,3.31905,5.08909,7.21734,5.92865,4.67834,4.12041,3.92917,16.8462,7.42202,4.82041,6.22849,7.1668,5.94842,4.73002,4.19816,3.92897,	1.21413,2.22426,2.74228,5.56314,16.9053,14.5755,18.9291,11.9954,0.0249356,6.11087,4.79962,18.8485,10.3022,6.28629,16.7587,18.179,1.3694,0.0245919,	18.6849,14.1548,12.9341,8.99721,6.30183,4.0865,3.15837,1.15761,0.0168686,4.54322,12.6205,13.3356,8.94505,6.25236,4.0501,4.80792,1.15109,3.48105,	
17.2601,4.57276,3.31905,5.08909,7.21734,5.92865,4.67834,4.12041,3.92917,16.8462,7.42202,4.82041,6.22849,7.1668,5.94842,4.73002,4.19816,3.92897,	1.21413,2.22426,2.74228,5.56314,16.9053,14.5755,18.9291,11.9954,0.0249356,6.11087,4.79962,18.8485,10.3022,6.28629,16.7587,18.179,1.3694,0.0245919,	18.6849,14.1548,12.9341,8.99721,6.30183,4.0865,3.15837,1.15761,0.0168686,4.54322,12.6205,13.3356,8.94505,6.25236,4.0501,4.80792,1.15109,3.48105,	
17.2601,4.57276,3.31932,5.08909,7.17459,5.93422,4.67313,4.09597,3.91441,16.8462,7.42202,4.82,6.22781,7.16136,5.93917,4.71177,4.18841,3.91317,	1.21413,2.22426,2.74228,5.56314,16.9053,14.5755,18.9291,11.9954,0.0243751,6.11087,4.79962,18.8485,10.3022,6.28629,16.7587,18.179,1.3694,0.0241778,	18.6849,14.1548,12.9049,8.97609,6.2517,4.0667,3.15823,1.15241,0.0168655,4.54322,12.6205,13.329,8.92011,6.20448,4.03008,4.80792,1.14485,3.48105,	
17.2601,4.57276,3.31932,5.08909,7.16652,5.92256,4.67387,4.05377,3.86584,16.8462,7.42202,4.82,6.22781,7.15714,5.92266,4.70509,4.17839,3.8647,	1.21413,2.22426,2.74228,5.56314,16.9053,14.5755,18.9291,11.9954,0.0238718,6.11087,4.79962,18.8485,10.3022,6.28629,16.7587,18.179,1.3694,0.023489,	18.6849,14.1548,12.9049,8.94088,6.2517,4.04314,3.15823,1.15241,0.0166969,4.54322,12.6205,13.329,8.86645,6.20447,4.01347,4.80792,1.14485,3.37748,	
17.2601,4.57276,3.31932,5.08909,7.16652,5.87144,4.67126,4.03557,3.84477,16.8462,7.42202,4.82,6.22781,7.15542,5.89243,4.6935,4.15698,3.84021,	1.21413,2.22426,2.74228,5.56314,16.9053,14.5755,18.9291,11.9954,0.0232223,6.11087,4.79962,18.8485,10.3022,6.28629,16.7587,18.179,1.3694,0.022978,	18.6849,14.1548,12.8761,8.90098,6.25169,4.00436,3.15823,1.14724,0.0166929,4.54322,12.6205,13.3191,8.82157,6.20447,3.97241,4.80792,1.13884,3.34354,	
17.2601,4.57276,3.31932,5.08909,7.16652,5.87144,4.67126,4.03557,3.84477,16.8462,7.42202,4.82,6.22781,7.15542,5.89243,4.6935,4.15698,3.84021,	1.21413,2.22426,2.74228,5.56314,16.9053,14.5755,18.9291,11.9954,0.0232223,6.11087,4.79962,18.8485,10.3022,6.28629,16.7587,18.179,1.3694,0.022978,	18.6849,14.1548,12.8761,8.90098,6.25169,4.00436,3.15823,1.14724,0.0166929,4.54322,12.6205,13.3191,8.82157,6.20447,3.97241,4.80792,1.13884,3.34354,	
17.2601,4.57276,3.31932,5.11099,7.14243,5.84641,4.66741,4.04199,3.80041,16.8462,7.42202,4.82,6.1991,7.13907,5.82886,4.69602,4.15841,3.81401,	1.21413,2.22426,2.74228,5.56314,16.9053,14.5755,18.9291,11.9954,0.0225418,6.11087,4.79962,18.8485,10.3022,6.28629,16.7587,18.179,1.3694,0.0223008,	18.6849,14.1516,12.8483,8.8554,6.24465,3.98503,3.15823,1.13473,0.0165445,4.54322,12.6257,13.3191,8.80304,6.19647,3.95214,4.80792,1.12643,3.30994,	
17.2601,4.57276,3.31932,5.11099,7.14242,5.84641,4.6588,4.02722,3.80739,16.8462,7.42202,4.82,6.1991,7.13907,5.82886,4.69534,4.14934,3.8022,	1.21413,2.22426,2.74228,5.56314,16.9053,14.5755,18.9291,11.9954,0.0224186,6.11087,4.79962,18.8485,10.3022,6.28629,16.7587,18.179,1.3694,0.0222017,	18.6849,14.1516,12.8483,8.8242,6.24464,3.98503,3.15823,1.13473,0.0165445,4.54322,12.6257,13.3191,8.74655,6.19646,3.95214,4.80792,1.12643,3.30994,	
17.2601,4.57276,3.31932,5.11099,7.14242,5.84641,4.6588,4.02722,3.80739,16.8462,7.42202,4.82,6.1991,7.13907,5.82886,4.69534,4.14934,3.8022,	1.21413,2.22426,2.74228,5.56314,16.9053,14.5755,18.9291,11.9954,0.0224186,6.11087,4.79962,18.8485,10.3022,6.28629,16.7587,18.179,1.3694,0.0222017,	18.6849,14.1516,12.8483,8.8242,6.24464,3.98503,3.15823,1.13473,0.0165445,4.54322,12.6257,13.3191,8.74655,6.19646,3.95214,4.80792,1.12643,3.30994,	
17.2601,4.57276,3.31932,5.11099,7.14242,5.84641,4.6588,4.02722,3.80739,16.8462,7.42202,4.82,6.1991,7.13907,5.82886,4.69534,4.14934,3.8022,	1.21413,2.22426,2.74228,5.56314,16.9053,14.5755,18.9291,11.9954,0.0224186,6.11087,4.79962,18.8485,10.3022,6.28629,16.7587,18.179,1.3694,0.0222017,	18.6849,14.1516,12.8483,8.8242,6.24464,3.98503,3.15823,1.13473,0.0165445,4.54322,12.6257,13.3191,8.74655,6.19646,3.95214,4.80792,1.12643,3.30994,	
17.2601,4.57276,3.31932,5.11103,7.14184,5.79347,4.67406,4.0209,3.80786,16.8462,7.42202,4.82,6.19904,7.13859,5.80747,4.68791,4.12422,3.80768,	1.21413,2.22426,2.74228,5.56314,16.9053,14.5755,18.9291,11.9954,0.0220851,6.11087,4.79962,18.8485,10.3022,6.28629,16.7587,18.179,1.3694,0.0218746,	18.6849,14.1516,12.8178,8.77789,6.24464,3.98503,3.14809,1.12487,0.0165236,4.54322,12.6257,13.3138,8.70577,6.19646,3.95214,4.79081,1.11537,3.30994,	
17.2601,4.57276,3.31932,5.11103,7.14184,5.79347,4.67406,4.0209,3.80786,16.8462,7.42202,4.82,6.19904,7.13859,5.80747,4.68791,4.12422,3.80768,	1.21413,2.22426,2.74228,5.56314,16.9053,14.5755,18.9291,11.9954,0.0220851,6.11087,4.79962,18.8485,10.3022,6.28629,16.7587,18.179,1.3694,0.0218746,	18.6849,14.1516,12.8178,8.77789,6.24464,3.98503,3.14809,1.12487,0.0165236,4.54322,12.6257,13.3138,8.70577,6.19646,3.95214,4.79081,1.11537,3.30994,	
17.2601,4.57276,3.31932,5.11103,7.11622,5.79708,4.64928,4.0176,3.81204,16.8462,7.42202,4.82,6.19904,7.11546,5.80057,4.67994,4.12368,3.81171,	1.21413,2.22426,2.74228,5.56314,16.9053,14.5755,18.9291,11.9954,0.0217695,6.11087,4.79962,18.8485,10.3022,6.28629,16.7587,18.179,1.3694,0.0215851,	18.6849,14.1478,12.7886,8.73532,6.21449,3.96783,3.14809,1.12487,0.0165236,4.54322,12.6341,13.3138,8.68401,6.16485,3.92997,4.79081,1.11537,3.30994,	
17.2601,4.57276,3.31932,5.11552,7.1063,5.76736,4.65895,4.01738,3.80644,16.8462,7.42202,4.82,6.19249,7.10587,5.76729,4.68536,4.12111,3.80417,	1.21413,2.22426,2.74228,5.56314,16.9053,14.5755,18.9291,11.9954,0.0215279,6.11087,4.79962,18.8485,10.3022,6.28629,16.7587,18.179,1.3694,0.0213522,	18.6849,14.1478,12.7886,8.6861,6.20721,3.96783,3.14809,1.12155,0.0164659,4.54322,12.6341,13.3138,8.64427,6.15854,3.92997,4.79081,1.11111,3.30994,	
17.2601,4.57276,3.31932,5.11552,7.1063,5.7549,4.65638,4.01415,3.80521,16.8462,7.42202,4.82,6.19249,7.10587,5.75681,4.68511,4.1192,3.79826,	1.21413,2.22426,2.74228,5.56314,16.9053,14.5755,18.9291,11.9954,0.0214102,6.11087,4.79962,18.8485,10.3022,6.28629,16.7587,18.179,1.3694,0.021257,	18.6849,14.1478,12.7886,8.6861,6.17783,3.96783,3.14809,1.12155,0.0164659,4.54322,12.6341,13.3138,8.64427,6.12655,3.92997,4.79081,1.11111,3.30994,	
17.2601,4.57276,3.31932,5.11553,7.09015,5.75435,4.62598,4.01069,3.79909,16.8462,7.42202,4.82,6.19249,7.09012,5.75227,4.63862,4.10966,3.79501,	1.21413,2.22426,2.74228,5.56314,16.9053,14.5755,18.9291,11.9954,0.0210333,6.11087,4.79962,18.8485,10.3022,6.28629,16.7587,18.179,1.3694,0.0207827,	18.6849,14.1478,12.7886,8.6861,6.12661,3.95135,3.14015,1.1175,0.016298,4.54322,12.6341,13.3138,8.64427,6.08069,3.91268,4.77782,1.10788,3.30994,	
17.2601,4.57276,3.31932,5.11561,7.08344,5.74424,4.6182,3.99579,3.79864,16.8462,7.42202,4.82,6.19239,7.0834,5.75149,4.63573,4.09487,3.78708,	1.21413,2.22426,2.74228,5.56314,16.9053,14.5755,18.9291,11.9954,0.0208158,6.11087,4.79962,18.8485,10.3022,6.28629,16.7587,18.179,1.3694,0.0205909,	18.6849,14.1478,12.7886,8.64636,6.11879,3.95134,3.14015,1.11398,0.0162968,4.54322,12.6341,13.3138,8.58272,6.07691,3.91267,4.77782,1.10435,3.30994,	
17.2601,4.57276,3.31932,5.11561,7.08344,5.74424,4.6182,3.99579,3.79864,16.8462,7.42202,4.82,6.19239,7.0834,5.75149,4.63573,4.09487,3.78708,	1.21413,2.22426,2.74228,5.56314,16.9053,14.5755,18.9291,11.9954,0.0208158,6.11087,4.79962,18.8485,10.3022,6.28629,16.7587,18.179,1.3694,0.0205909,	18.6849,14.1478,12.7886,8.64636,6.11879,3.95134,3.14015,1.11398,0.0162968,4.54322,12.6341,13.3138,8.58272,6.07691,3.91267,4.77782,1.10435,3.30994,	
17.2601,4.57276,3.31932,5.1348,7.07914,5.74184,4.61441,3.99185,3.79286,16.8462,7.42202,4.82,6.1657,7.07931,5.74335,4.62929,4.08785,3.78066,	1.21413,2.22426,2.74228,5.56314,16.9053,14.5755,18.9291,11.9954,0.0206301,6.11087,4.79962,18.8485,10.3022,6.28629,16.7587,18.179,1.3694,0.0203934,	18.6849,14.1478,12.7886,8.62561,6.11575,3.95134,3.13079,1.10953,0.0162009,4.54322,12.6341,13.3138,8.57038,6.07406,3.91267,4.76164,1.09998,3.2945,	
17.2601,4.57276,3.31932,5.1348,7.07914,5.74033,4.60956,3.98794,3.79263,16.8462,7.42202,4.82,6.1657,7.0793,5.74234,4.6284,4.08555,3.77938,	1.21413,2.22426,2.74228,5.56314,16.9053,14.5755,18.9291,11.9954,0.0205801,6.11087,4.79962,18.8485,10.3022,6.28629,16.7587,18.179,1.3694,0.0203575,	18.6849,14.1478,12.7886,8.62561,6.10642,3.95134,3.13079,1.10953,0.0162009,4.54322,12.6341,13.3138,8.57038,6.05783,3.91267,4.76164,1.09998,3.2945,	
17.2601,4.57276,3.31932,5.1348,7.07781,5.74045,4.60838,3.9697,3.79043,16.8462,7.42202,4.82,6.1657,7.07797,5.74192,4.62764,4.08159,3.78258,	1.21413,2.22426,2.74228,5.56314,16.9053,14.5755,18.9291,11.9954,0.020533,6.11087,4.79962,18.8485,10.3022,6.28629,16.7587,18.179,1.3694,0.0202437,	18.6849,14.1478,12.776,8.60999,6.10642,3.95134,3.13079,1.10953,0.0162009,4.54322,12.6341,13.3114,8.55231,6.05783,3.91267,4.76164,1.09998,3.28141,	
17.2601,4.57276,3.31932,5.1348,7.07205,5.73648,4.60618,3.97119,3.78761,16.8462,7.42202,4.82,6.16186,7.07224,5.73736,4.62428,4.07664,3.78861,	1.21413,2.22426,2.74228,5.56314,16.9053,14.5755,18.9291,11.9954,0.0203933,6.11087,4.79962,18.8485,10.3022,6.28629,16.7587,18.179,1.3694,0.0201653,	18.6849,14.1478,12.7536,8.58324,6.10571,3.95134,3.1272,1.10738,0.0161909,4.54322,12.6341,13.3051,8.52065,6.05752,3.91267,4.75526,1.09891,3.28141,	
17.2601,4.57276,3.31932,5.1348,7.07205,5.73609,4.60018,3.96996,3.78812,16.8462,7.42202,4.82,6.16186,7.07224,5.73723,4.62169,4.0796,3.7895,	1.21413,2.22426,2.74228,5.56314,16.9053,14.5755,18.9291,11.9954,0.0203537,6.11087,4.79962,18.8485,10.3022,6.28629,16.7587,18.179,1.3694,0.020137,	18.6849,14.1463,12.7428,8.57109,6.10549,3.95134,3.1272,1.10738,0.0161909,4.54322,12.639,13.3051,8.50486,6.05732,3.91267,4.75526,1.09891,3.28141,	
17.2601,4.57276,3.31932,5.1348,7.07205,5.73609,4.60018,3.96996,3.78812,16.8462,7.42202,4.82,6.16186,7.07224,5.73723,4.62169,4.0796,3.7895,	1.21413,2.22426,2.74228,5.56314,16.9053,14.5755,18.9291,11.9954,0.0203537,6.11087,4.79962,18.8485,10.3022,6.28629,16.7587,18.179,1.3694,0.020137,	18.6849,14.1463,12.7428,8.57109,6.10549,3.95134,3.1272,1.10738,0.0161909,4.54322,12.639,13.3051,8.50486,6.05732,3.91267,4.75526,1.09891,3.28141,	
17.2601,4.57276,3.31932,5.14115,7.06658,5.72358,4.59686,3.97516,3.7845,16.8462,7.42202,4.82,6.1541,7.06678,5.73049,4.62448,4.07635,3.77569,	1.21413,2.22426,2.74228,5.56314,16.9053,14.5755,18.9291,11.9954,0.0201851,6.11087,4.79962,18.8485,10.3022,6.28629,16.7587,18.179,1.3694,0.0200186,	18.6849,14.145,12.7338,8.53676,6.10425,3.95107,3.1272,1.10599,0.0161856,4.54322,12.6425,13.3051,8.47057,6.05629,3.91244,4.75526,1.09749,3.27193,	
17.2601,4.57276,3.31932,5.14115,7.06658,5.72358,4.59686,3.97516,3.7845,16.8462,7.42202,4.82,6.1541,7.06678,5.73049,4.62448,4.07635,3.77569,	1.21413,2.22426,2.74228,5.56314,16.9053,14.5755,18.9291,11.9954,0.0201851,6.11087,4.79962,18.8485,10.3022,6.28629,16.7587,18.179,1.3694,0.0200186,	18.6849,14.145,12.7338,8.53676,6.10425,3.95107,3.1272,1.10599,0.0161856,4.54322,12.6425,13.3051,8.47057,6.05629,3.91244,4.75526,1.09749,3.27193,	
17.2601,4.57276,3.31932,5.14115,7.06658,5.72276,4.59605,3.97337,3.78254,16.8462,7.42202,4.82,6.1541,7.06678,5.72945,4.62433,4.07482,3.77438,	1.21413,2.22426,2.74228,5.56314,16.9053,14.5755,18.9291,11.9954,0.020165,6.11087,4.79962,18.8485,10.3022,6.28629,16.7587,18.179,1.3694,0.0199889,	18.6849,14.145,12.7338,8.53676,6.10425,3.94558,3.1272,1.10599,0.0161856,4.54322,12.6425,13.3051,8.47057,6.05629,3.9082,4.75526,1.09749,3.27193,	
17.2601,4.57276,3.31932,5.14115,7.06658,5.71217,4.59121,3.9759,3.78367,16.8462,7.42202,4.82,6.1541,7.06678,5.72373,4.62725,4.07803,3.77862,	1.21413,2.22426,2.74228,5.56314,16.9053,14.5755,18.9291,11.9954,0.0201116,6.11087,4.79962,18.8485,10.3022,6.28629,16.7587,18.179,1.3694,0.0199362,	18.6849,14.1429,12.7259,8.53261,6.0975,3.94557,3.12476,1.10498,0.0161726,4.54322,12.6443,13.3051,8.47033,6.04904,3.9082,4.75098,1.0967,3.27193,	
17.2601,4.57276,3.31932,5.14115,7.06652,5.712,4.58711,3.9755,3.78301,16.8462,7.42202,4.82,6.1541,7.06672,5.72337,4.6262,4.08,3.7774,	1.21413,2.22426,2.74228,5.56314,16.9053,14.5755,18.9291,11.9954,0.0200959,6.11087,4.79962,18.8485,10.3022,6.28629,16.7587,18.179,1.3694,0.0199123,	18.6849,14.1429,12.7195,8.52508,6.09743,3.94557,3.12476,1.10498,0.0161726,4.54322,12.6443,13.3051,8.46113,6.04901,3.9082,4.75098,1.0967,3.27193,	
17.2601,4.57276,3.31932,5.14115,7.06595,5.71174,4.58236,3.97278,3.78012,16.8462,7.42202,4.82,6.1541,7.06614,5.72333,4.62496,4.07853,3.76682,	1.21413,2.22426,2.74228,5.56314,16.9053,14.5755,18.9291,11.9954,0.020013,6.11087,4.79962,18.8485,10.3022,6.28629,16.7587,18.179,1.3694,0.0198621,	18.6849,14.1429,12.7195,8.51667,6.09743,3.94148,3.12466,1.10492,0.0161726,4.54322,12.6443,13.3051,8.45074,6.04901,3.90394,4.75098,1.09667,3.26462,	
17.2601,4.57276,3.31932,5.14115,7.06595,5.71174,4.58236,3.97278,3.78012,16.8462,7.42202,4.82,6.1541,7.06614,5.72333,4.62496,4.07853,3.76682,	1.21413,2.22426,2.74228,5.56314,16.9053,14.5755,18.9291,11.9954,0.020013,6.11087,4.79962,18.8485,10.3022,6.28629,16.7587,18.179,1.3694,0.0198621,	18.6849,14.1429,12.7195,8.51667,6.09743,3.94148,3.12466,1.10492,0.0161726,4.54322,12.6443,13.3051,8.45074,6.04901,3.90394,4.75098,1.09667,3.26462,	
17.2601,4.57276,3.31932,5.14115,7.06578,5.70641,4.58337,3.97211,3.77807,16.8462,7.42202,4.82,6.15408,7.06597,5.72014,4.62289,4.07704,3.76776,	1.21413,2.22426,2.74228,5.56314,16.9053,14.5755,18.9291,11.9954,0.0199769,6.11087,4.79962,18.8485,10.3022,6.28629,16.7587,18.179,1.3694,0.0198185,	18.6849,14.1429,12.7195,8.51667,6.09743,3.94148,3.12264,1.10266,0.0161725,4.54322,12.6443,13.3051,8.45074,6.04901,3.90394,4.74758,1.09457,3.26462,	
17.2601,4.57276,3.31932,5.14115,7.06571,5.70197,4.58134,3.97232,3.77155,16.8462,7.42202,4.82,6.15408,7.06591,5.71649,4.61887,4.078,3.76867,	1.21413,2.22426,2.74228,5.56314,16.9053,14.5755,18.9291,11.9954,0.0199333,6.11087,4.79962,18.8485,10.3022,6.28629,16.7587,18.179,1.3694,0.0197434,	18.6849,14.1419,12.7131,8.50927,6.09743,3.94148,3.12264,1.10165,0.0161725,4.54322,12.647,13.3051,8.4415,6.049,3.90394,4.74758,1.09339,3.25807,	
17.2601,4.57276,3.31932,5.14115,7.06571,5.70197,4.58134,3.97232,3.77155,16.8462,7.42202,4.82,6.15408,7.06591,5.71649,4.61887,4.078,3.76867,	1.21413,2.22426,2.74228,5.56314,16.9053,14.5755,18.9291,11.9954,0.0199333,6.11087,4.79962,18.8485,10.3022,6.28629,16.7587,18.179,1.3694,0.0197434,	18.6849,14.1419,12.7131,8.50927,6.09743,3.94148,3.12264,1.10165,0.0161725,4.54322,12.647,13.3051,8.4415,6.049,3.90394,4.74758,1.09339,3.25807,	
17.2601,4.57276,3.31935,5.14115,7.06522,5.701,4.57484,3.97212,3.7711,16.8462,7.42202,4.81989,6.15404,7.06541,5.71489,4.61655,4.07421,3.765,	1.21413,2.22426,2.74228,5.56314,16.9053,14.5755,18.9291,11.9954,0.019881,6.11087,4.79962,18.8485,10.3022,6.28629,16.7587,18.179,1.3694,0.0196872,	18.6849,14.1419,12.7131,8.50202,6.0923,3.93794,3.12257,1.10162,0.0161724,4.54322,12.647,13.3051,8.43319,6.04319,3.90055,4.74758,1.09334,3.25807,	
17.2601,4.57276,3.31935,5.14115,7.06522,5.701,4.57484,3.97212,3.7711,16.8462,7.42202,4.81989,6.15404,7.06541,5.71489,4.61655,4.07421,3.765,	1.21413,2.22426,2.74228,5.56314,16.9053,14.5755,18.9291,11.9954,0.019881,6.11087,4.79962,18.8485,10.3022,6.28629,16.7587,18.179,1.3694,0.0196872,	18.6849,14.1419,12.7131,8.50202,6.0923,3.93794,3.12257,1.10162,0.0161724,4.54322,12.647,13.3051,8.43319,6.04319,3.90055,4.74758,1.09334,3.25807,	
17.2601,4.57276,3.31935,5.14115,7.06522,5.701,4.57484,3.97212,3.7711,16.8462,7.42202,4.81989,6.15404,7.06541,5.71489,4.61655,4.07421,3.765,	1.21413,2.22426,2.74228,5.56314,16.9053,14.5755,18.9291,11.9954,0.019881,6.11087,4.79962,18.8485,10.3022,6.28629,16.7587,18.179,1.3694,0.0196872,	18.6849,14.1419,12.7131,8.50202,6.0923,3.93794,3.12257,1.10162,0.0161724,4.54322,12.647,13.3051,8.43319,6.04319,3.90055,4.74758,1.09334,3.25807,	
17.2601,4.57276,3.31935,5.14115,7.06522,5.70089,4.57269,3.97105,3.76954,16.8462,7.42202,4.81989,6.15404,7.0654,5.71476,4.6154,4.07336,3.76346,	1.21413,2.22426,2.74228,5.56314,16.9053,14.5755,18.9291,11.9954,0.0198587,6.11087,4.79962,18.8485,10.3022,6.28629,16.7587,18.179,1.3694,0.0196648,	18.6849,14.1419,12.7131,8.50202,6.0908,3.93794,3.12257,1.10084,0.0161724,4.54322,12.647,13.3051,8.43319,6.0409,3.90055,4.74758,1.09233,3.25807,	
17.2601,4.57276,3.31935,5.14115,7.06521,5.6979,4.56938,3.97091,3.77014,16.8462,7.42202,4.81989,6.15404,7.06539,5.71342,4.61707,4.07178,3.76215,	1.21413,2.22426,2.74228,5.56314,16.9053,14.5755,18.9291,11.9954,0.019832,6.11087,4.79962,18.8485,10.3022,6.28629,16.7587,18.179,1.3694,0.0196396,	18.6849,14.1419,12.7081,8.49594,6.08796,3.93794,3.12257,1.10084,0.0161724,4.54322,12.647,13.303,8.42626,6.0376,3.90055,4.74758,1.09233,3.25807,	
17.2601,4.57276,3.31935,5.14115,7.06445,5.69779,4.56483,3.96969,3.76928,16.8462,7.42202,4.81989,6.15404,7.06462,5.71262,4.61528,4.06751,3.76349,	1.21413,2.22426,2.74228,5.56314,16.9053,14.5755,18.9291,11.9954,0.0197912,6.11087,4.79962,18.8485,10.3022,6.28629,16.7587,18.179,1.3694,0.0195868,	18.6849,14.1411,12.7031,8.49037,6.0839,3.93794,3.12257,1.10053,0.016155,4.54322,12.6492,13.303,8.41869,6.03204,3.90055,4.74758,1.092,3.25807,	
17.2601,4.57276,3.31935,5.14115,7.06445,5.69445,4.56242,3.96457,3.76326,16.8462,7.42202,4.81989,6.15404,7.06462,5.70941,4.61541,4.06535,3.76274,	1.21413,2.22426,2.74228,5.56314,16.9053,14.5755,18.9291,11.9954,0.0197232,6.11087,4.79962,18.8485,10.3022,6.28629,16.7587,18.179,1.3694,0.0195041,	18.6849,14.1404,12.6982,8.48748,6.07964,3.93511,3.12099,1.09913,0.0161507,4.54322,12.6513,13.303,8.41834,6.02823,3.89735,4.74504,1.09028,3.25301,	
17.2601,4.57276,3.31935,5.14115,7.06362,5.69359,4.5578,3.96788,3.76434,16.8462,7.42202,4.81989,6.15404,7.06379,5.70686,4.61051,4.06726,3.75791,	1.21413,2.22426,2.74228,5.56314,16.9053,14.5755,18.9291,11.9954,0.0196606,6.11087,4.79962,18.8485,10.3022,6.28629,16.7587,18.179,1.3694,0.0194797,	18.6849,14.1397,12.6937,8.48364,6.07191,3.93511,3.12099,1.09913,0.0161507,4.54322,12.6519,13.303,8.41667,6.02178,3.89735,4.74504,1.09028,3.24818,	
17.2601,4.57276,3.31935,5.14115,7.06362,5.69358,4.5578,3.96788,3.76434,16.8462,7.42202,4.81989,6.15404,7.06379,5.70685,4.61051,4.06726,3.75791,	1.21413,2.22426,2.74228,5.56314,16.9053,14.5755,18.9291,11.9954,0.0196605,6.11087,4.79962,18.8485,10.3022,6.28629,16.7587,18.179,1.3694,0.0194797,	18.6849,14.1397,12.6937,8.48364,6.0719,3.93511,3.12099,1.09913,0.0161507,4.54322,12.6519,13.303,8.41667,6.02177,3.89735,4.74504,1.09028,3.24818,	
17.2601,4.57276,3.31935,5.14115,7.06362,5.69358,4.5578,3.96788,3.76434,16.8462,7.42202,4.81989,6.15404,7.06379,5.70685,4.61051,4.06726,3.75791,	1.21413,2.22426,2.74228,5.56314,16.9053,14.5755,18.9291,11.9954,0.0196605,6.11087,4.79962,18.8485,10.3022,6.28629,16.7587,18.179,1.3694,0.0194797,	18.6849,14.1397,12.6937,8.48364,6.0719,3.93511,3.12099,1.09913,0.0161507,4.54322,12.6519,13.303,8.41667,6.02177,3.89735,4.74504,1.09028,3.24818,	
17.2601,4.57276,3.31935,5.14115,7.06345,5.69236,4.55714,3.96928,3.76477,16.8462,7.42202,4.81989,6.15404,7.06362,5.70398,4.6094,4.06671,3.75758,	1.21413,2.22426,2.74228,5.56314,16.9053,14.5755,18.9291,11.9954,0.0196431,6.11087,4.79962,18.8485,10.3022,6.28629,16.7587,18.179,1.3694,0.0194701,	18.6849,14.1397,12.6937,8.48364,6.06726,3.93511,3.12099,1.09913,0.0161507,4.54322,12.6519,13.303,8.41667,6.01805,3.89735,4.74504,1.09028,3.24818,	
17.2601,4.57276,3.31935,5.14115,7.06345,5.69236,4.55714,3.96928,3.76477,16.8462,7.42202,4.81989,6.15404,7.06362,5.70398,4.6094,4.06671,3.75758,	1.21413,2.22426,2.74228,5.56314,16.9053,14.5755,18.9291,11.9954,0.0196431,6.11087,4.79962,18.8485,10.3022,6.28629,16.7587,18.179,1.3694,0.0194701,	18.6849,14.1397,12.6937,8.48364,6.06726,3.93511,3.12099,1.09913,0.0161507,4.54322,12.6519,13.303,8.41667,6.01805,3.89735,4.74504,1.09028,3.24818,	
17.2601,4.57276,3.31935,5.14115,7.06345,5.69228,4.55681,3.96837,3.758,16.8462,7.42202,4.81989,6.15404,7.06362,5.70386,4.60923,4.06654,3.7561,	1.21413,2.22426,2.74228,5.56314,16.9053,14.5755,18.9291,11.9954,0.0196305,6.11087,4.79962,18.8485,10.3022,6.28629,16.7587,18.179,1.3694,0.0194308,	18.6849,14.1397,12.6937,8.4781,6.06726,3.93511,3.12099,1.09913,0.0161507,4.54322,12.6519,13.303,8.41103,6.01805,3.89735,4.74504,1.09028,3.24383,	
17.2601,4.57276,3.31935,5.14115,7.06345,5.69228,4.55681,3.96837,3.758,16.8462,7.42202,4.81989,6.15404,7.06362,5.70386,4.60923,4.06654,3.7561,	1.21413,2.22426,2.74228,5.56314,16.9053,14.5755,18.9291,11.9954,0.0196305,6.11087,4.79962,18.8485,10.3022,6.28629,16.7587,18.179,1.3694,0.0194308,	18.6849,14.1397,12.6937,8.4781,6.06726,3.93511,3.12099,1.09913,0.0161507,4.54322,12.6519,13.303,8.41103,6.01805,3.89735,4.74504,1.09028,3.24383,	
17.2601,4.57276,3.31935,5.14115,7.06345,5.69177,4.55383,3.96917,3.75826,16.8462,7.42202,4.81989,6.15404,7.06362,5.70372,4.60816,4.06699,3.75063,	1.21413,2.22426,2.74228,5.56314,16.9053,14.5755,18.9291,11.9954,0.0196194,6.11087,4.79962,18.8485,10.3022,6.28629,16.7587,18.179,1.3694,0.0193923,	18.6849,14.1397,12.6937,8.47547,6.06428,3.93511,3.12099,1.09913,0.0161302,4.54322,12.6519,13.303,8.40945,6.01546,3.89735,4.74504,1.09028,3.23972,	
17.2601,4.57276,3.31935,5.14115,7.06345,5.69177,4.55383,3.96917,3.75826,16.8462,7.42202,4.81989,6.15404,7.06362,5.70372,4.60816,4.06699,3.75063,	1.21413,2.22426,2.74228,5.56314,16.9053,14.5755,18.9291,11.9954,0.0196194,6.11087,4.79962,18.8485,10.3022,6.28629,16.7587,18.179,1.3694,0.0193923,	18.6849,14.1397,12.6937,8.47547,6.06428,3.93511,3.12099,1.09913,0.0161302,4.54322,12.6519,13.303,8.40945,6.01546,3.89735,4.74504,1.09028,3.23972,	
17.2601,4.57276,3.31935,5.14115,7.06328,5.68779,4.55215,3.97034,3.75657,16.8462,7.42202,4.81989,6.15401,7.06345,5.70004,4.60455,4.06439,3.74987,	1.21413,2.22426,2.74228,5.56314,16.9053,14.5755,18.9291,11.9954,0.0195623,6.11087,4.79962,18.8485,10.3022,6.28629,16.7587,18.179,1.3694,0.019355,	18.6849,14.1397,12.6937,8.47547,6.05708,3.93511,3.11983,1.0979,0.0161301,4.54322,12.6519,13.303,8.40945,6.00801,3.89735,4.7428,1.08896,3.23972,	
17.2601,4.57276,3.31935,5.14115,7.06328,5.68772,4.55177,3.96897,3.75575,16.8462,7.42202,4.81989,6.15401,7.06345,5.69999,4.6043,4.06364,3.7491,	1.21413,2.22426,2.74228,5.56314,16.9053,14.5755,18.9291,11.9954,0.0195512,6.11087,4.79962,18.8485,10.3022,6.28629,16.7587,18.179,1.3694,0.0193428,	18.6849,14.1397,12.6937,8.47095,6.05696,3.93511,3.11983,1.0979,0.0161301,4.54322,12.6519,13.303,8.40413,6.0079,3.89735,4.7428,1.08896,3.23972,	
17.2601,4.57276,3.31935,5.14115,7.06328,5.68772,4.55177,3.96897,3.75575,16.8462,7.42202,4.81989,6.15401,7.06345,5.69999,4.6043,4.06364,3.7491,	1.21413,2.22426,2.74228,5.56314,16.9053,14.5755,18.9291,11.9954,0.0195512,6.11087,4.79962,18.8485,10.3022,6.28629,16.7587,18.179,1.3694,0.0193428,	18.6849,14.1397,12.6937,8.47095,6.05696,3.93511,3.11983,1.0979,0.0161301,4.54322,12.6519,13.303,8.40413,6.0079,3.89735,4.7428,1.08896,3.23972,	
17.2601,4.57276,3.31935,5.14115,7.06328,5.68772,4.55157,3.96851,3.75506,16.8462,7.42202,4.81989,6.15401,7.06345,5.69999,4.60332,4.06328,3.74448,	1.21413,2.22426,2.74228,5.56314,16.9053,14.5755,18.9291,11.9954,0.0195425,6.11087,4.79962,18.8485,10.3022,6.28629,16.7587,18.179,1.3694,0.0193139,	18.6849,14.1397,12.6937,8.47095,6.05696,3.93334,3.11983,1.0979,0.0161117,4.54322,12.6519,13.303,8.40413,6.0079,3.896,4.7428,1.08896,3.23604,	
17.2601,4.57276,3.31935,5.14115,7.06319,5.68751,4.5499,3.96813,3.75447,16.8462,7.42202,4.81989,6.15401,7.06335,5.69985,4.60152,4.05828,3.74777,	1.21413,2.22426,2.74228,5.56314,16.9053,14.5755,18.9291,11.9954,0.0195232,6.11087,4.79962,18.8485,10.3022,6.28629,16.7587,18.179,1.3694,0.0192826,	18.6849,14.1397,12.6901,8.46691,6.05696,3.93258,3.11869,1.09774,0.0160962,4.54322,12.6519,13.3019,8.39889,6.0079,3.89543,4.74087,1.08888,3.23604,	
17.2601,4.57276,3.31935,5.14115,7.06319,5.68744,4.5487,3.96779,3.7538,16.8462,7.42202,4.81989,6.15401,7.06335,5.69981,4.60115,4.05754,3.74702,	1.21413,2.22426,2.74228,5.56314,16.9053,14.5755,18.9291,11.9954,0.019512,6.11087,4.79962,18.8485,10.3022,6.28629,16.7587,18.179,1.3694,0.0192723,	18.6849,14.1397,12.6901,8.46691,6.05373,3.93258,3.11869,1.09774,0.0160962,4.54322,12.6519,13.3019,8.39889,6.00442,3.89543,4.74087,1.08888,3.23604,	
17.2601,4.57276,3.31935,5.14115,7.06319,5.68744,4.5487,3.96779,3.7538,16.8462,7.42202,4.81989,6.15401,7.06335,5.69981,4.60115,4.05754,3.74702,	1.21413,2.22426,2.74228,5.56314,16.9053,14.5755,18.9291,11.9954,0.019512,6.11087,4.79962,18.8485,10.3022,6.28629,16.7587,18.179,1.3694,0.0192723,	18.6849,14.1397,12.6901,8.46691,6.05373,3.93258,3.11869,1.09774,0.0160962,4.54322,12.6519,13.3019,8.39889,6.00442,3.89543,4.74087,1.08888,3.23604,	
17.2601,4.57276,3.31935,5.14115,7.06319,5.68744,4.5487,3.96779,3.7538,16.8462,7.42202,4.81989,6.15401,7.06335,5.69981,4.60115,4.05754,3.74702,	1.21413,2.22426,2.74228,5.56314,16.9053,14.5755,18.9291,11.9954,0.019512,6.11087,4.79962,18.8485,10.3022,6.28629,16.7587,18.179,1.3694,0.0192723,	18.6849,14.1397,12.6901,8.46691,6.05373,3.93258,3.11869,1.09774,0.0160962,4.54322,12.6519,13.3019,8.39889,6.00442,3.89543,4.74087,1.08888,3.23604,	
17.2601,4.57276,3.31935,5.14116,7.06319,5.68603,4.54852,3.96737,3.75428,16.8462,7.42202,4.81989,6.154,7.06335,5.69761,4.59872,4.05655,3.74621,	1.21413,2.22426,2.74228,5.56314,16.9053,14.5755,18.9291,11.9954,0.0194839,6.11087,4.79962,18.8485,10.3022,6.28629,16.7587,18.179,1.3694,0.0192597,	18.6849,14.1397,12.6901,8.46691,6.05089,3.93258,3.11869,1.09711,0.0160962,4.54322,12.6519,13.3019,8.39889,6.00091,3.89543,4.74087,1.08836,3.23604,	
17.2601,4.57276,3.31935,5.14116,7.06319,5.68603,4.54852,3.96737,3.75428,16.8462,7.42202,4.81989,6.154,7.06335,5.69761,4.59872,4.05655,3.74621,	1.21413,2.22426,2.74228,5.56314,16.9053,14.5755,18.9291,11.9954,0.0194839,6.11087,4.79962,18.8485,10.3022,6.28629,16.7587,18.179,1.3694,0.0192597,	18.6849,14.1397,12.6901,8.46691,6.05089,3.93258,3.11869,1.09711,0.0160962,4.54322,12.6519,13.3019,8.39889,6.00091,3.89543,4.74087,1.08836,3.23604,	
17.2601,4.57276,3.31935,5.14116,7.06319,5.68603,4.54852,3.96737,3.75428,16.8462,7.42202,4.81989,6.154,7.06335,5.69761,4.59872,4.05655,3.74621,	1.21413,2.22426,2.74228,5.56314,16.9053,14.5755,18.9291,11.9954,0.0194839,6.11087,4.79962,18.8485,10.3022,6.28629,16.7587,18.179,1.3694,0.0192597,	18.6849,14.1397,12.6901,8.46691,6.05089,3.93258,3.11869,1.09711,0.0160962,4.54322,12.6519,13.3019,8.39889,6.00091,3.89543,4.74087,1.08836,3.23604,	
17.2601,4.57276,3.31935,5.14116,7.06319,5.68603,4.54852,3.96737,3.75428,16.8462,7.42202,4.81989,6.154,7.06335,5.69761,4.59872,4.05655,3.74621,	1.21413,2.22426,2.74228,5.56314,16.9053,14.5755,18.9291,11.9954,0.0194839,6.11087,4.79962,18.8485,10.3022,6.28629,16.7587,18.179,1.3694,0.0192597,	18.6849,14.1397,12.6901,8.46691,6.05089,3.93258,3.11869,1.09711,0.0160962,4.54322,12.6519,13.3019,8.39889,6.00091,3.89543,4.74087,1.08836,3.23604,	
17.2601,4.57276,3.31935,5.14116,7.06319,5.68603,4.54852,3.96737,3.75428,16.8462,7.42202,4.81989,6.154,7.06335,5.69761,4.59872,4.05655,3.74621,	1.21413,2.22426,2.74228,5.56314,16.9053,14.5755,18.9291,11.9954,0.0194839,6.11087,4.79962,18.8485,10.3022,6.28629,16.7587,18.179,1.3694,0.0192597,	18.6849,14.1397,12.6901,8.46691,6.05089,3.93258,3.11869,1.09711,0.0160962,4.54322,12.6519,13.3019,8.39889,6.00091,3.89543,4.74087,1.08836,3.23604,	
17.2601,4.57276,3.31935,5.14116,7.06319,5.68603,4.54736,3.96682,3.75411,16.8462,7.42202,4.81989,6.154,7.06335,5.69761,4.59845,4.05772,3.74713,	1.21413,2.22426,2.74228,5.56314,16.9053,14.5755,18.9291,11.9954,0.019479,6.11087,4.79962,18.8485,10.3022,6.28629,16.7587,18.179,1.3694,0.0192546,	18.6849,14.1392,12.687,8.46515,6.05089,3.93258,3.11869,1.09711,0.0160962,4.54322,12.653,13.3019,8.39659,6.00091,3.89543,4.74087,1.08836,3.23604,	
