accept,reject,	accept,reject,	accept,reject,	accept,reject,	accept,reject,	accept,reject,	accept,reject,	accept,reject,	accept,reject,	accept,reject,	accept,reject,	wait,	wait,	wait,	wait,	wait,	wait,	wait,	wait,	wait,	wait,	wait,	
0.5,0.5,	0.5,0.5,	0.5,0.5,	0.5,0.5,	0.5,0.5,	0.5,0.5,	0.5,0.5,	0.5,0.5,	0.5,0.5,	0.5,0.5,	0.5,0.5,	1,	1,	1,	1,	1,	1,	1,	1,	1,	1,	1,	
0.5,0.5,	0.546896,0.453104,	0.551995,0.448005,	0.545207,0.454793,	0.51854,0.48146,	0.513196,0.486804,	0.479137,0.520863,	0.468646,0.531354,	0.420257,0.579743,	0.371107,0.628893,	0.470785,0.529215,	1,	1,	1,	1,	1,	1,	1,	1,	1,	1,	1,	
0.5,0.5,	0.573771,0.426229,	0.587621,0.412379,	0.562634,0.437366,	0.533035,0.466965,	0.53869,0.46131,	0.499817,0.500183,	0.482816,0.517184,	0.426376,0.573624,	0.330113,0.669887,	0.54151,0.45849,	1,	1,	1,	1,	1,	1,	1,	1,	1,	1,	1,	
0.5,0.5,	0.600905,0.399095,	0.619955,0.380045,	0.583221,0.416779,	0.555528,0.444472,	0.560331,0.439669,	0.533176,0.466824,	0.496873,0.503127,	0.455486,0.544514,	0.319438,0.680562,	0.414141,0.585859,	1,	1,	1,	1,	1,	1,	1,	1,	1,	1,	1,	
0.5,0.5,	0.625775,0.374225,	0.649158,0.350842,	0.6222,0.3778,	0.591383,0.408617,	0.591287,0.408713,	0.555778,0.444222,	0.535999,0.464001,	0.475235,0.524765,	0.345148,0.654852,	0.352644,0.647356,	1,	1,	1,	1,	1,	1,	1,	1,	1,	1,	1,	
0.5,0.5,	0.650789,0.349211,	0.673096,0.326904,	0.650015,0.349985,	0.617945,0.382055,	0.603098,0.396902,	0.572378,0.427622,	0.560284,0.439716,	0.490816,0.509184,	0.386143,0.613857,	0.393423,0.606577,	1,	1,	1,	1,	1,	1,	1,	1,	1,	1,	1,	
0.5,0.5,	0.677472,0.322528,	0.700119,0.299881,	0.674254,0.325746,	0.635988,0.364012,	0.610322,0.389678,	0.589499,0.410501,	0.577729,0.422271,	0.499952,0.500048,	0.377215,0.622785,	0.414465,0.585535,	1,	1,	1,	1,	1,	1,	1,	1,	1,	1,	1,	
0.5,0.5,	0.695971,0.304029,	0.72095,0.27905,	0.68933,0.31067,	0.656807,0.343193,	0.621183,0.378817,	0.602697,0.397303,	0.580989,0.419011,	0.535947,0.464053,	0.40886,0.59114,	0.566948,0.433052,	1,	1,	1,	1,	1,	1,	1,	1,	1,	1,	1,	
0.5,0.5,	0.711006,0.288994,	0.736332,0.263668,	0.702312,0.297688,	0.67104,0.32896,	0.634231,0.365769,	0.604348,0.395652,	0.613714,0.386286,	0.554038,0.445962,	0.413718,0.586282,	0.547443,0.452557,	1,	1,	1,	1,	1,	1,	1,	1,	1,	1,	1,	
0.5,0.5,	0.726877,0.273123,	0.751358,0.248642,	0.729917,0.270083,	0.686789,0.313211,	0.642628,0.357372,	0.601467,0.398533,	0.609424,0.390576,	0.571938,0.428062,	0.444924,0.555076,	0.707973,0.292027,	1,	1,	1,	1,	1,	1,	1,	1,	1,	1,	1,	
0.5,0.5,	0.740708,0.259292,	0.761142,0.238858,	0.738434,0.261566,	0.702515,0.297485,	0.654705,0.345295,	0.6015,0.3985,	0.611184,0.388816,	0.578512,0.421488,	0.451958,0.548042,	0.584421,0.415579,	1,	1,	1,	1,	1,	1,	1,	1,	1,	1,	1,	
0.5,0.5,	0.752671,0.247329,	0.771524,0.228476,	0.752742,0.247258,	0.708721,0.291279,	0.662242,0.337758,	0.613176,0.386824,	0.622415,0.377585,	0.589658,0.410342,	0.471819,0.528181,	0.5996,0.4004,	1,	1,	1,	1,	1,	1,	1,	1,	1,	1,	1,	
0.5,0.5,	0.762643,0.237357,	0.783321,0.216679,	0.759896,0.240104,	0.729735,0.270265,	0.665486,0.334514,	0.618554,0.381446,	0.624305,0.375695,	0.610222,0.389778,	0.505351,0.494649,	0.56966,0.43034,	1,	1,	1,	1,	1,	1,	1,	1,	1,	1,	1,	
0.5,0.5,	0.772315,0.227685,	0.789526,0.210474,	0.769266,0.230734,	0.743554,0.256446,	0.683599,0.316401,	0.63043,0.36957,	0.631342,0.368658,	0.605966,0.394034,	0.51383,0.48617,	0.363665,0.636335,	1,	1,	1,	1,	1,	1,	1,	1,	1,	1,	1,	
0.5,0.5,	0.785557,0.214443,	0.798893,0.201107,	0.779547,0.220453,	0.753393,0.246607,	0.696463,0.303537,	0.630458,0.369542,	0.652137,0.347863,	0.629607,0.370393,	0.543134,0.456866,	0.200507,0.799493,	1,	1,	1,	1,	1,	1,	1,	1,	1,	1,	1,	
0.5,0.5,	0.797916,0.202084,	0.809003,0.190997,	0.789802,0.210198,	0.759566,0.240434,	0.703835,0.296165,	0.637259,0.362741,	0.653063,0.346937,	0.621773,0.378227,	0.563058,0.436942,	0.129527,0.870473,	1,	1,	1,	1,	1,	1,	1,	1,	1,	1,	1,	
0.5,0.5,	0.806641,0.193359,	0.817844,0.182156,	0.795575,0.204425,	0.769785,0.230215,	0.712971,0.287029,	0.650157,0.349843,	0.664434,0.335566,	0.609668,0.390332,	0.562498,0.437502,	0.0952478,0.904752,	1,	1,	1,	1,	1,	1,	1,	1,	1,	1,	1,	
0.5,0.5,	0.816358,0.183642,	0.830017,0.169983,	0.804313,0.195687,	0.777043,0.222957,	0.72753,0.27247,	0.650784,0.349216,	0.665091,0.334909,	0.597234,0.402766,	0.575713,0.424287,	0.0805168,0.919483,	1,	1,	1,	1,	1,	1,	1,	1,	1,	1,	1,	
0.5,0.5,	0.82159,0.17841,	0.835976,0.164024,	0.813422,0.186578,	0.779707,0.220293,	0.734892,0.265108,	0.660021,0.339979,	0.676188,0.323812,	0.609313,0.390687,	0.591957,0.408043,	0.0913963,0.908604,	1,	1,	1,	1,	1,	1,	1,	1,	1,	1,	1,	
0.5,0.5,	0.828318,0.171682,	0.843911,0.156089,	0.82143,0.17857,	0.793411,0.206589,	0.746031,0.253969,	0.656768,0.343232,	0.696037,0.303963,	0.629997,0.370003,	0.601173,0.398827,	0.0810598,0.91894,	1,	1,	1,	1,	1,	1,	1,	1,	1,	1,	1,	
0.5,0.5,	0.835413,0.164587,	0.849735,0.150265,	0.830067,0.169933,	0.799267,0.200733,	0.754271,0.245729,	0.660835,0.339165,	0.685309,0.314691,	0.627154,0.372846,	0.633144,0.366856,	0.0874499,0.91255,	1,	1,	1,	1,	1,	1,	1,	1,	1,	1,	1,	
0.5,0.5,	0.841697,0.158303,	0.857399,0.142601,	0.834238,0.165762,	0.808988,0.191012,	0.759446,0.240554,	0.6546,0.3454,	0.682059,0.317941,	0.627988,0.372012,	0.654776,0.345224,	0.0743568,0.925643,	1,	1,	1,	1,	1,	1,	1,	1,	1,	1,	1,	
0.5,0.5,	0.84486,0.15514,	0.862863,0.137137,	0.842607,0.157393,	0.817294,0.182706,	0.767436,0.232564,	0.654751,0.345249,	0.69479,0.30521,	0.625902,0.374098,	0.679362,0.320638,	0.0670878,0.932912,	1,	1,	1,	1,	1,	1,	1,	1,	1,	1,	1,	
0.5,0.5,	0.847807,0.152193,	0.870413,0.129587,	0.850421,0.149579,	0.831596,0.168404,	0.771568,0.228432,	0.654608,0.345392,	0.699276,0.300724,	0.619686,0.380314,	0.713231,0.286769,	0.0587785,0.941221,	1,	1,	1,	1,	1,	1,	1,	1,	1,	1,	1,	
0.5,0.5,	0.852389,0.147611,	0.875101,0.124899,	0.856615,0.143385,	0.839447,0.160553,	0.771834,0.228166,	0.660626,0.339374,	0.698025,0.301975,	0.645713,0.354287,	0.711315,0.288685,	0.0535674,0.946433,	1,	1,	1,	1,	1,	1,	1,	1,	1,	1,	1,	
0.5,0.5,	0.85708,0.14292,	0.881811,0.118189,	0.860621,0.139379,	0.846467,0.153533,	0.780156,0.219844,	0.648461,0.351539,	0.694852,0.305148,	0.632192,0.367808,	0.714723,0.285277,	0.03957,0.96043,	1,	1,	1,	1,	1,	1,	1,	1,	1,	1,	1,	
0.5,0.5,	0.864589,0.135411,	0.885057,0.114943,	0.865071,0.134929,	0.851454,0.148546,	0.786132,0.213868,	0.643702,0.356298,	0.682658,0.317342,	0.650517,0.349483,	0.733777,0.266223,	0.0364895,0.96351,	1,	1,	1,	1,	1,	1,	1,	1,	1,	1,	1,	
0.5,0.5,	0.87001,0.12999,	0.888498,0.111502,	0.874025,0.125975,	0.853826,0.146174,	0.785998,0.214002,	0.659102,0.340898,	0.675638,0.324362,	0.64941,0.35059,	0.739029,0.260971,	0.0327566,0.967243,	1,	1,	1,	1,	1,	1,	1,	1,	1,	1,	1,	
0.5,0.5,	0.871965,0.128035,	0.890854,0.109146,	0.879406,0.120594,	0.859102,0.140898,	0.784311,0.215689,	0.671441,0.328559,	0.677162,0.322838,	0.651278,0.348722,	0.761889,0.238111,	0.0276231,0.972377,	1,	1,	1,	1,	1,	1,	1,	1,	1,	1,	1,	
0.5,0.5,	0.875015,0.124985,	0.894377,0.105623,	0.882529,0.117471,	0.859,0.141,	0.787375,0.212625,	0.666913,0.333087,	0.670849,0.329151,	0.6692,0.3308,	0.776006,0.223994,	0.0298135,0.970187,	1,	1,	1,	1,	1,	1,	1,	1,	1,	1,	1,	
0.5,0.5,	0.878637,0.121363,	0.898966,0.101034,	0.887504,0.112496,	0.862889,0.137111,	0.790948,0.209052,	0.658604,0.341396,	0.662954,0.337046,	0.675148,0.324852,	0.785249,0.214751,	0.0272391,0.972761,	1,	1,	1,	1,	1,	1,	1,	1,	1,	1,	1,	
0.5,0.5,	0.881142,0.118858,	0.901021,0.0989789,	0.891876,0.108124,	0.866356,0.133644,	0.789666,0.210334,	0.670855,0.329145,	0.657421,0.342579,	0.678096,0.321904,	0.798383,0.201617,	0.0222966,0.977703,	1,	1,	1,	1,	1,	1,	1,	1,	1,	1,	1,	
0.5,0.5,	0.886435,0.113565,	0.903582,0.0964177,	0.895297,0.104703,	0.868899,0.131101,	0.785254,0.214746,	0.669806,0.330194,	0.649265,0.350735,	0.679016,0.320984,	0.796219,0.203781,	0.0222633,0.977737,	1,	1,	1,	1,	1,	1,	1,	1,	1,	1,	1,	
0.5,0.5,	0.890345,0.109655,	0.90662,0.0933803,	0.897109,0.102891,	0.872492,0.127508,	0.788726,0.211274,	0.667403,0.332597,	0.648837,0.351163,	0.674742,0.325258,	0.792904,0.207096,	0.0211989,0.978801,	1,	1,	1,	1,	1,	1,	1,	1,	1,	1,	1,	
0.5,0.5,	0.894242,0.105758,	0.909646,0.0903541,	0.901308,0.0986921,	0.873273,0.126727,	0.794518,0.205482,	0.660668,0.339332,	0.637798,0.362202,	0.674442,0.325558,	0.791077,0.208923,	0.0241419,0.975858,	1,	1,	1,	1,	1,	1,	1,	1,	1,	1,	1,	
0.5,0.5,	0.897578,0.102422,	0.912244,0.0877563,	0.906403,0.0935967,	0.87656,0.12344,	0.80135,0.19865,	0.664681,0.335319,	0.637294,0.362706,	0.688992,0.311008,	0.793177,0.206823,	0.0255462,0.974454,	1,	1,	1,	1,	1,	1,	1,	1,	1,	1,	1,	
0.5,0.5,	0.898562,0.101438,	0.913624,0.086376,	0.909207,0.0907928,	0.87695,0.12305,	0.799034,0.200966,	0.646967,0.353033,	0.610774,0.389226,	0.701235,0.298765,	0.804174,0.195826,	0.0248647,0.975135,	1,	1,	1,	1,	1,	1,	1,	1,	1,	1,	1,	
0.5,0.5,	0.901865,0.0981346,	0.915066,0.0849343,	0.910013,0.0899874,	0.87867,0.12133,	0.798797,0.201203,	0.659781,0.340219,	0.615448,0.384552,	0.717279,0.282721,	0.815094,0.184906,	0.0258492,0.974151,	1,	1,	1,	1,	1,	1,	1,	1,	1,	1,	1,	
0.5,0.5,	0.904176,0.095824,	0.917836,0.0821641,	0.910866,0.0891343,	0.884848,0.115152,	0.799972,0.200028,	0.667531,0.332469,	0.605948,0.394052,	0.718926,0.281074,	0.827167,0.172833,	0.0255055,0.974495,	1,	1,	1,	1,	1,	1,	1,	1,	1,	1,	1,	
0.5,0.5,	0.904116,0.0958838,	0.91995,0.08005,	0.915188,0.0848116,	0.886598,0.113402,	0.800448,0.199552,	0.674703,0.325297,	0.593986,0.406014,	0.724461,0.275539,	0.840801,0.159199,	0.0210499,0.97895,	1,	1,	1,	1,	1,	1,	1,	1,	1,	1,	1,	
0.5,0.5,	0.906684,0.0933158,	0.923215,0.0767852,	0.916512,0.0834879,	0.888325,0.111675,	0.804866,0.195134,	0.675409,0.324591,	0.580757,0.419243,	0.733797,0.266203,	0.847563,0.152437,	0.0255043,0.974496,	1,	1,	1,	1,	1,	1,	1,	1,	1,	1,	1,	
0.5,0.5,	0.909183,0.0908168,	0.924275,0.0757254,	0.921032,0.0789679,	0.891674,0.108326,	0.807316,0.192684,	0.662122,0.337878,	0.574042,0.425958,	0.735487,0.264513,	0.85112,0.14888,	0.0278475,0.972153,	1,	1,	1,	1,	1,	1,	1,	1,	1,	1,	1,	
0.5,0.5,	0.910039,0.0899613,	0.92783,0.0721704,	0.923158,0.0768424,	0.89485,0.10515,	0.809975,0.190025,	0.662846,0.337154,	0.561801,0.438199,	0.737644,0.262356,	0.849599,0.150401,	0.0285611,0.971439,	1,	1,	1,	1,	1,	1,	1,	1,	1,	1,	1,	
0.5,0.5,	0.912896,0.0871043,	0.930648,0.0693521,	0.925279,0.0747214,	0.896728,0.103272,	0.816467,0.183533,	0.661052,0.338948,	0.550539,0.449461,	0.739748,0.260252,	0.855088,0.144912,	0.0254998,0.9745,	1,	1,	1,	1,	1,	1,	1,	1,	1,	1,	1,	
0.5,0.5,	0.913757,0.0862435,	0.931282,0.0687182,	0.927945,0.0720549,	0.899554,0.100446,	0.815498,0.184502,	0.663225,0.336775,	0.557039,0.442961,	0.747801,0.252199,	0.8536,0.1464,	0.0300585,0.969941,	1,	1,	1,	1,	1,	1,	1,	1,	1,	1,	1,	
0.5,0.5,	0.913823,0.0861771,	0.932359,0.0676409,	0.92975,0.0702501,	0.902257,0.0977433,	0.820368,0.179632,	0.667599,0.332401,	0.555779,0.444221,	0.750829,0.249171,	0.859557,0.140443,	0.0313068,0.968693,	1,	1,	1,	1,	1,	1,	1,	1,	1,	1,	1,	
0.5,0.5,	0.914475,0.0855246,	0.933822,0.066178,	0.932609,0.0673908,	0.904828,0.0951719,	0.822132,0.177868,	0.663579,0.336421,	0.548441,0.451559,	0.750522,0.249478,	0.867413,0.132587,	0.0290482,0.970952,	1,	1,	1,	1,	1,	1,	1,	1,	1,	1,	1,	
0.5,0.5,	0.917339,0.0826612,	0.936096,0.063904,	0.933637,0.066363,	0.906591,0.0934085,	0.830189,0.169811,	0.6662,0.3338,	0.548345,0.451655,	0.760046,0.239954,	0.866757,0.133243,	0.0311484,0.968852,	1,	1,	1,	1,	1,	1,	1,	1,	1,	1,	1,	
0.5,0.5,	0.919561,0.0804394,	0.93675,0.0632502,	0.934859,0.0651413,	0.909941,0.090059,	0.833622,0.166378,	0.665425,0.334575,	0.560024,0.439976,	0.75631,0.24369,	0.863845,0.136155,	0.0337825,0.966218,	1,	1,	1,	1,	1,	1,	1,	1,	1,	1,	1,	
0.5,0.5,	0.921576,0.0784237,	0.937666,0.0623337,	0.937004,0.0629961,	0.911833,0.0881668,	0.835776,0.164224,	0.662318,0.337682,	0.550237,0.449763,	0.753136,0.246864,	0.864613,0.135387,	0.0257451,0.974255,	1,	1,	1,	1,	1,	1,	1,	1,	1,	1,	1,	
0.5,0.5,	0.923854,0.0761456,	0.938839,0.0611608,	0.937909,0.0620906,	0.914214,0.085786,	0.838028,0.161972,	0.668037,0.331963,	0.535923,0.464077,	0.746604,0.253396,	0.870501,0.129499,	0.0293154,0.970685,	1,	1,	1,	1,	1,	1,	1,	1,	1,	1,	1,	
0.5,0.5,	0.925367,0.0746329,	0.940581,0.0594195,	0.939867,0.0601327,	0.915448,0.0845518,	0.843478,0.156522,	0.673419,0.326581,	0.549107,0.450893,	0.748948,0.251052,	0.875274,0.124726,	0.025357,0.974643,	1,	1,	1,	1,	1,	1,	1,	1,	1,	1,	1,	
0.5,0.5,	0.928222,0.0717779,	0.942801,0.0571987,	0.941026,0.0589736,	0.917287,0.0827127,	0.848351,0.151649,	0.659766,0.340234,	0.553909,0.446091,	0.747409,0.252591,	0.883374,0.116626,	0.0184301,0.98157,	1,	1,	1,	1,	1,	1,	1,	1,	1,	1,	1,	
0.5,0.5,	0.929273,0.0707271,	0.944326,0.0556739,	0.941805,0.0581948,	0.919989,0.080011,	0.849993,0.150007,	0.655472,0.344528,	0.569101,0.430899,	0.753987,0.246013,	0.881085,0.118915,	0.0196916,0.980308,	1,	1,	1,	1,	1,	1,	1,	1,	1,	1,	1,	
0.5,0.5,	0.930565,0.0694353,	0.945517,0.0544834,	0.943234,0.0567665,	0.920879,0.079121,	0.849408,0.150592,	0.641793,0.358207,	0.567158,0.432842,	0.752462,0.247538,	0.881038,0.118962,	0.0178786,0.982121,	1,	1,	1,	1,	1,	1,	1,	1,	1,	1,	1,	
0.5,0.5,	0.933477,0.0665235,	0.946298,0.0537017,	0.944865,0.0551351,	0.922743,0.0772567,	0.84661,0.15339,	0.633424,0.366576,	0.553854,0.446146,	0.744819,0.255181,	0.883807,0.116193,	0.0240586,0.975941,	1,	1,	1,	1,	1,	1,	1,	1,	1,	1,	1,	
0.5,0.5,	0.934258,0.0657415,	0.947026,0.0529739,	0.945998,0.0540022,	0.923598,0.076402,	0.844514,0.155486,	0.63099,0.36901,	0.560551,0.439449,	0.755867,0.244133,	0.883429,0.116571,	0.0209836,0.979016,	1,	1,	1,	1,	1,	1,	1,	1,	1,	1,	1,	
0.5,0.5,	0.935035,0.0649653,	0.948023,0.0519773,	0.946546,0.0534537,	0.924326,0.0756744,	0.850691,0.149309,	0.631936,0.368064,	0.551167,0.448833,	0.748749,0.251251,	0.885766,0.114234,	0.0182831,0.981717,	1,	1,	1,	1,	1,	1,	1,	1,	1,	1,	1,	
0.5,0.5,	0.936212,0.063788,	0.948682,0.0513177,	0.946718,0.0532818,	0.923254,0.0767464,	0.849337,0.150663,	0.628339,0.371661,	0.551495,0.448505,	0.753005,0.246995,	0.887132,0.112868,	0.0198628,0.980137,	1,	1,	1,	1,	1,	1,	1,	1,	1,	1,	1,	
0.5,0.5,	0.93698,0.06302,	0.949501,0.0504988,	0.948563,0.051437,	0.924434,0.0755656,	0.851426,0.148574,	0.61865,0.38135,	0.547222,0.452778,	0.757187,0.242813,	0.881616,0.118384,	0.0268124,0.973188,	1,	1,	1,	1,	1,	1,	1,	1,	1,	1,	1,	
0.5,0.5,	0.93658,0.0634197,	0.950793,0.0492073,	0.949113,0.0508873,	0.924716,0.0752844,	0.858169,0.141831,	0.626364,0.373636,	0.556832,0.443168,	0.746542,0.253458,	0.87544,0.12456,	0.0365638,0.963436,	1,	1,	1,	1,	1,	1,	1,	1,	1,	1,	1,	
0.5,0.5,	0.938142,0.0618578,	0.951916,0.048084,	0.949704,0.0502965,	0.925848,0.0741517,	0.856489,0.143511,	0.638678,0.361322,	0.548145,0.451855,	0.753927,0.246073,	0.873487,0.126513,	0.0318524,0.968148,	1,	1,	1,	1,	1,	1,	1,	1,	1,	1,	1,	
0.5,0.5,	0.939573,0.0604267,	0.952895,0.047105,	0.951368,0.0486316,	0.927707,0.0722933,	0.860412,0.139588,	0.645419,0.354581,	0.550794,0.449206,	0.755269,0.244731,	0.881401,0.118599,	0.0224905,0.977509,	1,	1,	1,	1,	1,	1,	1,	1,	1,	1,	1,	
0.5,0.5,	0.939774,0.0602259,	0.953623,0.046377,	0.951816,0.0481843,	0.927847,0.0721534,	0.86328,0.13672,	0.659151,0.340849,	0.545187,0.454813,	0.752978,0.247022,	0.880566,0.119434,	0.0229468,0.977053,	1,	1,	1,	1,	1,	1,	1,	1,	1,	1,	1,	
0.5,0.5,	0.94188,0.0581196,	0.95445,0.0455502,	0.952558,0.0474424,	0.929125,0.0708755,	0.85965,0.14035,	0.65549,0.34451,	0.556139,0.443861,	0.74794,0.25206,	0.886303,0.113697,	0.0248285,0.975172,	1,	1,	1,	1,	1,	1,	1,	1,	1,	1,	1,	
0.5,0.5,	0.942699,0.0573006,	0.955218,0.0447823,	0.953618,0.0463818,	0.930207,0.0697925,	0.864322,0.135678,	0.655913,0.344087,	0.564145,0.435855,	0.742765,0.257235,	0.889335,0.110665,	0.0263302,0.97367,	1,	1,	1,	1,	1,	1,	1,	1,	1,	1,	1,	
0.5,0.5,	0.943301,0.0566986,	0.955937,0.0440632,	0.954428,0.0455717,	0.931627,0.0683734,	0.86866,0.13134,	0.653892,0.346108,	0.555914,0.444086,	0.74232,0.25768,	0.891225,0.108775,	0.021135,0.978865,	1,	1,	1,	1,	1,	1,	1,	1,	1,	1,	1,	
0.5,0.5,	0.944501,0.0554988,	0.956395,0.0436047,	0.955242,0.0447583,	0.933487,0.0665131,	0.869767,0.130233,	0.65329,0.34671,	0.56094,0.43906,	0.724844,0.275156,	0.89738,0.10262,	0.0220901,0.97791,	1,	1,	1,	1,	1,	1,	1,	1,	1,	1,	1,	
0.5,0.5,	0.944928,0.0550721,	0.957225,0.0427753,	0.95623,0.0437705,	0.933496,0.0665043,	0.871213,0.128787,	0.646518,0.353482,	0.579033,0.420967,	0.719879,0.280121,	0.896026,0.103974,	0.0235521,0.976448,	1,	1,	1,	1,	1,	1,	1,	1,	1,	1,	1,	
0.5,0.5,	0.9455,0.0545,	0.957598,0.0424025,	0.956731,0.0432689,	0.934387,0.0656126,	0.868823,0.131177,	0.635284,0.364716,	0.566441,0.433559,	0.711476,0.288524,	0.896604,0.103396,	0.0340511,0.965949,	1,	1,	1,	1,	1,	1,	1,	1,	1,	1,	1,	
0.5,0.5,	0.947029,0.0529705,	0.958256,0.0417444,	0.957334,0.0426659,	0.935191,0.0648087,	0.870833,0.129167,	0.636542,0.363458,	0.578341,0.421659,	0.718542,0.281458,	0.900606,0.0993936,	0.0277528,0.972247,	1,	1,	1,	1,	1,	1,	1,	1,	1,	1,	1,	
0.5,0.5,	0.948587,0.0514128,	0.958838,0.0411623,	0.958406,0.0415944,	0.935655,0.0643447,	0.86952,0.13048,	0.644042,0.355958,	0.565964,0.434036,	0.720213,0.279787,	0.896351,0.103649,	0.0284789,0.971521,	1,	1,	1,	1,	1,	1,	1,	1,	1,	1,	1,	
0.5,0.5,	0.949417,0.0505835,	0.959588,0.0404116,	0.959527,0.0404734,	0.936554,0.0634463,	0.873674,0.126326,	0.649386,0.350614,	0.55575,0.44425,	0.723283,0.276717,	0.896786,0.103214,	0.0375613,0.962439,	1,	1,	1,	1,	1,	1,	1,	1,	1,	1,	1,	
0.5,0.5,	0.949276,0.0507243,	0.960174,0.0398263,	0.959364,0.0406358,	0.938359,0.0616408,	0.873006,0.126994,	0.650731,0.349269,	0.545392,0.454608,	0.711435,0.288565,	0.898295,0.101705,	0.0291733,0.970827,	1,	1,	1,	1,	1,	1,	1,	1,	1,	1,	1,	
0.5,0.5,	0.949521,0.0504789,	0.960587,0.0394129,	0.960008,0.0399919,	0.939852,0.060148,	0.872944,0.127056,	0.649087,0.350913,	0.536149,0.463851,	0.70386,0.29614,	0.901068,0.0989319,	0.0328501,0.96715,	1,	1,	1,	1,	1,	1,	1,	1,	1,	1,	1,	
0.5,0.5,	0.950271,0.0497292,	0.96119,0.03881,	0.960419,0.0395807,	0.940313,0.0596865,	0.87718,0.12282,	0.653689,0.346311,	0.532601,0.467399,	0.719102,0.280898,	0.903463,0.0965367,	0.031437,0.968563,	1,	1,	1,	1,	1,	1,	1,	1,	1,	1,	1,	
0.5,0.5,	0.950691,0.0493086,	0.961422,0.0385779,	0.960473,0.0395267,	0.940443,0.0595568,	0.879119,0.120881,	0.65615,0.34385,	0.542785,0.457215,	0.718083,0.281917,	0.906288,0.0937117,	0.0285105,0.97149,	1,	1,	1,	1,	1,	1,	1,	1,	1,	1,	1,	
0.5,0.5,	0.952574,0.0474264,	0.962065,0.0379349,	0.961447,0.0385534,	0.941139,0.0588607,	0.878978,0.121022,	0.66114,0.33886,	0.541692,0.458308,	0.722085,0.277915,	0.908554,0.0914455,	0.0236413,0.976359,	1,	1,	1,	1,	1,	1,	1,	1,	1,	1,	1,	
0.5,0.5,	0.953144,0.0468557,	0.962811,0.0371888,	0.961674,0.0383264,	0.942316,0.0576844,	0.883486,0.116514,	0.635231,0.364769,	0.542576,0.457424,	0.736938,0.263062,	0.910118,0.0898821,	0.0266356,0.973364,	1,	1,	1,	1,	1,	1,	1,	1,	1,	1,	1,	
0.5,0.5,	0.953746,0.0462537,	0.96348,0.0365195,	0.962222,0.0377785,	0.942829,0.0571714,	0.885607,0.114393,	0.632876,0.367124,	0.547729,0.452271,	0.739008,0.260992,	0.911016,0.0889839,	0.0250377,0.974962,	1,	1,	1,	1,	1,	1,	1,	1,	1,	1,	1,	
0.5,0.5,	0.954184,0.045816,	0.964053,0.0359474,	0.962674,0.0373264,	0.944573,0.0554267,	0.889195,0.110805,	0.629873,0.370127,	0.542466,0.457534,	0.737627,0.262373,	0.908318,0.0916817,	0.0313419,0.968658,	1,	1,	1,	1,	1,	1,	1,	1,	1,	1,	1,	
0.5,0.5,	0.954556,0.0454436,	0.964745,0.0352549,	0.962981,0.0370189,	0.944611,0.0553888,	0.891138,0.108862,	0.630184,0.369816,	0.533501,0.466499,	0.733945,0.266055,	0.906607,0.093393,	0.0242016,0.975798,	1,	1,	1,	1,	1,	1,	1,	1,	1,	1,	1,	
0.5,0.5,	0.955028,0.0449722,	0.964911,0.0350891,	0.963802,0.0361979,	0.944879,0.0551206,	0.894925,0.105075,	0.62734,0.37266,	0.53332,0.46668,	0.740725,0.259275,	0.908729,0.0912706,	0.0210382,0.978962,	1,	1,	1,	1,	1,	1,	1,	1,	1,	1,	1,	
0.5,0.5,	0.955506,0.0444937,	0.965087,0.0349134,	0.96449,0.0355097,	0.945117,0.0548828,	0.898392,0.101608,	0.63265,0.36735,	0.540457,0.459543,	0.751625,0.248375,	0.909667,0.0903335,	0.0245283,0.975472,	1,	1,	1,	1,	1,	1,	1,	1,	1,	1,	1,	
0.5,0.5,	0.955685,0.044315,	0.965289,0.0347113,	0.965438,0.0345615,	0.946471,0.053529,	0.896768,0.103232,	0.627047,0.372953,	0.538846,0.461154,	0.738655,0.261345,	0.913021,0.086979,	0.0203367,0.979663,	1,	1,	1,	1,	1,	1,	1,	1,	1,	1,	1,	
0.5,0.5,	0.956391,0.043609,	0.965539,0.0344611,	0.965938,0.0340624,	0.947078,0.0529216,	0.897836,0.102164,	0.614531,0.385469,	0.50209,0.49791,	0.733823,0.266177,	0.914246,0.0857539,	0.0249581,0.975042,	1,	1,	1,	1,	1,	1,	1,	1,	1,	1,	1,	
0.5,0.5,	0.956946,0.0430537,	0.966205,0.0337949,	0.966103,0.0338974,	0.948643,0.0513573,	0.89818,0.10182,	0.616381,0.383619,	0.507071,0.492929,	0.732555,0.267445,	0.917275,0.0827252,	0.0255516,0.974448,	1,	1,	1,	1,	1,	1,	1,	1,	1,	1,	1,	
0.5,0.5,	0.957304,0.042696,	0.966401,0.0335993,	0.966841,0.0331587,	0.949563,0.0504368,	0.898166,0.101834,	0.612504,0.387496,	0.494403,0.505597,	0.738439,0.261561,	0.920129,0.0798713,	0.0239839,0.976016,	1,	1,	1,	1,	1,	1,	1,	1,	1,	1,	1,	
0.5,0.5,	0.957616,0.0423844,	0.966815,0.0331845,	0.967259,0.0327409,	0.950393,0.0496066,	0.902583,0.0974167,	0.61363,0.38637,	0.510179,0.489821,	0.754381,0.245619,	0.924397,0.075603,	0.0247549,0.975245,	1,	1,	1,	1,	1,	1,	1,	1,	1,	1,	1,	
0.5,0.5,	0.958089,0.0419106,	0.967171,0.0328287,	0.967623,0.0323769,	0.951332,0.0486679,	0.900618,0.0993818,	0.620832,0.379168,	0.498917,0.501083,	0.756642,0.243358,	0.924967,0.075033,	0.0204419,0.979558,	1,	1,	1,	1,	1,	1,	1,	1,	1,	1,	1,	
0.5,0.5,	0.958346,0.0416544,	0.968161,0.0318392,	0.967765,0.0322352,	0.952445,0.0475552,	0.899586,0.100414,	0.636326,0.363674,	0.489236,0.510764,	0.766468,0.233532,	0.925997,0.0740034,	0.0200852,0.979915,	1,	1,	1,	1,	1,	1,	1,	1,	1,	1,	1,	
0.5,0.5,	0.95886,0.0411397,	0.968997,0.0310031,	0.968395,0.0316049,	0.952855,0.0471449,	0.900428,0.0995716,	0.644905,0.355095,	0.493958,0.506042,	0.765568,0.234432,	0.926923,0.0730766,	0.0192623,0.980738,	1,	1,	1,	1,	1,	1,	1,	1,	1,	1,	1,	
0.5,0.5,	0.95956,0.0404395,	0.969239,0.0307614,	0.969228,0.0307721,	0.953721,0.0462793,	0.899924,0.100076,	0.63473,0.36527,	0.503659,0.496341,	0.774298,0.225702,	0.929901,0.0700992,	0.017407,0.982593,	1,	1,	1,	1,	1,	1,	1,	1,	1,	1,	1,	
0.5,0.5,	0.959945,0.0400546,	0.969628,0.0303723,	0.969906,0.0300944,	0.954271,0.0457292,	0.903083,0.0969172,	0.626531,0.373469,	0.498281,0.501719,	0.772597,0.227403,	0.932762,0.0672385,	0.0158477,0.984152,	1,	1,	1,	1,	1,	1,	1,	1,	1,	1,	1,	
0.5,0.5,	0.960064,0.0399359,	0.970026,0.0299744,	0.970532,0.0294681,	0.954704,0.045296,	0.901407,0.098593,	0.633811,0.366189,	0.494894,0.505106,	0.784947,0.215053,	0.933515,0.0664846,	0.0154137,0.984586,	1,	1,	1,	1,	1,	1,	1,	1,	1,	1,	1,	
0.5,0.5,	0.959808,0.0401925,	0.970371,0.0296294,	0.971141,0.0288586,	0.955546,0.0444539,	0.90181,0.0981902,	0.62837,0.37163,	0.499504,0.500496,	0.774722,0.225278,	0.932736,0.0672642,	0.0142999,0.9857,	1,	1,	1,	1,	1,	1,	1,	1,	1,	1,	1,	
0.5,0.5,	0.960304,0.0396962,	0.970525,0.0294752,	0.971214,0.0287857,	0.955371,0.0446287,	0.901702,0.0982982,	0.636261,0.363739,	0.497227,0.502773,	0.773204,0.226796,	0.932787,0.0672133,	0.0158117,0.984188,	1,	1,	1,	1,	1,	1,	1,	1,	1,	1,	1,	
0.5,0.5,	0.96044,0.0395601,	0.970963,0.0290369,	0.97156,0.0284397,	0.956488,0.0435121,	0.904466,0.0955342,	0.635876,0.364124,	0.475531,0.524469,	0.773573,0.226427,	0.931535,0.0684654,	0.0169854,0.983015,	1,	1,	1,	1,	1,	1,	1,	1,	1,	1,	1,	
0.5,0.5,	0.96088,0.0391197,	0.971159,0.0288406,	0.972032,0.0279684,	0.957584,0.0424156,	0.904319,0.0956812,	0.632587,0.367413,	0.484796,0.515204,	0.765305,0.234695,	0.933711,0.0662893,	0.0161156,0.983884,	1,	1,	1,	1,	1,	1,	1,	1,	1,	1,	1,	
0.5,0.5,	0.96116,0.0388397,	0.971515,0.0284851,	0.972581,0.0274188,	0.958381,0.0416188,	0.904683,0.0953167,	0.65519,0.34481,	0.486696,0.513304,	0.767382,0.232618,	0.934671,0.0653287,	0.0180786,0.981921,	1,	1,	1,	1,	1,	1,	1,	1,	1,	1,	1,	
0.5,0.5,	0.961319,0.0386811,	0.971826,0.0281736,	0.972597,0.0274027,	0.958526,0.0414736,	0.905875,0.0941252,	0.632969,0.367031,	0.506732,0.493268,	0.776064,0.223936,	0.935856,0.0641443,	0.0158743,0.984126,	1,	1,	1,	1,	1,	1,	1,	1,	1,	1,	1,	
0.5,0.5,	0.962179,0.0378211,	0.971928,0.0280724,	0.972517,0.0274833,	0.959027,0.040973,	0.908448,0.0915518,	0.623257,0.376743,	0.526704,0.473296,	0.778837,0.221163,	0.934944,0.0650557,	0.0174243,0.982576,	1,	1,	1,	1,	1,	1,	1,	1,	1,	1,	1,	
0.5,0.5,	0.962417,0.037583,	0.972128,0.0278717,	0.97288,0.0271205,	0.959668,0.0403318,	0.910386,0.089614,	0.639221,0.360779,	0.533094,0.466906,	0.778154,0.221846,	0.936316,0.0636841,	0.0151996,0.9848,	1,	1,	1,	1,	1,	1,	1,	1,	1,	1,	1,	
0.5,0.5,	0.962729,0.0372706,	0.972728,0.0272725,	0.973216,0.0267841,	0.960309,0.0396906,	0.912644,0.0873563,	0.636437,0.363563,	0.532731,0.467269,	0.774418,0.225582,	0.933951,0.0660486,	0.0144407,0.985559,	1,	1,	1,	1,	1,	1,	1,	1,	1,	1,	1,	
0.5,0.5,	0.962723,0.037277,	0.972889,0.0271106,	0.973403,0.026597,	0.960464,0.039536,	0.916219,0.0837812,	0.61299,0.38701,	0.517752,0.482248,	0.77125,0.22875,	0.934265,0.0657353,	0.0112453,0.988755,	1,	1,	1,	1,	1,	1,	1,	1,	1,	1,	1,	
0.5,0.5,	0.963706,0.0362943,	0.973138,0.026862,	0.973795,0.0262046,	0.961259,0.038741,	0.917696,0.0823038,	0.60267,0.39733,	0.523504,0.476496,	0.75811,0.24189,	0.931596,0.0684044,	0.0104375,0.989563,	1,	1,	1,	1,	1,	1,	1,	1,	1,	1,	1,	
0.5,0.5,	0.963801,0.036199,	0.97345,0.0265497,	0.974285,0.0257148,	0.961532,0.0384681,	0.916836,0.0831637,	0.588356,0.411644,	0.52657,0.47343,	0.764818,0.235182,	0.931468,0.068532,	0.0122095,0.98779,	1,	1,	1,	1,	1,	1,	1,	1,	1,	1,	1,	
0.5,0.5,	0.963971,0.0360295,	0.973571,0.0264293,	0.974426,0.0255736,	0.962018,0.0379816,	0.917075,0.0829251,	0.599535,0.400465,	0.520784,0.479216,	0.75171,0.24829,	0.932947,0.0670528,	0.0123108,0.987689,	1,	1,	1,	1,	1,	1,	1,	1,	1,	1,	1,	
0.5,0.5,	0.964233,0.035767,	0.974121,0.0258792,	0.974961,0.0250394,	0.961922,0.0380776,	0.915531,0.0844686,	0.612649,0.387351,	0.520711,0.479289,	0.744827,0.255173,	0.933602,0.0663982,	0.0125651,0.987435,	1,	1,	1,	1,	1,	1,	1,	1,	1,	1,	1,	
0.5,0.5,	0.964668,0.0353323,	0.974244,0.0257564,	0.975485,0.0245149,	0.962571,0.0374295,	0.917509,0.0824913,	0.60239,0.39761,	0.510127,0.489873,	0.742792,0.257208,	0.933218,0.0667824,	0.0107079,0.989292,	1,	1,	1,	1,	1,	1,	1,	1,	1,	1,	1,	
0.5,0.5,	0.965097,0.0349027,	0.974307,0.0256932,	0.975946,0.0240539,	0.962853,0.0371474,	0.915632,0.0843685,	0.609346,0.390654,	0.508233,0.491767,	0.738929,0.261071,	0.936204,0.0637958,	0.0129269,0.987073,	1,	1,	1,	1,	1,	1,	1,	1,	1,	1,	1,	
0.5,0.5,	0.964885,0.035115,	0.974489,0.0255113,	0.976127,0.0238735,	0.962999,0.0370008,	0.915836,0.0841643,	0.624695,0.375305,	0.503258,0.496742,	0.744956,0.255044,	0.937995,0.0620047,	0.0129719,0.987028,	1,	1,	1,	1,	1,	1,	1,	1,	1,	1,	1,	
0.5,0.5,	0.965132,0.0348684,	0.974522,0.0254775,	0.97625,0.0237501,	0.963342,0.0366577,	0.916885,0.0831148,	0.639759,0.360241,	0.505732,0.494268,	0.744156,0.255844,	0.938806,0.0611941,	0.0166415,0.983358,	1,	1,	1,	1,	1,	1,	1,	1,	1,	1,	1,	
0.5,0.5,	0.965397,0.0346025,	0.974859,0.0251412,	0.976556,0.0234443,	0.963484,0.0365158,	0.915743,0.0842572,	0.642558,0.357442,	0.512441,0.487559,	0.744637,0.255363,	0.936932,0.0630678,	0.0144816,0.985518,	1,	1,	1,	1,	1,	1,	1,	1,	1,	1,	1,	
0.5,0.5,	0.965639,0.0343609,	0.974936,0.0250638,	0.976635,0.0233647,	0.964136,0.0358643,	0.915563,0.0844372,	0.653584,0.346416,	0.521608,0.478392,	0.746923,0.253077,	0.938078,0.0619221,	0.0155944,0.984406,	1,	1,	1,	1,	1,	1,	1,	1,	1,	1,	1,	
0.5,0.5,	0.96627,0.0337296,	0.975116,0.024884,	0.976776,0.0232239,	0.964616,0.0353841,	0.915899,0.0841014,	0.648822,0.351178,	0.514336,0.485664,	0.739199,0.260801,	0.939811,0.0601889,	0.0105485,0.989451,	1,	1,	1,	1,	1,	1,	1,	1,	1,	1,	1,	
0.5,0.5,	0.966502,0.0334984,	0.975331,0.0246687,	0.976991,0.0230093,	0.964807,0.0351929,	0.917292,0.0827079,	0.650872,0.349128,	0.512377,0.487623,	0.741747,0.258253,	0.938016,0.0619842,	0.0101519,0.989848,	1,	1,	1,	1,	1,	1,	1,	1,	1,	1,	1,	
0.5,0.5,	0.9668,0.0332004,	0.975724,0.0242763,	0.977281,0.0227185,	0.965111,0.0348894,	0.918142,0.0818578,	0.651524,0.348476,	0.525346,0.474654,	0.728082,0.271918,	0.938565,0.0614346,	0.00934047,0.99066,	1,	1,	1,	1,	1,	1,	1,	1,	1,	1,	1,	
0.5,0.5,	0.967552,0.032448,	0.975802,0.024198,	0.977663,0.0223371,	0.965416,0.0345839,	0.918144,0.081856,	0.658404,0.341596,	0.525456,0.474544,	0.73248,0.26752,	0.938102,0.0618977,	0.0109949,0.989005,	1,	1,	1,	1,	1,	1,	1,	1,	1,	1,	1,	
0.5,0.5,	0.967953,0.0320474,	0.976082,0.0239181,	0.977761,0.0222394,	0.965456,0.0345441,	0.917433,0.0825674,	0.656446,0.343554,	0.517043,0.482957,	0.724338,0.275662,	0.939275,0.0607247,	0.0110165,0.988984,	1,	1,	1,	1,	1,	1,	1,	1,	1,	1,	1,	
0.5,0.5,	0.968209,0.0317907,	0.975994,0.0240058,	0.978047,0.0219534,	0.965819,0.0341807,	0.917471,0.0825293,	0.664515,0.335485,	0.503731,0.496269,	0.727956,0.272044,	0.937462,0.062538,	0.0114445,0.988555,	1,	1,	1,	1,	1,	1,	1,	1,	1,	1,	1,	
0.5,0.5,	0.968585,0.0314152,	0.976426,0.0235736,	0.97824,0.0217596,	0.966316,0.0336836,	0.918903,0.0810974,	0.661621,0.338379,	0.505657,0.494343,	0.73891,0.26109,	0.935651,0.0643494,	0.0102962,0.989704,	1,	1,	1,	1,	1,	1,	1,	1,	1,	1,	1,	
0.5,0.5,	0.968631,0.031369,	0.976437,0.0235627,	0.978358,0.0216419,	0.967494,0.0325065,	0.919178,0.0808224,	0.6509,0.3491,	0.497034,0.502966,	0.740337,0.259663,	0.935954,0.0640458,	0.0107983,0.989202,	1,	1,	1,	1,	1,	1,	1,	1,	1,	1,	1,	
0.5,0.5,	0.968592,0.0314084,	0.976615,0.0233846,	0.978464,0.0215364,	0.968136,0.0318637,	0.918544,0.0814564,	0.64805,0.35195,	0.505293,0.494707,	0.742848,0.257152,	0.936764,0.063236,	0.0114927,0.988507,	1,	1,	1,	1,	1,	1,	1,	1,	1,	1,	1,	
0.5,0.5,	0.96885,0.0311497,	0.976726,0.0232742,	0.978632,0.0213682,	0.968298,0.0317015,	0.91761,0.0823904,	0.651463,0.348537,	0.495198,0.504802,	0.743447,0.256553,	0.937867,0.0621326,	0.0119497,0.98805,	1,	1,	1,	1,	1,	1,	1,	1,	1,	1,	1,	
0.5,0.5,	0.969174,0.0308256,	0.976889,0.0231112,	0.978644,0.0213558,	0.968342,0.0316582,	0.917445,0.0825553,	0.656966,0.343034,	0.508956,0.491044,	0.751791,0.248209,	0.941447,0.0585526,	0.013296,0.986704,	1,	1,	1,	1,	1,	1,	1,	1,	1,	1,	1,	
0.5,0.5,	0.969286,0.0307141,	0.976928,0.0230721,	0.978708,0.0212924,	0.968444,0.0315564,	0.915257,0.0847428,	0.642701,0.357299,	0.514319,0.485681,	0.748428,0.251572,	0.943129,0.0568712,	0.0143393,0.985661,	1,	1,	1,	1,	1,	1,	1,	1,	1,	1,	1,	
0.5,0.5,	0.969362,0.030638,	0.977253,0.0227468,	0.978686,0.0213135,	0.968916,0.0310841,	0.916217,0.0837835,	0.624321,0.375679,	0.517484,0.482516,	0.750175,0.249825,	0.944048,0.0559523,	0.0119381,0.988062,	1,	1,	1,	1,	1,	1,	1,	1,	1,	1,	1,	
0.5,0.5,	0.969833,0.0301669,	0.977477,0.0225228,	0.97874,0.0212605,	0.969282,0.0307184,	0.916675,0.0833246,	0.611149,0.388851,	0.52091,0.47909,	0.747978,0.252022,	0.942038,0.057962,	0.013451,0.986549,	1,	1,	1,	1,	1,	1,	1,	1,	1,	1,	1,	
0.5,0.5,	0.970001,0.0299985,	0.977503,0.0224968,	0.97867,0.0213302,	0.969534,0.0304658,	0.915837,0.0841633,	0.599183,0.400817,	0.547012,0.452988,	0.75176,0.24824,	0.941557,0.0584428,	0.0150252,0.984975,	1,	1,	1,	1,	1,	1,	1,	1,	1,	1,	1,	
0.5,0.5,	0.970137,0.029863,	0.977785,0.0222154,	0.978784,0.0212162,	0.969517,0.0304826,	0.915662,0.0843384,	0.614812,0.385188,	0.532614,0.467386,	0.758654,0.241346,	0.94266,0.0573404,	0.0148265,0.985174,	1,	1,	1,	1,	1,	1,	1,	1,	1,	1,	1,	
0.5,0.5,	0.970172,0.0298284,	0.977802,0.0221975,	0.978997,0.0210028,	0.969679,0.0303213,	0.916631,0.0833688,	0.627067,0.372933,	0.547318,0.452682,	0.771391,0.228609,	0.945028,0.0549716,	0.0170525,0.982947,	1,	1,	1,	1,	1,	1,	1,	1,	1,	1,	1,	
0.5,0.5,	0.970517,0.0294834,	0.977801,0.0221994,	0.97924,0.0207599,	0.969846,0.0301543,	0.916564,0.0834358,	0.644334,0.355666,	0.54517,0.45483,	0.775789,0.224211,	0.942719,0.0572805,	0.0197938,0.980206,	1,	1,	1,	1,	1,	1,	1,	1,	1,	1,	1,	
0.5,0.5,	0.970599,0.0294011,	0.978158,0.0218415,	0.979606,0.0203935,	0.969983,0.0300174,	0.917791,0.0822093,	0.636661,0.363339,	0.545916,0.454084,	0.758601,0.241399,	0.94336,0.0566399,	0.015205,0.984795,	1,	1,	1,	1,	1,	1,	1,	1,	1,	1,	1,	
0.5,0.5,	0.970597,0.0294028,	0.978438,0.0215624,	0.979844,0.0201563,	0.970214,0.0297858,	0.916056,0.0839444,	0.638446,0.361554,	0.524887,0.475113,	0.755329,0.244671,	0.944294,0.0557064,	0.0155822,0.984418,	1,	1,	1,	1,	1,	1,	1,	1,	1,	1,	1,	
0.5,0.5,	0.970504,0.0294964,	0.978555,0.0214452,	0.980099,0.0199014,	0.969968,0.0300319,	0.917149,0.0828508,	0.643145,0.356855,	0.52608,0.47392,	0.770864,0.229136,	0.944297,0.0557027,	0.0153839,0.984616,	1,	1,	1,	1,	1,	1,	1,	1,	1,	1,	1,	
0.5,0.5,	0.970816,0.0291843,	0.97862,0.0213799,	0.980342,0.0196575,	0.970258,0.029742,	0.917783,0.0822172,	0.625327,0.374673,	0.508385,0.491615,	0.764656,0.235344,	0.943122,0.0568781,	0.0109158,0.989084,	1,	1,	1,	1,	1,	1,	1,	1,	1,	1,	1,	
0.5,0.5,	0.971009,0.0289915,	0.978903,0.0210969,	0.980458,0.0195416,	0.970649,0.0293507,	0.917147,0.0828526,	0.634047,0.365953,	0.513587,0.486413,	0.753336,0.246664,	0.943844,0.0561559,	0.00973728,0.990263,	1,	1,	1,	1,	1,	1,	1,	1,	1,	1,	1,	
0.5,0.5,	0.971164,0.0288363,	0.978968,0.0210321,	0.980958,0.0190418,	0.970595,0.0294051,	0.918742,0.0812576,	0.614038,0.385962,	0.525568,0.474432,	0.757151,0.242849,	0.943412,0.0565878,	0.00980888,0.990191,	1,	1,	1,	1,	1,	1,	1,	1,	1,	1,	1,	
0.5,0.5,	0.971213,0.0287874,	0.979061,0.0209386,	0.981227,0.0187734,	0.970992,0.0290076,	0.918755,0.0812453,	0.613345,0.386655,	0.524975,0.475025,	0.760115,0.239885,	0.944918,0.0550822,	0.0120622,0.987938,	1,	1,	1,	1,	1,	1,	1,	1,	1,	1,	1,	
0.5,0.5,	0.971634,0.0283655,	0.97911,0.0208897,	0.981157,0.0188434,	0.971184,0.0288163,	0.918252,0.0817477,	0.609607,0.390393,	0.528419,0.471581,	0.757126,0.242874,	0.942576,0.0574243,	0.0121716,0.987828,	1,	1,	1,	1,	1,	1,	1,	1,	1,	1,	1,	
0.5,0.5,	0.97222,0.0277801,	0.97943,0.0205695,	0.981373,0.0186274,	0.97149,0.0285096,	0.917983,0.0820174,	0.6084,0.3916,	0.535346,0.464654,	0.747983,0.252017,	0.943727,0.0562733,	0.0135809,0.986419,	1,	1,	1,	1,	1,	1,	1,	1,	1,	1,	1,	
0.5,0.5,	0.972459,0.0275408,	0.979523,0.0204768,	0.981465,0.0185354,	0.971889,0.0281113,	0.92005,0.0799498,	0.591139,0.408861,	0.51086,0.48914,	0.752558,0.247442,	0.943978,0.0560219,	0.0143515,0.985648,	1,	1,	1,	1,	1,	1,	1,	1,	1,	1,	1,	
0.5,0.5,	0.972743,0.0272566,	0.979758,0.0202423,	0.981365,0.0186348,	0.972096,0.0279041,	0.919362,0.0806385,	0.570789,0.429211,	0.528534,0.471466,	0.74103,0.25897,	0.947075,0.0529249,	0.0120627,0.987937,	1,	1,	1,	1,	1,	1,	1,	1,	1,	1,	1,	
0.5,0.5,	0.973082,0.0269182,	0.979898,0.0201016,	0.981528,0.018472,	0.972184,0.0278158,	0.919133,0.0808669,	0.569713,0.430287,	0.53521,0.46479,	0.738739,0.261261,	0.945007,0.0549927,	0.0118565,0.988143,	1,	1,	1,	1,	1,	1,	1,	1,	1,	1,	1,	
0.5,0.5,	0.973162,0.0268383,	0.98005,0.0199498,	0.981579,0.0184209,	0.972391,0.0276086,	0.91921,0.0807895,	0.600185,0.399815,	0.541322,0.458678,	0.744046,0.255954,	0.945813,0.0541874,	0.00997318,0.990027,	1,	1,	1,	1,	1,	1,	1,	1,	1,	1,	1,	
0.5,0.5,	0.973268,0.0267323,	0.980059,0.0199409,	0.981533,0.0184674,	0.972304,0.0276964,	0.920478,0.0795217,	0.607448,0.392552,	0.545858,0.454142,	0.746629,0.253371,	0.944078,0.0559223,	0.00851955,0.99148,	1,	1,	1,	1,	1,	1,	1,	1,	1,	1,	1,	
0.5,0.5,	0.973114,0.0268856,	0.980226,0.0197738,	0.981678,0.0183218,	0.972694,0.0273058,	0.919758,0.0802416,	0.619642,0.380358,	0.542997,0.457003,	0.735841,0.264159,	0.943685,0.0563154,	0.00838996,0.99161,	1,	1,	1,	1,	1,	1,	1,	1,	1,	1,	1,	
0.5,0.5,	0.973197,0.0268026,	0.980194,0.019806,	0.981848,0.0181515,	0.972873,0.0271267,	0.920948,0.079052,	0.60653,0.39347,	0.55038,0.44962,	0.750318,0.249682,	0.94476,0.0552396,	0.00795725,0.992043,	1,	1,	1,	1,	1,	1,	1,	1,	1,	1,	1,	
0.5,0.5,	0.973483,0.026517,	0.980333,0.0196671,	0.981999,0.018001,	0.972915,0.0270846,	0.920191,0.0798086,	0.604575,0.395425,	0.560264,0.439736,	0.757954,0.242046,	0.943794,0.0562057,	0.00865068,0.991349,	1,	1,	1,	1,	1,	1,	1,	1,	1,	1,	1,	
0.5,0.5,	0.973716,0.0262844,	0.980489,0.019511,	0.98223,0.0177704,	0.97344,0.0265595,	0.921851,0.0781486,	0.598791,0.401209,	0.550424,0.449576,	0.765866,0.234134,	0.94517,0.0548296,	0.00806805,0.991932,	1,	1,	1,	1,	1,	1,	1,	1,	1,	1,	1,	
0.5,0.5,	0.974065,0.025935,	0.980662,0.0193384,	0.982464,0.0175356,	0.973577,0.0264226,	0.922727,0.0772726,	0.60804,0.39196,	0.5677,0.4323,	0.767489,0.232511,	0.944363,0.055637,	0.00880906,0.991191,	1,	1,	1,	1,	1,	1,	1,	1,	1,	1,	1,	
0.5,0.5,	0.974186,0.0258143,	0.980579,0.0194208,	0.982578,0.017422,	0.97363,0.0263697,	0.923469,0.0765305,	0.618086,0.381914,	0.553204,0.446796,	0.758413,0.241587,	0.943366,0.0566336,	0.00974779,0.990252,	1,	1,	1,	1,	1,	1,	1,	1,	1,	1,	1,	
0.5,0.5,	0.974554,0.0254461,	0.980713,0.0192873,	0.982621,0.0173793,	0.973545,0.0264549,	0.92351,0.0764896,	0.629197,0.370803,	0.529495,0.470505,	0.751005,0.248995,	0.942158,0.0578416,	0.00969152,0.990308,	1,	1,	1,	1,	1,	1,	1,	1,	1,	1,	1,	
0.5,0.5,	0.974853,0.0251469,	0.980748,0.0192516,	0.982692,0.0173083,	0.973778,0.0262218,	0.923663,0.0763373,	0.62923,0.37077,	0.527916,0.472084,	0.753513,0.246487,	0.939926,0.0600741,	0.00677741,0.993223,	1,	1,	1,	1,	1,	1,	1,	1,	1,	1,	1,	
0.5,0.5,	0.974911,0.0250889,	0.980856,0.0191444,	0.982759,0.0172405,	0.973654,0.0263459,	0.923455,0.076545,	0.622021,0.377979,	0.514656,0.485344,	0.766836,0.233164,	0.938394,0.061606,	0.00750389,0.992496,	1,	1,	1,	1,	1,	1,	1,	1,	1,	1,	1,	
0.5,0.5,	0.975292,0.0247084,	0.981204,0.0187963,	0.983085,0.0169147,	0.973758,0.0262419,	0.925519,0.0744808,	0.6228,0.3772,	0.516198,0.483802,	0.774718,0.225282,	0.940559,0.0594408,	0.00735809,0.992642,	1,	1,	1,	1,	1,	1,	1,	1,	1,	1,	1,	
0.5,0.5,	0.975516,0.0244838,	0.981242,0.0187584,	0.983326,0.0166737,	0.974083,0.0259172,	0.926849,0.0731507,	0.625764,0.374236,	0.48766,0.51234,	0.763199,0.236801,	0.938461,0.0615394,	0.00726901,0.992731,	1,	1,	1,	1,	1,	1,	1,	1,	1,	1,	1,	
0.5,0.5,	0.975592,0.0244079,	0.981221,0.0187787,	0.983552,0.0164484,	0.974318,0.0256824,	0.928605,0.0713947,	0.625434,0.374566,	0.498401,0.501599,	0.759828,0.240172,	0.939152,0.0608484,	0.00706941,0.992931,	1,	1,	1,	1,	1,	1,	1,	1,	1,	1,	1,	
0.5,0.5,	0.975816,0.0241841,	0.981256,0.0187445,	0.98359,0.0164101,	0.974365,0.0256354,	0.931447,0.068553,	0.622903,0.377097,	0.482672,0.517328,	0.761363,0.238637,	0.937713,0.0622871,	0.00749684,0.992503,	1,	1,	1,	1,	1,	1,	1,	1,	1,	1,	1,	
0.5,0.5,	0.975992,0.0240078,	0.981337,0.0186629,	0.983622,0.0163777,	0.97463,0.02537,	0.931983,0.0680172,	0.624105,0.375895,	0.497254,0.502746,	0.764189,0.235811,	0.936982,0.0630179,	0.00894346,0.991057,	1,	1,	1,	1,	1,	1,	1,	1,	1,	1,	1,	
0.5,0.5,	0.975989,0.0240109,	0.981439,0.018561,	0.983726,0.0162743,	0.974958,0.0250423,	0.932811,0.0671894,	0.629801,0.370199,	0.518962,0.481038,	0.771693,0.228307,	0.936941,0.0630592,	0.00992192,0.990078,	1,	1,	1,	1,	1,	1,	1,	1,	1,	1,	1,	
0.5,0.5,	0.976147,0.0238525,	0.981369,0.0186308,	0.983774,0.0162255,	0.975028,0.0249723,	0.933116,0.0668841,	0.639892,0.360108,	0.512777,0.487223,	0.77999,0.22001,	0.938306,0.0616937,	0.0103269,0.989673,	1,	1,	1,	1,	1,	1,	1,	1,	1,	1,	1,	
0.5,0.5,	0.97624,0.02376,	0.981561,0.0184387,	0.983848,0.0161517,	0.975191,0.0248085,	0.932105,0.0678953,	0.641279,0.358721,	0.500227,0.499773,	0.78138,0.21862,	0.938476,0.0615241,	0.0120841,0.987916,	1,	1,	1,	1,	1,	1,	1,	1,	1,	1,	1,	
0.5,0.5,	0.976408,0.0235919,	0.981536,0.0184636,	0.983872,0.016128,	0.975293,0.0247073,	0.931428,0.0685725,	0.63536,0.36464,	0.494476,0.505524,	0.780653,0.219347,	0.939378,0.0606223,	0.0111547,0.988845,	1,	1,	1,	1,	1,	1,	1,	1,	1,	1,	1,	
0.5,0.5,	0.976566,0.023434,	0.981746,0.0182542,	0.983982,0.0160176,	0.975682,0.0243176,	0.931995,0.0680045,	0.619145,0.380855,	0.50452,0.49548,	0.778836,0.221164,	0.937908,0.0620925,	0.0102574,0.989743,	1,	1,	1,	1,	1,	1,	1,	1,	1,	1,	1,	
0.5,0.5,	0.976763,0.0232367,	0.981904,0.0180957,	0.984199,0.0158013,	0.97588,0.0241203,	0.931423,0.0685769,	0.62352,0.37648,	0.50378,0.49622,	0.77323,0.22677,	0.938977,0.0610233,	0.00957533,0.990425,	1,	1,	1,	1,	1,	1,	1,	1,	1,	1,	1,	
0.5,0.5,	0.976789,0.0232109,	0.981935,0.018065,	0.984323,0.0156766,	0.975855,0.0241447,	0.931683,0.0683174,	0.616793,0.383207,	0.517702,0.482298,	0.780606,0.219394,	0.939965,0.0600348,	0.00828547,0.991715,	1,	1,	1,	1,	1,	1,	1,	1,	1,	1,	1,	
0.5,0.5,	0.976885,0.0231145,	0.982082,0.0179185,	0.984357,0.0156434,	0.97612,0.0238801,	0.93109,0.0689099,	0.613975,0.386025,	0.513301,0.486699,	0.778237,0.221763,	0.938593,0.0614069,	0.00759466,0.992405,	1,	1,	1,	1,	1,	1,	1,	1,	1,	1,	1,	
0.5,0.5,	0.977015,0.0229848,	0.982194,0.0178062,	0.984542,0.0154577,	0.97639,0.0236097,	0.929997,0.0700026,	0.627009,0.372991,	0.508061,0.491939,	0.777272,0.222728,	0.939229,0.0607706,	0.00710028,0.9929,	1,	1,	1,	1,	1,	1,	1,	1,	1,	1,	1,	
0.5,0.5,	0.977124,0.0228761,	0.982267,0.0177328,	0.984583,0.015417,	0.976288,0.0237119,	0.930225,0.069775,	0.622025,0.377975,	0.504412,0.495588,	0.784861,0.215139,	0.942705,0.0572946,	0.00775565,0.992244,	1,	1,	1,	1,	1,	1,	1,	1,	1,	1,	1,	
0.5,0.5,	0.977328,0.0226725,	0.982398,0.017602,	0.984696,0.0153036,	0.976394,0.0236062,	0.929562,0.0704377,	0.615399,0.384601,	0.474269,0.525731,	0.778245,0.221755,	0.942085,0.0579152,	0.00797021,0.99203,	1,	1,	1,	1,	1,	1,	1,	1,	1,	1,	1,	
0.5,0.5,	0.977326,0.022674,	0.982386,0.0176135,	0.984816,0.0151837,	0.97657,0.0234299,	0.930643,0.0693567,	0.614583,0.385417,	0.498672,0.501328,	0.785361,0.214639,	0.942192,0.0578079,	0.00810602,0.991894,	1,	1,	1,	1,	1,	1,	1,	1,	1,	1,	1,	
0.5,0.5,	0.977385,0.0226145,	0.9824,0.0175999,	0.984906,0.0150936,	0.976562,0.0234377,	0.930422,0.0695776,	0.604991,0.395009,	0.49493,0.50507,	0.779093,0.220907,	0.942893,0.0571071,	0.00770693,0.992293,	1,	1,	1,	1,	1,	1,	1,	1,	1,	1,	1,	
0.5,0.5,	0.977531,0.0224689,	0.982479,0.0175215,	0.984981,0.0150193,	0.976512,0.0234883,	0.93109,0.0689102,	0.601482,0.398518,	0.506618,0.493382,	0.782699,0.217301,	0.943439,0.0565609,	0.0061251,0.993875,	1,	1,	1,	1,	1,	1,	1,	1,	1,	1,	1,	
0.5,0.5,	0.977574,0.0224259,	0.982548,0.0174521,	0.985166,0.0148341,	0.976744,0.0232557,	0.930407,0.0695933,	0.588758,0.411242,	0.50963,0.49037,	0.78018,0.21982,	0.941045,0.0589549,	0.00516761,0.994832,	1,	1,	1,	1,	1,	1,	1,	1,	1,	1,	1,	
0.5,0.5,	0.977597,0.0224027,	0.982544,0.0174557,	0.98537,0.0146297,	0.977152,0.0228481,	0.93264,0.0673603,	0.593379,0.406621,	0.520682,0.479318,	0.775718,0.224282,	0.942489,0.0575111,	0.00535296,0.994647,	1,	1,	1,	1,	1,	1,	1,	1,	1,	1,	1,	
0.5,0.5,	0.977717,0.0222826,	0.982645,0.0173552,	0.985388,0.014612,	0.977313,0.0226866,	0.932295,0.0677051,	0.612298,0.387702,	0.503735,0.496265,	0.766613,0.233387,	0.943159,0.0568409,	0.004774,0.995226,	1,	1,	1,	1,	1,	1,	1,	1,	1,	1,	1,	
0.5,0.5,	0.977822,0.0221778,	0.982755,0.0172455,	0.985504,0.0144964,	0.977119,0.0228805,	0.932894,0.0671061,	0.632993,0.367007,	0.509147,0.490853,	0.762705,0.237295,	0.944626,0.0553741,	0.00503048,0.99497,	1,	1,	1,	1,	1,	1,	1,	1,	1,	1,	1,	
0.5,0.5,	0.977943,0.022057,	0.982835,0.0171652,	0.985608,0.0143924,	0.977103,0.0228969,	0.933488,0.0665119,	0.62483,0.37517,	0.505695,0.494305,	0.768444,0.231556,	0.944841,0.0551588,	0.00534073,0.994659,	1,	1,	1,	1,	1,	1,	1,	1,	1,	1,	1,	
0.5,0.5,	0.977948,0.0220521,	0.982967,0.0170325,	0.985803,0.0141969,	0.977138,0.0228622,	0.93327,0.0667297,	0.617205,0.382795,	0.52433,0.47567,	0.769255,0.230745,	0.946224,0.053776,	0.00577498,0.994225,	1,	1,	1,	1,	1,	1,	1,	1,	1,	1,	1,	
0.5,0.5,	0.977988,0.0220122,	0.983044,0.0169564,	0.985976,0.0140244,	0.977247,0.0227535,	0.93331,0.0666899,	0.60344,0.39656,	0.525778,0.474222,	0.750952,0.249048,	0.94564,0.0543601,	0.00591802,0.994082,	1,	1,	1,	1,	1,	1,	1,	1,	1,	1,	1,	
0.5,0.5,	0.977974,0.0220262,	0.983,0.017,	0.98609,0.0139101,	0.977192,0.0228082,	0.934958,0.0650424,	0.613417,0.386583,	0.539088,0.460912,	0.752073,0.247927,	0.945841,0.0541587,	0.00562436,0.994376,	1,	1,	1,	1,	1,	1,	1,	1,	1,	1,	1,	
0.5,0.5,	0.978044,0.0219562,	0.982972,0.0170275,	0.986193,0.013807,	0.977133,0.0228665,	0.935997,0.0640026,	0.617509,0.382491,	0.542721,0.457279,	0.755153,0.244847,	0.945399,0.0546007,	0.00616222,0.993838,	1,	1,	1,	1,	1,	1,	1,	1,	1,	1,	1,	
0.5,0.5,	0.978379,0.0216209,	0.983072,0.0169275,	0.986294,0.0137058,	0.977253,0.0227474,	0.935734,0.0642659,	0.612026,0.387974,	0.555985,0.444015,	0.747601,0.252399,	0.944084,0.0559162,	0.00631428,0.993686,	1,	1,	1,	1,	1,	1,	1,	1,	1,	1,	1,	
0.5,0.5,	0.978389,0.0216114,	0.983206,0.0167938,	0.986315,0.0136848,	0.977363,0.0226373,	0.935726,0.0642736,	0.62118,0.37882,	0.556269,0.443731,	0.743956,0.256044,	0.946603,0.0533968,	0.00661844,0.993382,	1,	1,	1,	1,	1,	1,	1,	1,	1,	1,	1,	
0.5,0.5,	0.978871,0.0211289,	0.983185,0.0168153,	0.986575,0.0134248,	0.977409,0.022591,	0.935754,0.0642458,	0.607421,0.392579,	0.535336,0.464664,	0.745089,0.254911,	0.947247,0.0527526,	0.00654367,0.993456,	1,	1,	1,	1,	1,	1,	1,	1,	1,	1,	1,	
0.5,0.5,	0.97897,0.0210303,	0.983453,0.0165471,	0.986592,0.0134076,	0.977842,0.0221585,	0.936315,0.0636853,	0.616501,0.383499,	0.529931,0.470069,	0.751585,0.248415,	0.947992,0.0520081,	0.00575902,0.994241,	1,	1,	1,	1,	1,	1,	1,	1,	1,	1,	1,	
0.5,0.5,	0.979066,0.0209338,	0.983452,0.0165483,	0.986537,0.0134634,	0.978072,0.0219282,	0.936842,0.0631581,	0.606102,0.393898,	0.547896,0.452104,	0.76326,0.23674,	0.94733,0.0526699,	0.00564521,0.994355,	1,	1,	1,	1,	1,	1,	1,	1,	1,	1,	1,	
0.5,0.5,	0.979221,0.0207793,	0.9834,0.0165997,	0.98664,0.0133603,	0.97828,0.02172,	0.937316,0.0626836,	0.61541,0.38459,	0.538908,0.461092,	0.763313,0.236687,	0.94942,0.0505801,	0.00508687,0.994913,	1,	1,	1,	1,	1,	1,	1,	1,	1,	1,	1,	
0.5,0.5,	0.979381,0.0206192,	0.983494,0.0165055,	0.986744,0.0132563,	0.978466,0.0215336,	0.935744,0.0642565,	0.603073,0.396927,	0.505073,0.494927,	0.772179,0.227821,	0.950858,0.0491419,	0.00540014,0.9946,	1,	1,	1,	1,	1,	1,	1,	1,	1,	1,	1,	
0.5,0.5,	0.97951,0.0204895,	0.983628,0.0163716,	0.986766,0.0132342,	0.978519,0.0214806,	0.937382,0.062618,	0.592725,0.407275,	0.507547,0.492453,	0.771866,0.228134,	0.950524,0.0494762,	0.00622315,0.993777,	1,	1,	1,	1,	1,	1,	1,	1,	1,	1,	1,	
0.5,0.5,	0.979683,0.0203174,	0.983821,0.016179,	0.986898,0.0131018,	0.978501,0.0214986,	0.938786,0.0612136,	0.601638,0.398362,	0.511958,0.488042,	0.770714,0.229286,	0.95061,0.0493905,	0.00593634,0.994064,	1,	1,	1,	1,	1,	1,	1,	1,	1,	1,	1,	
0.5,0.5,	0.979787,0.0202132,	0.983871,0.016129,	0.987075,0.0129248,	0.978843,0.0211568,	0.93922,0.0607797,	0.59219,0.40781,	0.5038,0.4962,	0.763099,0.236901,	0.951941,0.0480591,	0.00708383,0.992916,	1,	1,	1,	1,	1,	1,	1,	1,	1,	1,	1,	
0.5,0.5,	0.979842,0.0201581,	0.984032,0.015968,	0.987075,0.0129254,	0.979003,0.0209969,	0.940375,0.0596247,	0.5886,0.4114,	0.508065,0.491935,	0.761837,0.238163,	0.952145,0.0478552,	0.00830529,0.991695,	1,	1,	1,	1,	1,	1,	1,	1,	1,	1,	1,	
0.5,0.5,	0.979982,0.020018,	0.984107,0.0158931,	0.987239,0.0127607,	0.979364,0.0206357,	0.940507,0.0594933,	0.587158,0.412842,	0.511022,0.488978,	0.774181,0.225819,	0.95321,0.0467897,	0.00863209,0.991368,	1,	1,	1,	1,	1,	1,	1,	1,	1,	1,	1,	
0.5,0.5,	0.98007,0.0199304,	0.98416,0.0158403,	0.987401,0.0125987,	0.979272,0.0207283,	0.94102,0.0589797,	0.583505,0.416495,	0.499046,0.500954,	0.762629,0.237371,	0.952543,0.047457,	0.0095097,0.99049,	1,	1,	1,	1,	1,	1,	1,	1,	1,	1,	1,	
0.5,0.5,	0.980132,0.0198676,	0.984338,0.0156615,	0.9875,0.0124998,	0.979263,0.0207367,	0.941449,0.058551,	0.58475,0.41525,	0.526685,0.473315,	0.76084,0.23916,	0.95174,0.04826,	0.0108061,0.989194,	1,	1,	1,	1,	1,	1,	1,	1,	1,	1,	1,	
0.5,0.5,	0.980282,0.0197182,	0.984413,0.0155867,	0.987515,0.012485,	0.97934,0.0206597,	0.941346,0.0586541,	0.565702,0.434298,	0.516624,0.483376,	0.77257,0.22743,	0.952427,0.0475732,	0.00969119,0.990309,	1,	1,	1,	1,	1,	1,	1,	1,	1,	1,	1,	
0.5,0.5,	0.980394,0.0196063,	0.984455,0.0155455,	0.987568,0.0124318,	0.979422,0.0205782,	0.942859,0.0571406,	0.553486,0.446514,	0.509844,0.490156,	0.781041,0.218959,	0.952198,0.0478021,	0.0084824,0.991518,	1,	1,	1,	1,	1,	1,	1,	1,	1,	1,	1,	
0.5,0.5,	0.980344,0.0196555,	0.984584,0.0154162,	0.987594,0.0124062,	0.97947,0.0205302,	0.942716,0.057284,	0.552266,0.447734,	0.499074,0.500926,	0.784932,0.215068,	0.951355,0.048645,	0.00964495,0.990355,	1,	1,	1,	1,	1,	1,	1,	1,	1,	1,	1,	
