k=0_act,k=1_act,k=2_act,k=3_act,k=4_act,k=5_act,k=6_act,k=7_act,k=8_act,k=9_act,k=10_act,k=0_wait,k=1_wait,k=2_wait,k=3_wait,k=4_wait,k=5_wait,k=6_wait,k=7_wait,k=8_wait,k=9_wait,k=10_wait,	k=0_act,k=1_act,k=2_act,k=3_act,k=4_act,k=5_act,k=6_act,k=7_act,k=8_act,k=9_act,k=10_act,k=0_wait,k=1_wait,k=2_wait,k=3_wait,k=4_wait,k=5_wait,k=6_wait,k=7_wait,k=8_wait,k=9_wait,k=10_wait,	
15,15,15,15,15,15,15,15,15,15,15,15,15,15,15,15,15,15,15,15,15,15,	15,15,15,15,15,15,15,15,15,15,15,15,15,15,15,15,15,15,15,15,15,15,	
15,2.92191,5.92745,7.92308,9.08616,9.93857,10.1288,10.5765,10.5621,10.7203,11.4003,15,1.25865,3.34371,4.94426,6.16281,7.89161,8.60804,9.50685,9.71094,10.5078,11.578,	15,11.4961,11.4606,11.3667,11.0865,10.5849,9.95256,9.32976,8.57723,7.57687,6.73108,15,5.88099,7.97252,9.26099,10.0407,10.1476,9.87618,9.48082,8.9395,7.9945,10.7639,	
15,2.22852,5.58667,8.44158,9.59912,10.2275,11.2516,11.5618,11.0844,11.6609,12.0929,15,0.895573,2.68844,4.65724,6.90809,8.34561,9.45239,10.4617,10.8627,11.3157,12.2664,	15,10.187,10.8481,11.2943,11.3383,11.3663,11.3891,11.0732,10.4704,9.5777,8.39102,15,5.27745,7.64425,9.36133,10.36,10.6308,11.1981,11.053,10.4828,9.70303,9.2693,	
15,3.03678,6.94094,8.96882,11.2064,11.5996,12.1829,12.4496,13.2039,12.8515,13.6572,15,0.90262,3.41519,5.69581,7.95655,9.56093,10.4366,11.3729,12.1989,12.733,13.656,	15,9.90804,11.7743,12.6073,12.9374,12.9786,12.7948,12.4499,12.0084,11.2742,10.0109,15,5.5683,8.58353,10.934,11.5867,12.4394,12.3781,12.1809,11.9654,11.21,8.96292,	
15,3.16101,7.30042,9.43073,11.371,12.8779,12.9129,13.7477,13.379,13.7193,14.4493,15,1.17755,3.7863,6.12853,8.65262,10.8228,11.589,12.6128,12.8901,13.6113,14.4946,	15,10.0494,12.7503,13.5464,14.0063,14.1291,13.7663,13.3818,12.987,12.271,11.1141,15,5.17085,9.81439,11.0859,12.2158,13.0646,13.1007,12.982,12.8466,11.9877,9.06325,	
15,2.98243,6.94201,10.0131,11.8299,11.8952,13.0132,13.1013,12.9304,13.5582,14.1095,15,1.0848,3.91843,6.66515,9.04666,10.3375,11.3064,12.2509,12.6189,13.1869,14.1273,	15,10.4171,13.3278,14.0572,14.3557,14.1717,13.8606,13.1057,12.389,11.4099,10.168,15,5.59791,9.83349,11.7865,12.6965,13.5383,13.6686,12.4391,12.2002,10.8955,9.03478,	
15,3.37795,7.1195,10.0132,12.3057,12.7636,13.1392,13.1333,13.5712,13.6089,14.2848,15,1.44108,3.98312,6.75891,9.00921,10.9066,11.691,12.4372,12.9221,13.4457,14.4256,	15,10.8854,13.6757,14.4938,14.7988,14.5664,14.0026,13.4448,12.8097,12.1186,11.0347,15,6.32455,9.23445,11.0648,12.8837,13.5899,13.2134,13.2798,12.1595,12.0199,9.9088,	
15,4.30645,8.32501,9.55465,12.1578,13.4284,13.6159,13.2431,13.7842,14.1431,14.5252,15,1.62434,4.37751,7.03153,9.25447,10.9109,12.0794,12.8452,13.1258,13.5237,14.5237,	15,11.1664,14.3298,14.8738,14.8815,14.7117,14.4672,13.9653,13.2722,12.6076,11.3523,15,5.80444,9.86194,11.4751,13.0201,13.2394,14.1055,13.6541,12.6134,12.2901,10.1026,	
15,4.01997,8.35791,10.6695,12.6952,13.7191,14.0745,14.0519,14.0136,14.5136,14.8782,15,1.54067,4.43618,6.82218,9.44927,11.5355,12.2713,12.9039,13.6467,14.0722,14.9853,	15,11.4206,14.5605,15.106,15.2541,15.0625,14.8149,14.4013,13.7644,13.0119,12.1498,15,5.52502,9.68871,12.0823,13.5082,13.4601,13.9537,14.0479,13.7266,12.8363,9.94786,	
15,4.2986,8.05636,10.35,11.4919,13.2282,13.4337,13.4284,13.2431,13.9293,14.4191,15,1.67731,4.34458,7.45076,9.29825,11.3872,12.1417,12.2776,12.9594,13.3525,14.4843,	15,12.0463,14.8936,15.2964,15.3862,15.1877,14.7154,13.7971,12.9727,11.8744,10.5568,15,6.52977,9.87446,11.1691,12.9432,13.9704,13.4265,13.1212,12.7397,11.6818,10.1167,	
15,4.19328,7.98921,10.5517,12.2135,13.4783,13.3384,14.0497,13.9964,14.2033,14.8847,15,1.95961,4.7168,7.69443,9.64951,11.4606,11.8481,12.4777,13.3129,13.5465,14.9033,	15,12.2861,15.0516,15.3822,15.2787,15.0261,14.732,14.1177,13.3253,12.4523,11.3107,15,5.91852,9.94559,12.1118,13.5328,13.6909,13.8871,13.5804,13.6069,12.4678,9.62342,	
15,4.01092,7.64706,10.8024,11.9227,12.7386,13.1583,13.4226,13.7035,13.911,14.3523,15,1.74848,4.51551,7.22032,9.69045,10.8039,12.0871,12.2959,12.914,12.9207,14.3539,	15,12.3843,15.099,15.2689,15.1806,14.757,14.0931,13.4506,12.7393,11.8374,10.7232,15,5.90559,9.7867,12.2006,13.2113,14.3627,13.2545,13.0432,12.8696,11.7499,9.57068,	
15,4.28629,8.05124,11.1742,12.4197,13.3321,13.6579,13.8076,14.1051,14.1629,14.8171,15,1.75108,4.65338,7.47709,9.60791,11.0094,11.9795,12.6276,13.0148,13.8165,14.8825,	15,12.6976,15.2043,15.422,15.3249,15.0743,14.623,14.1346,13.4209,12.6443,11.6092,15,6.39384,10.0563,11.9673,12.7462,14.0504,14.1633,13.5208,13.2065,12.5829,9.67044,	
15,3.98741,8.62128,11.0982,12.231,13.391,13.3059,13.9082,14.0155,14.4686,14.9461,15,1.70392,4.83938,7.69999,9.52126,11.4852,12.1928,12.4564,13.4876,13.8823,14.979,	15,13.0076,15.3695,15.5153,15.4985,15.2381,14.7924,14.226,13.605,12.7404,11.508,15,6.22822,9.81057,12.1717,14.0688,13.8287,13.9955,13.586,13.2265,12.6796,9.83426,	
15,4.64156,8.43459,11.4026,12.8141,14.171,13.9315,14.4248,14.4389,14.7892,15.3402,15,1.7879,4.71381,7.85686,10.0681,11.621,12.699,13.5435,13.79,14.2155,15.3893,	15,13.0557,15.6453,15.9726,16.0163,15.7631,15.3142,14.6929,13.8927,12.988,11.9247,15,5.88325,10.3842,12.2313,14.5352,14.9922,14.6828,14.4928,13.5001,12.5391,10.087,	
15,3.95135,8.20099,10.5929,12.3928,13.1411,13.5121,13.7969,13.9633,14.258,14.7225,15,1.85807,4.95674,7.6232,9.51,11.7153,12.5888,12.7295,13.0696,13.5476,14.7994,	15,13.2761,15.8414,15.8566,15.6922,15.1324,14.7117,14.0398,13.3553,12.6191,11.5765,15,5.72913,10.3141,12.425,13.1705,14.0773,14.024,13.7487,12.7956,12.556,9.82323,	
15,4.32514,8.37512,10.144,13.0704,13.5372,14.2134,13.794,14.2733,14.5337,15.2153,15,1.90215,4.87992,7.87941,10.3794,11.1962,13.0573,12.927,13.5768,14.045,15.3065,	15,13.3476,15.8813,15.9272,15.8421,15.4638,15.1867,14.7633,13.882,12.8874,11.8253,15,5.496,9.8143,12.3043,13.4063,13.2668,14.4768,14.2696,13.7632,12.7029,10.4715,	
15,4.23979,8.94265,11.1829,12.4409,13.7601,13.5576,13.7238,14.3767,14.6774,15.3888,15,1.85654,5.09967,7.99394,9.68476,11.7236,12.4269,13.1914,13.9216,14.3952,15.4672,	15,13.5385,15.9951,16.032,15.9289,15.4617,15.1046,14.6457,13.9948,13.1264,12.3943,15,5.99363,9.91744,13.3723,13.504,13.848,14.3036,13.7551,13.6627,12.8917,9.86146,	
15,4.54289,8.14863,11.0678,12.5915,13.4096,14.013,13.9419,14.0935,14.5952,15.1685,15,1.9274,5.29349,7.79674,10.0719,11.6647,12.5803,13.2258,13.1277,14.0192,15.1839,	15,13.7731,15.9653,15.8914,15.8556,15.6079,15.0876,14.4339,13.7038,12.7802,11.707,15,6.89661,9.14748,11.585,13.5401,14.3587,14.3175,13.7988,13.5042,12.4988,10.7132,	
15,4.32171,7.62141,10.5403,12.1885,13.0463,14.0139,14.4383,15.0448,14.8683,15.383,15,1.87019,5.02595,7.3638,10.0744,11.354,12.7025,13.6306,13.7751,14.3267,15.4481,	15,13.7344,15.889,15.8499,15.7012,15.5485,15.1387,14.6452,14.1011,13.2379,12.4756,15,5.85959,9.12762,12.3478,12.9501,13.807,14.2209,14.5316,13.6538,13.4239,10.2099,	
15,4.46942,9.34514,11.5757,12.748,13.6564,14.6341,14.2966,14.145,14.9337,15.4676,15,1.71967,5.00385,8.20943,10.2654,11.9657,13.1634,13.5736,13.9495,13.9939,15.445,	15,13.8838,16.127,16.0837,16.1823,15.9585,15.5565,14.8855,14.1793,13.3708,12.1532,15,6.36761,9.59639,12.8521,14.5305,14.3195,14.5352,14.8938,14.2077,12.6562,10.6274,	
15,4.1948,8.01614,10.6464,12.5887,13.5146,13.9457,14.4624,14.1808,14.5723,15.1304,15,1.62096,4.93356,7.8427,9.867,11.5492,12.4617,12.8228,13.316,13.6019,15.1664,	15,14.0663,15.9908,15.8668,15.5371,15.2913,14.8987,14.3459,13.577,12.7215,11.5951,15,6.19367,10.1294,12.4543,13.807,13.9324,13.9038,14.0479,13.2068,13.08,10.8138,	
15,4.32882,7.65224,10.8572,12.2918,13.6582,13.9121,13.8921,14.4539,14.438,15.0857,15,1.57375,4.91376,7.5329,9.86556,11.3087,12.169,12.7441,13.2129,13.7222,15.1277,	15,14.0867,15.9102,15.9067,15.7302,15.36,15.0223,14.4026,13.5893,12.6159,11.3565,15,6.04213,9.09077,12.1884,13.3381,14.2466,14.2897,14.3192,13.6644,12.4049,9.81991,	
15,4.25338,8.36107,11.2744,12.3815,12.9102,13.1763,13.8169,13.3848,14.3986,14.7648,15,1.88818,5.10209,7.70012,9.86868,11.4182,11.6472,12.6928,13.0209,13.3209,14.7489,	15,14.1809,16.0533,15.9332,15.8083,15.5506,14.891,14.2547,13.3258,12.3865,10.8762,15,5.78376,9.69196,11.6544,12.7893,13.9054,13.7273,13.9259,13.3133,11.8651,10.2328,	
15,4.46734,8.16416,11.0615,11.8234,13.4567,13.5994,13.7253,13.9475,14.3838,15.0397,15,1.73263,5.00429,7.80607,9.63267,11.4272,12.382,13.26,13.4286,13.853,15.0201,	15,14.3016,16.0352,15.7616,15.6681,15.3176,14.938,14.3394,13.5168,12.725,11.917,15,5.83689,9.8124,11.8156,13.1731,14.1569,14.0585,13.6934,13.2469,12.4884,10.7463,	
15,4.60168,8.65801,10.2189,12.6806,14.0603,13.6988,14.344,13.8697,14.5041,15.0986,15,1.63853,4.8657,7.2187,9.69773,11.8324,12.5014,13.2413,13.3296,13.6302,15.1392,	15,14.2276,15.9896,15.8818,15.7244,15.4989,14.9731,14.367,13.5684,12.7829,11.7438,15,6.23865,10.1607,11.7787,13.4545,14.5094,14.366,14.2412,13.8268,12.3651,10.3313,	
15,4.36379,8.27366,11.0184,12.3258,13.3533,14.2742,14.0142,14.2032,14.6091,15.1642,15,1.58803,4.93204,7.29614,9.62317,11.682,12.4922,12.8284,13.6001,13.641,15.1521,	15,14.1343,16.0578,15.9509,15.8984,15.5715,15.2363,14.5857,13.8355,12.9775,11.6735,15,5.79139,9.8621,12.1558,13.2059,14.2882,14.5884,13.7401,13.4804,12.5895,10.4966,	
15,4.28164,9.26913,10.9525,11.3479,13.6532,13.6243,14.4049,13.9116,14.3992,15.0309,15,1.76382,5.13187,7.43631,9.77143,11.4422,12.3491,12.9031,13.2787,13.2964,15.0786,	15,14.0157,15.9588,15.8107,15.6839,15.2471,14.8258,14.2773,13.5245,12.6373,11.2361,15,5.98543,9.60039,12.1009,13.6018,14.5188,14.0806,13.7748,13.4613,12.3169,10.2673,	
15,3.92618,8.12595,10.872,12.9452,13.3554,14.441,14.1907,14.4128,14.5566,15.1273,15,1.7402,4.79692,7.66916,9.90747,11.244,12.3853,13.1219,13.3911,13.4035,14.9877,	15,14.0954,15.9777,15.9399,15.7883,15.39,14.9581,14.4358,13.6545,12.6865,10.9946,15,5.88349,9.75683,11.9949,13.3589,14.5375,14.3068,14.4197,13.7878,11.8696,10.2363,	
15,3.95299,8.31788,11.4044,13.0432,13.2933,14.1045,14.3654,14.9201,14.7087,15.4824,15,1.94185,4.75803,7.48929,9.72528,11.2786,12.3469,13.479,13.8954,14.6304,15.5911,	15,14.3356,16.1145,16.0779,15.7199,15.2548,14.9229,14.5598,13.92,13.43,12.9922,15,6.24477,9.75895,12.061,13.6507,14.567,13.8115,14.1745,13.564,13.5308,10.3816,	
15,3.898,8.19554,11.1213,13.13,13.4208,14.0492,14.5542,14.4319,14.8794,15.4933,15,1.88967,4.62715,8.04147,9.5607,11.6735,12.4115,13.1348,13.7091,14.3409,15.5427,	15,14.4613,16.1712,16.1019,15.8495,15.5514,15.202,14.6683,14.0024,13.2095,12.0267,15,6.50776,9.44002,12.376,13.5694,14.1293,14.4106,14.3642,13.7898,12.847,10.2645,	
15,4.28452,7.41824,10.9281,13.4842,13.4493,14.3835,14.0801,14.4416,14.8398,15.5214,15,2.01599,4.74313,7.87168,10.0356,11.3021,12.8323,13.2224,13.938,14.4027,15.6012,	15,14.6424,16.3989,16.1734,16.0872,15.7144,15.1815,14.6728,13.9982,13.2081,12.0969,15,5.66869,9.74214,11.8954,14.2289,14.0854,14.3077,13.9617,13.5515,12.8393,10.566,	
15,4.3421,8.03148,10.8569,12.6456,13.3144,13.9175,14.8103,14.9943,14.7555,15.5037,15,1.98392,4.97287,7.95634,9.64121,11.6445,12.5391,13.2565,13.8227,14.4226,15.4989,	15,14.8336,16.3052,16.0811,15.8691,15.6054,15.1377,14.635,14.0398,13.2395,12.5098,15,5.89673,9.89614,11.8544,14.0909,14.5146,14.2698,14.1265,13.314,13.3594,10.3482,	
15,3.99324,8.11888,10.7692,12.4331,14.0055,14.0255,14.5596,14.3182,14.6241,15.3892,15,1.96011,4.88339,7.55551,9.82599,11.6499,12.405,13.5818,13.9762,13.9777,15.3892,	15,14.8477,16.2488,16.0534,15.6585,15.3992,14.9598,14.5659,14.0552,13.3059,12.425,15,5.78835,9.99142,12.383,13.0903,14.0185,14.7926,14.1766,13.7249,12.9084,10.4999,	
15,3.80627,8.37224,10.4311,12.7126,13.0287,13.8049,13.0511,13.5536,14.4723,14.8976,15,1.80257,5.23309,7.80478,9.61875,11.4448,11.8216,13.009,12.9154,13.4508,14.7685,	15,14.6961,16.2714,16.1293,15.8371,15.3957,14.8968,14.2001,13.3691,12.4585,11.6037,15,6.08107,9.57257,11.4523,12.6974,14.0673,13.8136,13.6877,13.3789,12.3019,10.0103,	
15,4.6505,8.85256,11.6573,12.6229,13.712,13.8211,14.5792,15.3814,15.0393,15.7939,15,1.82983,4.81827,7.47516,10.083,11.7149,12.887,13.5162,14.1773,14.4951,15.8674,	15,14.6023,16.2746,16.3079,16.0617,15.7584,15.4197,14.9101,14.46,13.8624,12.7715,15,5.95787,9.59613,11.9788,13.9233,14.8085,15.1912,13.9883,13.6097,13.5953,11.2627,	
15,4.30591,8.51046,11.4311,12.552,13.7267,14.4653,13.6237,14.5767,15.0625,15.5383,15,1.63003,5.16126,7.78617,9.97992,11.6684,12.9593,12.9574,13.3,14.1598,15.5327,	15,14.5769,16.31,16.3017,16.1994,15.8326,15.4514,14.8802,14.0628,13.1954,11.7438,15,5.76123,9.91562,12.1254,13.5259,14.4504,14.9491,14.8207,14.0011,12.418,10.4382,	
15,4.15328,7.60786,10.9126,12.5863,13.5002,14.6259,14.3225,14.7231,14.7509,15.3273,15,1.83545,4.93723,7.94144,9.95914,11.4208,12.5879,13.2792,13.8865,14.1688,15.3096,	15,14.6389,16.3929,16.2308,15.8839,15.5185,15.092,14.5662,13.9344,13.292,12.7967,15,6.22872,10.0137,11.552,12.8837,13.9923,13.7196,14.1584,13.7574,13.5313,10.9082,	
15,4.34502,8.20851,10.6614,12.2563,13.7447,14.159,14.2316,14.4163,14.8661,15.3263,15,1.76627,4.88821,7.66839,10.3138,11.3731,12.9366,13.0647,13.8461,13.8735,15.397,	15,14.7307,16.4264,16.3638,16.1078,15.6037,15.1103,14.4912,14.0386,13.2299,12.0882,15,5.83331,8.90913,12.0192,13.5172,14.5848,14.5765,13.7086,13.2902,13.0445,10.918,	
15,3.96052,9.05957,10.1605,12.1853,13.6391,13.8408,14.362,14.2719,14.9212,15.3381,15,1.8343,5.16188,7.85913,10.1644,11.5834,12.5256,13.3153,13.7234,14.1248,15.3889,	15,14.8255,16.4895,16.1855,16.018,15.6882,15.19,14.7152,14.0625,13.3676,12.6467,15,5.22792,8.99577,11.5667,13.3838,14.1396,14.6925,13.6984,13.8119,13.2495,10.373,	
15,4.44053,8.65053,11.0554,12.8814,13.4306,14.1196,13.5128,14.3399,14.8674,15.2855,15,1.78557,4.50402,7.90057,9.88689,11.9258,12.6429,13.0585,13.4202,14.0041,15.3161,	15,14.8851,16.5528,16.4617,16.0998,15.6964,15.1571,14.3741,13.679,12.74,11.6165,15,6.21827,10.2611,12.2733,14.1573,14.2715,14.4619,13.7702,13.3325,12.1475,10.5234,	
15,3.93709,8.85885,11.2128,12.486,12.965,14.4523,14.3546,14.486,14.8235,15.3473,15,1.6365,4.3231,7.92014,9.75553,11.3869,12.5893,13.3236,13.6992,13.8723,15.3799,	15,15.0151,16.5577,16.2107,16.0087,15.6261,15.1183,14.5917,13.8683,13.1486,11.8825,15,6.13289,9.31783,11.6071,14.2322,14.617,14.0009,14.0389,13.6628,12.9904,10.329,	
15,4.42624,9.05734,11.009,12.5857,13.3799,14.2716,14.3828,14.6771,15.0691,15.6006,15,1.73955,4.71203,7.94733,9.79229,12.0058,13.1847,13.3308,13.2873,14.5481,15.5439,	15,15.0133,16.5884,16.4079,16.2209,15.8018,15.5114,15.1519,14.4062,13.5368,12.1281,15,5.82985,8.40227,11.5809,14,14.4144,14.7767,14.4178,14.2581,13.5032,10.2341,	
15,4.16263,8.35072,11.1472,12.6271,13.2436,13.7195,14.7464,14.7441,14.7401,15.4969,15,1.70647,4.9265,7.90527,10.2102,11.3585,12.6017,13.1557,13.6257,14.1779,15.4973,	15,14.9767,16.6103,16.3411,16.0366,15.5686,15.2602,14.6584,13.946,13.1071,11.9302,15,5.97862,9.59072,11.7106,13.9875,14.492,14.5165,13.998,13.4352,12.7981,10.183,	
15,4.28267,8.17513,11.2067,12.7965,13.6839,14.7628,14.3482,14.2944,14.8378,15.5012,15,1.72785,4.55509,8.04964,10.1899,11.7248,12.5481,13.3223,13.9195,13.8382,15.467,	15,15.0471,16.6226,16.4156,16.136,15.8099,15.3573,14.8064,14.1509,13.2998,12.1895,15,5.77641,9.23996,12.0124,13.4862,14.2181,14.5387,13.9648,14.0474,13.3395,10.2989,	
15,4.494,8.78667,12.2431,12.688,13.6489,14.085,13.9207,14.3964,15.1068,15.5026,15,1.77515,4.57936,8.41542,10.2168,11.388,12.5267,13.0466,13.7479,14.2036,15.5265,	15,15.2239,16.7787,16.5081,16.219,15.8007,15.3346,14.6993,13.9939,13.1426,12.3477,15,5.72727,10.299,12.3527,14.1457,14.2642,14.6845,14.3405,13.3065,13.4493,10.3871,	
15,4.0562,8.64016,11.414,12.7442,13.5944,14.4536,14.581,14.4514,14.7203,15.4494,15,1.78476,4.57741,7.88473,10.4415,11.5188,13.15,13.3402,13.4848,14.2136,15.483,	15,15.3822,16.7491,16.4022,16.131,15.6146,15.1465,14.7113,14.0179,13.3412,12.1026,15,5.65742,9.73552,12.0763,13.6201,14.5863,14.9291,14.6984,13.7992,13.0326,10.246,	
15,4.63707,8.07526,10.8696,12.0157,13.2826,13.6905,14.3834,14.6231,14.7457,15.2321,15,1.78662,4.82567,7.43937,10.1636,12.0883,12.5663,12.719,13.3156,13.9559,15.3148,	15,15.2346,16.7144,16.5895,16.0662,15.6335,15.1405,14.5222,13.7432,12.889,11.6874,15,5.36853,9.50118,12.581,13.6337,13.8648,14.0515,13.8658,13.5691,12.7112,10.5548,	
15,4.64762,8.27874,10.6917,13.232,13.7624,14.3561,14.1916,14.7069,15.0959,15.5914,15,1.90924,5.32727,8.38388,10.5101,11.7239,13.0664,13.3717,13.6713,14.4389,15.5813,	15,15.1554,16.92,16.6569,16.3533,16.0301,15.6647,15.0307,14.2764,13.2491,12.1358,15,5.68117,9.69426,12.2601,13.1738,13.8739,15.0238,14.7126,14.0041,12.846,10.8597,	
15,4.16378,8.39305,11.6334,13.0469,13.2156,14.5867,15.2401,14.8702,15.1805,15.7894,15,2.01346,5.1181,8.38891,10.2031,11.9404,12.9198,13.9437,14.2456,14.79,15.8494,	15,15.3215,16.8114,16.5645,16.3401,15.9625,15.5412,14.8316,14.1673,13.3572,13.032,15,6.37138,9.61814,12.6163,13.559,14.6108,15.276,14.2039,13.5343,13.8092,10.8962,	
15,4.14803,8.42238,11.2504,12.2944,13.6261,14.5539,14.2239,14.6589,14.9613,15.4536,15,1.73473,5.0849,7.85747,9.80204,11.2483,13.1382,13.1056,13.587,13.8753,15.4754,	15,15.2359,16.811,16.4482,16.0069,15.5668,15.1119,14.5903,13.7872,12.9356,11.4402,15,6.46782,10.3271,12.1798,13.3201,14.5955,14.8687,14.1868,13.2987,12.9854,10.2061,	
15,4.03912,8.18388,10.2671,12.3738,13.0951,13.3751,13.8727,14.6577,14.7219,15.2651,15,1.84734,5.17767,7.98756,9.80854,11.1207,12.3006,12.7681,13.4721,13.6429,15.3118,	15,15.0305,16.677,16.3669,15.9658,15.5502,15.0939,14.6072,13.8697,12.9972,10.8867,15,4.99547,9.62128,11.7214,13.3128,14.4626,14.6946,14.1951,13.5584,12.0928,10.2381,	
15,4.56305,8.98595,11.1836,13.0055,13.4622,13.8824,14.1982,14.1905,14.853,15.32,15,1.83595,4.86106,7.93788,9.6762,12.0148,12.7975,13.0179,13.6252,13.7655,15.2279,	15,15.0199,16.7109,16.5196,16.1134,15.6664,15.1939,14.5857,13.7999,12.7643,11.8608,15,5.70664,9.91317,12.1051,13.2544,13.8881,14.7226,13.8666,13.8557,12.5972,10.4404,	
15,4.84869,8.49497,11.6337,12.7949,13.7195,13.7665,13.7139,14.6297,15.0249,15.362,15,1.82981,5.12465,7.86331,10.3878,12.0834,12.5476,12.4082,13.2607,13.8321,15.3977,	15,15.136,16.7643,16.3777,15.9976,15.689,15.2063,14.6781,13.9759,13.0374,10.6043,15,6.10888,9.24045,12.551,13.996,14.6835,14.7256,14.0912,13.8007,11.8617,10.5112,	
15,4.45234,8.50342,12.1364,12.7901,13.8293,13.6945,14.5566,15.1801,14.8066,15.569,15,1.92119,4.96725,7.94345,9.78874,11.3672,12.559,13.1116,13.7245,14.1649,15.6207,	15,15.143,16.6275,16.309,15.9711,15.701,15.3371,14.7336,14.1827,13.4454,12.2165,15,6.27665,9.47739,12.1675,12.869,14.4109,14.9181,14.4161,13.9545,13.2596,10.9903,	
15,4.2715,8.21589,10.4966,12.4271,13.0351,13.6866,13.5876,13.467,14.3765,14.8592,15,2.15018,4.80885,7.91588,9.76958,11.4776,12.1855,12.9543,12.5513,13.5787,14.8311,	15,15.0637,16.6046,16.2014,15.7438,15.1898,14.6635,14.0037,13.3149,12.4568,11.0313,15,6.11724,9.3529,11.867,13.1848,14.3068,14.0104,13.2423,12.5793,12.2435,10.4583,	
15,4.5364,9.5793,10.9493,13.2821,14.0841,14.5378,14.3745,14.9277,15.0914,15.8278,15,1.94878,4.97128,7.21675,9.99918,12.0457,12.9814,13.8355,13.9626,14.1716,15.8302,	15,15.2212,16.7377,16.461,16.0517,15.7398,15.3447,14.9543,14.4572,13.7594,12.4762,15,6.01933,9.59339,12.9353,13.5362,14.6908,14.2154,14.2528,14.1191,13.7301,10.8995,	
15,4.39448,8.45937,11.3166,12.6538,13.5482,14.5571,14.4326,14.4244,15.002,15.5333,15,1.70424,4.97369,7.6453,10.5321,12.4494,13.023,13.3888,13.6526,14.1413,15.5864,	15,15.2075,16.5965,16.3083,16.0197,15.6547,15.3223,14.9241,14.3109,13.6074,12.6396,15,6.19535,9.65317,12.4607,13.1163,14.1509,14.3722,13.8824,13.8439,13.5031,10.1596,	
15,4.7501,8.26366,11.7299,12.8007,13.4621,14.108,14.8599,15.0655,14.8215,15.5873,15,1.94499,5.05984,7.96881,10.0034,11.5304,12.6474,13.4986,14.022,14.3589,15.615,	15,15.1287,16.4809,16.1909,15.7526,15.4647,15.1061,14.7807,14.1474,13.6507,13.0443,15,6.20477,9.53828,12.5187,13.5444,14.5618,14.4171,14.4178,13.1279,13.777,10.6034,	
15,3.62042,7.69701,11.0688,12.1123,13.2133,13.6664,14.639,14.7173,14.6713,15.2875,15,1.69299,4.6586,7.77047,9.51395,11.6441,12.7338,13.0214,13.769,13.9977,15.3381,	15,15.1292,16.5479,16.2556,15.8589,15.4771,14.9801,14.5828,13.8756,13.0397,12.0645,15,5.99749,9.5428,11.534,12.938,13.575,14.1476,14.0885,13.5588,12.7734,10.2734,	
15,4.08205,8.32871,11.2288,12.8179,13.6439,14.2904,14.0732,14.8378,14.9906,15.6007,15,1.81954,5.12705,7.87551,10.3612,12.0517,12.5953,12.992,13.4966,14.2303,15.6521,	15,15.0227,16.5986,16.3574,15.9855,15.6375,15.3866,14.8853,14.3105,13.4952,12.3407,15,5.94135,9.3109,11.7332,13.2497,13.5068,14.4362,14.2884,13.5121,13.5272,10.419,	
15,3.86383,8.28697,10.9817,12.5068,13.2664,13.7346,14.3778,14.5659,14.7227,15.4633,15,1.83553,4.7421,7.69598,9.39085,11.5838,12.5056,13.5514,13.3752,14.0523,15.3533,	15,15.0324,16.5743,16.3746,15.8445,15.4654,15.0421,14.4538,13.8107,13.0885,11.58,15,5.93501,9.33436,12.1852,13.4475,14.2527,14.1323,14.216,13.3381,12.8808,10.0993,	
15,4.00741,8.75372,10.6757,12.9569,14.0018,14.6042,14.9106,15.0644,15.3096,15.8293,15,1.92139,4.94405,7.64416,10.0813,11.5835,12.517,13.5387,14.18,14.657,15.8841,	15,15.2584,16.8994,16.7873,16.4042,15.9474,15.4803,14.8953,14.0781,13.2609,12.1059,15,5.79786,10.3115,12.6604,13.7639,14.866,14.3587,14.9357,13.503,13.0332,10.2063,	
15,4.66033,8.42498,11.3705,11.847,14.1138,14.3484,14.4337,14.9746,14.9981,15.6268,15,1.89437,5.29427,7.92634,10.2173,11.5488,12.285,13.3095,13.7428,14.3768,15.6619,	15,15.4116,16.9006,16.7261,16.1508,15.7734,15.296,14.815,14.1315,13.3907,11.7456,15,5.20643,9.622,12.3743,14.1372,14.7078,14.9852,13.9313,13.7121,13.1826,10.9463,	
15,4.44272,8.23618,11.0834,12.6755,13.6665,14.0122,14.506,14.7001,14.9308,15.4904,15,1.64831,5.19936,7.94946,10.278,11.4846,12.7274,13.4926,13.6673,13.9961,15.5594,	15,15.4187,16.936,16.5676,16.1841,15.7495,15.2791,14.5653,14.0514,13.2893,12.0446,15,5.49743,10.2142,11.9875,13.2003,14.594,14.6102,14.1839,13.4477,12.625,10.5685,	
15,4.63567,7.65562,11.0638,12.1977,13.4567,14.4096,14.8403,14.6619,14.9903,15.5144,15,1.65591,4.98982,8.10631,10.1626,11.8943,12.6578,13.4154,13.9906,14.2812,15.5925,	15,15.4546,16.7382,16.3322,15.9284,15.4707,15.2666,14.8426,14.2026,13.4127,12.5816,15,6.13807,9.33178,11.52,13.391,14.2586,14.3551,14.2999,13.8726,13.76,10.3606,	
15,4.21999,8.33804,11.2677,12.5948,13.2082,14.0175,14.0624,14.5091,15.0224,15.4322,15,1.44272,4.89476,7.1876,10.2591,11.5195,12.8749,13.4797,13.4865,14.0447,15.4853,	15,15.4055,16.7589,16.4146,16.0375,15.5676,15.17,14.5294,13.9358,13.0449,11.6932,15,5.8649,10.1039,12.6515,12.9841,14.8795,14.3185,13.8174,13.7496,12.8925,10.1656,	
15,4.3425,8.84791,11.7673,12.5368,13.9478,14.2083,14.3676,14.39,14.9651,15.5281,15,1.63129,5.08464,7.51446,10.2455,11.5675,12.9931,13.466,13.7282,13.9189,15.5606,	15,15.4559,16.8319,16.4836,16.1203,15.7711,15.3066,14.6898,14.0088,13.0908,11.8395,15,5.94151,9.87528,12.2071,13.4373,14.3955,14.8076,14.4756,13.6873,13.1086,10.8158,	
15,4.29018,8.61054,11.7298,13.1391,13.3641,14.3263,14.5017,15.2007,15.2953,15.7206,15,2.07756,5.27505,7.90867,10.564,12.2338,13.0832,13.5937,13.8266,14.2255,15.735,	15,15.5741,16.9816,16.6824,16.4469,16.0504,15.6465,15.0333,14.4179,13.498,12.4378,15,5.42306,9.62806,12.4862,14.1751,14.9371,14.9485,14.282,14.0725,13.4081,10.7926,	
15,3.91013,8.86431,11.4409,13.4231,13.3058,14.3019,13.9972,14.584,15.1082,15.5055,15,2.2798,5.12895,7.63089,10.0769,11.8388,12.5599,13.5793,13.6924,14.082,15.5303,	15,15.5572,16.9978,16.729,16.4463,15.9072,15.2625,14.6552,13.8991,12.9859,11.7662,15,6.30396,9.54678,12.9465,14.3763,14.6548,14.7079,13.6088,13.3455,12.7464,10.9271,	
15,4.64371,8.27872,11.5061,13.0179,13.6125,14.0664,14.5751,15.0507,15.1038,15.5471,15,2.11105,5.17012,7.81005,9.92966,11.9414,13.0194,13.3437,13.3278,14.3204,15.6025,	15,15.5858,16.9704,16.674,16.2941,15.8405,15.3436,14.8424,14.0527,13.1704,12.2386,15,6.22558,9.79324,12.3902,13.8766,14.1505,14.717,14.2198,13.7761,13.2374,11.001,	
15,4.27706,8.87347,11.3281,13.2486,13.964,14.4308,14.6207,14.8293,15.0063,15.7049,15,1.80603,4.93083,7.76967,10.3142,11.8857,13.0918,13.3891,14.028,14.5242,15.7469,	15,15.4505,17.003,16.687,16.2976,15.9003,15.4687,14.8764,14.1685,13.4479,12.8621,15,5.80784,9.80009,12.2987,14.0049,14.4523,14.4244,14.5079,14.0607,13.6449,10.6513,	
15,4.40672,8.78174,11.2779,12.9068,13.4334,14.4311,14.1164,14.7166,15.1447,15.5969,15,1.90466,5.02597,7.99013,10.6917,11.5607,12.7695,13.3496,13.9806,14.2848,15.6086,	15,15.5015,17.0877,16.7688,16.376,15.9442,15.4054,14.8274,14.1255,13.3105,12.2983,15,5.67316,10.2669,12.2416,14.0955,14.5019,14.4296,14.288,13.6958,13.1956,10.8641,	
15,4.27267,8.41842,11.2137,12.7614,13.2059,14.2676,14.465,14.3634,15.0945,15.6012,15,1.77014,4.93054,7.88015,10.2483,11.3649,12.58,13.2853,13.6069,14.0553,15.5688,	15,15.577,17.0299,16.7206,16.2791,15.8161,15.3354,14.7515,14.0673,13.0933,11.4655,15,6.12243,9.94424,12.5729,13.5696,14.3601,14.3572,14.3245,13.4597,12.3304,10.8056,	
15,4.37607,8.30749,10.8311,12.59,13.6687,14.561,14.4824,14.3867,15.0317,15.6267,15,1.82596,5.17818,8.02208,10.004,11.8118,12.6016,13.5625,13.7542,14.1665,15.6442,	15,15.5885,16.9331,16.719,16.2851,15.8025,15.3671,14.8188,14.0117,13.2072,12.055,15,6.05715,9.31095,12.092,13.8091,14.05,14.9211,14.3377,13.8908,12.9574,10.5806,	
15,4.49706,7.69972,11.0344,12.9728,13.8882,14.5887,14.867,15.0258,15.1402,15.6854,15,1.78696,5.01203,8.17923,10.3062,11.6847,13.0889,13.6505,14.1064,14.6513,15.6636,	15,15.5975,16.924,16.7125,16.2514,15.7938,15.4533,14.9475,14.1963,13.4873,12.836,15,6.26243,9.67756,11.8688,13.8811,14.3646,14.5812,14.7104,13.8825,13.4248,10.6161,	
15,4.10559,8.5311,11.2733,13.2162,14.1147,14.2551,14.537,14.8388,15.228,15.7851,15,1.75127,4.92187,8.26835,10.4373,12.156,13.0708,13.7305,14.0858,14.3199,15.829,	15,15.634,16.9914,16.7199,16.2703,15.946,15.5991,15.0376,14.4799,13.6371,12.5671,15,6.16708,9.75928,12.0871,14.2804,14.6937,14.5647,14.6071,14.1759,13.1964,10.7616,	
15,4.34531,8.2335,10.8194,13.0656,13.9946,14.4402,14.5893,14.4027,14.9027,15.5587,15,1.8446,4.82559,8.03987,10.1155,12.0746,12.7995,13.247,13.7431,14.2757,15.5723,	15,15.6201,17.0068,16.6918,16.2027,15.7886,15.2957,14.7651,14.0444,13.2687,12.23,15,6.203,9.68616,12.25,13.8502,14.3842,14.4653,14.6681,13.8363,13.1317,10.6761,	
15,4.0791,8.11151,11.3814,12.4414,13.4228,14.1824,14.4484,14.4072,14.8985,15.4684,15,1.8367,5.0855,7.98314,10.0717,11.4899,12.5472,13.3918,13.619,14.0185,15.4133,	15,15.5973,16.9049,16.6105,16.1218,15.6322,15.2835,14.6861,14.016,13.3157,11.9213,15,5.99798,9.66818,12.1429,13.9874,13.9801,14.7701,14.027,13.6871,12.9045,9.99234,	
15,4.31255,8.18224,10.9697,12.9238,13.8286,14.3325,14.3683,14.6172,15.0716,15.6515,15,1.89052,5.25332,7.93109,10.0937,11.6738,12.5267,13.5899,13.9093,14.3658,15.6333,	15,15.6246,16.8831,16.6281,16.1378,15.6826,15.35,14.8151,14.2313,13.5186,12.4212,15,5.94171,9.66957,12.2534,13.6372,14.0733,14.5439,14.3936,13.9159,13.2809,10.1644,	
15,4.23782,8.42331,11.1897,12.9426,13.7241,14.0851,14.7612,14.7299,14.9344,15.5063,15,1.93652,5.40776,7.85169,10.1041,11.6068,12.965,13.0724,13.5829,14.1916,15.5418,	15,15.6236,16.8995,16.6267,16.1716,15.7974,15.3256,14.7642,14.0102,13.1697,11.9901,15,5.8703,9.86223,12.3463,13.2577,14.253,14.9324,14.3298,13.6914,13.2082,10.4552,	
15,4.18906,8.72022,11.3309,12.502,13.7505,14.3466,14.3523,14.9024,14.9779,15.6275,15,1.89234,5.21872,7.92599,10.0226,11.8052,12.8352,13.661,13.6333,14.4125,15.5905,	15,15.5908,16.8737,16.5307,16.1268,15.8042,15.3824,14.8885,14.1436,13.4833,12.2624,15,5.83355,9.65757,11.981,13.6463,14.552,14.9868,14.4845,13.9117,12.9906,10.2761,	
15,4.26868,8.32624,10.7935,12.8344,13.7245,13.9082,14.3436,14.5874,15.017,15.4978,15,1.87325,5.21675,7.76489,10.2091,11.4606,12.6557,13.3358,13.6476,14.1188,15.5388,	15,15.6172,16.9087,16.5211,16.1259,15.7117,15.3183,14.7175,14.0216,13.1935,11.7655,15,5.80162,9.81389,12.2685,13.5598,14.2023,14.6831,14.3309,13.818,12.7366,10.3663,	
15,4.30933,7.92428,10.7837,12.6602,13.5246,13.9015,14.0626,14.5324,14.8232,15.3434,15,1.8613,5.23519,7.82397,10.1549,11.7404,12.5236,13.2237,13.7253,14.1369,15.3838,	15,15.6388,16.9145,16.5339,16.0835,15.5832,15.0905,14.5547,13.8864,13.1003,12.0175,15,5.89868,9.9661,12.2826,13.431,14.1671,14.133,13.9777,13.4735,12.5497,10.1096,	
15,4.18714,8.40609,11.2311,12.7643,13.6908,14.1306,14.297,14.5077,14.8588,15.5061,15,1.82905,5.11216,7.78551,9.9536,11.5663,12.6181,13.3222,13.6454,14.0602,15.5306,	15,15.6181,16.9434,16.5397,16.1262,15.6703,15.2565,14.6884,14.0199,13.1357,11.7896,15,5.96815,9.85419,12.0018,13.6052,14.1659,14.7906,14.4062,13.6566,12.6194,10.2833,	
15,4.07493,8.83431,11.0126,12.3997,13.705,13.9254,14.3616,14.4085,14.9733,15.4688,15,1.86647,5.05782,7.72632,10.0066,11.6733,12.4861,13.3323,13.4655,14.1968,15.4593,	15,15.5477,16.9121,16.4993,16.0602,15.6777,15.2988,14.775,13.9211,13.1784,12.0709,15,5.79442,9.47938,12.0068,13.6156,14.6234,14.5274,14.2721,13.5438,13.0536,10.2752,	
15,4.11639,9.1333,11.1166,12.8627,13.6949,14.3299,14.4477,14.6394,15.0467,15.5873,15,1.87363,5.04495,7.65785,10.0691,11.6908,12.9399,13.4027,13.5666,14.3462,15.6201,	15,15.5689,16.9505,16.5932,16.1529,15.7727,15.432,14.8934,14.2232,13.3994,12.1207,15,5.70232,9.73805,11.6452,13.956,14.5306,15.1143,14.5472,14.0588,13.255,10.3875,	
15,4.46413,9.04186,11.2264,12.5184,13.4365,14.1122,14.3985,14.4481,14.9739,15.5208,15,1.8762,5.08698,7.80157,10.1683,11.71,12.654,13.1799,13.4518,13.8818,15.4891,	15,15.5898,17.0534,16.7051,16.3038,15.8986,15.4292,14.8482,14.0436,13.0882,11.6574,15,5.87448,9.89206,11.7559,14.0194,14.3128,14.6275,14.3679,13.8859,12.634,9.99947,	
15,4.71598,8.74315,11.2891,12.8355,13.6087,14.1242,14.1996,14.7734,14.9906,15.5246,15,1.88345,4.9649,7.84382,10.4015,11.7821,12.5476,13.3146,13.7446,14.2183,15.5623,	15,15.5853,17.0359,16.7204,16.3379,15.9112,15.4913,14.8694,14.0993,13.3051,12.0345,15,5.97014,9.70933,11.7826,13.8499,14.4316,14.9814,14.4964,13.7119,13.0224,10.1801,	
15,4.3103,8.55262,11.0602,12.7821,13.8021,14.1294,14.3288,14.5998,14.9977,15.4997,15,1.92668,5.01632,7.77596,10.2659,11.6025,12.5975,13.4653,13.7588,14.2268,15.5209,	15,15.5812,17.0252,16.6929,16.2607,15.777,15.2704,14.7319,14.0313,13.249,12.1686,15,6.01812,9.80928,12.037,13.7609,14.6147,14.3005,14.3579,13.7895,13.0652,10.2244,	
15,4.48112,8.50601,11.1143,13.0242,13.9345,14.2179,14.3973,14.5448,15.0537,15.572,15,1.96609,5.02762,7.95573,10.1674,11.952,12.5921,13.2439,13.5229,14.2136,15.6128,	15,15.5413,17.0034,16.7012,16.286,15.8405,15.377,14.9263,14.227,13.3462,11.735,15,6.1187,9.73285,12.3253,13.4873,14.5347,14.5525,14.4861,13.9837,12.7068,10.3852,	
15,4.21513,8.05386,10.9542,12.5786,13.4216,13.8316,14.2034,14.3571,14.8701,15.3748,15,1.95206,5.06193,8.0312,10.1255,11.5574,12.2177,13.1461,13.4958,14.0752,15.3885,	15,15.5526,17.0105,16.6594,16.2085,15.7387,15.213,14.6073,13.9029,12.9969,11.796,15,6.11814,9.57825,11.9538,13.1319,14.1815,14.4434,13.8146,13.3354,12.7382,10.1869,	
15,4.30666,8.16427,11.0064,12.6225,13.8377,14.1591,14.6684,14.3906,14.9499,15.4635,15,1.94956,5.08745,8.00992,9.84505,11.6897,12.6637,13.3808,13.9454,14.3414,15.4654,	15,15.5745,17.0048,16.6299,16.2189,15.7426,15.2216,14.6241,13.9605,13.1848,12.4272,15,6.17966,9.88636,11.7283,13.5038,14.1917,14.3692,14.2433,13.8238,13.1144,10.5056,	
15,4.3033,8.25168,11.1642,13.0641,13.5911,13.9805,14.3358,14.7173,14.9891,15.5436,15,1.94626,5.01451,8.06259,9.95052,11.7667,12.7692,13.2302,13.7075,14.0728,15.5453,	15,15.5638,16.9736,16.5974,16.1835,15.7727,15.3206,14.7399,14.0785,13.2071,11.7952,15,6.00666,9.75677,12.0586,13.5613,14.3344,14.6829,14.4979,13.6315,12.7176,10.6677,	
15,4.13724,8.71272,11.5418,12.8787,13.9405,14.1072,14.4658,14.4831,15.0168,15.488,15,1.98779,5.0486,8.03597,10.0193,11.7044,12.7482,13.3508,13.6216,14.0571,15.5122,	15,15.5758,16.9748,16.5858,16.1675,15.7721,15.3175,14.7593,14.0459,13.2469,11.9868,15,6.11658,10.0819,12.2451,13.5477,14.3315,14.4603,14.4158,13.6455,12.7971,10.4118,	
15,4.40216,8.2813,11.2638,12.7361,13.8118,14.0788,14.4291,14.6207,15.031,15.5982,15,1.94428,5.10622,8.07903,10.0575,11.8502,12.7348,13.3125,13.6886,14.0353,15.5985,	15,15.5658,16.9536,16.5492,16.1736,15.7539,15.3674,14.794,14.1218,13.2126,11.9982,15,5.98025,10.0875,12.2945,13.5205,14.3211,14.3612,14.4594,13.8567,13.0459,10.4233,	
15,4.19606,8.20942,10.9115,12.9004,13.7065,14.216,14.2202,14.3793,14.9738,15.4469,15,1.88109,5.00656,8.02473,10.0155,11.6888,12.7541,13.2551,13.5147,13.8023,15.4587,	15,15.5842,16.983,16.5772,16.2015,15.6983,15.2539,14.6567,13.9548,13.024,11.4515,15,6.12998,9.94135,12.4928,13.6703,14.2928,14.5377,14.2388,13.6507,12.3434,10.5374,	
15,4.28904,8.38588,10.7861,12.6487,13.6797,14.1011,14.2854,14.6389,14.9035,15.4903,15,1.82648,4.92191,7.88391,10.0336,11.6843,12.375,13.4262,13.6711,14.0813,15.4997,	15,15.5797,16.9786,16.5508,16.1342,15.6223,15.2113,14.648,13.9037,13.0203,11.9926,15,5.97241,9.71291,12.2699,13.6835,14.1341,14.6531,14.2291,13.6112,13.0258,10.4008,	
15,4.03907,8.73601,10.9831,12.5972,13.5232,14.31,14.408,14.6963,14.9471,15.5988,15,1.84048,5.00839,7.79495,10.3081,11.6995,12.5506,13.3763,13.8524,14.2765,15.6412,	15,15.5687,16.9795,16.5735,16.1867,15.7126,15.354,14.7776,14.1032,13.3191,12.3338,15,5.81359,9.6737,12.0829,13.5868,14.4137,14.6983,14.4404,13.7844,13.1025,10.4939,	
15,3.96082,8.31261,10.7417,12.6114,13.4891,13.6178,14.1076,14.1495,14.8823,15.2683,15,1.83655,4.89807,7.69083,10.1715,11.5991,12.613,13.1248,13.451,13.867,15.2973,	15,15.5589,16.9536,16.5526,16.1118,15.6276,15.1196,14.5336,13.9265,13.1465,11.9096,15,5.63602,9.42421,12.1934,13.5239,14.1554,14.1316,13.914,13.248,12.7868,10.2079,	
15,4.27796,8.27535,10.8458,13.0637,13.448,14.0689,14.2188,14.6155,14.8369,15.4621,15,1.7952,4.9487,7.79304,10.2572,11.6032,12.6845,13.2384,13.6788,14.3275,15.4692,	15,15.5617,16.9784,16.5788,16.1134,15.6357,15.2181,14.6675,14.0059,13.262,12.3524,15,5.73864,9.51619,12.4108,13.7974,14.4837,14.3374,14.1976,13.6288,13.0717,10.1749,	
15,4.30106,8.27977,11.1822,12.7556,13.7787,14.152,14.4268,14.5651,14.9729,15.5256,15,1.83458,5.00626,7.82627,10.1761,11.7395,12.6726,13.0929,13.9403,14.2814,15.5359,	15,15.5554,16.986,16.6028,16.1508,15.7233,15.3759,14.7823,14.1624,13.363,12.2557,15,5.75927,9.44508,12.5272,13.5617,14.6677,14.5841,14.2764,13.7271,13.025,10.1433,	
15,4.26456,8.50831,11.0944,12.7709,13.5554,14.1537,14.3327,14.6994,14.9564,15.4686,15,1.80072,5.06694,7.95194,10.1428,11.7131,12.5929,13.2462,13.6129,14.2592,15.5295,	15,15.5527,17.0139,16.6226,16.1527,15.7241,15.3112,14.7547,14.0591,13.3007,12.164,15,5.62561,9.51508,12.3914,13.4804,14.4372,14.6506,14.3228,13.6194,13.0827,10.3633,	
15,4.46774,8.27215,11.1768,12.8807,13.7951,14.4244,14.3605,14.5486,14.9289,15.5187,15,1.80525,5.13557,7.99836,10.3034,11.7506,12.7358,13.3185,13.6792,14.1383,15.5424,	15,15.556,16.9885,16.6215,16.1817,15.752,15.3343,14.7899,14.1,13.2888,12.3281,15,5.71733,9.61782,12.2655,13.5276,14.3103,14.8064,14.2723,13.7798,13.1238,10.4623,	
15,4.21276,8.08001,11.3325,12.4516,13.6047,14.026,14.4118,14.4972,14.9857,15.4852,15,1.83078,5.11199,8.01927,10.2157,11.7209,12.7314,13.3179,13.8557,14.1786,15.5034,	15,15.5867,17.0297,16.6357,16.1816,15.7412,15.3136,14.7457,13.9719,13.0943,12.23,15,5.65067,9.76406,12.3233,13.4939,14.1039,14.7641,14.2552,13.5288,12.8606,10.64,	
15,4.17738,8.22314,11.1626,12.8505,13.7287,14.233,14.5451,14.562,14.9666,15.5907,15,1.86994,5.06897,7.9081,10.1328,11.6711,12.5616,13.376,13.8364,14.2248,15.5996,	15,15.5421,17.0043,16.6104,16.1657,15.7317,15.3297,14.8149,14.17,13.3615,11.9706,15,5.70355,9.59405,12.1408,13.5301,14.143,14.5447,14.3748,13.8538,12.9503,10.8571,	
15,4.5573,8.33348,11.2881,13.1182,14.0368,14.422,14.5065,14.707,15.0854,15.722,15,1.83938,5.03349,7.74799,10.0768,11.8086,12.8411,13.4458,14.05,14.4894,15.679,	15,15.5819,17.0299,16.6477,16.2297,15.8371,15.4456,14.8641,14.17,13.37,12.4301,15,5.90351,9.78508,12.3398,13.73,14.5446,15.0021,14.373,13.8534,13.276,10.824,	
15,4.34055,8.38276,11.5155,12.9459,13.9663,14.2116,14.6793,14.6593,15.1033,15.6252,15,1.90118,5.03703,7.76911,10.1105,11.8193,12.8767,13.3754,13.8752,14.2875,15.6509,	15,15.6045,17.0364,16.6412,16.2191,15.7802,15.3482,14.8688,14.1754,13.3213,12.376,15,6.10041,9.7233,12.3147,13.5351,14.3425,14.6922,14.4243,13.8795,13.2939,10.7592,	
15,4.2308,8.51878,11.2958,12.8269,13.906,14.5693,14.5023,14.8268,15.1793,15.7057,15,1.89604,5.06479,7.68614,10.1429,11.8307,12.8993,13.4393,13.8875,14.3751,15.7218,	15,15.6046,17.0508,16.6744,16.2569,15.8537,15.4428,14.9348,14.2576,13.4569,12.4657,15,5.96529,9.55507,12.0567,13.3286,14.433,14.5493,14.4079,13.9424,13.3648,10.7262,	
15,4.33986,8.45859,11.0994,12.9944,14.0571,14.4579,14.7937,14.6142,15.1524,15.6988,15,1.89299,5.03111,7.71423,10.0543,11.8071,12.8986,13.4962,13.7186,14.162,15.7111,	15,15.6162,17.0781,16.6916,16.2748,15.8714,15.4747,14.9677,14.2203,13.3446,11.9098,15,6.11688,9.54568,12.0743,13.3766,14.6888,14.8176,14.4501,13.9306,12.9732,10.6722,	
15,4.30347,8.62089,11.0442,12.6104,13.838,14.2405,14.6797,14.7668,15.1555,15.6717,15,1.84503,5.03141,7.77276,10.0442,11.7357,12.8607,13.487,13.8629,14.1822,15.7048,	15,15.6481,17.1008,16.6972,16.2894,15.8536,15.4313,14.8967,14.1323,13.2618,12.0479,15,6.04154,9.7599,12.2641,13.3549,14.6152,14.5233,14.5705,13.8326,12.9439,10.5155,	
15,4.10346,8.53487,11.1784,13.0403,13.659,14.2594,14.6521,14.7725,15.1982,15.7168,15,1.85153,5.08459,7.66422,10.1873,11.6285,12.7436,13.3336,13.9806,14.3635,15.7172,	15,15.6619,17.1018,16.7408,16.2983,15.8874,15.4567,14.8723,14.2229,13.382,12.0316,15,6.12035,9.87681,12.2242,13.4239,14.5479,14.5883,14.3641,13.7702,12.9628,10.736,	
15,4.21104,8.83907,11.4653,12.9219,13.8276,14.4341,14.3639,14.8124,15.2372,15.6965,15,1.82698,5.08118,7.75052,10.3345,11.9105,12.9974,13.5417,13.9414,14.2969,15.7404,	15,15.681,17.1215,16.7651,16.3216,15.9185,15.5229,14.9701,14.2795,13.3961,12.112,15,6.09066,9.82552,12.4167,13.6439,14.5567,14.7871,14.6846,13.9864,12.8162,10.7358,	
15,4.1087,8.65434,11.4942,12.9879,13.5792,14.2522,14.5188,14.6775,15.1822,15.6327,15,1.85325,5.14594,7.82639,10.268,11.9097,12.7267,13.555,13.7927,14.2536,15.634,	15,15.677,17.1539,16.7732,16.3452,15.8932,15.4093,14.8631,14.1892,13.2966,12.2339,15,5.99637,9.64894,12.5954,13.4244,14.6254,14.7876,14.2552,14.0017,12.9443,10.7554,	
15,4.22256,8.7595,11.4922,12.7285,13.5896,14.3706,14.2859,14.7192,15.2217,15.6581,15,1.89002,5.0892,7.95351,10.1676,12.2198,12.897,13.4364,13.6986,14.2598,15.6894,	15,15.6848,17.165,16.7858,16.3742,15.9331,15.5038,14.9932,14.3003,13.5032,12.0681,15,5.98402,9.45178,12.4164,13.3281,14.4455,14.6459,14.3965,13.9389,12.9213,10.7044,	
15,4.34761,8.77808,11.3077,12.8617,13.6601,14.3334,14.5452,14.879,15.1591,15.7087,15,1.93368,5.14376,8.07416,10.2255,11.9945,12.9273,13.2747,13.9555,14.2239,15.7243,	15,15.6748,17.1756,16.7932,16.3504,15.9181,15.4858,15.0116,14.2956,13.4329,12.2126,15,5.98742,9.65932,12.4054,13.5474,14.2799,14.7912,14.5259,13.9447,13.3005,10.7637,	
15,4.43559,8.86717,11.2457,13.0837,13.8144,14.2662,14.629,14.7409,15.1838,15.6942,15,1.90406,5.09738,8.21976,10.3425,11.8974,12.9595,13.4333,13.769,14.2837,15.7142,	15,15.6787,17.1886,16.8159,16.3628,15.9006,15.4946,15.0138,14.3025,13.485,12.2681,15,5.84976,9.7567,12.4697,13.7071,14.3033,14.985,14.4519,13.999,13.1166,10.7906,	
15,4.34383,8.73372,11.2379,12.9743,13.7201,14.2596,14.4997,14.724,15.1498,15.6378,15,1.93456,5.04113,8.19698,10.2868,11.7561,12.8289,13.5238,13.8612,14.1497,15.6315,	15,15.6764,17.1697,16.7998,16.3248,15.8579,15.3854,14.8617,14.2159,13.3643,12.1981,15,5.95421,9.82877,12.388,13.7107,14.4288,14.5449,14.2749,13.9562,12.97,10.8358,	
15,4.53551,8.5759,11.0779,12.9662,13.7002,14.2947,14.5788,14.8244,15.1598,15.6901,15,1.92716,5.02347,8.19319,10.4578,11.8164,12.8318,13.6186,13.923,14.3162,15.7069,	15,15.6702,17.1886,16.8157,16.3524,15.9063,15.4476,14.9336,14.2403,13.3837,12.3222,15,5.9031,9.76622,12.3136,13.7966,14.4297,14.5636,14.4232,14.0602,13.1973,10.8865,	
15,4.29644,8.35552,11.3814,13.0195,13.8497,14.2837,14.462,14.7043,15.1769,15.6389,15,1.94228,5.03221,8.06205,10.2992,11.9096,12.8041,13.3612,13.8988,14.2007,15.6421,	15,15.6755,17.1704,16.7861,16.3092,15.8647,15.4075,14.8912,14.1895,13.352,12.021,15,6.00574,9.70369,12.1468,13.7095,14.384,14.5583,14.2913,13.9866,13.1153,10.7266,	
15,4.22988,8.55724,11.2834,12.9333,13.8836,14.2289,14.5287,14.7792,15.1494,15.6268,15,2.00788,5.06612,7.98074,10.2427,11.7581,12.9125,13.2827,13.7599,14.277,15.6662,	15,15.6876,17.1557,16.7385,16.2595,15.819,15.3588,14.8353,14.1127,13.2742,11.9447,15,6.13421,9.92544,12.3344,13.7485,14.3662,14.6756,14.4601,13.7874,12.8262,10.7302,	
15,4.30211,8.76751,11.1921,12.9746,13.8192,14.4089,14.6223,14.4983,15.1212,15.6292,15,2.00312,4.98302,8.04962,10.3945,11.9695,12.8183,13.4716,13.7549,14.1955,15.6522,	15,15.6797,17.1354,16.7447,16.2741,15.8447,15.4419,14.8998,14.1582,13.3269,12.2962,15,6.00559,9.92418,12.5686,13.612,14.1874,14.7585,14.2807,13.8009,13.1759,10.6951,	
15,4.208,8.52916,11.0741,12.7475,13.6353,14.2896,14.6694,14.6628,15.069,15.5674,15,2.00925,4.98171,8.01408,10.3583,11.744,12.6279,13.5138,13.8397,14.3507,15.592,	15,15.6956,17.151,16.755,16.2727,15.8114,15.3581,14.7398,14.0319,13.2464,12.2633,15,6.00913,10.0343,12.4333,13.3635,14.3518,14.6262,14.1296,13.6751,13.2496,10.5712,	
15,4.31383,8.46066,11.2764,12.8544,13.8463,14.3348,14.6908,14.7286,15.1379,15.7153,15,2.01902,4.9958,8.02013,10.4679,11.7456,12.7949,13.569,14.0315,14.3721,15.736,	15,15.7028,17.1607,16.7758,16.3023,15.8684,15.4503,14.8832,14.2442,13.4684,12.4051,15,6.09478,9.91574,12.3507,13.4181,14.5001,14.7856,14.4165,13.8082,13.2066,10.64,	
15,4.29461,8.37719,11.5292,13.0196,13.997,14.3523,14.553,14.8782,15.1907,15.7448,15,2.00337,4.94095,8.03558,10.494,11.8554,12.8072,13.7423,13.9551,14.42,15.7633,	15,15.7135,17.1603,16.7707,16.3117,15.918,15.4972,14.9692,14.3008,13.4759,12.4615,15,6.11672,9.86457,12.3448,13.6831,14.5605,14.7445,14.548,14.0761,13.1896,10.5018,	
15,4.31872,8.48468,11.4811,12.7937,13.9227,14.0595,14.6356,14.6683,15.0733,15.5589,15,2.00943,4.9805,8.01856,10.3905,11.952,12.7754,13.4013,13.6305,14.1878,15.5709,	15,15.6991,17.1467,16.7628,16.2935,15.8614,15.4035,14.8212,14.093,13.2083,11.9552,15,6.15029,10.0322,12.2107,13.5942,14.3804,14.8245,14.331,13.9067,12.7813,10.6781,	
15,4.45333,8.57362,11.2019,12.816,13.6897,14.2482,14.5008,14.749,15.0918,15.5954,15,1.95589,5.00459,8.14022,10.2861,12.0272,13.0366,13.5021,13.7101,14.3632,15.5969,	15,15.6903,17.1198,16.7027,16.2668,15.8276,15.3956,14.81,14.1339,13.3339,12.3,15,5.97405,10.0333,12.2656,13.8465,14.3409,14.816,14.2792,13.966,13.0972,10.5644,	
15,4.44898,8.55514,11.4717,12.7285,13.5124,14.0285,14.2764,14.4634,15.032,15.4867,15,1.93882,5.06544,8.18693,10.3594,11.9156,12.7121,13.0565,13.5103,13.998,15.4993,	15,15.6789,17.1292,16.705,16.2807,15.796,15.3195,14.6856,13.9781,13.1013,11.6736,15,5.93065,10.1827,12.0248,13.568,14.3704,14.6894,14.2188,13.7602,12.7196,10.5985,	
15,4.30667,8.52085,11.1874,12.6174,13.8576,14.0525,14.2817,14.4025,15.0491,15.4751,15,1.92168,5.06692,8.18396,10.4099,11.934,12.7136,13.111,13.709,14.0707,15.5042,	15,15.6737,17.1264,16.7015,16.2786,15.7954,15.3305,14.7397,13.9856,13.1116,12.1158,15,5.8822,10.0029,11.8721,13.5604,14.3476,14.5829,14.2422,13.6754,12.9255,10.5434,	
15,4.19054,8.58484,11.1748,12.6036,13.754,14.2956,14.4597,14.787,14.9595,15.4917,15,1.88829,5.14267,8.15337,10.4188,11.9228,12.6576,13.407,13.6149,14.2455,15.5108,	15,15.6771,17.1277,16.7136,16.2712,15.801,15.3071,14.6593,14.0008,13.2083,12.1663,15,5.90735,9.96518,12.041,13.5936,14.3936,14.7374,14.2487,13.6983,13.0882,10.5547,	
15,4.20573,8.46251,11.103,12.2569,13.8496,14.0729,14.4599,14.7027,14.9758,15.5128,15,1.89205,5.1415,8.03949,10.2561,11.814,12.6525,13.2812,13.7522,14.2341,15.5199,	15,15.6668,17.1196,16.6826,16.2155,15.715,15.2266,14.687,13.9989,13.2118,12.156,15,5.87263,9.76482,11.962,13.536,14.2679,14.559,14.2999,13.7671,13.0257,10.5465,	
15,4.25494,8.52904,11.2571,12.7417,13.6844,14.157,14.4611,14.5639,14.9582,15.4985,15,1.8904,5.09563,8.11262,10.203,11.767,12.8213,13.5268,13.6163,14.2227,15.5146,	15,15.6664,17.1027,16.6704,16.2018,15.7029,15.2418,14.7639,14.1326,13.3916,12.3328,15,5.79369,9.88213,11.8967,13.5428,14.3328,14.5144,14.2008,13.7124,13.2904,10.5094,	
15,4.1082,8.50318,11.0714,12.8018,13.748,14.0655,14.3789,14.5508,14.971,15.5101,15,1.89348,5.10088,8.13915,10.2539,11.8536,12.6907,13.3775,13.7015,14.2083,15.5162,	15,15.6754,17.0945,16.6545,16.1962,15.692,15.2642,14.7985,14.1521,13.3418,12.1701,15,5.70178,9.80045,11.8336,13.5263,14.3129,14.5232,14.2366,13.7686,12.9353,10.4189,	
15,4.2781,8.58003,11.2001,13.1174,13.5944,14.3238,14.4288,14.701,15.0194,15.6563,15,1.89975,5.17951,8.1662,10.2012,11.7892,12.8125,13.3641,13.8493,14.282,15.6846,	15,15.6977,17.074,16.6547,16.195,15.7279,15.3614,14.8755,14.1971,13.3993,12.2665,15,5.83267,9.93189,11.8206,13.5544,14.3985,14.4016,14.4364,14.0699,13.143,10.6258,	
15,4.2391,8.58053,11.4782,13.1228,13.9108,14.3443,14.4926,14.5618,15.038,15.6702,15,1.93271,5.16601,8.07199,10.1603,11.884,12.9857,13.4906,13.8109,14.0804,15.6829,	15,15.7105,17.0681,16.67,16.2148,15.7749,15.4569,14.9611,14.248,13.4075,12.2265,15,5.75062,9.97148,11.8119,13.4153,14.3957,14.6502,14.6091,13.8196,13.3223,10.6483,	
15,4.46837,8.30359,11.3047,12.8283,13.8311,14.2707,14.4457,14.5638,14.9824,15.5334,15,1.92059,5.22195,8.06786,10.1457,11.6285,12.7943,13.399,13.6227,14.0927,15.5602,	15,15.7255,17.0689,16.6638,16.232,15.7802,15.3828,14.7977,14.0612,13.2123,11.8977,15,5.90917,9.97426,11.8488,13.5784,14.4531,14.5703,14.291,13.4773,12.8581,10.5973,	
15,4.33731,8.31029,10.8863,12.841,13.7827,14.3676,14.5364,14.6433,14.9968,15.5393,15,1.88341,5.24481,8.01513,10.1265,11.6677,12.6994,13.2786,13.6774,14.1999,15.5599,	15,15.7242,17.046,16.6306,16.203,15.7532,15.3144,14.7329,13.9985,13.1798,12.0361,15,5.89611,9.80253,11.7095,13.5172,14.5593,14.6688,14.4128,13.7165,12.9788,10.6423,	
15,4.31454,8.55735,10.9418,12.7165,13.6659,14.3513,14.3902,14.5325,14.9892,15.5167,15,1.89909,5.21752,8.08228,10.1309,11.7165,12.791,13.3369,13.6337,14.1393,15.5241,	15,15.7338,17.0502,16.6466,16.1928,15.7073,15.2597,14.7338,14.0491,13.2481,11.9686,15,5.87521,10.026,11.6966,13.6729,14.4675,14.5091,14.2309,13.6823,12.8852,10.6496,	
15,4.19452,8.51556,11.0297,12.796,13.3691,14.0568,14.2926,14.4588,14.9302,15.4406,15,1.85798,5.16858,8.06222,10.1538,11.6014,12.6276,13.2604,13.7299,14.0164,15.4606,	15,15.704,17.0304,16.6217,16.1539,15.6641,15.1598,14.5884,13.9275,13.1223,11.9554,15,5.80627,9.87465,11.6309,13.5874,14.2188,14.5563,14.1138,13.5352,13.0214,10.7205,	
15,4.26806,8.49205,10.8374,12.7798,13.7189,14.1871,14.7113,14.7398,14.9913,15.6084,15,1.87162,5.13146,8.06182,10.1595,11.6137,12.7255,13.3664,13.8577,14.3657,15.6115,	15,15.6912,17.0213,16.6017,16.1372,15.6574,15.23,14.7603,14.1184,13.3666,12.5296,15,5.76662,9.84871,11.711,13.448,14.2001,14.6257,14.3072,13.7065,13.4211,10.7441,	
15,4.25358,8.48268,11.0524,12.6852,13.7563,14.2405,14.4295,14.7251,15.0405,15.6316,15,1.85168,5.13637,8.07253,10.1861,11.6242,12.5559,13.3846,13.6694,14.3051,15.6349,	15,15.7001,17.043,16.6306,16.1859,15.73,15.3281,14.8175,14.1293,13.3096,11.9936,15,5.76917,9.9242,11.9058,13.5121,14.2386,14.7984,14.2476,13.8133,12.7667,10.6145,	
15,4.22617,8.52992,11.0277,12.88,13.8423,14.2535,14.4384,14.7949,15.0885,15.66,15,1.81662,5.1121,8.10573,10.2556,11.6904,12.6833,13.4703,13.8923,14.2973,15.6492,	15,15.6945,17.0467,16.6329,16.1938,15.7377,15.34,14.8821,14.2375,13.4932,12.3244,15,5.8903,9.97245,11.763,13.2691,14.2388,14.724,14.3484,13.8911,13.2361,10.5974,	
15,4.3517,8.46915,10.8469,12.8607,13.7079,14.2773,14.4021,14.6464,15.0787,15.6106,15,1.80874,5.1841,8.15984,10.1938,11.5526,12.6716,13.3883,13.6436,14.0889,15.608,	15,15.6795,17.043,16.6444,16.1955,15.7574,15.369,14.8686,14.1421,13.278,11.8107,15,5.81472,9.87753,11.9747,13.3352,14.3318,14.5662,14.4596,13.7066,12.8602,10.6516,	
15,4.34104,8.46244,10.8075,12.7684,13.4959,14.0257,14.3668,14.5504,15.0192,15.475,15,1.76968,5.14526,8.0734,10.0868,11.6738,12.5238,13.3306,13.715,14.17,15.5175,	15,15.6799,17.045,16.6341,16.1824,15.6802,15.2406,14.6695,13.9653,13.1281,12.0352,15,5.69787,9.82401,11.9475,13.4147,14.4898,14.6009,14.1181,13.6625,12.781,10.6935,	
15,4.40146,8.50554,10.8763,12.7568,13.4735,14.2084,14.3258,14.6353,14.9798,15.4928,15,1.80837,5.10107,8.08875,10.089,11.6736,12.5422,13.2949,13.6499,14.1764,15.4833,	15,15.6746,17.0413,16.6317,16.1792,15.7117,15.2454,14.6763,14.0077,13.1466,12.1059,15,5.6044,9.66367,12.0319,13.4593,14.5476,14.4649,14.4375,13.7297,12.9549,10.7451,	
15,4.46074,8.57484,10.9178,12.6835,13.5935,14.1458,14.3905,14.6012,14.9764,15.5236,15,1.81329,5.11114,7.96471,10.1272,11.7739,12.6216,13.338,13.62,14.1765,15.5232,	15,15.6758,17.0581,16.6406,16.1912,15.7231,15.3022,14.7593,14.0629,13.2968,12.1025,15,5.69829,9.62562,12.0836,13.3863,14.5161,14.4894,14.4747,13.7837,13.0545,10.6813,	
15,4.44064,8.31204,11.1834,12.4906,13.5959,14.0514,14.3277,14.4543,14.9514,15.442,15,1.79485,5.08092,7.91006,10.1478,11.6729,12.6209,13.3747,13.6187,14.0769,15.43,	15,15.679,17.0579,16.648,16.1806,15.7048,15.1865,14.6633,13.9772,13.2013,11.9214,15,5.86863,9.73241,11.9915,13.3706,14.3322,14.3879,14.2865,13.736,12.8582,10.6883,	
15,4.17605,8.38951,11.0839,12.5468,13.6057,14.0322,14.3762,14.5038,14.9416,15.4506,15,1.79697,5.10248,7.8371,10.2329,11.7527,12.5631,13.0968,13.6027,14.1404,15.4628,	15,15.6871,17.066,16.6483,16.18,15.7031,15.1832,14.6352,13.9516,13.1244,11.9307,15,5.87818,9.75135,11.9773,13.2726,14.4128,14.4759,14.2013,13.5822,12.821,10.6608,	
15,4.23888,8.41291,10.9828,12.5592,13.6353,14.1731,14.3462,14.7387,14.9689,15.5217,15,1.79721,5.06178,7.84553,10.2357,11.6623,12.7134,13.4834,13.807,13.9912,15.5161,	15,15.6961,17.0748,16.6437,16.1581,15.7026,15.2448,14.7135,14.0333,13.265,12.1366,15,5.85317,9.76487,11.9594,13.449,14.3203,14.4774,14.29,13.6338,13.1419,10.6821,	
15,4.23032,8.53404,11.0379,12.6711,13.6548,14.2614,14.5553,14.8259,15.0099,15.6227,15,1.81858,5.02644,7.82741,10.1469,11.8965,12.6296,13.4927,13.8183,14.3662,15.6419,	15,15.6877,17.064,16.6312,16.1623,15.7315,15.2987,14.8155,14.1414,13.4604,12.4371,15,5.76368,9.61751,11.9176,13.6809,14.3046,14.689,14.3463,13.8339,13.2916,10.6703,	
15,4.12789,8.48423,11.0734,12.8362,13.9005,14.2252,14.6956,14.7614,15.0529,15.6832,15,1.79521,5.05623,7.79619,10.2601,11.9043,12.9239,13.4242,13.9033,14.215,15.686,	15,15.6753,17.0768,16.6465,16.175,15.764,15.3968,14.9098,14.2659,13.4924,12.2886,15,5.73717,9.56716,12.0786,13.7422,14.224,14.8466,14.4019,13.9157,13.204,10.716,	
15,4.16159,8.5652,11.0362,12.9617,13.8678,14.3425,14.6586,14.7645,15.0798,15.7052,15,1.8195,5.01064,7.8737,10.3084,11.8929,12.8714,13.6363,13.8384,14.3508,15.732,	15,15.6773,17.0805,16.6593,16.2051,15.8257,15.4354,14.9864,14.3195,13.506,12.2301,15,5.8008,9.54994,12.0741,13.6689,14.2944,14.8916,14.4125,13.9577,13.2116,10.7187,	
15,4.23109,8.49182,11.3355,12.9547,14.0045,14.1826,14.5489,14.7056,15.1206,15.7065,15,1.81653,5.00218,7.88427,10.2439,11.9414,13.0685,13.4654,13.8682,14.3831,15.7195,	15,15.6744,17.0852,16.6681,16.2261,15.8629,15.4676,15.0178,14.2993,13.5106,12.2837,15,5.82057,9.48302,11.9934,13.6351,14.2371,14.8375,14.6758,14.0217,13.1835,10.7262,	
15,4.17902,8.51879,11.3663,12.9456,13.878,14.4391,14.6618,14.7643,15.1396,15.7304,15,1.84495,4.95322,7.91268,10.3106,11.9394,12.7605,13.4881,13.9239,14.3735,15.7577,	15,15.6761,17.0743,16.6826,16.2491,15.8879,15.5029,15.0019,14.255,13.4617,12.3739,15,5.69567,9.61242,12.1497,13.6662,14.4162,14.7738,14.6026,13.8977,13.2044,10.8115,	
15,4.30869,8.50799,11.4707,13.0017,14.0679,14.6682,14.846,14.945,15.228,15.8508,15,1.81297,4.99283,7.9442,10.3412,11.9041,12.9671,13.6049,14.1409,14.4221,15.8856,	15,15.6741,17.0716,16.6798,16.2696,15.9283,15.5813,15.1151,14.3875,13.6516,12.3798,15,5.74422,9.75069,12.3355,13.6702,14.5448,14.9078,14.701,14.0167,13.3578,10.8802,	
15,4.19773,8.69155,11.3177,13.1997,13.8563,14.4197,14.8156,14.8364,15.2321,15.8066,15,1.8256,4.9459,7.97416,10.2645,12.0407,13.0613,13.6183,13.9408,14.4759,15.829,	15,15.6769,17.0813,16.6925,16.3001,15.9301,15.5422,15.0689,14.3234,13.5244,12.3762,15,5.7939,9.62265,12.3426,13.7114,14.5774,14.8625,14.5698,14.0011,13.3507,10.8915,	
15,4.20632,8.70912,11.3993,12.8903,13.8212,14.5166,14.5722,14.6047,15.2,15.7254,15,1.82946,5.02558,7.94695,10.4284,12.0039,13.0408,13.5794,13.7503,14.2844,15.7503,	15,15.6735,17.0855,16.711,16.3282,15.9376,15.5157,14.9774,14.2786,13.4311,12.1629,15,5.86119,9.70507,12.3016,13.8231,14.5579,14.7413,14.4819,13.883,13.1129,10.7924,	
15,4.2685,8.74367,11.2665,12.7715,13.7085,14.2148,14.744,14.6585,15.1599,15.6322,15,1.81109,5.01787,7.94207,10.3499,11.94,12.6956,13.4854,13.741,14.1614,15.6299,	15,15.6758,17.0863,16.7099,16.3078,15.8589,15.405,14.8768,14.1271,13.2218,11.9927,15,5.96271,9.65432,12.3094,13.7788,14.5265,14.7452,14.3959,13.7344,13.0916,10.839,	
15,4.25591,8.64824,11.214,12.9971,13.7807,14.3692,14.5534,14.6289,15.1966,15.6935,15,1.78777,5.04688,7.99626,10.3394,11.9028,12.9129,13.5593,13.8555,14.356,15.7014,	15,15.6972,17.12,16.7539,16.3465,15.8946,15.4538,14.9136,14.2286,13.4314,12.2603,15,5.94097,9.67373,12.1344,13.7464,14.2528,14.8169,14.5311,13.7515,13.1618,10.8843,	
15,4.28718,8.60365,11.315,12.8341,13.8724,14.1846,14.4368,14.7144,15.1385,15.5988,15,1.76202,5.04532,7.96673,10.2949,11.8731,12.8663,13.4966,13.7508,14.2032,15.6273,	15,15.706,17.1228,16.7345,16.3256,15.8583,15.3871,14.8352,14.1279,13.2818,12.1611,15,5.94498,9.63531,12.2554,13.5869,14.3198,14.7408,14.4113,13.7811,13.162,10.778,	
15,4.27332,8.59785,11.182,12.7575,13.8109,14.3862,14.6494,14.7796,15.1095,15.6558,15,1.73453,5.06233,7.95391,10.3213,11.8146,12.8856,13.4947,13.7399,14.3047,15.6697,	15,15.7025,17.1262,16.7295,16.3132,15.8682,15.438,14.8466,14.1745,13.3639,12.2543,15,5.93776,9.68346,12.1237,13.6389,14.3847,14.7639,14.2675,13.7596,13.2404,10.8181,	
15,4.40319,8.65542,11.1299,12.8802,13.8784,14.1141,14.4806,14.745,15.1447,15.7395,15,1.72513,5.08028,8.00717,10.207,11.8036,12.9963,13.6529,13.9722,14.3723,15.7455,	15,15.6877,17.1344,16.7349,16.3251,15.8666,15.4261,14.9462,14.3138,13.582,12.3693,15,5.91444,9.72398,12.2161,13.6017,14.3139,14.7027,14.4743,13.8343,12.9911,10.7369,	
15,4.4534,8.65309,11.4171,13.0014,13.9616,14.1462,14.5709,14.7357,15.1181,15.6782,15,1.73046,5.08308,7.99029,10.3392,11.8783,12.8569,13.4276,13.8133,14.3803,15.703,	15,15.7026,17.1412,16.746,16.3404,15.8561,15.4353,14.9572,14.2757,13.4887,12.2975,15,5.97812,9.78019,12.222,13.5324,14.326,14.6318,14.4422,13.9232,13.304,10.7454,	
15,4.4602,8.66641,11.2645,13.0307,13.7324,14.3558,14.8058,14.6626,15.1752,15.7242,15,1.77032,5.10592,7.97584,10.3409,11.973,12.9792,13.547,13.9707,14.3637,15.7738,	15,15.7194,17.1515,16.7394,16.3355,15.8976,15.475,15.0268,14.3168,13.4888,12.4804,15,6.03839,9.82661,12.1879,13.5709,14.3699,14.714,14.5739,13.9355,13.2866,10.7175,	
15,4.55901,8.56529,11.2793,13.0598,13.84,14.2555,14.7133,14.7252,15.1387,15.6607,15,1.8068,5.15922,8.00673,10.1965,11.9052,12.8656,13.4644,13.8235,14.2207,15.6752,	15,15.7279,17.1581,16.7458,16.3394,15.8789,15.4343,14.9325,14.2178,13.3564,12.2096,15,5.98089,9.83305,12.2645,13.66,14.4512,14.82,14.4892,13.9892,13.2256,10.6461,	
15,4.51062,8.18908,11.3407,13.0253,13.953,14.1784,14.5182,14.6613,15.1602,15.6947,15,1.79718,5.09213,7.96972,10.2422,11.9213,12.8297,13.5588,13.8202,14.2726,15.7123,	15,15.7461,17.1708,16.78,16.3651,15.9097,15.4809,14.9264,14.2269,13.3655,12.1509,15,6.01095,9.69526,12.2593,13.6291,14.4973,14.8644,14.4803,13.7178,12.943,10.6594,	
15,4.39757,8.35081,11.3536,12.8864,13.8826,14.4314,14.5686,14.8991,15.1904,15.7907,15,1.80875,5.12966,7.96254,10.3351,12.0809,13.0178,13.653,13.8756,14.4983,15.8254,	15,15.7579,17.1673,16.7791,16.3734,15.9373,15.5227,14.9795,14.2761,13.5056,12.5379,15,6.03764,9.78635,12.1452,13.6593,14.4978,14.7819,14.5611,13.8601,13.3693,10.7512,	
15,4.3132,8.24418,11.351,13.0976,13.9034,14.4642,14.6868,14.812,15.2606,15.8445,15,1.80766,5.15166,7.96805,10.3702,11.9709,12.9202,13.7113,14.0464,14.5364,15.8555,	15,15.7551,17.1747,16.7819,16.3813,15.9373,15.559,15.0376,14.3883,13.6519,12.4234,15,5.98566,9.8238,12.163,13.6532,14.535,14.6828,14.3931,13.9539,13.3719,10.8485,	
15,4.27756,8.23998,11.427,13.0294,13.8718,14.3114,14.5691,14.6644,15.2172,15.7411,15,1.81012,5.06708,7.92847,10.403,11.8977,12.8448,13.5962,13.8291,14.3367,15.7409,	15,15.76,17.1766,16.7693,16.3692,15.9137,15.4979,14.9445,14.2624,13.4234,12.1259,15,5.90461,9.76226,12.1265,13.6662,14.564,14.7453,14.3697,13.9859,12.9288,10.7756,	
15,4.1923,8.34349,11.3011,13.042,13.7241,14.2843,14.7048,14.7643,15.2179,15.7497,15,1.78239,5.09747,8.01723,10.4188,11.964,12.837,13.4907,13.9253,14.2685,15.7408,	15,15.7557,17.1628,16.7497,16.3593,15.9023,15.5028,14.9848,14.3168,13.4854,12.2383,15,5.79056,9.86814,12.1244,13.6221,14.3097,14.5304,14.4402,13.9907,13.2138,10.6744,	
15,4.19236,8.51353,11.3081,12.8241,13.7404,14.1513,14.806,14.8777,15.214,15.7418,15,1.79939,5.10344,8.05197,10.3835,11.8653,12.8398,13.5436,13.9749,14.394,15.7432,	15,15.7614,17.1483,16.7451,16.3506,15.8578,15.4684,14.9779,14.3265,13.5415,12.365,15,5.89817,9.89166,12.1189,13.5402,14.3581,14.6366,14.477,13.7576,13.2577,10.6704,	
15,4.17434,8.49267,11.5477,12.9028,13.9627,14.2883,14.7474,14.7526,15.2238,15.6993,15,1.79384,5.0855,8.07419,10.3352,11.985,13.0182,13.423,13.6657,14.3243,15.7358,	15,15.7562,17.1502,16.7457,16.3194,15.8641,15.4999,14.9948,14.2498,13.4169,12.1991,15,5.94683,9.85259,12.0989,13.6545,14.5099,14.7474,14.6054,13.8618,13.2885,10.5763,	
15,4.30066,8.4451,11.3849,12.9716,13.8921,14.1867,14.5844,14.8044,15.1818,15.6284,15,1.80423,5.08917,8.07802,10.3163,12.0159,12.8131,13.5157,13.6453,14.2902,15.6359,	15,15.7715,17.1688,16.7738,16.3433,15.884,15.4695,14.8813,14.1865,13.3361,12.0675,15,5.92823,9.87007,12.08,13.6658,14.4841,14.8886,14.4422,13.8906,13.016,10.5999,	
15,4.32128,8.51959,11.1888,13.0788,14.005,14.2191,14.4341,14.7149,15.1601,15.6643,15,1.80755,5.04665,7.99616,10.2593,11.9162,12.8642,13.4792,13.8202,14.2434,15.6948,	15,15.7724,17.1827,16.7771,16.3173,15.8576,15.4197,14.8613,14.1584,13.3104,12.0068,15,5.80675,9.96271,12.2663,13.7752,14.4927,14.7624,14.439,13.8837,12.9606,10.6049,	
15,4.30972,8.54903,11.3808,12.9661,13.9824,14.2477,14.5386,14.9269,15.1906,15.72,15,1.79588,5.04336,8.01415,10.2913,11.9804,13.0262,13.5929,13.8732,14.3286,15.7477,	15,15.7588,17.1735,16.7652,16.3037,15.8498,15.4587,14.9397,14.2432,13.4747,12.3712,15,5.86253,9.9205,12.2604,13.8043,14.4433,14.7835,14.4357,13.9465,13.3306,10.515,	
15,4.28442,8.50077,11.3847,12.9825,13.8014,14.3158,14.4204,14.6002,15.1566,15.6517,15,1.78371,5.03226,7.96983,10.2294,11.9216,12.8972,13.435,13.5746,14.1286,15.6442,	15,15.7606,17.1708,16.768,16.3066,15.8589,15.443,14.8932,14.1848,13.3481,11.7677,15,5.78274,9.88285,12.3627,13.7588,14.4487,14.6878,14.4244,13.8351,12.8586,10.5242,	
15,4.22045,8.29695,11.1225,12.8241,13.8933,14.4247,14.5446,14.6897,15.1062,15.6338,15,1.78746,5.10308,7.91034,10.1386,11.8796,12.9628,13.457,13.7774,14.35,15.6195,	15,15.766,17.1694,16.7416,16.2786,15.8267,15.3675,14.8566,14.1488,13.336,12.3097,15,6.04297,9.96942,12.1202,13.6907,14.2732,14.5034,14.2959,13.7296,13.1597,10.4594,	
15,4.21845,8.32553,11.1843,12.7168,13.7779,14.2618,14.5173,14.6962,15.1244,15.6212,15,1.7913,5.13646,7.91117,10.1207,11.7731,12.8725,13.3904,13.6865,14.2568,15.6083,	15,15.7629,17.1796,16.7401,16.2684,15.8078,15.3496,14.8499,14.096,13.2332,11.9444,15,5.99059,10.0739,12.2012,13.6369,14.444,14.4544,14.4293,13.7445,12.9372,10.4089,	
15,4.27266,8.28636,11.0981,13.1215,13.7196,14.3948,14.5405,14.935,15.163,15.7332,15,1.79367,5.11013,7.89826,10.1878,11.7778,12.7438,13.5408,13.9126,14.408,15.7136,	15,15.7599,17.1768,16.7489,16.2945,15.8264,15.3912,14.9307,14.2363,13.4416,12.3455,15,5.90824,9.99475,12.2477,13.6439,14.4685,14.5385,14.5521,13.872,13.2724,10.3964,	
15,4.32446,8.44422,11.3468,13.087,13.8972,14.2409,14.551,14.7851,15.1544,15.6492,15,1.78143,5.08276,7.87826,10.2364,11.9198,12.7718,13.4395,13.7123,14.2772,15.6665,	15,15.7662,17.1844,16.7393,16.3134,15.8503,15.4265,14.9193,14.1865,13.3697,12.1439,15,5.93684,10.0292,12.2553,13.6595,14.4212,14.7362,14.4625,13.9012,13.1531,10.4577,	
15,4.33828,8.54505,11.4452,13.0448,13.8371,14.3269,14.5538,14.8221,15.1281,15.6898,15,1.7962,5.04787,7.83065,10.3225,11.9951,12.9208,13.4693,13.8402,14.2815,15.6885,	15,15.7672,17.1929,16.7537,16.3424,15.8653,15.4417,14.9029,14.2138,13.4402,12.2571,15,6.02747,10.0483,12.2678,13.72,14.4325,14.8081,14.3704,13.9683,13.1523,10.5915,	
15,4.26848,8.53281,11.2046,13.1425,13.7276,14.3083,14.4937,14.597,15.0885,15.6282,15,1.79569,5.03277,7.84995,10.2924,11.8847,12.8368,13.39,13.76,14.1752,15.6439,	15,15.7768,17.205,16.7581,16.3419,15.8616,15.4173,14.78,14.1014,13.2487,11.9936,15,6.10327,9.99191,12.2309,13.6134,14.4598,14.7844,14.2839,13.8396,12.984,10.6457,	
15,4.252,8.51388,11.3715,12.897,13.8335,14.3807,14.6352,14.8994,15.118,15.7228,15,1.8,5.06301,7.90489,10.3866,11.8808,12.9605,13.422,14.0143,14.3958,15.7551,	15,15.7801,17.2288,16.7776,16.3772,15.9063,15.4668,14.8574,14.2079,13.4532,12.4566,15,6.05297,10.0722,12.158,13.5356,14.3211,14.8625,14.4508,14.0539,13.334,10.646,	
15,4.28921,8.39582,11.3342,12.9093,13.9082,14.433,14.6808,14.8354,15.1385,15.7693,15,1.77188,5.02779,7.88897,10.421,11.8718,12.8599,13.6628,14.0253,14.4484,15.7846,	15,15.7756,17.2196,16.7557,16.3567,15.8854,15.4795,14.96,14.3037,13.5666,12.4894,15,6.00919,10.1012,12.1946,13.5123,14.3635,14.6207,14.5162,13.9024,13.3752,10.7549,	
15,4.35028,8.41057,11.2276,13.0533,14.0342,14.5179,14.7388,14.734,15.183,15.7645,15,1.79734,5.02985,7.89799,10.3528,11.8191,12.9768,13.6099,13.9118,14.4323,15.8008,	15,15.7765,17.2081,16.7576,16.3584,15.903,15.4899,14.9446,14.3467,13.5632,12.3133,15,6.04799,10.0848,12.1664,13.6085,14.4205,14.7448,14.4507,14.0013,13.3527,10.812,	
15,4.36175,8.63589,11.3228,13.121,13.9894,14.3207,14.7961,14.9053,15.1996,15.7469,15,1.82065,5.04217,7.91375,10.3261,11.8919,13.0571,13.5378,13.8861,14.3068,15.7391,	15,15.7674,17.2034,16.759,16.3574,15.9099,15.5189,15.0007,14.3464,13.4935,12.3508,15,5.98607,10.0181,12.2802,13.5716,14.4766,14.8592,14.5457,13.9811,13.3794,10.8251,	
15,4.43977,8.72175,11.3521,12.9616,13.9106,14.2499,14.5967,14.7075,15.1478,15.7073,15,1.82461,5.03331,7.89395,10.3324,11.8572,12.8607,13.5056,13.9066,14.2285,15.7145,	15,15.7486,17.1999,16.7495,16.3505,15.905,15.4987,14.9692,14.2651,13.4,12.2801,15,5.90346,9.93856,12.2689,13.5098,14.5485,14.803,14.5926,13.7773,13.2082,10.7883,	
15,4.43221,8.623,11.4329,13.1356,13.9605,14.4327,14.6291,14.6965,15.1551,15.7326,15,1.8468,5.06685,7.92708,10.4383,11.8375,13.0279,13.5151,13.8448,14.3614,15.7671,	15,15.7623,17.2189,16.7956,16.3969,15.9661,15.5694,15.0478,14.3003,13.4588,12.3403,15,5.87641,9.89978,12.3164,13.5264,14.6358,14.9759,14.6771,13.9317,13.2296,10.7409,	
15,4.44209,8.55408,11.4453,13.0342,13.8866,14.3895,14.5588,14.7645,15.1545,15.6887,15,1.8809,5.09819,7.95419,10.4428,11.8142,13.006,13.5659,13.8022,14.2248,15.7134,	15,15.7577,17.2263,16.7905,16.3969,15.9266,15.5211,14.9945,14.3019,13.4832,12.2695,15,5.80323,9.93512,12.4587,13.5431,14.4947,14.8013,14.4006,13.9305,13.2418,10.7766,	
15,4.40499,8.71073,11.4067,13.0912,13.769,14.4137,14.6556,14.7516,15.1663,15.7363,15,1.92403,5.10778,7.95592,10.5313,11.8684,12.9733,13.5988,13.911,14.4161,15.7592,	15,15.7459,17.2274,16.8034,16.4056,15.958,15.5265,15.0077,14.31,13.524,12.3749,15,5.78139,9.91412,12.5542,13.6883,14.4537,14.9369,14.476,13.8818,13.2199,10.8201,	
15,4.33669,8.69434,11.3588,12.9218,13.8731,14.5892,14.5809,14.7645,15.1721,15.7611,15,1.90721,5.13914,7.9989,10.4586,11.9507,12.8957,13.5078,13.8067,14.3993,15.7449,	15,15.7547,17.2257,16.7932,16.4009,15.9186,15.5013,14.958,14.2666,13.4757,12.2128,15,5.82379,9.95163,12.5099,13.6355,14.508,14.8754,14.5586,13.91,13.2174,10.8061,	
15,4.48041,8.59214,11.3716,12.955,13.8351,14.1666,14.5906,14.7714,15.179,15.6914,15,1.91118,5.0785,7.99588,10.465,11.9332,12.8932,13.3835,13.7092,14.3717,15.7265,	15,15.7476,17.2132,16.7763,16.3613,15.8792,15.4841,14.918,14.2408,13.462,12.1173,15,5.85066,9.95618,12.292,13.6287,14.4911,14.702,14.4308,13.9872,13.0934,10.7577,	
15,4.56946,8.52204,11.4527,12.9019,13.9273,14.2975,14.7209,14.7827,15.1834,15.713,15,1.88432,5.09028,8.00643,10.4644,11.961,12.7848,13.5174,13.9145,14.3355,15.7419,	15,15.761,17.2161,16.7965,16.3771,15.9103,15.5305,14.9781,14.2808,13.4468,12.1772,15,5.84422,9.91791,12.3257,13.6156,14.5386,14.7651,14.6456,13.9607,13.1136,10.7567,	
15,4.54609,8.64367,11.5994,12.9006,13.8833,14.3313,14.6242,14.6698,15.1912,15.7251,15,1.86527,5.10891,8.05034,10.4175,11.965,12.8057,13.6012,13.9285,14.3422,15.7416,	15,15.7605,17.2178,16.7933,16.3623,15.9142,15.5056,14.9422,14.2492,13.4245,12.3812,15,5.92422,10.0227,12.2917,13.5478,14.5219,14.7113,14.4912,13.9877,13.2108,10.7784,	
15,4.41514,8.61652,11.5208,13.0062,13.8713,14.3527,14.6032,14.767,15.173,15.746,15,1.86794,5.1043,7.9995,10.3869,11.9625,12.8724,13.5384,13.9217,14.2298,15.7768,	15,15.7781,17.2288,16.7932,16.3577,15.9115,15.4981,14.9624,14.2721,13.4486,12.11,15,5.97686,10.1002,12.2562,13.5346,14.4381,14.798,14.4114,13.9518,13.1061,10.8143,	
15,4.53663,8.53789,11.7094,13.0159,13.9898,14.5006,14.5483,14.7294,15.1731,15.747,15,1.90194,5.13729,8.0104,10.3767,12.0904,12.9016,13.589,13.9566,14.4163,15.7741,	15,15.7886,17.2305,16.8084,16.3668,15.9206,15.5064,14.9888,14.2846,13.4885,12.5024,15,5.94767,10.0573,12.2609,13.5618,14.5456,14.9387,14.5139,13.9417,13.284,10.8619,	
15,4.57542,8.4709,11.6218,12.9782,13.7204,14.185,14.4706,14.5782,15.1383,15.6184,15,1.90762,5.16414,8.04872,10.3401,11.9538,12.6949,13.46,13.7837,14.0774,15.6098,	15,15.7913,17.224,16.8136,16.3642,15.8866,15.4272,14.8746,14.155,13.2721,11.8556,15,6.03139,10.0429,12.281,13.6126,14.5237,14.7035,14.3746,13.7386,12.7907,10.8179,	
15,4.39915,8.46942,11.6654,12.8868,13.945,14.3378,14.6697,14.7809,15.1239,15.6745,15,1.88139,5.13649,8.08272,10.296,11.8917,12.744,13.6048,13.8058,14.3364,15.6949,	15,15.8116,17.2302,16.8192,16.3576,15.8783,15.3981,14.8418,14.1609,13.3314,12.1466,15,6.10451,10.11,12.3335,13.673,14.5127,14.692,14.3227,13.8414,13.2662,10.7563,	
15,4.32528,8.46655,11.4519,12.9192,13.7613,14.3043,14.5025,14.6668,15.1106,15.6182,15,1.88505,5.11464,8.05639,10.1977,11.7537,12.9877,13.4662,13.8176,14.2333,15.6091,	15,15.8022,17.2313,16.8312,16.3443,15.8461,15.365,14.7945,14.0506,13.2488,12.2007,15,5.97239,10.1084,12.2262,13.5885,14.5119,14.6537,14.4279,13.7053,13.0326,10.7425,	
15,4.34891,8.34785,11.2989,12.8345,13.6779,14.2075,14.57,14.7071,15.0749,15.5712,15,1.91388,5.07107,8.07891,10.1683,11.6988,12.9151,13.4314,13.7562,14.2168,15.6192,	15,15.8096,17.2324,16.8274,16.3384,15.8288,15.3293,14.709,14.0107,13.1844,12.0691,15,5.9142,10.0373,12.2559,13.5536,14.3986,14.8635,14.354,13.6994,12.9382,10.6721,	
15,4.29433,8.47278,11.1393,12.9505,13.6986,14.3409,14.4585,14.7111,15.0756,15.6247,15,1.89821,5.03972,8.05034,10.193,11.7061,12.8017,13.5306,13.8653,14.3941,15.6358,	15,15.8124,17.2333,16.8272,16.3345,15.8294,15.3382,14.7383,14.0439,13.2677,12.2282,15,5.88888,10.1013,12.3446,13.618,14.4031,14.694,14.2845,13.8081,13.0604,10.6915,	
