Episode_length	Return_p1	Return_p2	
2	0	0	
1514	11	11	
21	7	7	
29	2	2	
2	0	0	
111	0	0	
5	0	0	
1722	6	6	
553	2	2	
28	0	0	
303	3	3	
13	7	7	
642	9	9	
1172	0	0	
9	0	0	
488	1	1	
916	12	12	
3035	7	7	
1701	8	8	
718	2	2	
6	0	0	
9	8	8	
507	6	6	
404	5	5	
597	6	6	
1664	7	7	
310	2	2	
154	10	10	
1368	5	5	
1	0	0	
2	0	0	
747	5	5	
2463	8	8	
3	2	2	
10	1	1	
82	3	3	
8	0	0	
957	11	11	
3815	0	0	
982	9	9	
24	9	9	
135	6	6	
92	16	16	
381	2	2	
539	2	2	
23	8	8	
1745	11	11	
2754	1	1	
19	9	9	
1	0	0	
1296	5	5	
10	9	9	
2977	1	1	
1409	5	5	
2118	6	6	
9	0	0	
10	0	0	
7	0	0	
406	0	0	
38	8	8	
24	0	0	
5	0	0	
1146	5	5	
20	0	0	
52	8	8	
1369	5	5	
2153	7	7	
2	0	0	
20	0	0	
41	9	9	
3	0	0	
28	6	6	
4	0	0	
1879	7	7	
15	7	7	
20	8	8	
1	0	0	
1	0	0	
26	7	7	
34	4	4	
2476	10	10	
33	8	8	
904	7	7	
218	6	6	
5	0	0	
14	9	9	
57	5	5	
726	6	6	
2276	7	7	
279	12	12	
761	6	6	
4	0	0	
9	0	0	
202	0	0	
1	0	0	
27	8	8	
6	0	0	
2886	7	7	
1656	6	6	
275	9	9	
3208	8	8	
301	5	5	
543	10	10	
14	9	9	
27	8	8	
778	6	6	
14	0	0	
24	5	5	
266	2	2	
397	1	1	
1672	8	8	
64	12	12	
677	8	8	
19	8	8	
1297	8	8	
249	6	6	
428	3	3	
10	9	9	
5	0	0	
2	0	0	
2811	6	6	
192	0	0	
615	11	11	
2701	4	4	
12	0	0	
4175	5	5	
1030	9	9	
651	1	1	
380	3	3	
831	2	2	
4	0	0	
1218	1	1	
1461	6	6	
2165	0	0	
2	0	0	
609	1	1	
9	0	0	
2	0	0	
769	2	2	
6	0	0	
427	8	8	
33	3	3	
3	0	0	
2214	9	9	
79	1	1	
1069	1	1	
13	7	7	
21	8	8	
502	9	9	
6	0	0	
11	0	0	
1	0	0	
3372	1	1	
27	2	2	
42	7	7	
30	5	5	
925	2	2	
1365	4	4	
10	9	9	
481	3	3	
15	6	6	
29	3	3	
2	0	0	
3749	5	5	
964	2	2	
5	0	0	
459	4	4	
1	0	0	
723	2	2	
4	0	0	
141	2	2	
26	4	4	
338	1	1	
6	0	0	
30	5	5	
16	9	9	
33	3	3	
1599	1	1	
92	2	2	
306	5	5	
20	0	0	
1	0	0	
2	0	0	
2030	7	7	
473	5	5	
21	4	4	
6	0	0	
5	0	0	
13	3	3	
2	0	0	
3720	2	2	
25	8	8	
1646	11	11	
12	6	6	
10	3	3	
222	5	5	
22	9	9	
527	5	5	
1584	2	2	
398	4	4	
779	3	3	
1260	6	6	
10	0	0	
745	17	17	
4	0	0	
1034	3	3	
17	8	8	
528	5	5	
2	0	0	
1439	0	0	
1398	2	2	
952	0	0	
1193	8	8	
2	0	0	
613	1	1	
4	0	0	
15	7	7	
6	0	0	
140	3	3	
395	15	15	
233	0	0	
1152	2	2	
4398	1	1	
1091	6	6	
714	0	0	
1548	5	5	
1732	2	2	
2	0	0	
1291	6	6	
1	0	0	
446	9	9	
10	9	9	
2546	8	8	
3095	1	1	
12	7	7	
648	5	5	
219	2	2	
23	6	6	
2	0	0	
14	0	0	
2913	4	4	
1366	0	0	
535	6	6	
803	14	14	
2	0	0	
8	0	0	
1175	2	2	
260	15	15	
5	0	0	
276	5	5	
35	5	5	
289	10	10	
41	6	6	
1438	6	6	
3275	2	2	
6	0	0	
48	9	9	
385	3	3	
174	1	1	
705	6	6	
102	7	7	
687	6	6	
2039	11	11	
2	0	0	
3465	9	9	
21	8	8	
43	7	7	
12	0	0	
1526	9	9	
7	0	0	
8	0	0	
294	8	8	
493	3	3	
1170	17	17	
1732	5	5	
17	0	0	
2	0	0	
15	0	0	
166	1	1	
1	0	0	
966	14	14	
2	0	0	
388	9	9	
2	0	0	
1496	1	1	
3881	2	2	
2	0	0	
1863	7	7	
231	13	13	
278	6	6	
1129	7	7	
21	9	9	
407	2	2	
476	5	5	
3	0	0	
18	0	0	
4	0	0	
23	0	0	
15	9	9	
2	0	0	
1601	5	5	
728	5	5	
22	7	7	
8	0	0	
1798	6	6	
23	4	4	
160	1	1	
37	4	4	
1106	8	8	
17	9	9	
2	0	0	
24	9	9	
1544	5	5	
50	9	9	
11	7	7	
2	0	0	
1837	10	10	
1676	4	4	
19	7	7	
2215	8	8	
1778	3	3	
26	6	6	
503	7	7	
34	4	4	
1035	2	2	
913	1	1	
856	4	4	
494	5	5	
13	7	7	
1543	8	8	
31	9	9	
151	2	2	
4	0	0	
426	1	1	
823	0	0	
12	9	9	
1	0	0	
7	0	0	
30	7	7	
4	0	0	
5476	10	10	
305	4	4	
1773	1	1	
9	0	0	
27	9	9	
559	3	3	
4	0	0	
259	7	7	
1296	2	2	
20	9	9	
11	8	8	
195	11	11	
251	2	2	
5	0	0	
20	8	8	
336	7	7	
31	4	4	
19	0	0	
4	0	0	
1290	4	4	
16	9	9	
108	6	6	
6	0	0	
393	10	10	
10	0	0	
2400	3	3	
23	4	4	
13	8	8	
3	0	0	
1881	14	14	
1972	0	0	
2	0	0	
1	0	0	
1103	10	10	
2026	8	8	
1033	11	11	
105	3	3	
1752	1	1	
21	8	8	
1	0	0	
1068	0	0	
17	9	9	
16	9	9	
27	5	5	
19	9	9	
16	8	8	
13	5	5	
230	8	8	
1097	2	2	
6	0	0	
766	3	3	
1716	6	6	
256	5	5	
16	9	9	
4	0	0	
489	8	8	
13	0	0	
3	0	0	
537	9	9	
20	7	7	
33	0	0	
1230	6	6	
10	0	0	
2	0	0	
3183	1	1	
48	7	7	
7	0	0	
378	3	3	
31	7	7	
1	0	0	
1806	2	2	
3323	7	7	
1	0	0	
2683	4	4	
510	2	2	
12	0	0	
67	0	0	
9	0	0	
862	0	0	
11	0	0	
800	9	9	
4	0	0	
167	1	1	
1936	1	1	
1430	0	0	
1	0	0	
3	0	0	
1467	5	5	
248	6	6	
15	9	9	
403	3	3	
16	0	0	
13	0	0	
21	7	7	
601	3	3	
1069	6	6	
1	0	0	
93	0	0	
17	9	9	
17	0	0	
25	0	0	
8032	8	8	
2054	2	2	
7	0	0	
4	0	0	
531	4	4	
194	8	8	
18	9	9	
31	7	7	
32	6	6	
124	7	7	
15	9	9	
442	0	0	
1	0	0	
3	0	0	
229	1	1	
639	8	8	
5389	8	8	
39	0	0	
1141	6	6	
5	0	0	
1121	3	3	
16	0	0	
85	7	7	
503	2	2	
5	0	0	
4	0	0	
675	6	6	
375	6	6	
549	10	10	
301	19	19	
12	8	8	
15	6	6	
1641	2	2	
230	9	9	
17	6	6	
28	7	7	
8	0	0	
949	1	1	
875	11	11	
33	11	11	
2090	6	6	
265	4	4	
66	2	2	
535	9	9	
181	4	4	
523	13	13	
17	0	0	
747	6	6	
5	0	0	
7	0	0	
2560	0	0	
32	9	9	
1130	7	7	
18	5	5	
17	5	5	
20	0	0	
9	8	8	
3	0	0	
2687	6	6	
358	7	7	
1116	1	1	
2790	2	2	
30	7	7	
34	7	7	
13	0	0	
4	0	0	
457	6	6	
20	9	9	
2	0	0	
784	10	10	
914	1	1	
1183	1	1	
463	4	4	
2213	0	0	
5	0	0	
175	3	3	
14	6	6	
7	0	0	
1222	12	12	
1165	0	0	
3	0	0	
8	0	0	
1388	9	9	
22	0	0	
19	7	7	
930	4	4	
1	0	0	
2980	8	8	
343	5	5	
154	2	2	
156	4	4	
198	3	3	
17	7	7	
1	0	0	
12	0	0	
32	7	7	
3782	4	4	
865	6	6	
16	8	8	
9	8	8	
23	5	5	
1323	9	9	
415	2	2	
12	0	0	
12	0	0	
376	7	7	
13	0	0	
2676	0	0	
541	2	2	
372	5	5	
10	0	0	
12	7	7	
663	5	5	
2092	6	6	
833	6	6	
118	1	1	
3	0	0	
28	6	6	
348	3	3	
289	12	12	
9	8	8	
33	1	1	
884	9	9	
1800	9	9	
9	0	0	
4	0	0	
11	0	0	
30	4	4	
852	5	5	
21	9	9	
17	0	0	
266	5	5	
5	0	0	
441	6	6	
327	4	4	
544	2	2	
563	1	1	
81	6	6	
155	4	4	
780	1	1	
6	0	0	
160	7	7	
1596	7	7	
1	0	0	
142	6	6	
11	0	0	
610	7	7	
3	0	0	
3044	8	8	
282	0	0	
2498	8	8	
1897	5	5	
22	7	7	
2102	2	2	
20	9	9	
13	9	9	
29	0	0	
7	0	0	
8	0	0	
566	3	3	
1	0	0	
145	10	10	
17	0	0	
37	7	7	
15	9	9	
2	0	0	
4	0	0	
976	6	6	
182	12	12	
2307	3	3	
208	9	9	
40	8	8	
2059	6	6	
1706	6	6	
844	2	2	
2	0	0	
35	6	6	
4765	4	4	
1715	8	8	
506	5	5	
23	7	7	
27	3	3	
9	8	8	
44	6	6	
571	6	6	
15	7	7	
3	0	0	
11	0	0	
871	8	8	
752	6	6	
1089	9	9	
18	8	8	
211	8	8	
235	1	1	
14	8	8	
1330	0	0	
9	0	0	
12	9	9	
194	1	1	
108	0	0	
608	8	8	
373	5	5	
3	0	0	
2237	6	6	
1658	6	6	
11	0	0	
1	0	0	
14	9	9	
27	6	6	
4	0	0	
2	0	0	
1498	7	7	
13	9	9	
15	0	0	
2274	7	7	
13	9	9	
10	9	9	
20	8	8	
2805	7	7	
10	0	0	
4	0	0	
19	8	8	
210	9	9	
1886	4	4	
36	5	5	
4	0	0	
2258	15	15	
978	9	9	
27	0	0	
1808	4	4	
15	8	8	
1303	5	5	
10	0	0	
157	6	6	
1	0	0	
776	5	5	
279	4	4	
10	9	9	
612	6	6	
32	4	4	
880	16	16	
2984	5	5	
837	9	9	
58	10	10	
3822	5	5	
11	0	0	
2	0	0	
3838	8	8	
13	7	7	
776	5	5	
228	7	7	
1	0	0	
18	4	4	
2	0	0	
27	5	5	
17	6	6	
179	1	1	
508	13	13	
1	0	0	
946	6	6	
2536	14	14	
1015	4	4	
677	2	2	
29	5	5	
12	7	7	
10	0	0	
55	5	5	
21	0	0	
124	0	0	
778	9	9	
44	14	14	
1688	0	0	
364	0	0	
13	7	7	
16	0	0	
1	0	0	
49	6	6	
265	8	8	
799	8	8	
101	19	19	
1283	1	1	
16	0	0	
8	0	0	
2146	5	5	
25	9	9	
1631	9	9	
3393	7	7	
3	0	0	
7	0	0	
13	2	2	
1176	4	4	
2047	9	9	
651	6	6	
2	0	0	
18	0	0	
349	0	0	
327	8	8	
541	2	2	
39	3	3	
1229	1	1	
1563	8	8	
2	0	0	
640	9	9	
334	10	10	
107	6	6	
5	0	0	
2	0	0	
1147	12	12	
351	4	4	
1	0	0	
7	0	0	
21	8	8	
1786	2	2	
1365	2	2	
12	9	9	
1974	6	6	
3	0	0	
475	2	2	
13	2	2	
1	0	0	
9	4	4	
13	8	8	
2994	2	2	
1398	0	0	
12	0	0	
452	7	7	
533	9	9	
602	8	8	
16	8	8	
351	4	4	
1574	5	5	
107	5	5	
551	1	1	
4	0	0	
516	4	4	
5	0	0	
6	0	0	
3116	7	7	
1135	8	8	
3	0	0	
4	0	0	
10	9	9	
4	0	0	
9	8	8	
202	8	8	
11	0	0	
218	0	0	
1300	8	8	
4	0	0	
17	9	9	
253	1	1	
2159	5	5	
3284	10	10	
72	4	4	
235	2	2	
851	3	3	
1088	1	1	
1	0	0	
7	0	0	
8	0	0	
2240	2	2	
81	7	7	
5	0	0	
9	0	0	
2142	1	1	
477	2	2	
14	7	7	
16	0	0	
9	0	0	
1608	0	0	
114	1	1	
9	8	8	
3024	2	2	
4534	0	0	
3	0	0	
4	0	0	
9	0	0	
15	0	0	
5	0	0	
11	7	7	
21	7	7	
622	3	3	
342	6	6	
733	1	1	
36	7	7	
3570	2	2	
16	9	9	
4	0	0	
252	1	1	
121	4	4	
244	3	3	
2778	8	8	
413	5	5	
4	0	0	
2144	1	1	
29	0	0	
3012	2	2	
226	6	6	
2465	8	8	
527	1	1	
461	11	11	
327	5	5	
262	5	5	
242	8	8	
400	9	9	
2	0	0	
1	0	0	
90	1	1	
2951	14	14	
17	8	8	
59	3	3	
162	7	7	
552	8	8	
71	6	6	
4	0	0	
15	0	0	
75	12	12	
9	8	8	
458	1	1	
843	6	6	
3	0	0	
11	0	0	
9	0	0	
4	0	0	
14	0	0	
1443	5	5	
221	2	2	
3	0	0	
13	8	8	
1347	4	4	
39	6	6	
1804	0	0	
2498	8	8	
474	10	10	
19	0	0	
16	7	7	
8	0	0	
332	8	8	
3611	19	19	
21	3	3	
10	9	9	
482	8	8	
1	0	0	
65	8	8	
32	0	0	
1260	9	9	
276	9	9	
3	0	0	
301	1	1	
1173	1	1	
62	8	8	
34	5	5	
7	0	0	
12	0	0	
2891	1	1	
400	2	2	
32	7	7	
213	3	3	
25	3	3	
20	9	9	
18	7	7	
751	4	4	
99	0	0	
62	5	5	
8	0	0	
307	3	3	
152	0	0	
5	0	0	
267	7	7	
657	8	8	
4	0	0	
958	2	2	
740	2	2	
16	9	9	
20	8	8	
1	0	0	
3	0	0	
691	3	3	
702	9	9	
347	1	1	
1419	2	2	
669	4	4	
6	0	0	
1	0	0	
8	0	0	
902	10	10	
463	1	1	
24	8	8	
1227	3	3	
42	8	8	
767	1	1	
14	7	7	
13	0	0	
2987	11	11	
1	0	0	
9	8	8	
108	2	2	
2	0	0	
393	0	0	
2	0	0	
1052	8	8	
125	7	7	
2	0	0	
3	0	0	
21	9	9	
178	0	0	
1534	5	5	
9	8	8	
220	2	2	
12	0	0	
740	0	0	
2337	3	3	
203	6	6	
2645	9	9	
547	9	9	
303	2	2	
1071	5	5	
466	5	5	
7	0	0	
22	8	8	
3	0	0	
2379	0	0	
640	1	1	
17	8	8	
592	4	4	
2209	5	5	
18	9	9	
402	5	5	
795	1	1	
18	7	7	
1416	8	8	
10	9	9	
414	13	13	
6	0	0	
576	4	4	
1404	0	0	
2	0	0	
284	8	8	
809	3	3	
3763	9	9	
17	9	9	
1119	1	1	
52	8	8	
4	0	0	
18	1	1	
1004	4	4	
6	0	0	
18	0	0	
12	9	9	
270	11	11	
4	0	0	
15	9	9	
19	8	8	
334	5	5	
826	1	1	
16	0	0	
1613	4	4	
17	6	6	
10	2	2	
3224	2	2	
15	7	7	
1	0	0	
769	1	1	
16	8	8	
298	1	1	
12	0	0	
23	0	0	
474	2	2	
126	3	3	
6	0	0	
5	0	0	
1019	11	11	
48	6	6	
1020	5	5	
1230	7	7	
3359	3	3	
309	7	7	
2230	6	6	
11	9	9	
13	8	8	
1699	3	3	
24	0	0	
5034	3	3	
30	8	8	
6	0	0	
22	8	8	
2	0	0	
308	9	9	
333	6	6	
487	2	2	
603	9	9	
9	8	8	
515	7	7	
537	4	4	
13	6	6	
14	0	0	
2432	10	10	
625	10	10	
12	5	5	
3	0	0	
192	9	9	
1300	1	1	
833	0	0	
7	0	0	
4	0	0	
762	4	4	
1769	5	5	
28	1	1	
27	8	8	
3177	6	6	
62	3	3	
265	17	17	
12	0	0	
1172	12	12	
1540	9	9	
1568	6	6	
2	0	0	
21	6	6	
10	0	0	
12	0	0	
741	8	8	
11	7	7	
12	5	5	
1353	6	6	
22	8	8	
1941	7	7	
7	0	0	
12	9	9	
1	0	0	
69	3	3	
2456	2	2	
4	0	0	
3649	6	6	
3	0	0	
1	0	0	
321	8	8	
1698	6	6	
1028	7	7	
56	0	0	
2536	3	3	
260	9	9	
1	0	0	
418	10	10	
1008	9	9	
363	1	1	
1296	7	7	
1204	13	13	
24	7	7	
378	6	6	
389	7	7	
254	6	6	
2119	5	5	
2096	12	12	
5	0	0	
14	0	0	
15	7	7	
1435	4	4	
7	0	0	
7	0	0	
7	0	0	
395	5	5	
122	1	1	
1044	2	2	
104	4	4	
323	12	12	
9	8	8	
1022	2	2	
268	10	10	
17	8	8	
194	10	10	
4	0	0	
8	0	0	
2	0	0	
1439	4	4	
1078	11	11	
11	7	7	
2237	6	6	
7	0	0	
588	12	12	
16	4	4	
655	9	9	
12	0	0	
56	10	10	
385	8	8	
582	9	9	
156	5	5	
489	8	8	
17	0	0	
1035	6	6	
3652	7	7	
3	0	0	
1496	4	4	
29	5	5	
9	8	8	
1	0	0	
522	9	9	
3	0	0	
38	6	6	
165	5	5	
10	0	0	
2522	5	5	
923	4	4	
299	10	10	
2	0	0	
8	7	7	
10	9	9	
451	3	3	
944	8	8	
3	0	0	
10	0	0	
1	0	0	
6	0	0	
1183	1	1	
282	7	7	
437	5	5	
23	8	8	
410	4	4	
1916	0	0	
20	8	8	
390	0	0	
844	3	3	
3	0	0	
11	2	2	
19	0	0	
457	7	7	
1	0	0	
16	8	8	
725	1	1	
646	9	9	
535	9	9	
1205	4	4	
586	6	6	
11	2	2	
2	0	0	
94	4	4	
4	0	0	
94	1	1	
491	10	10	
994	12	12	
82	18	18	
2716	1	1	
6	0	0	
61	1	1	
1	0	0	
2094	6	6	
77	9	9	
3201	3	3	
27	9	9	
35	9	9	
714	3	3	
1479	6	6	
90	8	8	
1407	7	7	
36	0	0	
527	4	4	
5	4	4	
4	0	0	
441	5	5	
14	9	9	
448	0	0	
9	0	0	
15	7	7	
21	7	7	
882	4	4	
74	13	13	
2277	7	7	
16	6	6	
17	9	9	
1	0	0	
22	8	8	
7	0	0	
405	10	10	
1766	7	7	
3815	0	0	
23	5	5	
241	8	8	
339	11	11	
9	0	0	
40	1	1	
1955	1	1	
348	3	3	
1	0	0	
1266	13	13	
1594	2	2	
427	4	4	
841	1	1	
249	11	11	
83	9	9	
261	15	15	
2373	6	6	
10	0	0	
171	3	3	
13	0	0	
1127	1	1	
18	0	0	
5	0	0	
2	0	0	
3	0	0	
156	3	3	
497	2	2	
337	5	5	
863	12	12	
23	8	8	
26	8	8	
969	7	7	
2156	10	10	
358	1	1	
1841	5	5	
1357	10	10	
411	8	8	
593	1	1	
521	3	3	
23	3	3	
73	0	0	
6	0	0	
103	2	2	
461	5	5	
49	3	3	
9	8	8	
25	6	6	
1352	4	4	
2301	2	2	
15	0	0	
5	0	0	
19	0	0	
3	0	0	
19	0	0	
4	0	0	
1510	4	4	
4	0	0	
24	5	5	
1942	6	6	
699	9	9	
8	0	0	
2	0	0	
565	8	8	
528	1	1	
1752	5	5	
590	1	1	
8	0	0	
708	5	5	
1	0	0	
761	15	15	
980	9	9	
7	0	0	
14	7	7	
83	8	8	
24	7	7	
23	1	1	
550	9	9	
14	9	9	
22	6	6	
164	22	22	
1	0	0	
2733	2	2	
3166	5	5	
934	8	8	
20	0	0	
19	0	0	
505	5	5	
24	7	7	
36	4	4	
1912	4	4	
360	2	2	
13	8	8	
1237	8	8	
12	9	9	
18	9	9	
2193	1	1	
4	0	0	
8	5	5	
10	0	0	
2	0	0	
757	2	2	
47	0	0	
1444	6	6	
9	8	8	
1640	9	9	
328	10	10	
11	5	5	
618	2	2	
117	4	4	
1	0	0	
18	5	5	
11	0	0	
10	9	9	
254	5	5	
824	6	6	
1786	9	9	
637	5	5	
182	2	2	
269	2	2	
5	0	0	
4	0	0	
1	0	0	
16	4	4	
200	6	6	
22	0	0	
17	9	9	
2049	2	2	
668	5	5	
2121	1	1	
205	0	0	
6	0	0	
654	4	4	
242	9	9	
460	1	1	
40	9	9	
2	0	0	
732	10	10	
7	0	0	
1472	5	5	
949	3	3	
34	7	7	
1177	5	5	
478	6	6	
10	5	5	
373	1	1	
9	0	0	
2694	1	1	
40	4	4	
166	10	10	
296	7	7	
791	7	7	
3	0	0	
1025	2	2	
10	0	0	
292	10	10	
858	0	0	
56	9	9	
832	6	6	
2514	6	6	
11	0	0	
138	7	7	
15	6	6	
38	8	8	
379	5	5	
4	0	0	
586	8	8	
1911	6	6	
114	7	7	
3145	1	1	
428	4	4	
15	7	7	
3	0	0	
21	0	0	
58	1	1	
11	8	8	
673	7	7	
84	7	7	
45	6	6	
3	0	0	
1	0	0	
9	8	8	
9	0	0	
27	6	6	
15	0	0	
4782	5	5	
1632	7	7	
1070	3	3	
99	9	9	
755	0	0	
906	6	6	
13	9	9	
206	10	10	
2866	8	8	
4	0	0	
1	0	0	
28	6	6	
218	10	10	
856	10	10	
32	6	6	
19	0	0	
14	8	8	
1067	5	5	
237	11	11	
5014	13	13	
1704	7	7	
173	8	8	
177	1	1	
4	0	0	
2320	5	5	
351	4	4	
2	0	0	
1364	2	2	
808	6	6	
536	11	11	
2034	2	2	
34	4	4	
2393	8	8	
389	10	10	
203	4	4	
1295	5	5	
3	0	0	
1	0	0	
27	8	8	
22	7	7	
16	3	3	
188	5	5	
43	0	0	
5	0	0	
17	0	0	
33	8	8	
2535	2	2	
2220	6	6	
196	4	4	
2156	7	7	
1353	3	3	
715	2	2	
9	8	8	
21	4	4	
547	4	4	
946	8	8	
4	0	0	
2	0	0	
2050	4	4	
31	3	3	
1007	3	3	
19	7	7	
1685	6	6	
1618	0	0	
9	8	8	
8	0	0	
550	0	0	
606	1	1	
9	8	8	
1813	3	3	
845	8	8	
35	9	9	
84	0	0	
2342	3	3	
9	0	0	
932	7	7	
4	0	0	
16	8	8	
14	9	9	
552	5	5	
1	0	0	
4	0	0	
838	3	3	
49	8	8	
10	9	9	
1935	10	10	
1084	5	5	
9	8	8	
229	6	6	
12	9	9	
572	1	1	
12	0	0	
419	6	6	
288	9	9	
147	1	1	
42	3	3	
5	0	0	
401	2	2	
20	7	7	
1	0	0	
78	4	4	
11	0	0	
12	0	0	
2	1	1	
77	4	4	
1875	2	2	
1040	6	6	
5	0	0	
50	3	3	
320	8	8	
1	0	0	
265	0	0	
2495	8	8	
1	0	0	
1572	6	6	
464	6	6	
319	10	10	
454	7	7	
693	7	7	
50	10	10	
6	0	0	
521	1	1	
3	0	0	
309	0	0	
187	0	0	
8	0	0	
4230	2	2	
21	0	0	
627	0	0	
674	5	5	
6	0	0	
2883	2	2	
2	0	0	
406	6	6	
106	23	23	
523	1	1	
701	2	2	
4089	0	0	
6	0	0	
4447	3	3	
2	0	0	
3354	8	8	
2	0	0	
633	6	6	
2139	0	0	
239	3	3	
4	0	0	
87	2	2	
10	9	9	
1011	8	8	
472	8	8	
352	11	11	
627	0	0	
20	0	0	
227	1	1	
13	9	9	
201	6	6	
420	7	7	
1271	0	0	
1707	9	9	
28	9	9	
4630	2	2	
26	1	1	
950	6	6	
15	6	6	
4	0	0	
2	0	0	
1082	1	1	
8	0	0	
1790	8	8	
1	0	0	
9	8	8	
189	9	9	
2	0	0	
3	0	0	
3421	0	0	
11	0	0	
27	0	0	
1587	3	3	
12	8	8	
5	0	0	
549	5	5	
60	17	17	
2328	6	6	
202	4	4	
11	0	0	
483	6	6	
407	8	8	
232	4	4	
6	0	0	
2394	2	2	
319	9	9	
584	6	6	
15	0	0	
152	12	12	
194	4	4	
1	0	0	
1	0	0	
1392	5	5	
3326	3	3	
1608	6	6	
34	6	6	
1456	4	4	
396	9	9	
610	2	2	
96	4	4	
14	9	9	
2054	8	8	
555	0	0	
113	5	5	
1967	8	8	
25	7	7	
1759	1	1	
152	8	8	
1317	7	7	
38	9	9	
24	0	0	
656	16	16	
5	0	0	
971	9	9	
2531	0	0	
324	3	3	
406	11	11	
886	1	1	
449	5	5	
2	0	0	
735	9	9	
541	2	2	
648	3	3	
597	3	3	
33	6	6	
11	6	6	
27	9	9	
81	6	6	
1071	6	6	
1030	8	8	
628	2	2	
2	0	0	
82	12	12	
16	6	6	
4	0	0	
868	6	6	
7	0	0	
18	8	8	
5	0	0	
27	5	5	
13	9	9	
3	0	0	
36	9	9	
298	1	1	
33	6	6	
3331	8	8	
1510	11	11	
2806	27	27	
1422	5	5	
10	0	0	
2077	4	4	
21	9	9	
347	1	1	
911	11	11	
287	1	1	
1578	2	2	
1158	6	6	
1215	3	3	
767	6	6	
1	0	0	
387	5	5	
186	4	4	
880	3	3	
1015	1	1	
284	8	8	
704	10	10	
413	0	0	
840	4	4	
2977	14	14	
447	5	5	
1174	3	3	
314	4	4	
177	6	6	
2602	1	1	
714	7	7	
824	9	9	
14	9	9	
2445	11	11	
1145	0	0	
13	0	0	
1000	4	4	
10	1	1	
290	11	11	
89	1	1	
16	9	9	
25	9	9	
9	8	8	
206	5	5	
38	3	3	
3	0	0	
14	0	0	
15	9	9	
7	0	0	
10	9	9	
43	7	7	
772	4	4	
338	1	1	
4	0	0	
9	8	8	
4156	5	5	
14	8	8	
765	7	7	
26	6	6	
1506	6	6	
1638	8	8	
11	1	1	
28	6	6	
2812	4	4	
744	10	10	
105	12	12	
657	0	0	
1514	8	8	
52	2	2	
19	0	0	
267	6	6	
100	9	9	
2911	1	1	
33	7	7	
12	0	0	
7	0	0	
7	0	0	
9	0	0	
6	0	0	
81	15	15	
1	0	0	
822	9	9	
18	9	9	
279	1	1	
16	0	0	
146	0	0	
2838	9	9	
619	5	5	
10	9	9	
3	0	0	
823	8	8	
961	2	2	
506	1	1	
15	0	0	
16	8	8	
414	8	8	
1	0	0	
19	0	0	
283	0	0	
1277	5	5	
18	0	0	
165	0	0	
9	8	8	
27	6	6	
2043	2	2	
2238	0	0	
17	7	7	
21	8	8	
19	7	7	
5	0	0	
1	0	0	
262	1	1	
635	6	6	
9	8	8	
340	7	7	
24	9	9	
1	0	0	
24	5	5	
375	4	4	
137	6	6	
689	0	0	
2097	9	9	
89	6	6	
494	6	6	
3	0	0	
2324	6	6	
65	13	13	
534	4	4	
20	8	8	
337	10	10	
377	4	4	
2293	7	7	
715	3	3	
5	0	0	
27	9	9	
959	5	5	
57	7	7	
24	4	4	
9	8	8	
835	2	2	
202	10	10	
22	8	8	
1710	3	3	
6	0	0	
2	0	0	
2908	8	8	
106	4	4	
18	9	9	
666	9	9	
3	0	0	
21	9	9	
2	0	0	
368	4	4	
27	0	0	
2430	4	4	
16	9	9	
4	0	0	
240	0	0	
741	1	1	
3	0	0	
188	3	3	
1876	9	9	
3	0	0	
43	9	9	
9	0	0	
11	0	0	
587	4	4	
2298	5	5	
264	7	7	
19	7	7	
119	5	5	
1850	10	10	
3140	2	2	
1011	7	7	
152	7	7	
5	0	0	
1670	0	0	
3762	3	3	
192	8	8	
5	0	0	
3	0	0	
23	8	8	
484	2	2	
222	9	9	
31	9	9	
6	0	0	
856	4	4	
12	0	0	
10	0	0	
5	0	0	
149	8	8	
12	0	0	
12	8	8	
3884	1	1	
1859	15	15	
224	7	7	
2	0	0	
2676	5	5	
2210	5	5	
12	9	9	
4482	4	4	
19	9	9	
1024	5	5	
64	2	2	
13	0	0	
878	1	1	
1	0	0	
1558	1	1	
2	0	0	
1	0	0	
9	8	8	
4	0	0	
1513	2	2	
12	0	0	
367	8	8	
9	8	8	
29	3	3	
1	0	0	
16	6	6	
2226	4	4	
231	5	5	
9	8	8	
9	0	0	
5	0	0	
3446	1	1	
2	0	0	
1822	0	0	
12	9	9	
23	8	8	
10	9	9	
525	0	0	
2237	8	8	
43	6	6	
11	5	5	
6	0	0	
708	4	4	
4	0	0	
4	0	0	
2424	9	9	
9	8	8	
12	9	9	
51	4	4	
405	12	12	
4	0	0	
10	6	6	
1493	7	7	
9	8	8	
410	9	9	
349	1	1	
2	0	0	
1600	6	6	
346	4	4	
21	0	0	
16	6	6	
4467	5	5	
1093	8	8	
1	0	0	
2399	6	6	
235	6	6	
1504	9	9	
51	7	7	
1564	3	3	
5	0	0	
408	3	3	
1673	1	1	
4	0	0	
415	7	7	
719	8	8	
3710	1	1	
828	1	1	
51	5	5	
26	1	1	
7	0	0	
1368	1	1	
726	5	5	
9	0	0	
940	8	8	
1	0	0	
526	7	7	
281	12	12	
64	0	0	
41	8	8	
376	5	5	
355	4	4	
1484	9	9	
1788	3	3	
27	7	7	
59	6	6	
24	9	9	
10	0	0	
30	4	4	
1190	2	2	
23	5	5	
337	2	2	
3	0	0	
3	0	0	
588	0	0	
1	0	0	
1099	5	5	
21	0	0	
11	8	8	
3749	3	3	
6	0	0	
415	8	8	
1003	7	7	
294	8	8	
534	7	7	
25	8	8	
3281	0	0	
19	0	0	
1802	5	5	
308	9	9	
308	5	5	
11	8	8	
804	2	2	
1209	1	1	
589	2	2	
1479	8	8	
4	0	0	
5127	2	2	
1405	9	9	
1074	9	9	
477	8	8	
2	0	0	
3191	10	10	
9	8	8	
1205	0	0	
1	0	0	
333	2	2	
9	0	0	
7	0	0	
5	0	0	
1	0	0	
20	0	0	
476	5	5	
13	0	0	
14	5	5	
184	9	9	
7	0	0	
15	8	8	
255	8	8	
24	0	0	
9	8	8	
1004	8	8	
12	7	7	
2	0	0	
19	9	9	
7	0	0	
14	0	0	
847	2	2	
2	0	0	
284	5	5	
9	5	5	
32	6	6	
565	3	3	
38	7	7	
146	10	10	
12	9	9	
967	7	7	
377	5	5	
2400	1	1	
1788	13	13	
12	8	8	
33	6	6	
1	0	0	
23	0	0	
26	8	8	
51	2	2	
274	2	2	
1081	5	5	
1009	4	4	
1	0	0	
511	5	5	
949	12	12	
476	3	3	
67	12	12	
1174	10	10	
2271	0	0	
23	8	8	
10	0	0	
1516	5	5	
22	9	9	
767	3	3	
199	9	9	
2529	2	2	
589	0	0	
5	0	0	
10	0	0	
934	5	5	
5	0	0	
246	1	1	
11	0	0	
1263	1	1	
19	7	7	
900	5	5	
167	6	6	
9	8	8	
23	0	0	
2	0	0	
31	9	9	
607	10	10	
13	8	8	
141	5	5	
2480	12	12	
17	0	0	
1030	6	6	
4	0	0	
5	0	0	
445	11	11	
14	9	9	
11	0	0	
505	6	6	
23	8	8	
9	8	8	
1566	5	5	
16	0	0	
1116	7	7	
4	0	0	
1475	1	1	
1	0	0	
53	11	11	
1777	8	8	
65	15	15	
515	7	7	
1668	9	9	
513	3	3	
7	0	0	
1768	6	6	
1494	0	0	
1205	6	6	
3	0	0	
6	0	0	
19	6	6	
1	0	0	
6	0	0	
2904	3	3	
2718	9	9	
134	4	4	
320	16	16	
46	9	9	
831	5	5	
20	9	9	
653	4	4	
352	6	6	
21	7	7	
9	8	8	
25	8	8	
476	7	7	
6	0	0	
9	0	0	
33	7	7	
700	5	5	
15	9	9	
26	6	6	
12	6	6	
9	8	8	
917	7	7	
1	0	0	
14	0	0	
119	1	1	
2347	9	9	
167	3	3	
10	0	0	
1714	11	11	
4	0	0	
1859	5	5	
3400	3	3	
1479	4	4	
1117	9	9	
929	8	8	
33	4	4	
1	0	0	
2	0	0	
1329	7	7	
18	6	6	
8	0	0	
7	0	0	
10	9	9	
464	11	11	
726	7	7	
17	8	8	
9	8	8	
3544	0	0	
912	5	5	
15	8	8	
438	15	15	
286	0	0	
24	9	9	
10	0	0	
907	3	3	
164	1	1	
2	0	0	
1699	7	7	
23	9	9	
475	2	2	
174	5	5	
3	0	0	
415	7	7	
1	0	0	
392	9	9	
8	0	0	
15	7	7	
1159	4	4	
144	2	2	
5418	5	5	
9	0	0	
1649	5	5	
624	5	5	
22	0	0	
3790	1	1	
1245	2	2	
535	0	0	
1386	10	10	
985	5	5	
396	5	5	
22	0	0	
4628	4	4	
575	0	0	
105	15	15	
2005	7	7	
2670	6	6	
20	8	8	
1504	2	2	
14	7	7	
10	0	0	
723	8	8	
432	8	8	
12	7	7	
2296	11	11	
269	7	7	
23	8	8	
2271	6	6	
3	0	0	
17	0	0	
2314	5	5	
25	9	9	
743	1	1	
529	15	15	
2600	5	5	
45	12	12	
154	6	6	
1	0	0	
3711	4	4	
32	4	4	
12	0	0	
11	0	0	
5	0	0	
1436	5	5	
2	0	0	
657	4	4	
1237	12	12	
1966	2	2	
1806	0	0	
3	0	0	
148	8	8	
9	8	8	
345	18	18	
33	9	9	
1784	8	8	
4	0	0	
106	2	2	
12	9	9	
15	9	9	
104	8	8	
70	15	15	
987	8	8	
9	8	8	
17	0	0	
132	7	7	
7	0	0	
120	7	7	
109	2	2	
2574	6	6	
2473	8	8	
5	0	0	
793	2	2	
448	6	6	
20	8	8	
11	0	0	
343	4	4	
626	9	9	
860	7	7	
43	4	4	
626	6	6	
2399	1	1	
53	8	8	
2	0	0	
1811	4	4	
4417	4	4	
273	7	7	
19	9	9	
174	2	2	
2087	1	1	
16	8	8	
2123	2	2	
1342	7	7	
535	5	5	
1712	2	2	
4	0	0	
668	8	8	
1338	6	6	
966	0	0	
136	3	3	
17	0	0	
1117	8	8	
945	0	0	
113	8	8	
255	1	1	
627	2	2	
22	9	9	
45	7	7	
24	4	4	
291	1	1	
32	3	3	
852	11	11	
483	5	5	
2168	5	5	
2057	4	4	
44	5	5	
104	6	6	
6	0	0	
666	4	4	
347	7	7	
2	0	0	
2021	4	4	
523	0	0	
1053	9	9	
16	0	0	
854	5	5	
194	11	11	
12	9	9	
284	7	7	
9	8	8	
3	0	0	
1164	2	2	
32	9	9	
1505	9	9	
1639	4	4	
466	0	0	
9	2	2	
3208	3	3	
9	0	0	
14	9	9	
1063	5	5	
50	6	6	
447	7	7	
416	6	6	
1568	5	5	
1716	5	5	
1382	4	4	
355	6	6	
880	14	14	
2	0	0	
37	8	8	
603	6	6	
2	0	0	
5	0	0	
9	0	0	
9	8	8	
825	8	8	
21	0	0	
1089	8	8	
709	2	2	
2787	1	1	
8	0	0	
1985	3	3	
777	9	9	
46	9	9	
1096	6	6	
1026	0	0	
2163	9	9	
959	10	10	
9	8	8	
1	0	0	
233	2	2	
2	0	0	
1	0	0	
1	0	0	
6	0	0	
329	7	7	
908	15	15	
4	0	0	
3	0	0	
2110	8	8	
2	0	0	
19	7	7	
1903	8	8	
2091	9	9	
1	0	0	
345	4	4	
265	1	1	
403	5	5	
22	3	3	
6	0	0	
1994	1	1	
394	11	11	
29	5	5	
3	0	0	
10	0	0	
33	9	9	
1244	4	4	
4	0	0	
142	2	2	
27	7	7	
2328	2	2	
455	18	18	
293	0	0	
1488	3	3	
7	0	0	
412	6	6	
395	0	0	
1244	6	6	
13	9	9	
3218	4	4	
38	7	7	
767	9	9	
4922	7	7	
10	0	0	
561	8	8	
23	9	9	
13	0	0	
1502	1	1	
326	10	10	
5	0	0	
218	1	1	
2564	0	0	
1674	7	7	
34	8	8	
4	0	0	
9	0	0	
2954	6	6	
19	7	7	
3	0	0	
36	9	9	
12	8	8	
19	0	0	
991	10	10	
1535	1	1	
7	0	0	
17	9	9	
14	0	0	
20	8	8	
4	0	0	
14	9	9	
3595	14	14	
388	0	0	
1323	3	3	
14	8	8	
9	0	0	
1681	11	11	
582	8	8	
520	6	6	
6	0	0	
3520	0	0	
5	0	0	
12	6	6	
26	7	7	
807	11	11	
96	0	0	
1091	10	10	
426	0	0	
1641	7	7	
926	9	9	
125	6	6	
443	2	2	
934	8	8	
755	2	2	
5068	6	6	
7	0	0	
9	8	8	
644	1	1	
29	6	6	
92	6	6	
14	8	8	
33	2	2	
1388	1	1	
1	0	0	
279	1	1	
1857	4	4	
23	5	5	
33	6	6	
225	6	6	
4	0	0	
16	5	5	
3062	4	4	
331	0	0	
262	7	7	
4	0	0	
787	2	2	
3	0	0	
637	5	5	
38	5	5	
9	0	0	
38	4	4	
1030	9	9	
12	0	0	
10	0	0	
39	4	4	
840	6	6	
26	6	6	
55	6	6	
219	1	1	
1544	7	7	
1086	7	7	
72	10	10	
3	0	0	
382	9	9	
11	7	7	
27	4	4	
112	9	9	
16	8	8	
1032	5	5	
1009	7	7	
2	0	0	
8	0	0	
69	3	3	
485	1	1	
15	8	8	
10	9	9	
40	1	1	
3817	5	5	
370	3	3	
2	0	0	
17	0	0	
905	4	4	
51	7	7	
25	3	3	
2	0	0	
33	0	0	
467	10	10	
198	3	3	
370	1	1	
4	0	0	
10	9	9	
452	2	2	
19	8	8	
1614	9	9	
2480	2	2	
12	8	8	
18	9	9	
56	10	10	
15	6	6	
2	0	0	
192	8	8	
2092	4	4	
1004	8	8	
337	1	1	
295	1	1	
292	1	1	
1255	7	7	
833	15	15	
413	3	3	
14	9	9	
10	0	0	
625	2	2	
20	0	0	
373	6	6	
31	3	3	
1378	3	3	
851	2	2	
301	4	4	
8	0	0	
2200	5	5	
4	0	0	
1052	8	8	
3893	4	4	
28	4	4	
5	0	0	
3	0	0	
270	7	7	
73	1	1	
1958	6	6	
28	5	5	
186	6	6	
76	12	12	
6	0	0	
11	0	0	
13	0	0	
921	11	11	
399	1	1	
562	6	6	
1	0	0	
1269	2	2	
1	0	0	
9	0	0	
761	2	2	
26	5	5	
8	0	0	
116	1	1	
1	0	0	
2	0	0	
23	9	9	
364	2	2	
178	13	13	
893	1	1	
1879	6	6	
2011	1	1	
596	6	6	
22	6	6	
876	8	8	
246	0	0	
1008	5	5	
11	0	0	
1240	6	6	
1	0	0	
6	0	0	
21	0	0	
1040	8	8	
20	0	0	
572	1	1	
2	0	0	
8	0	0	
2	0	0	
370	2	2	
2	0	0	
8	0	0	
88	3	3	
2197	0	0	
1647	2	2	
136	0	0	
122	5	5	
509	6	6	
3	0	0	
2751	2	2	
917	0	0	
1076	0	0	
1009	5	5	
6	0	0	
922	10	10	
1858	7	7	
11	8	8	
1234	1	1	
30	3	3	
2493	4	4	
1	0	0	
1	0	0	
1079	6	6	
2762	5	5	
2727	7	7	
461	4	4	
2809	2	2	
229	6	6	
754	7	7	
7	0	0	
13	0	0	
23	6	6	
3	0	0	
3081	6	6	
1960	10	10	
6	0	0	
18	3	3	
2171	8	8	
429	9	9	
125	6	6	
58	7	7	
47	2	2	
13	0	0	
8	0	0	
3893	6	6	
315	5	5	
1	0	0	
23	1	1	
10	9	9	
269	11	11	
1368	5	5	
209	2	2	
21	5	5	
5	0	0	
4380	1	1	
1505	9	9	
6	0	0	
280	6	6	
1	0	0	
112	14	14	
314	3	3	
18	4	4	
14	0	0	
1099	2	2	
9	8	8	
159	6	6	
278	7	7	
1	0	0	
11	8	8	
23	8	8	
2	0	0	
19	7	7	
2286	7	7	
15	9	9	
684	8	8	
35	5	5	
2056	6	6	
220	8	8	
3381	5	5	
5	0	0	
216	2	2	
530	6	6	
333	5	5	
2	0	0	
4	0	0	
1	0	0	
3	0	0	
1	0	0	
10	9	9	
14	0	0	
360	5	5	
15	7	7	
372	5	5	
6	0	0	
1	0	0	
29	6	6	
49	12	12	
188	0	0	
3	0	0	
480	2	2	
113	0	0	
3652	8	8	
23	8	8	
1110	2	2	
284	2	2	
4	0	0	
2212	9	9	
51	10	10	
8	0	0	
3	0	0	
3	0	0	
44	7	7	
1049	4	4	
433	2	2	
486	6	6	
6	0	0	
10	7	7	
1206	0	0	
31	10	10	
22	9	9	
150	0	0	
7	0	0	
14	0	0	
20	0	0	
1	0	0	
1309	8	8	
16	9	9	
758	8	8	
496	1	1	
63	18	18	
1415	8	8	
15	0	0	
807	1	1	
4250	1	1	
21	8	8	
31	6	6	
1477	9	9	
399	2	2	
2	0	0	
26	9	9	
7	0	0	
9	8	8	
13	5	5	
623	2	2	
313	5	5	
76	14	14	
659	2	2	
15	8	8	
1322	9	9	
18	0	0	
674	1	1	
501	4	4	
484	4	4	
1591	18	18	
1754	7	7	
15	4	4	
3	0	0	
430	3	3	
46	0	0	
9	8	8	
407	6	6	
648	9	9	
1	0	0	
1175	7	7	
14	0	0	
1576	10	10	
297	4	4	
1355	0	0	
14	0	0	
1697	7	7	
539	4	4	
9	8	8	
4308	0	0	
1	0	0	
185	8	8	
654	5	5	
9	0	0	
50	8	8	
11	6	6	
1578	5	5	
661	1	1	
2798	8	8	
9	8	8	
3974	9	9	
1470	7	7	
7	0	0	
123	0	0	
7	0	0	
29	7	7	
92	3	3	
10	9	9	
2151	0	0	
1005	1	1	
13	0	0	
34	6	6	
17	8	8	
315	8	8	
178	1	1	
417	6	6	
591	0	0	
1617	1	1	
5	0	0	
2949	6	6	
3	0	0	
1	0	0	
288	6	6	
12	6	6	
39	9	9	
8	0	0	
28	7	7	
30	6	6	
1449	6	6	
908	11	11	
17	6	6	
9	0	0	
24	9	9	
8	0	0	
907	0	0	
9	0	0	
3	0	0	
205	0	0	
39	4	4	
3216	5	5	
8	0	0	
6	0	0	
452	6	6	
16	9	9	
8	0	0	
19	0	0	
35	7	7	
2811	2	2	
9	8	8	
6	0	0	
7	0	0	
19	0	0	
2	0	0	
389	6	6	
892	9	9	
2508	7	7	
502	7	7	
1672	8	8	
263	1	1	
1109	6	6	
14	9	9	
205	7	7	
36	7	7	
1099	2	2	
5	0	0	
305	11	11	
247	4	4	
1	0	0	
9	8	8	
2182	5	5	
646	2	2	
1176	2	2	
19	9	9	
3354	3	3	
4	0	0	
1005	2	2	
20	7	7	
2760	1	1	
990	8	8	
702	2	2	
2404	10	10	
5	0	0	
1036	4	4	
9	8	8	
14	0	0	
39	5	5	
183	5	5	
1	0	0	
9	8	8	
17	7	7	
807	8	8	
889	5	5	
1845	1	1	
5589	7	7	
1	0	0	
228	6	6	
111	0	0	
1	0	0	
1	0	0	
10	9	9	
379	1	1	
577	1	1	
4	0	0	
256	9	9	
1724	9	9	
2	0	0	
2749	3	3	
10	9	9	
18	9	9	
195	1	1	
4067	12	12	
82	11	11	
792	9	9	
5	0	0	
1357	0	0	
30	9	9	
397	8	8	
694	8	8	
3	0	0	
114	4	4	
20	9	9	
16	8	8	
715	9	9	
15	0	0	
3	0	0	
101	3	3	
1	0	0	
9	0	0	
8	2	2	
641	1	1	
10	9	9	
1712	7	7	
94	1	1	
14	0	0	
4	0	0	
1724	8	8	
149	2	2	
19	9	9	
1244	9	9	
16	6	6	
18	7	7	
262	9	9	
656	2	2	
3	0	0	
701	1	1	
67	5	5	
11	0	0	
296	10	10	
569	1	1	
1289	6	6	
23	0	0	
508	8	8	
194	4	4	
1161	1	1	
1184	18	18	
1508	4	4	
2	0	0	
405	16	16	
39	4	4	
376	13	13	
4308	4	4	
950	0	0	
1376	8	8	
10	0	0	
1166	2	2	
8	0	0	
2598	5	5	
67	9	9	
331	5	5	
446	0	0	
3	0	0	
12	8	8	
1622	6	6	
27	9	9	
2	0	0	
494	8	8	
26	9	9	
1776	19	19	
1121	1	1	
1137	5	5	
872	5	5	
263	15	15	
1000	2	2	
3	0	0	
20	8	8	
15	0	0	
6	0	0	
16	7	7	
51	5	5	
27	8	8	
9	8	8	
1871	12	12	
1320	11	11	
28	9	9	
16	9	9	
11	0	0	
12	7	7	
14	0	0	
99	2	2	
18	8	8	
194	6	6	
14	8	8	
133	9	9	
47	5	5	
3278	2	2	
1591	1	1	
3	0	0	
60	8	8	
3	0	0	
1756	1	1	
16	9	9	
4038	0	0	
47	8	8	
2267	18	18	
42	5	5	
4	0	0	
1	0	0	
21	0	0	
2048	6	6	
13	0	0	
495	8	8	
1435	1	1	
1381	1	1	
1281	4	4	
28	3	3	
1440	4	4	
1457	5	5	
54	6	6	
1041	7	7	
9	8	8	
703	0	0	
463	10	10	
143	0	0	
2	0	0	
9	8	8	
1206	7	7	
677	2	2	
750	8	8	
1413	7	7	
20	9	9	
126	6	6	
1097	9	9	
24	9	9	
219	2	2	
943	5	5	
852	12	12	
8	0	0	
294	2	2	
8	0	0	
9	8	8	
176	7	7	
25	4	4	
2605	5	5	
18	2	2	
78	0	0	
197	6	6	
307	6	6	
935	6	6	
158	7	7	
2370	8	8	
5	0	0	
2	0	0	
2165	9	9	
1535	1	1	
473	10	10	
20	0	0	
1	0	0	
468	7	7	
3	0	0	
26	9	9	
15	9	9	
2669	1	1	
523	7	7	
13	7	7	
542	2	2	
5408	7	7	
11	0	0	
661	11	11	
16	0	0	
668	4	4	
1519	7	7	
9	8	8	
490	1	1	
7	0	0	
6	0	0	
1967	5	5	
1	0	0	
25	8	8	
2274	2	2	
45	6	6	
609	10	10	
13	0	0	
1058	0	0	
15	0	0	
3	0	0	
1506	8	8	
733	10	10	
1077	9	9	
5	0	0	
14	9	9	
1361	3	3	
909	10	10	
3	0	0	
1116	6	6	
13	7	7	
908	3	3	
171	6	6	
1219	2	2	
320	9	9	
740	3	3	
19	0	0	
195	7	7	
17	0	0	
3	0	0	
39	6	6	
772	3	3	
5	0	0	
228	0	0	
698	3	3	
1301	2	2	
5	0	0	
7	0	0	
9	8	8	
8	0	0	
9	8	8	
37	4	4	
283	9	9	
348	7	7	
1234	1	1	
8	0	0	
781	4	4	
49	11	11	
196	7	7	
25	2	2	
222	1	1	
15	8	8	
203	0	0	
2620	4	4	
363	12	12	
1764	7	7	
40	6	6	
2	0	0	
3	0	0	
1931	10	10	
459	0	0	
405	2	2	
1033	7	7	
6	0	0	
13	8	8	
163	3	3	
306	2	2	
673	3	3	
17	0	0	
229	6	6	
195	6	6	
10	0	0	
883	4	4	
397	1	1	
9	8	8	
601	2	2	
242	4	4	
7	0	0	
3	0	0	
47	7	7	
3451	8	8	
3	0	0	
528	8	8	
4	0	0	
17	9	9	
1239	9	9	
500	2	2	
576	8	8	
1014	6	6	
2274	8	8	
1635	1	1	
370	1	1	
1025	1	1	
7	0	0	
68	1	1	
1357	9	9	
95	15	15	
11	0	0	
2	0	0	
241	4	4	
4666	3	3	
3	0	0	
1503	1	1	
515	6	6	
225	6	6	
651	9	9	
25	9	9	
689	5	5	
799	5	5	
2149	10	10	
589	8	8	
2106	5	5	
4444	0	0	
1475	2	2	
592	0	0	
1179	4	4	
285	0	0	
300	7	7	
44	8	8	
429	8	8	
8	0	0	
909	9	9	
7	0	0	
8	0	0	
156	13	13	
1065	11	11	
243	7	7	
507	8	8	
732	0	0	
112	6	6	
5	0	0	
730	11	11	
3	0	0	
511	10	10	
2	0	0	
3	0	0	
4737	2	2	
12	0	0	
13	0	0	
9	0	0	
4184	0	0	
11	0	0	
49	6	6	
7	0	0	
1571	1	1	
1	0	0	
285	1	1	
95	6	6	
272	11	11	
44	7	7	
1491	5	5	
548	11	11	
12	0	0	
510	10	10	
905	4	4	
10	9	9	
31	4	4	
5	0	0	
9	0	0	
2104	8	8	
12	0	0	
294	8	8	
143	5	5	
7	0	0	
1544	4	4	
24	0	0	
1219	8	8	
69	4	4	
776	8	8	
17	8	8	
11	9	9	
470	6	6	
302	6	6	
2494	2	2	
5	0	0	
2	0	0	
16	0	0	
32	9	9	
2	0	0	
806	1	1	
12	9	9	
16	5	5	
2378	6	6	
4637	5	5	
8	0	0	
652	7	7	
434	3	3	
681	14	14	
2858	6	6	
190	5	5	
16	9	9	
850	11	11	
1	0	0	
1363	6	6	
105	10	10	
250	4	4	
7	0	0	
16	0	0	
229	3	3	
4	0	0	
892	6	6	
9	8	8	
282	1	1	
847	2	2	
240	27	27	
37	0	0	
2319	7	7	
307	6	6	
307	1	1	
1632	6	6	
3164	7	7	
12	0	0	
1026	5	5	
1066	8	8	
533	2	2	
15	4	4	
155	8	8	
9	8	8	
5	0	0	
31	9	9	
1075	10	10	
10	6	6	
4	0	0	
328	3	3	
2082	9	9	
21	6	6	
53	7	7	
1	0	0	
278	14	14	
760	6	6	
8	0	0	
396	13	13	
255	4	4	
18	7	7	
1054	0	0	
21	6	6	
58	12	12	
2	0	0	
382	3	3	
430	7	7	
259	9	9	
1	0	0	
12	0	0	
162	5	5	
3	0	0	
6	0	0	
5	0	0	
396	1	1	
14	8	8	
442	1	1	
706	7	7	
213	10	10	
9	0	0	
4402	7	7	
584	5	5	
21	0	0	
12	9	9	
15	6	6	
162	2	2	
1	0	0	
1418	2	2	
1893	14	14	
39	8	8	
9	0	0	
1	0	0	
1315	2	2	
3086	7	7	
21	0	0	
669	2	2	
11	0	0	
236	11	11	
22	5	5	
18	6	6	
9	8	8	
1793	10	10	
1	0	0	
2319	4	4	
1172	4	4	
3308	2	2	
6	0	0	
7	0	0	
5	0	0	
345	5	5	
1494	5	5	
13	0	0	
51	7	7	
16	0	0	
2780	1	1	
4	0	0	
3	0	0	
20	9	9	
666	3	3	
294	7	7	
34	9	9	
2375	14	14	
198	8	8	
344	9	9	
10	9	9	
8	0	0	
1560	7	7	
541	8	8	
20	8	8	
2	0	0	
2	1	1	
42	0	0	
818	9	9	
1203	4	4	
297	2	2	
15	0	0	
40	7	7	
6	0	0	
467	9	9	
296	8	8	
313	9	9	
33	7	7	
2	0	0	
390	6	6	
16	8	8	
3462	6	6	
108	6	6	
6	0	0	
167	7	7	
2636	7	7	
29	6	6	
13	9	9	
2260	7	7	
53	2	2	
494	0	0	
1173	5	5	
322	9	9	
28	9	9	
877	8	8	
4	0	0	
2224	18	18	
10	9	9	
3917	2	2	
2027	12	12	
155	7	7	
213	6	6	
1	0	0	
5	0	0	
7	0	0	
10	0	0	
109	1	1	
2908	1	1	
93	6	6	
2078	5	5	
1603	9	9	
700	6	6	
1	0	0	
22	0	0	
27	6	6	
312	8	8	
250	8	8	
26	8	8	
557	2	2	
13	0	0	
22	7	7	
515	0	0	
8	0	0	
2	0	0	
4552	4	4	
597	2	2	
9	8	8	
1866	1	1	
2	0	0	
10	9	9	
16	7	7	
938	0	0	
21	9	9	
85	1	1	
527	6	6	
1812	12	12	
581	5	5	
1115	5	5	
6	0	0	
310	10	10	
518	14	14	
339	8	8	
580	7	7	
1	0	0	
1180	9	9	
11	0	0	
1	0	0	
42	5	5	
1660	7	7	
