k=0_act,k=1_act,k=2_act,k=3_act,k=4_act,k=5_act,k=6_act,k=7_act,k=8_act,k=9_act,k=10_act,k=0_wait,k=1_wait,k=2_wait,k=3_wait,k=4_wait,k=5_wait,k=6_wait,k=7_wait,k=8_wait,k=9_wait,k=10_wait,	k=0_act,k=1_act,k=2_act,k=3_act,k=4_act,k=5_act,k=6_act,k=7_act,k=8_act,k=9_act,k=10_act,k=0_wait,k=1_wait,k=2_wait,k=3_wait,k=4_wait,k=5_wait,k=6_wait,k=7_wait,k=8_wait,k=9_wait,k=10_wait,	
20,20,20,20,20,20,20,20,20,20,20,20,20,20,20,20,20,20,20,20,20,20,	20,20,20,20,20,20,20,20,20,20,20,20,20,20,20,20,20,20,20,20,20,20,	
19.505,19.9942,19.9991,19.8994,19.9013,19.9972,19.9975,19.9977,19.9624,19.8297,19.7745,20,20,20.0099,20.015,20.0248,20.0249,20.0395,20.0447,19.8984,19.8297,19.8917,	20,20.005,20.0101,20.0201,20.0252,20.035,20.0451,20.0554,20.065,20.0513,19.4132,20,19.9005,19.9995,20,19.9,19.8005,19.9999,20.0003,20.0002,19.9027,19.4132,	
19.3104,19.9839,19.997,19.9008,19.9013,19.9934,19.8922,19.9977,19.8128,19.5785,19.8486,19.9,20.005,20.0147,20.0286,20.0495,20.0499,20.0624,20.0878,19.7276,19.5788,19.7851,	20,20.01,20.0152,20.0402,20.0455,20.0604,20.0909,20.1114,20.1314,19.9691,18.9086,19.9,19.9015,19.999,19.9014,19.9,19.8022,20.0003,19.9011,20.002,19.908,18.9084,	
18.9271,19.9619,19.9853,19.8989,19.8989,19.9815,19.892,19.9924,19.5633,19.4044,19.7431,19.9,20.0047,20.0244,20.0428,20.0674,20.0789,20.0039,20.1391,19.6857,19.5718,19.7431,	20,20.0201,20.0306,20.0603,20.0709,20.1017,20.1368,20.1683,20.2026,19.9399,18.4773,19.9,19.9026,19.8997,19.9026,19.9009,19.8075,19.9979,19.9051,19.8112,19.8098,18.4773,	
18.8325,19.9567,19.9783,19.8981,19.8989,19.9803,19.8913,19.9919,19.4855,19.4536,19.6485,19.8005,20.009,20.0342,20.0511,20.086,20.1035,20.0307,20.1607,19.6065,19.4536,19.55,	20,19.9306,20.0409,20.0704,20.0864,20.1225,20.1626,20.194,20.2206,19.9154,18.1596,19.9,19.9039,19.8997,19.9026,19.9018,19.809,19.9986,19.9051,19.8112,19.8117,18.1597,	
17.5562,19.6496,19.8638,19.7005,19.792,19.9706,19.8929,19.9892,19.5996,19.3313,19.5591,19.8005,20.006,20.0419,20.0729,20.1157,20.15,20.0997,20.2168,19.5996,19.2792,19.4941,	20,19.9361,20.0617,20.1062,20.1335,20.1799,20.2299,20.2651,20.2681,19.8326,17.7984,19.2139,19.7947,19.8049,19.9038,19.8053,19.6216,19.9922,19.908,19.3289,19.8031,17.7984,	
16.9509,19.568,19.846,19.7027,19.7806,19.8604,19.8928,19.8827,19.373,19.266,19.4621,19.8005,20.0041,20.0449,20.0854,20.1314,20.1756,20.1442,20.2592,19.5686,19.2662,19.37,	20,19.9418,20.0773,20.1268,20.1652,20.2273,20.2823,20.3394,20.3121,19.7122,17.4193,19.1178,19.694,19.8075,19.8054,19.7121,19.438,19.881,19.9193,19.3629,19.6911,17.4195,	
16.6144,19.5101,19.73,19.699,19.7728,19.8531,19.8899,19.8806,19.4397,19.0603,19.2977,19.7015,20.0035,20.054,20.1146,20.1672,20.2367,20.211,20.3129,19.4401,19.0118,19.397,	20,19.9532,20.1141,20.1686,20.2237,20.2909,20.3509,20.4063,20.338,19.5434,17.0214,19.1178,19.6965,19.8135,19.8072,19.7207,19.3536,19.8755,19.8229,19.1972,19.5787,17.0213,	
16.5313,19.3967,19.6243,19.6963,19.7717,19.8434,19.8834,19.8776,19.3245,19.0128,19.2089,19.603,20.007,20.0544,20.1287,20.1814,20.2467,20.2331,20.3422,19.438,19.0128,19.1224,	20,19.959,20.1247,20.1792,20.2398,20.3121,20.3827,20.443,20.3446,19.4588,16.7052,18.9271,19.6915,19.8139,19.8072,19.7232,19.3583,19.8779,19.7305,19.203,19.5761,16.7052,	
16.2031,19.3352,19.6191,19.6959,19.7687,19.8352,19.8798,19.8701,19.3396,18.747,19.0778,19.603,20.004,20.0592,20.1333,20.1841,20.2561,20.2414,20.3555,19.3542,18.8448,18.9916,	20,19.9648,20.13,20.1845,20.2505,20.3228,20.3933,20.4565,20.3467,19.3822,16.3532,18.9271,19.6929,19.7142,19.7082,19.6276,19.3619,19.8753,19.7341,19.2144,19.4756,16.3429,	
15.4884,19.1819,19.6025,19.6908,19.7497,19.8202,19.7721,19.8654,19.1748,18.7845,18.9511,19.603,20.0004,20.0617,20.1404,20.196,20.2701,20.264,20.3916,19.1735,18.7379,18.9751,	20,19.9648,20.1353,20.2005,20.272,20.3551,20.4359,20.5,20.3412,19.1698,15.9844,18.8325,19.4936,19.616,19.6144,19.5358,19.3747,19.8704,19.6479,19.1627,19.4603,15.9859,	
14.5842,18.9361,19.5723,19.662,19.5487,19.7991,19.7602,19.8585,18.9067,18.6669,18.9378,19.505,19.9986,20.0687,20.1518,20.2149,20.2841,20.2866,20.4223,18.8223,18.7832,18.9526,	20,19.9765,20.1459,20.2166,20.2937,20.3824,20.4786,20.5486,20.3183,18.9375,15.5496,18.6446,19.3943,19.6142,19.6174,19.3446,19.2854,19.6784,19.3844,19.2065,19.2524,15.5617,	
14.1522,18.802,19.5522,19.5517,19.5406,19.6908,19.7512,19.8479,18.8336,18.718,18.7795,19.505,19.987,20.0729,20.17,20.2304,20.2987,20.3262,20.351,18.7525,18.7111,18.8805,	20,19.9883,20.162,20.2328,20.3156,20.4264,20.5266,20.5872,20.1906,18.7662,15.2376,18.4586,19.3923,19.6146,19.6174,19.3521,19.2133,19.6733,19.3991,19.1305,19.0587,15.2907,	
14.0814,18.777,19.343,19.543,19.429,19.584,19.7348,19.836,18.7509,18.6519,18.6531,19.505,19.9811,20.0743,20.179,20.2364,20.3001,20.3568,20.3843,18.6847,18.5586,18.6691,	20,19.9883,20.1727,20.2437,20.327,20.4649,20.5636,20.6105,20.1635,18.5861,14.9388,18.2745,19.3825,19.6201,19.6174,19.2572,19.2443,19.5639,19.409,19.0566,19.0549,14.9511,	
13.9409,18.7299,19.343,19.5271,19.416,19.565,19.6244,19.827,18.6897,18.4395,18.4996,19.505,19.975,20.0789,20.1835,20.2411,20.2975,20.3601,20.4047,18.7714,18.5451,18.4133,	20,19.9883,20.1727,20.2491,20.3327,20.4815,20.5898,20.6318,20.1317,18.414,14.644,18.1831,19.377,19.6201,19.6205,19.2572,19.2566,19.574,19.3338,19.0731,18.9539,14.6996,	
13.8019,18.5858,19.2377,19.5164,19.4066,19.5592,19.5955,19.7257,18.5524,18.4162,18.407,19.4075,19.9714,20.0835,20.1936,20.2517,20.3255,20.3843,20.4352,18.643,18.3576,18.4613,	20,20.0001,20.1835,20.2654,20.3671,20.5147,20.626,20.6508,20.089,18.2435,14.3897,17.9117,19.3639,19.6188,19.6237,19.2752,19.2567,19.4808,19.3404,18.9944,18.9534,14.3672,	
13.6642,18.4422,19.2121,19.4974,19.3828,19.4419,19.5857,19.7113,18.5529,18.2988,18.2999,19.4075,19.9639,20.088,20.1947,20.2482,20.3403,20.405,20.4712,18.5527,18.2141,18.3658,	20,20.006,20.1889,20.2765,20.3903,20.5538,20.6716,20.6743,20.0131,17.9683,14.1401,17.8222,19.3599,19.6188,19.6269,19.2879,19.2758,19.3916,19.2686,18.9335,18.9417,14.141,	
13.5279,18.3936,19.0872,19.4787,19.3739,19.441,19.5779,19.7035,18.5528,18.1041,18.2979,19.4075,19.9639,20.078,20.2,20.2538,20.3582,20.4249,20.5041,18.5936,18.1041,18.2306,	20,20.006,20.1998,20.2878,20.4138,20.5874,20.7064,20.6868,19.9633,17.7664,13.9343,17.8222,19.2631,19.6233,19.6268,19.3023,19.1922,19.3968,19.2769,18.9437,18.9148,13.9343,	
13.0615,18.2137,19.0421,19.3594,19.2554,19.4109,19.5441,19.587,18.5745,17.9366,18.0197,19.4075,19.9556,20.0625,20.2179,20.2771,20.3801,20.4535,20.5549,18.5745,18.0345,18.1287,	20,20.012,20.2217,20.3215,20.4491,20.6378,20.7594,20.7018,19.8685,17.499,13.7134,17.3811,19.2267,19.529,19.5357,19.2138,19.1201,19.4042,19.2023,18.9621,18.8009,13.7134,	
12.5481,17.9992,18.8178,19.3303,19.2404,19.3879,19.4965,19.5779,18.4576,17.9163,17.9231,19.4075,19.9377,20.0652,20.2221,20.2901,20.4015,20.4854,20.5848,18.6353,17.9183,18.0153,	20,20.0241,20.2327,20.3441,20.4732,20.6883,20.8056,20.7087,19.7458,17.222,13.5014,17.2942,19.2253,19.4293,19.5436,19.217,19.0641,19.4051,18.947,18.8871,18.5994,13.5016,	
12.1154,17.8051,18.707,19.294,19.2225,19.3573,19.4802,19.5523,18.4449,17.8487,17.8678,19.4075,19.9073,20.0712,20.2298,20.3023,20.4308,20.5299,20.6282,18.5838,17.8422,17.9615,	20,20.0362,20.2495,20.3783,20.5219,20.7387,20.8541,20.7071,19.6191,16.9688,13.3457,17.2077,19.2236,19.4313,19.5552,19.1403,18.9807,19.4151,18.9756,18.6193,18.4892,13.3358,	
11.6977,17.5179,18.659,19.2657,19.102,19.323,19.3792,19.5339,18.4463,17.6386,17.7994,19.4075,19.873,20.0699,20.2456,20.3196,20.4544,20.5639,20.6765,18.7771,17.6386,17.7292,	20,20.0544,20.2666,20.413,20.5707,20.789,20.8997,20.6996,19.5081,16.7288,13.0364,16.9509,19.2046,19.4291,19.5663,19.1582,18.8977,19.2283,18.8932,18.6374,18.3609,13.0364,	
11.2379,17.1976,18.5982,19.2374,19.0781,19.3075,19.3352,19.5127,18.627,17.4501,17.655,19.4075,19.8361,20.0675,20.266,20.3366,20.4629,20.5864,20.7173,18.6197,17.5478,17.6548,	20,20.0665,20.2896,20.4419,20.6072,20.8279,20.9423,20.6858,19.3701,16.4837,12.7901,16.8661,19.1059,19.3402,19.5687,19.1694,18.91,19.0693,18.9006,18.3849,18.3445,12.7908,	
10.9049,17.0283,18.4857,19.1235,19.033,19.28,19.3249,19.483,18.7137,17.348,17.5487,19.4075,19.7822,20.0823,20.282,20.3486,20.4731,20.5981,20.7415,18.6365,17.5446,17.5487,	20,20.0787,20.3127,20.4653,20.6378,20.8613,20.9747,20.6642,19.2348,16.2703,12.689,16.6979,19.0926,19.3487,19.5664,19.0833,18.9208,19.0025,18.8362,18.3162,18.2384,12.689,	
10.2683,16.663,18.3863,18.9758,19.0093,19.2468,19.3136,19.45,18.6262,17.2972,17.4226,19.3104,19.7288,20.0743,20.3013,20.3748,20.5176,20.657,20.7855,18.6608,17.4018,17.4332,	20,20.1036,20.3588,20.5182,20.7056,20.9439,21.0259,20.6145,19.0035,15.9333,12.3684,16.5313,19.088,19.362,19.5649,18.9248,18.8672,18.9162,18.8659,18.0807,18.1205,12.3685,	
10.0645,16.4553,18.3405,18.9534,19.0091,19.2457,19.2073,19.4279,18.6023,17.3719,17.3056,19.3104,19.7288,20.0658,20.2919,20.3886,20.524,20.667,20.8006,18.5942,17.3826,17.2257,	20,20.1036,20.3588,20.536,20.7241,20.9601,21.0347,20.6018,18.9405,15.8157,12.2245,16.3664,19.062,19.3606,19.4808,18.934,18.7744,18.9159,18.8746,18.0002,17.9965,12.2306,	
9.91428,16.2894,18.2805,18.842,18.9787,19.2145,19.1973,19.3273,18.5212,17.0872,17.1442,19.2139,19.7317,20.0604,20.2996,20.3837,20.5412,20.6841,20.8038,18.6776,17.2096,17.1688,	20,20.1099,20.3706,20.5479,20.7427,20.9815,21.0458,20.5849,18.8858,15.6831,11.9401,16.0415,19.0116,19.3608,19.3816,18.9511,18.6932,18.9136,18.8836,18.0089,17.9416,11.9364,	
9.66889,16.0485,18.2234,18.8187,18.9581,19.1991,19.1866,19.3046,18.5364,17.1659,16.958,19.1178,19.7342,20.0546,20.2999,20.3974,20.5472,20.7012,20.8141,18.7386,17.121,17.0481,	20,20.1162,20.3824,20.5659,20.7613,21.0027,21.0564,20.567,18.8193,15.5861,11.8156,15.9613,19.0022,19.3625,19.2917,18.8639,18.616,18.91,18.7988,18.0255,17.8416,11.7645,	
9.38243,15.873,18.0666,18.7861,18.9357,19.194,19.0694,19.2684,18.5421,16.9869,16.9357,19.0222,19.6985,20.0453,20.3037,20.4213,20.581,20.7277,20.8378,18.7208,17.0984,16.9589,	20,20.1288,20.4004,20.6079,20.8108,21.0445,21.0782,20.5239,18.6946,15.3871,11.5494,15.8021,18.8878,19.3639,19.3175,18.88,18.6197,18.8235,18.7247,18.0429,17.7221,11.5419,	
9.01363,15.5839,17.8915,18.7137,18.8988,19.1518,19.0396,19.2416,18.4299,17.103,16.7948,19.0222,19.6581,20.0115,20.3017,20.4533,20.6012,20.7667,20.8644,18.5124,17.103,16.9069,	20,20.1353,20.4246,20.6384,20.8664,21.1107,21.1057,20.4348,18.3991,14.974,11.3945,15.7231,18.7851,19.2774,19.2291,18.9292,18.6755,18.7357,18.7688,17.9123,17.5942,11.3946,	
8.83471,15.3818,17.806,18.6619,18.7708,19.1102,18.8831,19.2345,18.3672,16.993,16.7189,18.8325,19.6613,20.0179,20.2771,20.4614,20.6274,20.7707,20.9128,18.3559,17.1573,16.8153,	20,20.1482,20.4368,20.6629,20.8976,21.155,21.1227,20.3569,18.167,14.6536,11.1804,15.411,18.7358,19.2673,19.2435,18.9406,18.7267,18.6774,18.7844,17.8452,17.5049,11.1867,	
8.57296,15.1309,17.7173,18.6157,18.749,18.9998,18.8437,19.2308,18.2708,17.1167,16.6825,18.7383,19.6621,19.9989,20.2635,20.4771,20.6563,20.7817,20.9424,18.2712,17.0975,16.5877,	20,20.1546,20.4492,20.6939,20.9415,21.1885,21.131,20.295,18.0028,14.4634,10.9578,15.2573,18.7094,19.1742,19.1691,18.9663,18.6383,18.6902,18.706,17.7703,17.4826,10.9952,	
8.31896,14.9557,17.5297,18.4861,18.7367,18.9723,18.8098,19.1316,18.1869,17.1179,16.3946,18.7383,19.616,19.9826,20.2689,20.4882,20.6724,20.8025,20.9576,18.2683,17.1179,16.5253,	20,20.1546,20.4617,20.7251,20.9726,21.2165,21.1365,20.2287,17.8625,14.2983,10.8141,15.0295,18.5645,19.1841,19.0032,18.9675,18.6527,18.7142,18.6283,17.6879,17.3688,10.8141,	
8.11306,14.7404,17.4328,18.4194,18.7065,18.9479,18.789,19.103,18.1854,17.0106,16.3223,18.6446,19.5694,19.9918,20.2616,20.4727,20.6996,20.8458,20.9906,18.1114,17.1715,16.3367,	20,20.1546,20.4743,20.744,21.0099,21.2527,21.1392,20.1511,17.6699,14.0962,10.6154,14.8796,18.5289,19.0954,19.0124,18.9977,18.683,18.7252,18.6446,17.6102,17.1886,10.6226,	
7.83332,14.4816,17.3028,18.3576,18.6277,18.88,18.6745,19.0818,18.1271,16.8797,16.2364,18.5514,19.5206,19.9873,20.2761,20.4617,20.6826,20.8656,21.0339,18.1264,16.851,16.2586,	20,20.1679,20.4997,20.7694,21.0474,21.296,21.1364,20.0292,17.4205,13.7432,10.3865,14.8052,18.3433,19.1031,18.9183,19.018,18.5539,18.748,18.4898,17.5556,17.0452,10.3907,	
7.79416,14.3936,17.2504,18.2083,18.5963,18.8514,18.6774,19.0778,18.1014,16.7838,16.0747,18.5514,19.4949,19.9763,20.2737,20.4555,20.6836,20.8938,21.063,18.1109,16.7838,16.1634,	20,20.1679,20.5125,20.7887,21.0786,21.3209,21.1318,19.972,17.3134,13.6227,10.2335,14.5842,18.2894,19.1094,18.8355,19.0373,18.5745,18.759,18.4911,17.5548,17.0139,10.2335,	
7.63944,14.2537,17.0761,18.1299,18.4684,18.7926,18.5721,18.9416,18.2047,16.6865,15.9967,18.4586,19.418,19.9583,20.2839,20.4739,20.6041,20.8843,21.0601,18.2037,16.6526,16.1264,	20,20.1948,20.5382,20.8275,21.1341,21.3565,21.1186,19.8336,17.0017,13.2853,10.0771,14.1522,18.212,19.0884,18.8602,19.0664,18.5792,18.6099,18.5227,17.5772,17.026,10.0783,	
7.52542,14.1544,16.9375,18.0766,18.3677,18.6423,18.5543,18.781,18.1182,16.6759,15.9316,18.3663,19.4182,19.9459,20.269,20.48,20.6064,20.8865,21.0332,18.3947,16.6735,16.0554,	20,20.2015,20.5447,20.8471,21.1585,21.3825,21.1037,19.6141,16.7841,13.0378,10.075,13.9409,18.1602,19.0838,18.7865,19.0741,18.5341,18.5292,18.5613,17.6053,17.0112,10.0796,	
7.22962,13.8472,16.8647,18.0019,18.315,18.6248,18.5446,18.6871,18.1344,16.5668,15.9104,18.2745,19.3127,19.9419,20.2779,20.4642,20.6348,20.9324,21.0884,18.3481,16.5706,15.8682,	20,20.2152,20.5839,20.8931,21.2252,21.4236,21.0692,19.4926,16.5918,12.8444,9.76768,13.8019,18.0485,19.0128,18.8029,19.0178,18.5561,18.5421,18.4683,17.5231,16.9165,9.76902,	
7.01542,13.7007,16.6927,17.9586,18.2044,18.5485,18.5454,18.6725,18.369,16.5634,15.7487,18.0922,19.2299,19.9192,20.2889,20.4966,20.627,20.9622,21.1305,18.3691,16.6152,15.8523,	20,20.2357,20.6168,20.9462,21.2728,21.4545,21.0291,19.3577,16.4009,12.6859,9.70096,13.6642,17.9477,18.9219,18.8361,19.0137,18.4968,18.5795,18.4747,17.456,16.8267,9.70096,	
6.84178,13.5534,16.6021,17.8858,18.1513,18.4816,18.5349,18.6461,18.1311,16.6778,15.8232,18.0017,19.2292,19.9045,20.2836,20.4966,20.6233,20.9104,21.1547,18.2416,16.6778,15.8661,	20,20.2426,20.6301,20.9661,21.2964,21.4711,20.9858,19.2168,16.1585,12.4793,9.6568,13.6642,17.9591,18.9304,18.7532,19.0243,18.3486,18.5585,18.4858,17.464,16.707,9.6568,	
6.67244,13.3558,16.3965,17.8168,18.1196,18.3342,18.52,18.6175,18.0717,16.6593,15.8636,18.0017,19.2292,19.8714,20.2654,20.3867,20.6202,20.9111,21.1772,18.3228,16.6686,15.854,	20,20.2496,20.6435,20.9928,21.3257,21.4926,20.9324,18.9962,15.9588,12.3119,9.60779,13.5279,17.9276,18.9389,18.7763,19.0343,18.3198,18.4206,18.4869,17.4739,16.4903,9.73897,	
6.37812,13.1294,16.2455,17.7221,17.991,18.2763,18.4835,18.6051,18.1602,16.5033,15.6495,18.0017,19.1698,19.8041,20.2826,20.3905,20.6054,20.8819,21.1923,18.4988,16.7364,15.7491,	20,20.2496,20.6775,21.0395,21.372,21.5143,20.8687,18.7981,15.6716,12.1157,9.64425,13.4603,17.9056,18.9764,18.7099,18.9447,18.3854,18.4544,18.3223,17.326,16.253,9.72717,	
6.28292,13.0028,16.1631,17.6682,17.964,18.2532,18.4656,18.5883,18.3571,16.4953,15.5943,17.9117,19.138,19.7901,20.2646,20.4124,20.6133,20.8915,21.1873,18.3628,16.5923,15.6405,	20,20.2639,20.6912,21.0595,21.3891,21.521,20.8305,18.7125,15.5571,12.0291,9.60593,13.393,17.8186,18.9591,18.7241,18.9435,18.4038,18.478,18.2353,17.1514,16.2098,9.59327,	
6.12741,12.8736,15.9878,17.4977,17.8026,18.1887,18.4454,18.587,18.2587,16.4903,15.5502,17.9117,19.0762,19.7934,20.2441,20.429,20.5702,20.8987,21.2,18.2585,16.4509,15.6748,	20,20.271,20.7049,21.0795,21.4117,21.5294,20.7669,18.5695,15.3323,11.8754,9.45841,13.1271,17.7411,18.9562,18.7369,18.7655,18.4403,18.4448,18.2447,17.1423,16.1089,9.4578,	
6.00578,12.7709,15.9232,17.4977,17.8026,18.1409,18.4142,18.5601,18.1266,16.4944,15.5961,17.8222,19.0754,19.7373,20.2547,20.4453,20.486,20.9018,21.2078,18.0776,16.5103,15.5518,	20,20.2782,20.7256,21.1127,21.4394,21.5348,20.7294,18.4212,15.2105,11.7931,9.2523,13.1271,17.7538,18.9738,18.7614,18.7654,18.4403,18.4564,18.1535,17.0174,16.0275,9.26341,	
5.7987,12.5616,15.8694,17.3559,17.6629,18.0112,18.3705,18.5583,18.0369,16.3797,15.5294,17.6444,19.04,19.7044,20.2391,20.4589,20.5127,20.8797,21.2373,18.2685,16.3392,15.4713,	20,20.2928,20.7606,21.1591,21.4826,21.5416,20.6486,18.2653,15.0185,11.6355,9.02561,12.9312,17.7095,18.9877,18.692,18.7789,18.4574,18.3973,18.0679,17.0209,15.7278,9.07444,	
5.76971,12.5278,15.849,17.2491,17.6614,17.8857,18.3345,18.5102,18.1659,16.2879,15.4169,17.6444,19.04,19.7044,20.2391,20.4589,20.5002,20.8578,21.2067,18.166,16.2223,15.5132,	20,20.2928,20.7606,21.1591,21.4826,21.5416,20.6277,18.1978,14.9234,11.5565,8.94219,12.8022,17.6615,18.9812,18.6,18.7785,18.459,18.4308,18.0719,17.0158,15.6997,8.94219,	
5.6836,12.4549,15.8136,17.1472,17.6568,17.8846,18.3345,18.4177,18.0164,16.1886,15.4496,17.5562,19.0058,19.7076,20.2437,20.4667,20.4968,20.8673,21.2165,17.9263,16.3108,15.4496,	20,20.3001,20.7676,21.1723,21.4932,21.5428,20.6062,18.1634,14.8522,11.4416,8.82057,12.6745,17.6261,18.9745,18.6147,18.7776,18.2901,18.4308,17.9838,16.9944,15.6776,8.82057,	
5.51521,12.1835,15.7238,17.0997,17.624,17.7859,18.3003,18.3866,18.0308,16.1185,15.3282,17.4684,18.97,19.691,20.235,20.4678,20.5076,20.8608,21.2142,18.0308,16.1988,15.4209,	20,20.3075,20.7747,21.1987,21.5191,21.5439,20.5624,18.07,14.7079,11.3132,8.75535,12.4853,17.565,18.947,18.6547,18.7906,18.1986,18.4408,17.8105,16.8809,15.5528,8.75535,	
5.51521,12.1835,15.6435,17.084,17.5867,17.7541,18.2643,18.3391,17.9512,16.0339,15.3218,17.4684,18.97,19.691,20.235,20.4536,20.4987,20.8417,21.1703,18.0091,16.1852,15.3568,	20,20.3075,20.7747,21.1987,21.5243,21.5439,20.5324,17.9989,14.6233,11.203,8.71145,12.3608,17.514,18.9331,18.6562,18.8036,18.2154,18.4619,17.8158,16.8792,15.4263,8.73245,	
5.24557,11.9501,15.3644,16.9612,17.5003,17.7066,18.1085,18.2328,17.9943,15.9723,15.2433,17.3811,18.8654,19.6755,20.1993,20.4404,20.5224,20.8325,21.1302,17.9254,16.0447,15.3027,	20,20.3149,20.8034,21.2451,21.5741,21.5396,20.4134,17.7819,14.323,10.9198,8.68752,12.0548,17.397,18.939,18.5103,18.6578,18.0985,18.3818,17.7521,16.833,15.2639,8.72468,	
5.09016,11.8342,15.2632,16.8961,17.4773,17.6913,18.1024,18.2315,18.0001,15.9839,15.2271,17.2942,18.7941,19.5917,20.1823,20.4592,20.5537,20.8703,21.1545,18.0796,15.9849,15.2019,	20,20.3299,20.8469,21.3045,21.6165,21.5306,20.3223,17.6344,14.18,10.8161,8.65632,12.0548,17.339,18.8831,18.4624,18.6554,18.1434,18.3753,17.7611,16.8468,15.0296,8.65934,	
4.8413,11.5515,15.0556,16.8022,17.4044,17.5299,17.983,18.1807,18.0214,15.8075,15.1215,17.2942,18.6883,19.5493,20.1595,20.4541,20.5795,20.8621,21.1289,17.9779,15.9489,15.0759,	20,20.3451,20.8763,21.3439,21.6522,21.5182,20.2268,17.4485,13.9462,10.6574,8.49295,11.8749,17.2899,18.6003,18.4983,18.6803,18.0977,18.2888,17.6783,16.5639,14.8755,8.59961,	
4.651,11.283,14.9859,16.7757,17.3747,17.5074,17.9305,18.1312,18.0211,15.7594,14.9971,17.2942,18.6512,19.4608,20.1681,20.4568,20.6052,20.8694,21.0966,18.0211,15.8863,15.106,	20,20.3528,20.8984,21.3766,21.6777,21.5089,20.1723,17.3347,13.7878,10.5572,8.51284,11.8155,17.1927,18.5241,18.5277,18.6002,18.1081,18.2851,17.5951,16.4584,14.6359,8.51284,	
4.53588,11.1365,14.8819,16.7408,17.2545,17.4644,17.8961,18.097,18.0181,15.8215,14.8866,17.1216,18.6101,19.3958,20.1595,20.4811,20.6349,20.8513,21.1056,18.0018,15.775,14.8638,	20,20.3606,20.9428,21.4219,21.7062,21.4962,20.0979,17.2067,13.6341,10.4641,8.27618,11.6977,17.1548,18.5696,18.5421,18.5077,17.9343,18.2922,17.5125,16.404,14.5493,8.31909,	
4.4015,11.0034,14.7886,16.6755,17.1999,17.4143,17.8764,18.0798,17.8876,15.7809,14.8495,17.1216,18.5349,19.3752,20.1455,20.4622,20.6287,20.8817,21.1056,17.8938,15.8134,14.8671,	20,20.3686,20.965,21.4475,21.7255,21.4814,20.0214,17.0779,13.4941,10.3599,8.14704,11.6977,17.1708,18.5862,18.4656,18.5239,17.9725,18.2993,17.4259,16.2918,14.4412,8.14469,	
4.31412,10.9137,14.7519,16.5503,17.1635,17.3829,17.8201,17.9745,17.8062,15.6343,14.874,17.036,18.4952,19.3539,20.1315,20.4431,20.6532,20.8443,21.0975,17.9779,15.8506,14.877,	20,20.3846,20.9799,21.473,21.7404,21.4693,19.9323,16.9234,13.3563,10.2511,8.08466,11.6392,17.1755,18.4932,18.4039,18.5235,17.9953,18.2399,17.3576,16.3114,14.3948,8.08614,	
4.08269,10.6329,14.3372,16.3411,17.0334,17.3254,17.7637,17.9081,17.954,15.5909,14.8423,16.9509,18.4164,19.2847,20.1184,20.4168,20.6918,20.8552,21.0643,17.9063,15.7943,14.8569,	20,20.4005,21.0172,21.5109,21.7721,21.4405,19.8198,16.7314,13.1684,10.1062,8.02721,11.4081,17.0104,18.3204,18.1504,18.5636,18.0313,18.2434,17.3603,15.9767,14.2757,8.03244,	
4.04197,10.5675,14.3085,16.2925,17.0116,17.3224,17.7068,17.8799,17.9267,15.6612,14.81,16.8661,18.4141,19.2607,20.1013,20.4103,20.7061,20.8412,21.0398,17.9421,15.7135,14.8067,	20,20.4086,21.0322,21.5297,21.782,21.4278,19.7674,16.654,13.0661,10.039,7.96773,11.4081,17.0274,18.2358,18.168,18.5596,18.0535,18.2491,17.3612,15.8407,14.2669,7.97091,	
4.00165,10.5173,14.2272,16.2596,16.8796,17.2933,17.6611,17.8476,17.9468,15.5976,14.7023,16.7818,18.4114,19.1147,20.0668,20.4404,20.7045,20.8715,21.088,17.8992,15.772,14.7281,	20,20.4086,21.0697,21.5794,21.8098,21.393,19.6506,16.4989,12.9157,9.94373,7.83813,11.2943,16.971,18.2994,18.1284,18.5659,18.0753,18.2544,17.3658,15.8061,14.1857,7.85743,	
3.9026,10.3973,14.1643,16.1388,16.8355,17.1698,17.6375,17.8282,18.0175,15.6024,14.5063,16.7818,18.3712,19.1162,20.0098,20.4168,20.6394,20.8992,21.0877,17.9571,15.7775,14.6435,	20,20.4086,21.0772,21.5979,21.8238,21.3543,19.5414,16.3313,12.7498,9.82762,7.79368,11.1258,16.8855,18.2091,18.1643,18.5048,18.0718,18.2489,17.3738,15.7855,14.1744,7.85591,	
3.80601,10.1848,14.0896,16.0731,16.7716,17.1223,17.5448,17.8267,17.9552,15.6133,14.4863,16.7818,18.2905,19.0938,19.9731,20.3771,20.636,20.9349,21.1118,17.8866,15.6525,14.5823,	20,20.417,21.0926,21.6223,21.8413,21.3121,19.4305,16.2029,12.6351,9.74094,7.73091,10.9597,16.8165,18.1204,18.1979,18.5529,18.1247,18.2476,17.2918,15.7619,13.9451,7.74261,	
3.76804,10.2126,14.0565,16.053,16.7601,17.0098,17.5301,17.8073,17.9204,15.6369,14.4455,16.7818,18.2095,19.0704,19.936,20.3916,20.6545,20.9357,21.1036,17.9082,15.6232,14.4296,	20,20.4255,21.1155,21.6466,21.8505,21.2895,19.3632,16.1006,12.5503,9.67759,7.6511,10.9049,16.8053,18.0593,18.1246,18.5489,18.1406,18.2534,17.2852,15.7536,13.9003,7.67215,	
3.7118,10.1837,14.0064,15.9076,16.7151,16.9449,17.5033,17.752,17.8253,15.5857,14.3157,16.7818,18.2095,19.0201,19.8979,20.3664,20.6041,20.9695,21.0803,18.1974,15.5861,14.4506,	20,20.4255,21.1232,21.6706,21.8608,21.2417,19.2492,15.9362,12.4292,9.58082,7.62717,10.8504,16.7758,18.0683,18.1773,18.5613,18.1288,18.2521,17.2756,15.7914,13.7526,7.62726,	
3.60183,10.133,13.7775,15.6998,16.5247,16.8633,17.442,17.709,17.8394,15.5379,14.2845,16.6979,18.0477,18.948,19.9014,20.3683,20.5293,20.9958,21.0555,18.0905,15.6739,14.3905,	20,20.451,21.162,21.7177,21.8762,21.169,19.0609,15.6716,12.1205,9.39112,7.53198,10.635,16.628,17.9722,18.2262,18.4823,18.2098,18.1706,17.2667,15.6723,13.796,7.55497,	
3.47764,9.98669,13.6704,15.6368,16.4727,16.7876,17.427,17.6968,17.969,15.5869,14.2688,16.6144,17.9667,18.9235,19.8812,20.3617,20.4818,20.9857,21.1106,18.0247,15.593,14.2689,	20,20.4681,21.1854,21.7407,21.8828,21.1175,18.9289,15.5193,12.001,9.31772,7.49787,10.635,16.6662,17.9815,17.9702,18.4931,18.1825,18.0911,17.2796,15.59,13.7166,7.49793,	
3.35774,9.66378,13.575,15.5113,16.4238,16.6569,17.3569,17.5433,17.9464,15.6157,14.05,16.5313,17.8756,18.8444,19.8181,20.362,20.4839,20.9775,21.0829,18.1362,15.6099,14.1424,	20,20.4767,21.2166,21.7746,21.8888,21.0561,18.7946,15.3194,11.8442,9.22269,7.34365,10.4239,16.3991,18.0156,17.9184,18.3986,18.2426,18.007,17.2459,15.5685,13.5695,7.34243,	
3.30762,9.6517,13.4174,15.429,16.3724,16.5625,17.3115,17.5232,17.9495,15.5153,13.9753,16.5313,17.8345,18.8181,19.7749,20.3513,20.4292,20.9455,21.0816,18.3357,15.5153,14.1175,	20,20.4854,21.2321,21.7968,21.8923,21.0041,18.6581,15.1476,11.7156,9.12133,7.29829,10.3199,16.3594,17.8363,17.9573,18.4114,18.2856,18.0216,17.2269,15.5034,13.5188,7.29829,	
3.17761,9.45087,13.2242,15.3148,16.3102,16.5158,17.2364,17.4656,18.2237,15.4115,14.0523,16.5313,17.7121,18.7904,19.6677,20.3489,20.397,20.8603,21.075,18.2558,15.549,14.0463,	20,20.5116,21.2556,21.8452,21.8956,20.9142,18.4819,14.942,11.5487,8.97728,7.31551,10.2683,16.3906,17.8147,18.0694,18.4016,18.1614,17.9442,17.2187,15.4034,13.2925,7.33575,	
3.08347,9.3892,13.1068,15.2768,16.1707,16.5112,17.2292,17.4475,18.1564,15.4584,14.0011,16.5313,17.6706,18.6786,19.6267,20.3594,20.4106,20.8818,21.0704,18.332,15.4583,14.0783,	20,20.5203,21.2874,21.866,21.8954,20.8562,18.3802,14.8232,11.471,8.93259,7.34147,10.1659,16.3497,17.8588,18.066,18.4501,18.1778,17.8555,17.1989,15.4304,12.9831,7.34145,	
3.03744,9.33859,13.0945,15.1927,16.1103,16.4394,17.1305,17.3969,18.1693,15.4142,13.7517,16.5313,17.6294,18.6785,19.5833,20.3631,20.3473,20.8269,21.0066,18.2727,15.543,13.9132,	20,20.5291,21.2953,21.8763,21.895,20.8256,18.264,14.6473,11.3207,8.85825,7.24091,9.9641,16.2458,17.8287,18.0838,18.3559,18.2056,17.7813,17.1429,15.3919,13.0106,7.2093,	
2.97715,9.25777,13.0355,15.1522,16.0436,16.4015,17.0837,17.3585,18.2104,15.4057,13.8609,16.5313,17.5876,18.5949,19.5628,20.3476,20.3182,20.8129,20.9988,18.214,15.401,13.8191,	20,20.538,21.3269,21.9015,21.8922,20.7623,18.1329,14.5087,11.2126,8.78782,7.15459,9.9641,16.2672,17.8806,18.0992,18.3722,18.2327,17.7009,17.1304,15.2898,12.8593,7.17573,	
2.80335,8.95663,12.801,15.0102,15.9801,16.3673,17.0455,17.3412,18.1068,15.418,13.8627,16.4486,17.5873,18.566,19.5631,20.3066,20.2799,20.8299,20.9562,18.0731,15.4168,13.9756,	20,20.547,21.3426,21.9113,21.8901,20.7131,18.0405,14.3941,11.1192,8.69397,7.11567,9.91428,16.257,17.8005,18.0971,18.3884,18.1815,17.6248,16.6829,15.2265,12.8599,7.11671,	
2.70669,8.84301,12.6723,14.9111,15.9396,16.1794,16.9835,17.2345,18.1294,15.4266,13.9644,16.4486,17.4574,18.5083,19.5401,20.2701,20.2804,20.7236,20.9893,18.0585,15.5396,13.9644,	20,20.556,21.3584,21.9403,21.8816,20.6262,17.8298,14.2024,10.973,8.62287,7.15612,9.81539,16.215,17.8182,18.1713,18.3306,18.2089,17.5552,16.5333,15.0598,12.9224,7.15613,	
2.61337,8.67564,12.5345,14.8511,15.8138,16.0596,16.9291,17.2316,18.0277,15.5028,13.8539,16.4486,17.3708,18.4194,19.5383,20.1917,20.3024,20.7148,21.0128,18.1408,15.6162,13.8541,	20,20.5741,21.3822,21.9589,21.8743,20.5529,17.6851,14.059,10.8738,8.5814,7.05915,9.71748,16.0353,17.8026,18.1847,18.3452,18.2457,17.4772,16.4378,14.9736,12.8768,7.05917,	
2.53594,8.59336,12.4099,14.7588,15.7382,16.0382,16.7744,17.1122,18.0363,15.4405,13.8021,16.2846,17.2418,18.4171,19.4888,20.1592,20.2782,20.7299,20.9642,18.2083,15.4447,13.8919,	20,20.6192,21.4214,21.9815,21.8637,20.458,17.5142,13.8858,10.7373,8.46864,6.89235,9.57244,16.0528,17.7765,18.0919,18.3612,18.2912,17.4907,16.4065,14.8257,12.7257,6.89083,	
2.4856,8.50827,12.3129,14.6953,15.618,16.0044,16.7268,17.0888,18.0837,15.2061,13.8197,16.2846,17.1981,18.3862,19.4641,20.1641,20.1065,20.7113,20.9638,18.2943,15.2067,13.9465,	20,20.6192,21.4292,21.9946,21.8551,20.3893,17.4081,13.7581,10.6083,8.41016,6.84604,9.47696,15.9879,17.6977,18.1308,18.3759,18.2321,17.5069,16.2109,14.8495,12.6104,6.84582,	
2.4485,8.48906,12.2863,14.635,15.4904,15.9761,16.555,17.0045,18.0996,15.1208,13.7931,16.2846,17.0679,18.3225,19.4377,20.0818,20.1364,20.6566,20.9575,18.4286,15.1922,13.7424,	20,20.6283,21.4527,22.0115,21.8352,20.2881,17.2231,13.5882,10.496,8.33727,6.81649,9.38243,15.9456,17.7182,18.0544,18.4423,18.2547,17.3355,16.2149,14.6818,12.5626,6.83512,	
2.35226,8.27649,12.1315,14.5441,15.4475,15.9256,16.5489,16.9862,18.0522,15.1523,13.7519,16.2031,17.0258,18.2899,19.4113,20.0204,20.1077,20.6785,20.9922,18.3843,15.1675,13.7519,	20,20.6375,21.4683,22.0237,21.8178,20.1942,17.092,13.4842,10.4267,8.25589,6.74619,9.28884,15.9034,17.6317,17.8904,18.4865,18.2873,17.273,16.1498,14.5821,12.5418,6.74619,	
2.29404,8.21555,12.098,14.4609,15.3104,15.863,16.4541,16.9533,18.1852,15.0927,13.7224,16.2031,16.9387,18.1957,19.4072,19.9162,20.1093,20.6838,20.9959,18.3342,15.2882,13.7302,	20,20.6466,21.507,22.043,21.7879,20.0672,16.9354,13.332,10.3286,8.19965,6.69746,9.19618,15.8606,17.7082,17.8881,18.5493,18.3168,17.1227,16.1362,14.5058,12.5295,6.68291,	
2.28257,8.25499,12.0789,14.4568,15.2969,15.7907,16.419,16.9346,18.1547,15.179,13.7312,16.2031,16.8518,18.1929,19.405,19.9211,20.096,20.6271,20.9566,18.4347,15.179,13.7011,	20,20.6559,21.5223,22.0504,21.7806,20.0352,16.8826,13.2523,10.2728,8.16767,6.7068,9.19618,15.8845,17.718,17.8863,18.5427,18.3267,17.1334,16.0906,14.4957,12.4505,6.7068,	
2.21494,8.15744,11.981,14.4137,15.2756,15.7525,16.3434,16.918,18.1609,15.1966,13.7537,16.2031,16.8088,18.13,19.3522,19.9096,20.0995,20.5597,20.9522,18.2149,15.278,13.6703,	20,20.6653,21.5452,22.0648,21.7615,19.9697,16.7638,13.1243,10.1806,8.11672,6.61271,9.19618,15.9084,17.7468,17.9055,18.5523,18.3372,16.959,15.9651,14.2361,12.4426,6.78154,	
2.18188,8.15225,11.8953,14.393,15.2625,15.6622,16.3405,16.8993,18.0557,15.1618,13.7221,16.1221,16.8108,18.0976,19.3252,19.87,20.0753,20.5782,20.9535,18.2018,15.1468,13.718,	20,20.6653,21.5604,22.0751,21.7454,19.9255,16.6846,13.0469,10.128,8.08969,6.59036,9.1502,15.8748,17.7756,17.9247,18.5586,18.2498,16.8942,15.946,14.2042,12.3775,6.59253,	
2.12788,8.00394,11.8377,14.3148,15.2374,15.6445,16.3233,16.8676,18.095,15.0612,13.6264,15.9613,16.8135,18.0948,19.2496,19.8802,20.0951,20.5488,20.9353,18.24,15.1647,13.6265,	20,20.6748,21.5755,22.0882,21.7246,19.8694,16.6182,12.9613,10.0814,8.02131,6.50116,9.1502,15.8988,17.7946,17.9661,18.5745,18.1585,16.8169,15.8149,14.1577,12.2811,6.50113,	
2.05451,7.83593,11.82,14.1877,15.1748,15.6015,16.2684,16.8369,18.0931,15.1017,13.4725,15.8021,16.5961,18.0512,19.2173,19.827,20.1185,20.5428,20.9407,18.0217,15.514,13.4637,	20,20.7319,21.6281,22.1126,21.6843,19.7328,16.4327,12.8037,9.98196,7.92298,6.40684,9.01363,15.9412,17.7852,17.9838,18.5872,18.0945,16.745,15.7076,14.0891,12.1901,6.4615,	
2.01373,7.77669,11.7377,14.0165,14.8833,15.513,16.237,16.8311,17.8834,15.2319,13.3909,15.8021,16.5961,17.9575,19.1637,19.787,20.0758,20.5287,20.9349,17.9641,15.2896,13.5113,	20,20.7319,21.6504,22.1265,21.6503,19.6516,16.3141,12.6942,9.87533,7.82316,6.35408,8.83471,15.8023,17.7359,18.023,18.6149,18.0094,16.748,15.6745,13.816,12.1621,6.35241,	
1.97376,7.62378,11.6948,13.9765,14.8691,15.493,16.1206,16.8189,17.86,15.1928,13.3065,15.8021,16.5961,17.9575,19.1123,19.7906,20.06,20.5154,20.8861,17.86,15.3432,13.3859,	20,20.7319,21.6504,22.1265,21.6402,19.6166,16.2748,12.6579,9.84383,7.80157,6.28422,8.74658,15.6541,17.726,18.0216,18.6421,18.0206,16.6773,15.5921,13.7451,12.1309,6.28422,	
1.95407,7.55796,11.6711,13.9391,14.8421,15.4789,16.0913,16.7872,17.886,15.252,13.399,15.8021,16.5512,17.9557,19.1116,19.7433,20.0706,20.5236,20.7948,17.8167,15.1973,13.399,	20,20.7319,21.6578,22.129,21.6299,19.5814,16.2355,12.5948,9.80239,7.77576,6.26314,8.70285,15.6196,17.6569,18.0187,18.6539,18.0317,16.6907,15.5442,13.7706,12.1202,6.26314,	
1.91528,7.47591,11.6645,13.9112,14.8187,15.4725,16.0882,16.7501,17.7578,15.1654,13.4067,15.7231,16.5524,17.891,19.0835,19.7256,20.0648,20.5395,20.7767,17.8362,15.1648,13.3549,	20,20.7415,21.6725,22.1364,21.6031,19.5109,16.1564,12.5235,9.74629,7.73546,6.16099,8.70285,15.5669,17.5794,18.0347,18.677,18.0425,16.7041,15.4427,13.7367,12.0212,6.17088,	
1.88669,7.48936,11.5611,13.8722,14.7964,15.4278,16.0725,16.7182,17.7208,15.0956,13.3901,15.6445,16.508,17.8876,19.0816,19.5818,20.058,20.5111,20.766,17.7191,15.3913,13.3387,	20,20.7608,21.6871,22.141,21.5864,19.4515,16.0645,12.4525,9.68627,7.69081,6.11575,8.65933,15.584,17.5497,18.03,18.6884,18.0631,16.6358,15.3814,13.7006,12.0141,6.11735,	
1.83999,7.40825,11.4041,13.7737,14.7049,15.4099,16.0554,16.6813,17.6468,15.2041,13.3413,15.5663,16.3735,17.8481,19.0761,19.5941,20.0017,20.5326,20.7357,17.8372,15.3241,13.3413,	20,20.7705,21.7161,22.1518,21.5577,19.3798,15.9602,12.3649,9.62524,7.61667,6.12806,8.53009,15.5061,17.592,18.0505,18.5917,17.8931,16.4938,15.3811,13.7097,12.0309,6.12806,	
1.83079,7.4096,11.3362,13.7406,14.5883,15.3032,16.007,16.5348,17.638,15.154,13.3535,15.5663,16.3735,17.7836,19.0737,19.5498,19.9904,20.4992,20.6412,17.7465,15.3326,13.3535,	20,20.7705,21.7304,22.1558,21.5459,19.3554,15.8693,12.2611,9.55048,7.56557,6.13741,8.36077,15.3664,17.6121,18.0438,18.5863,17.811,16.4997,15.3328,13.6991,11.9566,6.13741,	
1.80347,7.45211,11.2583,13.7141,14.563,15.2857,15.963,16.502,17.646,15.2659,13.2255,15.5663,16.2837,17.715,19.0407,19.5145,19.9852,20.4747,20.6614,17.6951,15.3592,13.2251,	20,20.7803,21.7517,22.165,21.5092,19.2552,15.7399,12.1763,9.49684,7.53063,6.04302,8.36077,15.3934,17.6533,18.0849,18.5984,17.7412,16.5122,15.3445,13.6262,11.8955,6.04302,	
1.77655,7.53703,11.1829,13.6586,14.5189,15.1587,15.9172,16.4769,17.7061,15.3262,13.1399,15.5663,16.2397,17.6808,19.0373,19.4705,19.831,20.4544,20.6514,17.6786,15.3022,13.2406,	20,20.7901,21.7588,22.1684,21.4895,19.1288,15.5869,12.0602,9.4114,7.47756,5.99795,8.36077,15.4203,17.6533,18.1053,18.5198,17.7081,16.5464,15.2788,13.6,11.9023,6.02085,	
1.68125,7.28266,10.9112,13.505,14.4594,15.0352,15.8443,16.432,17.7314,15.2903,13.1012,15.5663,16.1082,17.6076,18.9751,19.3667,19.8202,20.3913,20.6367,17.7316,15.5427,13.4809,	20,20.8099,21.7798,22.1754,21.412,18.95,15.3863,11.8901,9.29327,7.41519,6.07544,8.1948,15.3324,17.5542,18.048,18.5054,17.7396,16.5707,15.0848,13.5094,11.8416,6.07548,	
1.66448,7.36316,10.8567,13.4654,14.4112,15.0133,15.8066,16.4038,17.6893,15.3777,13.3752,15.5663,16.0645,17.6051,18.9733,19.248,19.8112,20.339,20.5706,17.795,15.3823,13.3242,	20,20.8197,21.7868,22.1766,21.3971,18.8855,15.2983,11.7874,9.2245,7.38439,6.12212,8.1948,15.3598,17.5542,17.9578,18.5177,17.7648,16.5764,15.0119,13.44,11.834,6.13204,	
1.66448,7.49115,10.8224,13.408,14.3624,14.9726,15.6711,16.3534,17.8504,15.1637,13.3327,15.5663,16.0645,17.6051,18.9181,19.2308,19.7468,20.3517,20.4711,17.8504,15.2959,13.3343,	20,20.8197,21.7868,22.1777,21.3738,18.8079,15.2229,11.7098,9.17063,7.35767,6.10176,8.15383,15.324,17.5542,17.9789,18.5435,17.7887,16.5943,14.9631,13.4232,11.7594,6.10176,	
1.65616,7.49108,10.847,13.3929,14.3322,14.9337,15.6451,16.3197,17.8077,15.151,13.4072,15.5663,16.0218,17.6024,18.9165,19.2342,19.6546,20.2907,20.4653,17.7186,15.2409,13.411,	20,20.8295,21.7938,22.1787,21.3658,18.7431,15.1348,11.6335,9.11857,7.33401,6.04932,8.15383,15.3515,17.5542,17.9789,18.5435,17.8084,16.5978,14.9393,13.3892,11.7363,6.04981,	
1.5831,7.35892,10.7736,13.2916,14.1384,14.8714,15.6124,16.2916,17.8789,15.096,13.4565,15.3339,15.9026,17.5148,18.8757,19.2148,19.6385,20.2244,20.4505,17.9381,15.0604,13.449,	20,20.8854,21.7364,22.1849,21.2828,18.585,14.9365,11.4921,9.03191,7.2571,6.00593,8.11306,15.4796,17.5524,17.906,18.5653,17.8244,16.5859,14.7857,13.3746,11.5348,6.02828,	
1.57519,7.45933,10.7408,13.2647,14.0378,14.817,15.5756,16.2605,17.8541,15.0493,13.4124,15.3339,15.9026,17.4471,18.8719,19.1712,19.6019,20.1904,20.3981,17.9113,15.0493,13.4504,	20,20.8854,21.7509,22.1857,21.2572,18.5187,14.8632,11.4125,8.98237,7.23535,5.99181,8.07249,15.4427,17.5836,17.9027,18.5722,17.7512,16.5895,14.7298,13.3727,11.523,5.99181,	
1.48615,7.17732,10.5669,13.1442,13.9911,14.6916,15.5166,16.2231,17.9464,15.0622,13.2714,15.1901,15.8229,17.3721,18.779,19.1987,19.5347,20.1914,20.3727,17.9462,15.0109,13.3036,	20,20.9212,21.7914,22.1873,21.1801,18.3528,14.6999,11.3039,8.91889,7.17698,5.97317,7.80097,15.2244,17.4658,17.7667,18.5658,17.6974,16.535,14.6964,13.2658,11.4716,5.98415,	
1.45289,7.18609,10.5846,12.9843,13.896,14.6766,15.4727,16.2032,17.8927,14.909,13.2867,15.1217,15.7855,17.2761,18.7437,19.1669,19.5367,20.1428,20.361,17.9066,15.0788,13.3701,	20,20.9381,21.8164,22.1865,21.1219,18.2454,14.5616,11.2109,8.82052,7.12581,5.97502,7.69676,15.1757,17.4844,17.8037,18.5704,17.7105,16.4328,14.697,13.1418,11.2967,5.97547,	
1.41596,7.22927,10.4682,12.922,13.8685,14.6334,15.4125,16.1095,17.8055,14.9525,13.3817,15.0575,15.7133,17.1836,18.7311,19.1814,19.4706,20.059,20.3558,17.804,15.3231,13.3817,	20,20.9462,21.8511,22.1843,21.0726,18.1297,14.431,11.1051,8.75713,7.11148,5.9946,7.6639,15.1686,17.5568,17.725,18.5636,17.7263,16.3551,14.5977,13.1123,11.2143,5.99465,	
1.36466,7.08708,10.3874,12.8825,13.7811,14.5941,15.3695,16.0922,17.773,15.0987,13.2816,15.0575,15.5741,17.1471,18.7193,19.171,19.4683,19.9766,20.354,17.9636,15.0849,13.326,	20,20.9697,21.8729,22.1817,21.0243,18.0516,14.3264,11.0286,8.72069,7.09989,5.92306,7.50712,14.9633,17.4732,17.7413,18.56,17.6649,16.3388,14.5832,13.0423,11.1399,5.94531,	
1.35934,7.06479,10.4098,12.877,13.7692,14.5781,15.3477,16.0835,17.8118,15.0597,13.2429,15.0575,15.5741,17.0526,18.6914,19.1349,19.4626,19.9699,20.3374,17.9086,15.1539,13.2458,	20,20.9697,21.8729,22.1797,20.9931,18.0084,14.2627,10.9822,8.69629,7.08965,5.88148,7.50712,14.9633,17.4732,17.7939,18.5664,17.6719,16.3198,14.5049,13.0433,11.1149,5.88052,	
1.31848,7.01553,10.3395,12.8383,13.7571,14.5592,15.2826,16.0486,17.866,15.0998,13.1199,15.0575,15.4768,16.9966,18.6787,19.1453,19.4568,19.9631,20.3059,17.8511,15.0998,13.307,	20,20.977,21.8927,22.1759,20.9551,17.9561,14.2193,10.9384,8.67107,7.07655,5.89031,7.4502,14.9294,17.4947,17.8082,18.4959,17.5416,16.2728,14.4647,13.0324,10.959,5.89031,	
1.31365,7.10637,10.3203,12.8033,13.7375,14.5448,15.2543,15.9831,17.7716,15.0723,13.2284,15.0575,15.4463,16.9947,18.6762,19.1073,19.428,19.9375,20.2912,17.9263,15.1693,13.2284,	20,20.984,21.8974,22.1751,20.9402,17.9155,14.1686,10.9009,8.64921,7.06882,5.88166,7.42248,14.9238,17.4947,17.8082,18.5051,17.5481,16.2715,14.4653,13.0157,10.9683,5.88166,	
1.28566,6.95791,10.3273,12.6995,13.7203,14.4751,15.1842,15.9697,17.809,15.0081,13.1389,14.8977,15.4224,16.9631,18.6433,19.1191,19.425,19.9331,20.2637,17.8324,15.0845,13.3499,	20,21.0045,21.9155,22.1707,20.8968,17.8567,14.1043,10.8566,8.62615,7.00569,5.84022,7.26589,14.7765,17.4731,17.8226,18.5112,17.4887,16.2025,14.4077,12.9743,10.8657,5.82044,	
1.26797,6.85608,10.2899,12.6342,13.704,14.4141,15.1604,15.9615,17.7997,15.0465,13.2336,14.846,15.3947,16.9363,18.5952,19.1093,19.4394,19.9109,20.2375,17.8496,15.0465,13.2438,	20,21.0177,21.9285,22.1667,20.8685,17.8091,14.0501,10.8186,8.60284,6.99604,5.81067,7.19084,14.7418,17.4101,17.835,18.5065,17.4934,16.1878,14.3398,12.9145,10.8747,5.81218,	
1.24662,6.7834,10.2546,12.6112,13.6827,14.4004,15.1578,15.9432,17.8343,14.986,13.2781,14.7451,15.3686,16.8408,18.579,19.0842,19.4423,19.913,20.2336,17.8436,14.9811,13.2781,	20,21.0308,21.9452,22.1624,20.8051,17.7154,13.9671,10.7654,8.57393,6.9593,5.75417,7.19084,14.6847,17.4318,17.8337,18.5435,17.4977,16.1848,14.3221,12.8707,10.8298,5.75417,	
1.23439,6.75007,10.2592,12.6214,13.6536,14.3896,15.1378,15.9265,17.796,14.9699,13.2007,14.7451,15.3686,16.7978,18.5548,19.036,19.4543,19.8925,20.223,17.8761,14.9406,13.2899,	20,21.0308,21.9492,22.16,20.7776,17.6612,13.9165,10.7264,8.55186,6.94706,5.71205,7.19084,14.6847,17.3896,17.8477,18.5559,17.5025,16.1862,14.246,12.8706,10.7392,5.74123,	
1.22651,6.75587,10.2739,12.6248,13.6442,14.372,15.1043,15.9016,17.6654,14.9071,13.2104,14.7451,15.3412,16.7757,18.5311,19.0409,19.4118,19.8577,20.1875,17.8065,14.9873,13.2181,	20,21.0308,21.9531,22.1563,20.7574,17.6261,13.8602,10.6522,8.52136,6.93009,5.67717,7.16796,14.6609,17.404,17.8169,18.4945,17.5063,16.1657,14.2132,12.8194,10.726,5.68439,	
1.19234,6.65141,10.2045,12.5601,13.6188,14.3585,15.0915,15.8823,17.7354,14.9475,13.1822,14.7451,15.2873,16.7526,18.5239,19.0286,19.3724,19.8546,20.1777,17.7866,14.928,13.1822,	20,21.0368,21.9606,22.1524,20.7305,17.5741,13.8118,10.6204,8.50293,6.91969,5.63271,7.14561,14.6116,17.401,17.772,18.4951,17.4647,16.1205,14.203,12.7747,10.6484,5.63271,	
1.1814,6.64658,10.2063,12.5328,13.5991,14.3315,15.0757,15.8726,17.6787,14.9258,13.1375,14.7451,15.2349,16.7296,18.4985,19.0014,19.384,19.8352,20.1681,17.7303,14.9307,13.2749,	20,21.0427,21.9714,22.147,20.6907,17.5232,13.7583,10.5863,8.47986,6.9042,5.59278,7.12381,14.6084,17.3587,17.7829,18.5044,17.4711,16.1104,14.1986,12.7441,10.5898,5.59171,	
1.1814,6.67059,10.1937,12.5159,13.5959,14.3243,15.0712,15.862,17.6359,14.8823,13.2276,14.7451,15.2095,16.7282,18.4431,19.007,19.3913,19.8418,20.176,17.6042,15.0171,13.205,	20,21.0484,21.9749,22.1415,20.6649,17.4904,13.7325,10.5731,8.46785,6.8963,5.55623,7.1024,14.6051,17.3505,17.8204,18.4981,17.4803,16.1185,14.2044,12.7102,10.5915,5.57341,	
1.13412,6.55064,10.0686,12.4063,13.5602,14.2718,15.0518,15.8446,17.5546,14.848,13.3043,14.6165,15.1638,16.6442,18.3716,19.0056,19.3709,19.8529,20.1714,17.6367,14.9416,13.3229,	20,21.0709,22.0017,22.1238,20.5818,17.3701,13.6265,10.5093,8.42469,6.83026,5.53662,6.99906,14.571,17.3798,17.814,18.3345,17.4959,16.0236,14.153,12.6295,10.4224,5.53805,	
1.11799,6.55431,10.0503,12.389,13.5352,14.2482,15.0158,15.7806,17.5644,14.843,13.2724,14.6165,15.1393,16.6239,18.3674,18.9457,19.3236,19.7862,20.1518,17.775,14.9398,13.2763,	20,21.0709,22.0081,22.1207,20.5563,17.3071,13.5365,10.454,8.38937,6.80732,5.5156,6.97902,14.5076,17.3981,17.7596,18.3442,17.499,15.9961,14.1743,12.6017,10.4273,5.52053,	
1.1024,6.53463,10.0015,12.3438,13.5241,14.2367,14.9947,15.7649,17.6592,14.8687,13.2278,14.6165,15.1151,16.5856,18.361,18.9492,19.3288,19.7774,20.1345,17.5902,14.8843,13.2544,	20,21.0764,22.0175,22.1159,20.5373,17.2837,13.5132,10.4391,8.37633,6.79553,5.45986,6.95961,14.4647,17.3997,17.7576,18.3409,17.4521,15.9934,14.0954,12.5795,10.395,5.46262,	
1.07538,6.44326,9.93243,12.3109,13.465,14.2075,14.9589,15.7467,17.5816,14.8205,13.2113,14.5361,15.0467,16.5246,18.3274,18.944,19.2902,19.7333,20.1423,17.7245,14.863,13.3535,	20,21.0978,22.0383,22.1027,20.4749,17.1921,13.4169,10.3811,8.33975,6.75147,5.47852,6.90242,14.4362,17.3974,17.7182,18.3446,17.413,15.9314,14.0521,12.5399,10.3571,5.46353,	
1.06088,6.44867,9.88517,12.2875,13.4575,14.1995,14.9483,15.7378,17.6511,14.8619,13.2393,14.5361,15.0232,16.4697,18.3186,18.9039,19.2886,19.7198,20.1462,17.661,14.8673,13.2817,	20,21.0978,22.0441,22.0958,20.4316,17.1322,13.373,10.353,8.32078,6.73965,5.44466,6.90242,14.3582,17.3596,17.739,18.3583,17.4198,15.9394,14.0424,12.5293,10.3515,5.44437,	
1.03868,6.38877,9.88779,12.2095,13.3953,14.1401,14.9268,15.7294,17.5905,14.8999,13.2408,14.4218,14.96,16.4448,18.2394,18.8724,19.2579,19.6839,20.1669,17.7094,14.9498,13.2749,	20,21.1131,22.0605,22.0812,20.3461,17.0156,13.2624,10.2911,8.28138,6.7148,5.4037,6.84756,14.3522,17.3805,17.7618,18.3901,17.4282,15.8792,14.0258,12.4944,10.2659,5.43302,	
1.02787,6.36891,9.87336,12.1939,13.3829,14.1378,14.9248,15.7294,17.6627,14.8912,13.2587,14.4218,14.9151,16.4422,18.2352,18.86,19.2494,19.6775,20.1737,17.6369,14.8912,13.2159,	20,21.1233,22.0658,22.0773,20.3339,16.9941,13.247,10.2779,8.27254,6.70897,5.38244,6.84756,14.3128,17.3725,17.7144,18.3388,17.4321,15.8832,14.0063,12.4834,10.2624,5.38244,	
1.01481,6.34026,9.85903,12.1507,13.3699,14.132,14.872,15.7208,17.6473,14.8244,13.2572,14.3484,14.8957,16.3881,18.2075,18.8388,19.263,19.6667,20.1873,17.6608,14.9221,13.2572,	20,21.1382,22.0786,22.0636,20.28,16.931,13.1969,10.2498,8.25526,6.67929,5.36427,6.81258,14.327,17.3808,17.6899,18.2975,17.4412,15.8439,14.0064,12.4524,10.2487,5.36427,	
1.00463,6.3215,9.87503,12.1259,13.3183,14.1198,14.8149,15.702,17.6129,14.8627,13.209,14.3123,14.8324,16.3665,18.1518,18.8322,19.2629,19.6578,20.1566,17.6157,14.9393,13.209,	20,21.148,22.086,22.0496,20.2384,16.8691,13.1431,10.2123,8.22509,6.65961,5.31274,6.74427,14.2855,17.3619,17.7327,18.2946,17.4384,15.7948,13.9777,12.4048,10.2434,5.31271,	
0.99966,6.29521,9.87375,12.1092,13.3094,14.1158,14.8093,15.6957,17.6074,14.8579,13.1767,14.3123,14.8324,16.3665,18.1518,18.8322,19.2629,19.6338,20.148,17.6043,14.9071,13.2357,	20,21.148,22.086,22.0496,20.2384,16.8691,13.1383,10.2099,8.2195,6.65352,5.30437,6.74427,14.2855,17.3619,17.7327,18.2494,17.4406,15.7533,13.9865,12.3817,10.2328,5.3053,	
0.994816,6.31955,9.85525,12.082,13.2915,14.1014,14.7946,15.681,17.6068,14.851,13.1603,14.3123,14.8115,16.3651,18.1351,18.8204,19.2546,19.6282,20.1003,17.6476,14.8517,13.2593,	20,21.1527,22.0884,22.0476,20.2269,16.8425,13.1196,10.186,8.20579,6.64176,5.31073,6.74427,14.3023,17.3543,17.6886,18.2516,17.3976,15.7656,13.9404,12.4045,10.2379,5.31679,	
0.985345,6.31781,9.86948,12.0427,13.2893,14.095,14.7876,15.6649,17.5924,14.8397,13.2196,14.3123,14.7711,16.316,18.0968,18.8122,19.2409,19.6313,20.1036,17.718,14.8398,13.201,	20,21.1527,22.0952,22.0337,20.1812,16.784,13.069,10.158,8.18834,6.62971,5.30339,6.72814,14.2842,17.3882,17.7301,18.2549,17.4003,15.7568,13.9113,12.4089,10.1929,5.30515,	
0.97378,6.30393,9.84343,12.0248,13.2803,14.0868,14.779,15.6474,17.6241,14.8801,13.1961,14.3123,14.7511,16.2844,18.0912,18.8012,19.2342,19.6157,20.081,17.6427,14.8803,13.231,	20,21.1573,22.1018,22.0277,20.1586,16.7521,13.0376,10.1375,8.17391,6.6188,5.3068,6.72814,14.2667,17.3957,17.7284,18.2151,17.3619,15.7479,13.9066,12.3705,10.1988,5.30687,	
0.962525,6.25828,9.84988,11.9619,13.2684,14.071,14.7324,15.6132,17.6105,14.8966,13.2133,14.2793,14.7329,16.2819,18.0453,18.8044,19.2171,19.5808,20.0534,17.6929,14.9005,13.2086,	20,21.1618,22.106,22.0176,20.1307,16.7143,12.9938,10.1064,8.15222,6.60519,5.30041,6.71248,14.2322,17.3992,17.7164,18.1683,17.3682,15.6977,13.8692,12.3762,10.2403,5.30516,	
0.949368,6.1735,9.83811,11.9274,13.2432,14.0184,14.7103,15.5774,17.5993,14.9016,13.2355,14.2465,14.6952,16.2634,18.0244,18.7566,19.205,19.5418,20.0024,17.6783,14.9485,13.2654,	20,21.1752,22.1143,22.0072,20.0862,16.652,12.9335,10.0608,8.11702,6.56848,5.302,6.66652,14.228,17.3884,17.724,18.1363,17.3738,15.6563,13.8031,12.318,10.2696,5.31546,	
0.945079,6.16577,9.8287,11.9174,13.2254,13.9802,14.699,15.5754,17.6218,14.9104,13.2512,14.2465,14.6952,16.2491,18.0227,18.7447,19.1958,19.5136,19.9995,17.6686,14.8987,13.2618,	20,21.1752,22.1143,22.0072,20.0753,16.6398,12.9124,10.048,8.10715,6.56207,5.32391,6.65148,14.2109,17.3884,17.724,18.145,17.3363,15.6455,13.8113,12.2848,10.2722,5.32332,	
0.940865,6.14824,9.83572,11.9253,13.2263,13.9757,14.6974,15.5754,17.5435,14.9126,13.2674,14.2465,14.6571,16.2324,18.004,18.7349,19.1903,19.5227,20.0064,17.5964,14.9125,13.2637,	20,21.1795,22.1203,21.9989,20.0536,16.6095,12.8876,10.0355,8.09629,6.55489,5.27498,6.63678,14.2098,17.4023,17.7328,18.1441,17.3365,15.6432,13.8153,12.2569,10.252,5.27653,	
0.930594,6.14132,9.78736,11.9035,13.2192,13.955,14.68,15.5576,17.5507,14.875,13.2593,14.2465,14.6199,16.2298,17.9873,18.7367,19.137,19.5128,19.9794,17.616,14.8764,13.2368,	20,21.188,22.1241,21.9927,20.0375,16.5737,12.8552,10.0088,8.07857,6.54225,5.24445,6.63678,14.2091,17.3953,17.7414,18.1025,17.3369,15.6459,13.7639,12.259,10.2238,5.24497,	
0.924589,6.14045,9.7708,11.8731,13.1995,13.9124,14.6461,15.5381,17.5483,14.8145,13.2527,14.2158,14.5666,16.2244,17.9808,18.7034,19.1457,19.4603,19.9558,17.6259,14.8994,13.2586,	20,21.2005,22.1315,21.9843,20.0003,16.5325,12.8035,9.97483,8.05552,6.52618,5.21478,6.6081,14.2216,17.378,17.7017,18.1142,17.3385,15.6133,13.7395,12.2447,10.1699,5.21293,	
0.92065,6.13324,9.78504,11.8714,13.1997,13.9098,14.6359,15.5297,17.5294,14.8829,13.2073,14.2158,14.5486,16.223,17.9662,18.6928,19.1381,19.4254,19.9548,17.5594,14.8701,13.2542,	20,21.2046,22.1334,21.978,19.9844,16.4799,12.7725,9.9592,8.04315,6.51676,5.19218,6.6081,14.2364,17.3409,17.7193,18.1142,17.3367,15.5834,13.7474,12.2212,10.134,5.19886,	
0.912922,6.10621,9.75609,11.8539,13.199,13.895,14.6222,15.5202,17.543,14.8655,13.2459,14.1858,14.5322,16.1929,17.9598,18.6836,19.133,19.4141,19.9349,17.5135,14.8561,13.2493,	20,21.2087,22.1369,21.9695,19.9579,16.4456,12.7457,9.93804,8.02972,6.49255,5.19293,6.5664,14.2029,17.3015,17.7347,18.1165,17.3382,15.5483,13.6984,12.2282,10.1134,5.19339,	
0.909131,6.10161,9.76587,11.8321,13.1852,13.8821,14.5519,15.4459,17.474,14.8864,13.2517,14.1564,14.4986,16.1622,17.9267,18.6873,19.1301,19.4062,19.9261,17.5224,14.8868,13.2436,	20,21.2207,22.1437,21.9547,19.9213,16.4009,12.7121,9.91545,8.0118,6.46857,5.18531,6.48526,14.1514,17.2858,17.7592,18.1142,17.3379,15.5462,13.6826,12.1805,10.1327,5.18574,	
0.89617,6.08584,9.75987,11.8034,13.1686,13.8453,14.484,15.437,17.4887,14.8248,13.2585,14.1275,14.4827,16.1594,17.8737,18.6787,19.1274,19.4081,19.9076,17.484,14.8778,13.295,	20,21.2286,22.147,21.9419,19.8902,16.3623,12.6826,9.89332,7.99516,6.45652,5.17148,6.45879,14.1491,17.2377,17.7914,18.0758,17.3053,15.5548,13.6278,12.1207,10.0993,5.17383,	
0.890746,6.08318,9.75864,11.7876,13.1525,13.8346,14.4814,15.4282,17.4745,14.832,13.2312,14.1275,14.4488,16.1567,17.8464,18.658,19.0916,19.4121,19.9097,17.5449,14.8916,13.2204,	20,21.2363,22.1502,21.9354,19.8646,16.319,12.6501,9.87158,7.98105,6.44783,5.15944,6.45879,14.1776,17.2377,17.7638,18.0819,17.3026,15.5631,13.6168,12.1002,10.0846,5.17156,	
0.883648,6.07357,9.76745,11.7714,13.1472,13.8319,14.4776,15.4219,17.4659,14.8246,13.2338,14.1275,14.4321,16.1425,17.8315,18.6591,19.0845,19.4175,19.9048,17.4825,14.8613,13.2547,	20,21.2401,22.1534,21.929,19.8493,16.2978,12.6359,9.86448,7.97467,6.44277,5.16809,6.45879,14.1917,17.2475,17.7366,18.0806,17.2693,15.539,13.6284,12.0868,10.0549,5.15985,	
0.866351,6.01937,9.7067,11.7483,13.1027,13.8213,14.4415,15.4163,17.4812,14.8436,13.252,14.1275,14.3496,16.11,17.7981,18.6509,19.0855,19.4219,19.9082,17.4863,14.9128,13.2521,	20,21.2515,22.1624,21.9117,19.804,16.2505,12.5976,9.84343,7.959,6.43398,5.16641,6.40787,14.1725,17.2402,17.7134,18.0813,17.2758,15.5072,13.6321,12.0747,9.99292,5.16641,	
0.85794,6.03181,9.65639,11.7423,13.0703,13.813,14.4367,15.4078,17.4362,14.8823,13.2061,14.1275,14.3333,16.0587,17.7795,18.6417,19.083,19.4225,19.8999,17.5017,14.9006,13.2521,	20,21.2515,22.1668,21.9008,19.774,16.2092,12.5669,9.82452,7.94575,6.42569,5.15512,6.39536,14.1573,17.263,17.6944,18.048,17.2763,15.505,13.6246,12.0443,9.97993,5.15246,	
0.85794,6.09023,9.65622,11.744,13.0652,13.8103,14.4318,15.4059,17.4338,14.9011,13.1667,14.1275,14.3333,16.034,17.765,18.6317,19.0872,19.4084,19.8973,17.4832,14.9011,13.2006,	20,21.2515,22.1696,21.8943,19.7542,16.1888,12.5535,9.81604,7.93773,6.42008,5.12809,6.39536,14.1573,17.2819,17.7025,18.0514,17.2763,15.505,13.6173,12.0206,9.97412,5.12809,	
0.843315,6.01428,9.60843,11.7307,13.065,13.8095,14.4267,15.3974,17.4496,14.8509,13.1889,14.1004,14.319,16.0313,17.7392,18.6115,19.0733,19.3998,19.8899,17.4136,14.8688,13.226,	20,21.2551,22.1724,21.8899,19.7297,16.1486,12.5204,9.79764,7.92365,6.39723,5.11457,6.39536,14.1709,17.2913,17.7025,18.061,17.2401,15.4744,13.5359,11.9607,9.92306,5.12627,	
0.824409,5.96577,9.52918,11.6866,13.036,13.7904,14.4096,15.3837,17.443,14.7886,13.2404,14.074,14.3048,15.9922,17.7098,18.5819,19.0144,19.3559,19.9028,17.5166,14.8073,13.216,	20,21.2587,22.1777,21.8765,19.6807,16.0742,12.4496,9.75673,7.89705,6.37872,5.09823,6.35918,14.1136,17.2952,17.6825,18.0361,17.2065,15.4334,13.55,11.9471,9.85719,5.10245,	
0.815217,5.9411,9.49575,11.6762,13.024,13.7813,14.3946,15.3478,17.4622,14.7704,13.2361,14.0477,14.2595,15.9869,17.7045,18.5828,19.0186,19.3242,19.8925,17.4628,14.8257,13.2193,	20,21.2695,22.1829,21.8676,19.6613,16.0546,12.4306,9.74391,7.88547,6.37026,5.07946,6.33548,14.0985,17.2923,17.6804,18.0012,17.179,15.4321,13.5213,11.9316,9.82847,5.07955,	
0.801754,5.93681,9.4376,11.6349,13.0047,13.7717,14.3843,15.3443,17.3943,14.7856,13.2278,14.0477,14.2134,15.9708,17.6547,18.574,19.0088,19.311,19.8868,17.4072,14.8214,13.2943,	20,21.2766,22.1879,21.854,19.6178,16.0013,12.3934,9.7202,7.86651,6.35598,5.07946,6.33548,14.099,17.3045,17.6944,17.9434,17.1807,15.4175,13.4966,11.8872,9.78658,5.07935,	
0.797372,5.90874,9.43173,11.6087,13.0046,13.7429,14.3783,15.3331,17.3513,14.7647,13.2803,14.0477,14.2134,15.9708,17.6547,18.5437,18.9927,19.2994,19.8756,17.4119,14.7999,13.2405,	20,21.2766,22.1879,21.854,19.6083,15.9871,12.3721,9.70775,7.8572,6.34883,5.05449,6.31237,14.0707,17.2986,17.6622,17.9167,17.1826,15.39,13.4721,11.8813,9.77687,5.07266,	
0.785893,5.84849,9.44455,11.5334,12.9802,13.7089,14.3392,15.3277,17.2977,14.7724,13.2808,14.0477,14.1983,15.9695,17.6424,18.5241,18.9682,19.2635,19.8681,17.3349,14.7927,13.3418,	20,21.28,22.1891,21.8518,19.594,15.9586,12.3361,9.68776,7.8389,6.33522,5.06844,6.2668,14.0277,17.1875,17.6601,17.8905,17.1787,15.3204,13.4747,11.8505,9.77484,5.06793,	
0.776102,5.81446,9.38887,11.4829,12.9508,13.7015,14.3315,15.3169,17.2421,14.7421,13.2515,14.0477,14.1833,15.9564,17.629,18.5247,18.9431,19.2622,19.8649,17.287,14.7411,13.3678,	20,21.28,22.1915,21.8472,19.5799,15.9398,12.3184,9.67562,7.82813,6.32761,5.03243,6.21098,13.9335,17.1689,17.6276,17.8608,17.179,15.3164,13.4404,11.8067,9.77115,5.03729,	
0.774735,5.80851,9.38998,11.471,12.9436,13.7007,14.3304,15.3132,17.1825,14.7471,13.2798,14.0477,14.1685,15.9434,17.6158,18.5252,18.9462,19.2571,19.8677,17.2198,14.753,13.3424,	20,21.28,22.1938,21.8405,19.5659,15.9259,12.3068,9.66963,7.82282,6.32328,5.01277,6.18899,13.9061,17.1809,17.6342,17.8608,17.179,15.3111,13.4437,11.7926,9.76258,5.01109,	
0.770659,5.79515,9.39054,11.4738,12.9423,13.6953,14.3224,15.3062,17.1934,14.7326,13.3144,14.0477,14.1685,15.9434,17.6051,18.5253,18.938,19.2336,19.863,17.247,14.7071,13.2997,	20,21.28,22.1938,21.8383,19.5613,15.9168,12.2953,9.66074,7.8167,6.31779,5.00062,6.18899,13.9061,17.1809,17.6416,17.829,17.178,15.3071,13.4202,11.7765,9.75519,5.01237,	
0.764,5.78027,9.38105,11.4761,12.9098,13.6901,14.3174,15.3045,17.1609,14.7365,13.3144,14.0477,14.154,15.9307,17.5922,18.5161,18.942,19.2216,19.8589,17.2045,14.7381,13.3372,	20,21.2833,22.1949,21.8316,19.5429,15.8986,12.2783,9.65051,7.80893,6.31181,5.00915,6.16757,13.8922,17.1752,17.6553,17.8011,17.1792,15.2966,13.3474,11.7712,9.76069,5.01,	
0.754862,5.74599,9.35815,11.4639,12.8972,13.6805,14.3037,15.296,17.1856,14.7183,13.3185,14.0236,14.1555,15.9181,17.5899,18.5067,18.9179,19.2037,19.8333,17.1729,14.719,13.3809,	20,21.2866,22.1971,21.8272,19.5293,15.8761,12.2532,9.63464,7.79615,6.30073,5.01148,6.16757,13.9048,17.1249,17.6545,17.8038,17.1179,15.2886,13.3025,11.74,9.75612,5.01173,	
0.74467,5.70402,9.32148,11.4588,12.8665,13.6683,14.2972,15.2536,17.1679,14.7151,13.3505,13.9998,14.1285,15.8919,17.553,18.4885,18.9014,19.1944,19.8203,17.249,14.7154,13.3695,	20,21.2931,22.2023,21.8116,19.4886,15.8183,12.2094,9.6077,7.77835,6.27786,5.01868,6.13614,13.8905,17.1397,17.6659,17.7784,17.1128,15.2565,13.2748,11.7199,9.70108,5.02352,	
0.739673,5.6901,9.28482,11.4137,12.8361,13.639,14.2658,15.2247,17.1855,14.6889,13.3687,13.9762,14.1299,15.8685,17.5292,18.47,18.8907,19.1886,19.8195,17.1888,14.7064,13.3696,	20,21.2963,22.2044,21.8026,19.4571,15.7788,12.1799,9.59098,7.76575,6.26924,5.00596,6.04386,13.7858,17.1316,17.679,17.7866,17.0831,15.2299,13.2752,11.7078,9.65916,5.00604,	
0.728654,5.67242,9.25132,11.3913,12.7811,13.6079,14.2344,15.2128,17.1623,14.6931,13.3129,13.9762,14.0598,15.8621,17.5033,18.4517,18.8907,19.1361,19.8204,17.1944,14.7868,13.3525,	20,21.3058,22.2083,21.7891,19.4169,15.7398,12.1404,9.57039,7.74932,6.26013,4.98429,5.9937,13.736,17.0892,17.6889,17.7943,17.0867,15.2056,13.2286,11.6955,9.67687,4.98091,	
0.72028,5.64293,9.27302,11.3482,12.7736,13.6011,14.2287,15.2111,17.1735,14.7183,13.3205,13.9532,14.0198,15.8242,17.4755,18.4431,18.8998,19.1405,19.8184,17.1704,14.6912,13.385,	20,21.3152,22.2121,21.7731,19.3816,15.697,12.112,9.55552,7.73961,6.24212,4.97393,5.98383,13.7606,17.0811,17.7062,17.7966,17.0296,15.2128,13.2198,11.6798,9.62795,4.987,	
0.714398,5.65512,9.25085,11.3429,12.7619,13.5682,14.2186,15.2032,17.1787,14.71,13.3479,13.9305,14.0076,15.8215,17.4534,18.3971,18.8901,19.1141,19.8042,17.1936,14.6931,13.3482,	20,21.3152,22.2139,21.7639,19.3463,15.6589,12.0739,9.53025,7.7226,6.23097,4.97548,5.98383,13.7606,17.0979,17.6895,17.8065,17.03,15.1635,13.2183,11.6654,9.59907,4.97797,	
0.712085,5.66622,9.2517,11.3395,12.7619,13.5454,14.2133,15.1938,17.1882,14.6501,13.3296,13.9079,13.9821,15.8175,17.4404,18.3975,18.8934,19.1191,19.7913,17.1913,14.6915,13.3462,	20,21.3214,22.2166,21.757,19.3289,15.6421,12.0639,9.5224,7.71779,6.21706,4.9666,5.97408,13.7725,17.1008,17.6895,17.7802,17.0324,15.145,13.2127,11.6705,9.58058,4.96043,	
0.710936,5.66144,9.24959,11.3412,12.76,13.5429,14.2066,15.1913,17.1793,14.6408,13.33,13.8855,13.9836,15.795,17.4374,18.3796,18.8888,19.103,19.7886,17.2303,14.6287,13.3654,	20,21.3244,22.2183,21.7524,19.3116,15.6214,12.0441,9.50948,7.7097,6.20088,4.95229,5.96444,13.7721,17.1037,17.6876,17.7851,17.0302,15.1332,13.207,11.6779,9.55492,4.96287,	
0.705289,5.63638,9.26255,11.3097,12.7505,13.5185,14.2009,15.1836,17.2123,14.5743,13.3298,13.8633,13.9717,15.7716,17.4332,18.3621,18.8934,19.1027,19.7775,17.2213,14.6071,13.3309,	20,21.3275,22.2208,21.7432,19.2859,15.5968,12.0294,9.49803,7.70241,6.19579,4.92504,5.94539,13.7592,17.1093,17.6351,17.7894,17.0338,15.1392,13.1505,11.6899,9.54907,4.92504,	
0.687662,5.56594,9.21162,11.2695,12.7262,13.4887,14.1948,15.1566,17.2159,14.572,13.3101,13.8415,13.9468,15.7472,17.4085,18.3275,18.8927,19.1022,19.7774,17.2202,14.6091,13.3837,	20,21.3364,22.2233,21.7292,19.2433,15.5522,11.998,9.47922,7.68807,6.18719,4.91837,5.91725,13.7148,17.0721,17.6233,17.7414,17.0361,15.0669,13.1194,11.6753,9.54241,4.91872,	
0.684442,5.55865,9.20018,11.2534,12.7059,13.4843,14.1954,15.1494,17.2099,14.5854,13.3339,13.8198,13.9351,15.714,17.3841,18.3284,18.8723,19.1143,19.7753,17.2069,14.5949,13.3399,	20,21.3394,22.2256,21.7152,19.2138,15.5163,11.9743,9.46563,7.6779,6.17972,4.90108,5.88941,13.69,17.0724,17.6399,17.7432,17.007,15.0744,13.1228,11.6514,9.53467,4.90232,	
0.682322,5.53836,9.22,11.2491,12.697,13.4802,14.1918,15.1457,17.1701,14.6079,13.3213,13.7982,13.9105,15.7103,17.3715,18.3287,18.8667,19.1125,19.7641,17.1578,14.6053,13.3259,	20,21.3482,22.2279,21.7058,19.197,15.5005,11.9603,9.45706,7.6693,6.16483,4.88454,5.86198,13.6893,17.0619,17.6462,17.7432,17.007,15.0647,13.1202,11.6313,9.51929,4.88658,	
0.678139,5.50858,9.23222,11.24,12.6898,13.4748,14.1874,15.1386,17.1611,14.609,13.3062,13.7559,13.9003,15.6967,17.3487,18.3289,18.8545,19.1067,19.7624,17.1748,14.6195,13.2945,	20,21.3539,22.2301,21.6942,19.1721,15.4693,11.9372,9.44375,7.65913,6.14039,4.8763,5.85297,13.7009,17.0385,17.6307,17.7449,16.9785,15.0671,13.1265,11.6283,9.50725,4.87768,	
0.675045,5.53923,9.21578,11.24,12.6682,13.4733,14.185,15.1371,17.1629,14.5416,13.2861,13.7349,13.8888,15.6844,17.3364,18.3291,18.8492,19.1124,19.758,17.1533,14.6085,13.326,	20,21.3597,22.2315,21.6872,19.1556,15.45,11.9259,9.43777,7.65359,6.1354,4.85362,5.84405,13.7122,16.9766,17.635,17.7198,16.9516,15.0729,13.1294,11.6162,9.48815,4.86183,	
0.674021,5.58044,9.23003,11.2323,12.6603,13.4712,14.1839,15.1371,17.1291,14.5519,13.3023,13.7141,13.8273,15.677,17.3305,18.3206,18.838,19.1148,19.7633,17.1638,14.5749,13.3215,	20,21.3681,22.2355,21.6732,19.1269,15.4157,11.9056,9.42592,7.64421,6.12943,4.84498,5.83523,13.735,16.9906,17.635,17.7219,16.9482,15.0785,13.1297,11.6088,9.47659,4.84643,	
0.66696,5.56562,9.23424,11.2319,12.6523,13.442,14.138,15.1002,17.0469,14.5749,13.295,13.6729,13.7804,15.6403,17.3124,18.3038,18.8224,19.1235,19.7579,17.0871,14.5765,13.3206,	20,21.3766,22.2394,21.6499,19.0778,15.3477,11.8724,9.40599,7.62651,6.11609,4.82038,5.79151,13.6895,16.9342,17.6549,17.7256,16.9482,15.0726,13.1047,11.565,9.44166,4.82386,	
0.664972,5.57399,9.22327,11.229,12.6534,13.4377,14.1266,15.0891,17.0733,14.5504,13.304,13.6729,13.7682,15.6391,17.3114,18.2786,18.8013,19.101,19.7293,17.0716,14.6193,13.3042,	20,21.3766,22.24,21.6475,19.0656,15.3329,11.8549,9.38861,7.61286,6.1067,4.83797,5.79151,13.6895,16.9168,17.6539,17.7295,16.923,15.0591,13.0809,11.57,9.45972,4.83801,	
0.659109,5.55535,9.20765,11.2382,12.6293,13.4345,14.1177,15.0807,17.0595,14.5786,13.2866,13.6729,13.7319,15.6257,17.2896,18.2623,18.7989,19.0883,19.7155,17.0909,14.6082,13.2943,	20,21.3821,22.2424,21.6335,19.0414,15.3037,11.8334,9.37262,7.60022,6.09812,4.83854,5.78297,13.7005,16.9182,17.6374,17.729,16.9182,15.0496,13.0621,11.5445,9.40629,4.86127,	
0.651434,5.52592,9.22555,11.2303,12.6218,13.4286,14.0891,15.0753,17.0443,14.5212,13.2925,13.613,13.712,15.5727,17.2532,18.2542,18.7849,19.07,19.7202,17.1032,14.6233,13.3367,	20,21.3902,22.2467,21.6077,18.9894,15.2496,11.7888,9.34782,7.57981,6.08647,4.81064,5.75764,13.6795,16.9382,17.6476,17.7321,16.9204,15.0406,13.074,11.5232,9.40614,4.80695,	
0.649541,5.53431,9.23739,11.2303,12.6218,13.4091,14.0891,15.0753,17.0789,14.5335,13.295,13.613,13.7001,15.5622,17.2512,18.2542,18.7863,19.072,19.7212,17.0792,14.5578,13.3281,	20,21.3929,22.2473,21.603,18.9814,15.2424,11.7846,9.34558,7.57837,6.08441,4.80485,5.74927,13.6792,16.9335,17.6533,17.7321,16.9204,15.0406,13.055,11.5255,9.37802,4.80486,	
0.644867,5.53611,9.23071,11.1971,12.6106,13.4008,14.0831,15.0699,17.0544,14.5189,13.2986,13.613,13.6883,15.5518,17.2405,18.2461,18.7657,19.0576,19.7196,17.1366,14.5138,13.3217,	20,21.3929,22.2478,21.5959,18.9695,15.2247,11.768,9.33452,7.57054,6.07763,4.80872,5.74096,13.648,16.9365,17.6372,17.7063,16.9191,15.013,13.0398,11.5373,9.36501,4.81154,	
0.642108,5.58131,9.22885,11.1948,12.6055,13.4006,14.0808,15.067,17.078,14.4707,13.271,13.574,13.6331,15.5341,17.2239,18.2219,18.7661,19.0706,19.7259,17.1312,14.4589,13.3359,	20,21.4035,22.2507,21.5795,18.9263,15.1791,11.7414,9.32034,7.55916,6.06099,4.77875,5.74096,13.6922,16.9376,17.6409,17.7134,16.9142,15.0185,13.0398,11.5039,9.33441,4.79073,	
0.638468,5.58606,9.24364,11.1869,12.607,13.3981,14.0754,15.0389,17.0896,14.4377,13.2899,13.5547,13.6231,15.5226,17.2039,18.1981,18.756,19.0663,19.7054,17.1527,14.4213,13.2909,	20,21.4087,22.2516,21.5701,18.8989,15.148,11.7192,9.30521,7.54703,6.04409,4.76526,5.74096,13.6948,16.9045,17.651,17.7184,16.8864,15.0118,13.0267,11.4936,9.31333,4.76748,	
0.633083,5.5552,9.23946,11.1816,12.6058,13.3944,14.0721,15.0324,17.0928,14.4246,13.2818,13.5547,13.6003,15.5112,17.1841,18.1902,18.7597,19.0581,19.7029,17.1701,14.4261,13.2763,	20,21.4139,22.2525,21.5606,18.8756,15.1274,11.7033,9.29561,7.53995,6.0389,4.75866,5.74096,13.7165,16.8954,17.6351,17.6966,16.8876,14.984,13.0326,11.4924,9.27948,4.75881,	
0.62955,5.54149,9.2198,11.1707,12.6057,13.3907,14.0692,15.0076,17.1257,14.4053,13.245,13.5358,13.6016,15.4924,17.1812,18.1902,18.7465,19.0491,19.6998,17.1289,14.4722,13.2758,	20,21.4165,22.2534,21.5535,18.8641,15.1172,11.6915,9.28716,7.53291,6.02657,4.75143,5.72491,13.705,16.8985,17.6385,17.6718,16.8887,14.9519,13.0122,11.4739,9.28732,4.75146,	
0.624321,5.53425,9.22704,11.1542,12.5905,13.3828,14.0634,14.9806,17.0877,14.4539,13.2352,13.5358,13.5681,15.4886,17.1534,18.1823,18.736,19.037,19.6924,17.1413,14.4599,13.2678,	20,21.4191,22.2542,21.5441,18.8374,15.087,11.674,9.2746,7.521,6.01903,4.75853,5.70898,13.6935,16.8736,17.6462,17.6766,16.887,14.96,13.002,11.4392,9.24674,4.76026,	
0.618325,5.52935,9.19196,11.1498,12.5809,13.3267,14.0579,14.9654,17.087,14.3789,13.2047,13.4985,13.5597,15.4676,17.1322,18.1513,18.7277,19.0291,19.6614,17.2017,14.4335,13.2226,	20,21.4241,22.2557,21.5276,18.8032,15.0538,11.647,9.25592,7.50572,5.99976,4.72553,5.6697,13.6599,16.8433,17.6315,17.6311,16.8908,14.9525,12.9923,11.4326,9.21053,4.72438,	
0.616635,5.5443,9.17847,11.1466,12.5733,13.3236,14.0157,14.9526,17.1451,14.4001,13.148,13.4985,13.5487,15.4492,17.1131,18.1283,18.7248,19.0309,19.6345,17.1683,14.4054,13.1867,	20,21.4241,22.2565,21.5204,18.7769,15.0274,11.628,9.24261,7.49605,5.99251,4.7066,5.63105,13.6053,16.8449,17.6346,17.6375,16.8913,14.9487,12.985,11.4202,9.20371,4.70865,	
0.613285,5.52787,9.20375,11.1403,12.571,13.3213,14.008,14.9489,17.1446,14.393,13.1483,13.4618,13.5404,15.437,17.0933,18.1281,18.7208,19.0104,19.6339,17.1322,14.4057,13.1788,	20,21.4291,22.2575,21.5062,18.7545,15.0079,11.6073,9.23044,7.48497,5.97732,4.69247,5.62338,13.6157,16.8479,17.6493,17.6134,16.8704,14.9112,12.9931,11.3898,9.21149,4.69548,	
0.610806,5.54902,9.17911,11.1342,12.5679,13.3205,13.9866,14.9456,17.1432,14.3699,13.1497,13.4618,13.5296,15.4358,17.0925,18.1281,18.7067,18.9998,19.6237,17.1434,14.3725,13.1835,	20,21.4316,22.2579,21.5038,18.7508,15.0046,11.5999,9.22441,7.48017,5.97223,4.69616,5.61579,13.5971,16.8348,17.6483,17.6134,16.8704,14.8778,12.9731,11.3974,9.20015,4.69626,	
0.609987,5.55259,9.2162,11.1292,12.5591,13.3002,13.9846,14.9383,17.1501,14.3506,13.1603,13.4618,13.5082,15.425,17.0898,18.1131,18.6879,19.0006,19.622,17.1373,14.3654,13.144,	20,21.4365,22.2589,21.4968,18.736,14.9821,11.5834,9.21445,7.47269,5.96651,4.67963,5.60824,13.6074,16.8334,17.6461,17.615,16.8628,14.8743,12.9706,11.3943,9.17652,4.68613,	
0.606755,5.53649,9.20716,11.1313,12.555,13.2969,13.9814,14.9336,17.1387,14.3344,13.14,13.4618,13.5082,15.425,17.0583,18.1055,18.6764,18.9936,19.6142,17.1539,14.3472,13.17,	20,21.4365,22.2589,21.4874,18.7178,14.963,11.5688,9.20363,7.46397,5.96062,4.67007,5.60824,13.5893,16.8334,17.6665,17.6165,16.8603,14.8485,12.9461,11.3792,9.18847,4.68778,	
0.605952,5.57004,9.19212,11.1048,12.5335,13.2773,13.9767,14.9114,17.1147,14.3354,13.1401,13.4618,13.4977,15.4156,17.0409,18.1052,18.6787,18.9906,19.6105,17.1373,14.3533,13.1442,	20,21.4389,22.2594,21.478,18.7032,14.9503,11.5598,9.19775,7.45865,5.95673,4.66661,5.57129,13.547,16.8233,17.6743,17.6168,16.8401,14.8469,12.9265,11.373,9.1886,4.66578,	
0.600409,5.56832,9.15556,11.073,12.5231,13.2691,13.9735,14.9102,17.0823,14.3412,13.1225,13.4441,13.499,15.3899,17.0298,18.0902,18.6543,18.9873,19.6107,17.166,14.3893,13.1253,	20,21.4413,22.2603,21.4687,18.6815,14.9221,11.5384,9.18422,7.44879,5.94944,4.66175,5.55668,13.5364,16.8112,17.6748,17.6199,16.7917,14.8248,12.9268,11.3462,9.17678,4.66287,	
0.59418,5.50955,9.14957,11.0683,12.4886,13.2628,13.9605,14.8993,17.106,14.353,13.1011,13.4266,13.4795,15.3621,17.017,18.0824,18.6448,18.9764,19.5987,17.1473,14.4045,13.1127,	20,21.4484,22.2616,21.457,18.6563,14.8942,11.5173,9.1689,7.43646,5.94107,4.65288,5.53498,13.5011,16.8083,17.6726,17.5769,16.7879,14.8145,12.9123,11.3117,9.1719,4.65189,	
0.593411,5.53584,9.14567,11.0626,12.4831,13.2618,13.9605,14.8962,17.0964,14.3857,13.0889,13.4266,13.4795,15.3541,17.0007,18.0749,18.6401,18.9807,19.5951,17.1174,14.3868,13.1199,	20,21.4484,22.2619,21.4547,18.6491,14.8819,11.5103,9.16415,7.43134,5.93729,4.65167,5.53498,13.5011,16.8153,17.6715,17.5783,16.783,14.7979,12.9123,11.3008,9.17181,4.65233,	
0.59112,5.55269,9.13769,11.0735,12.4679,13.2568,13.9527,14.8938,17.095,14.3279,13.084,13.4093,13.4705,15.3518,16.9838,18.0315,18.6385,18.9452,19.5915,17.0982,14.4127,13.1501,	20,21.453,22.2624,21.4476,18.6206,14.8514,11.4826,9.14535,7.41729,5.919,4.64759,5.52074,13.501,16.8068,17.6752,17.5628,16.7616,14.7826,12.9051,11.3052,9.16324,4.6481,	
0.58811,5.53961,9.13311,11.0831,12.4464,13.2525,13.9489,14.8891,17.0834,14.3694,13.0919,13.3751,13.4728,15.3258,16.9572,18.0168,18.6298,18.9493,19.5855,17.1113,14.3594,13.144,	20,21.4553,22.263,21.4336,18.5888,14.8212,11.4605,9.13236,7.40713,5.91178,4.62667,5.51367,13.501,16.8123,17.6874,17.5674,16.7622,14.775,12.8722,11.2891,9.15756,4.6383,	
0.583641,5.53304,9.07774,11.0757,12.4399,13.228,13.9449,14.8803,17.0774,14.3244,13.0988,13.3751,13.4628,15.3011,16.9316,17.9951,18.5938,18.9564,19.5696,17.1225,14.4044,13.0993,	20,21.4553,22.2637,21.4218,18.5536,14.7852,11.4353,9.11306,7.39209,5.90127,4.63729,5.47174,13.4401,16.8032,17.6487,17.5741,16.7624,14.7513,12.8533,11.274,9.15075,4.63731,	
0.578512,5.49902,9.07609,11.0598,12.4346,13.2225,13.9233,14.8696,17.0972,14.3605,13.0615,13.3414,13.455,15.2823,16.8982,17.9942,18.5849,18.965,19.5398,17.1118,14.3938,13.092,	20,21.4599,22.2645,21.41,18.5257,14.7527,11.417,9.10033,7.37976,5.88621,4.62301,5.46484,13.4503,16.7704,17.6503,17.534,16.7378,14.7613,12.8487,11.2286,9.16726,4.65022,	
0.577062,5.49782,9.08107,11.0598,12.4386,13.2044,13.9019,14.8672,17.0662,14.3594,13.0776,13.3414,13.455,15.2823,16.8982,17.9942,18.5782,18.9469,19.5419,17.0958,14.3915,13.0876,	20,21.4599,22.2645,21.41,18.5257,14.7498,11.4137,9.09672,7.37666,5.88367,4.6313,5.45118,13.4303,16.7663,17.6503,17.512,16.7353,14.7596,12.8417,11.2258,9.14868,4.62992,	
0.574192,5.48115,9.07412,11.05,12.4227,13.1944,13.8918,14.8547,17.0666,14.3471,13.0641,13.3082,13.4473,15.2484,16.8855,17.9863,18.5761,18.9547,19.4709,17.1588,14.4069,13.0778,	20,21.4666,22.2655,21.3888,18.4716,14.7208,11.3973,9.07975,7.36504,5.87589,4.62023,5.42408,13.3873,16.7701,17.6587,17.5138,16.7338,14.7596,12.7999,11.2397,9.13261,4.6224,	
0.570647,5.51018,9.05629,11.0355,12.4044,13.1884,13.887,14.8535,17.0627,14.3735,13.0512,13.2918,13.4484,15.2321,16.8472,17.9714,18.5546,18.959,19.4743,17.102,14.4284,13.0783,	20,21.4689,22.2657,21.3745,18.4376,14.6835,11.3745,9.0656,7.35238,5.86777,4.60285,5.41736,13.3874,16.7561,17.676,17.4757,16.73,14.7628,12.7773,11.2215,9.13201,4.61011,	
0.569244,5.51655,9.05736,11.0439,12.3951,13.1836,13.8832,14.8489,17.0773,14.3853,13.0641,13.2754,13.4396,15.2302,16.8314,17.9707,18.5369,18.9516,19.4739,17.0662,14.4354,13.0652,	20,21.4733,22.266,21.365,18.424,14.6637,11.3616,9.05858,7.34524,5.86278,4.60038,5.41736,13.4073,16.7561,17.6851,17.4759,16.7224,14.7478,12.787,11.2083,9.1302,4.60073,	
0.567852,5.52283,9.05901,11.0439,12.3799,13.1831,13.8801,14.8456,17.0555,14.4053,13.0322,13.2754,13.4396,15.2226,16.8166,17.9566,18.5329,18.9497,19.478,17.0753,14.4028,13.0593,	20,21.4733,22.2661,21.3602,18.4105,14.6468,11.3505,9.05248,7.34053,5.85884,4.59091,5.40411,13.3878,16.7588,17.6885,17.4785,16.7173,14.7484,12.763,11.2094,9.11932,4.59301,	
0.563035,5.52958,9.01863,11.0367,12.3609,13.1792,13.8764,14.8263,17.0608,14.3869,13.0258,13.2433,13.4224,15.1889,16.8107,17.9485,18.5375,18.9499,19.4837,17.0493,14.4353,13.0168,	20,21.4776,22.2667,21.3436,18.3803,14.6217,11.3348,9.04383,7.33351,5.8477,4.5619,5.37789,13.3686,16.7585,17.694,17.4818,16.7201,14.7311,12.7523,11.192,9.12295,4.56632,	
0.561,5.58011,9.01343,11.0318,12.3504,13.1739,13.8718,14.823,17.0444,14.4214,13.0035,13.2273,13.4139,15.1647,16.793,17.9338,18.529,18.9393,19.4859,17.025,14.4317,13.0046,	20,21.4798,22.267,21.3317,18.3536,14.5887,11.3145,9.02011,7.32298,5.83989,4.55651,5.37141,13.3527,16.7542,17.6938,17.486,16.6926,14.739,12.7484,11.1875,9.12703,4.56101,	
