Prob_forager_death	Prob_recipients_death	Prob_gamma_stop		Av_return_0		Av_return_1	
0	0	0	0	0	
1e-06	0.001142	0.046515	0.114147	0.114147	
0	0.001369	0.046251	0.000356993	0.000356993	
0	0.001281	0.046697	0.0001459	0.0001459	
0	0.001364	0.046465	4.18156e-05	4.18156e-05	
0	0.001324	0.046556	4.17711e-05	4.17711e-05	
0	0.001226	0.046664	4.17624e-05	4.17624e-05	
0	0.001336	0.046571	2.08738e-05	2.08738e-05	
0	0.00134	0.046097	6.32418e-05	6.32418e-05	
0	0.001302	0.046306	4.20097e-05	4.20097e-05	
0	0.001272	0.046438	0.00016768	0.00016768	
0	0.001334	0.046699	0.000249828	0.000249828	
0	0.001315	0.046594	0.000605314	0.000605314	
0	0.001291	0.046271	0.00452042	0.00452042	
1e-06	0.001262	0.046456	0.112827	0.112827	
0.000227	0.000676	0.046585	1.08036	1.08036	
0.000557	0.000389	0.046416	1.6258	1.6258	
0.000705	0.000317	0.046537	1.71007	1.71007	
0.000601	0.000319	0.046417	1.72829	1.72829	
0.000591	0.000287	0.046559	1.74358	1.74358	
0.000627001	0.000295	0.046396	1.76284	1.76284	
