Prob_forager_death	Prob_recipients_death	Prob_gamma_stop		Av_return_0		Av_return_1	
0	0	0	0	0	
0.003142	0.000685	0.006891	17.2277	17.2277	
0.003228	5e-06	0.006796	20.9889	20.9889	
0.003184	0	0.006724	21.5988	21.5988	
0.003133	0	0.006988	21.1443	21.1443	
0.002921	0	0.006756	22.3335	22.3335	
0.002857	0	0.00686	22.2112	22.2112	
0.00289	0	0.006801	22.3695	22.3695	
0.002727	0	0.006727	22.9858	22.9858	
0.002659	0	0.006697	23.2471	23.2471	
0.002542	0	0.006758	23.3487	23.3487	
0.002534	0	0.006822	23.2309	23.2309	
0.002535	0	0.006774	23.4066	23.4066	
0.002574	0	0.006607	23.6721	23.6721	
0.002598	0	0.006844	23.0212	23.0212	
0.002489	0	0.006752	23.5321	23.5321	
0.002397	0	0.006804	23.6875	23.6875	
0.002497	0	0.00678	23.5312	23.5312	
0.002446	0	0.006841	23.4997	23.4997	
0.00254	0	0.006772	23.4465	23.4465	
0.002507	0	0.00673601	23.5888	23.5888	
