Prob_forager_death	Prob_recipients_death	Prob_gamma_stop		Av_return_0		Av_return_1	
0	0	0	0	0	
0.005552	0.000778	0.012907	8.76665	8.76665	
0.007098	0	0.012881	10.3689	10.3689	
0.007073	0	0.012876	10.5376	10.5376	
0.006943	0	0.012941	10.634	10.634	
0.006916	0	0.012914	10.7168	10.7168	
0.00687	0	0.012825	10.8251	10.8251	
0.006744	0	0.012902	10.8917	10.8917	
0.006796	0	0.012782	10.9611	10.9611	
0.00651	0	0.012659	11.228	11.228	
0.006201	0	0.012873	11.2539	11.2539	
0.006067	0	0.012992	11.28	11.28	
0.005983	0	0.012862	11.4029	11.4029	
0.006021	0	0.012784	11.4051	11.4051	
0.005952	0	0.013091	11.3055	11.3055	
0.00595	0	0.012866	11.4862	11.4862	
0.005992	0	0.01282	11.4836	11.4836	
0.005853	0	0.012755	11.5836	11.5836	
0.005859	0	0.012968	11.4556	11.4556	
0.00587	0	0.012769	11.5907	11.5907	
0.00585601	0	0.012734	11.6087	11.6087	
