Prob_forager_death	Prob_recipients_death	Prob_gamma_stop		Av_return_0		Av_return_1	
0	0	0	0	0	
0.004345	0.001953	0.166316	1.64872	1.64872	
0.011711	0	0.164464	2.84751	2.84751	
0.011688	0	0.165183	2.87744	2.87744	
0.011745	0	0.164507	2.8945	2.8945	
0.011692	0	0.164761	2.89305	2.89305	
0.011653	0	0.164622	2.89785	2.89785	
0.011662	0	0.164534	2.9066	2.9066	
0.011679	0	0.164361	2.90665	2.90665	
0.011591	0	0.165609	2.88467	2.88467	
0.011633	0	0.165432	2.88178	2.88178	
0.011525	0	0.165047	2.89433	2.89433	
0.011597	0	0.165	2.89112	2.89112	
0.011733	0	0.164441	2.9092	2.9092	
0.011622	0	0.164993	2.89253	2.89253	
0.011564	0	0.16509	2.8904	2.8904	
0.011798	0	0.164803	2.89744	2.89744	
0.011816	0	0.164999	2.89258	2.89258	
0.011575	0	0.165235	2.88826	2.88826	
0.011641	0	0.165313	2.88963	2.88963	
0.011538	0	0.165287	2.88472	2.88472	
