Prob_forager_death	Prob_recipients_death	Prob_gamma_stop		Av_return_0		Av_return_1	
0	0	0	0	0	
0.040206	0.001397	0.003537	14.4487	14.4487	
0.039232	7.9e-05	0.003425	15.7916	15.7916	
0.038711	7e-05	0.003358	16.1018	16.1018	
0.038269	3.4e-05	0.003663	16.211	16.211	
0.037842	4e-05	0.003449	16.4696	16.4696	
0.037928	2.3e-05	0.003463	16.5199	16.5199	
0.037871	1.1e-05	0.003446	16.5922	16.5922	
0.037576	2.1e-05	0.003452	16.7204	16.7204	
0.037587	9e-06	0.003423	16.7467	16.7467	
0.037639	1e-05	0.003403	16.7561	16.7561	
0.037487	1.2e-05	0.003514	16.7742	16.7742	
0.037709	4e-06	0.003348	16.8041	16.8041	
0.037552	6e-06	0.003347	16.8629	16.8629	
0.037467	3e-06	0.00352	16.8406	16.8406	
0.03731	3e-06	0.003422	16.9111	16.9111	
0.037275	2e-06	0.00351	16.9541	16.9541	
0.037045	1e-06	0.003503	16.9748	16.9748	
0.037443	6e-06	0.003488	16.866	16.866	
0.037465	3e-06	0.003394	16.9219	16.9219	
0.037449	1e-06	0.003368	16.9166	16.9166	
