Prob_forager_death	Prob_recipients_death	Prob_gamma_stop		Av_return_0		Av_return_1	
0	0	0	0	0	
0.039068	0.001239	0.023492	9.94802	9.94802	
0.042066	0	0.023312	10.4325	10.4325	
0.04178	0	0.023625	10.4545	10.4545	
0.041746	0	0.023588	10.5044	10.5044	
0.04167	0	0.023731	10.4919	10.4919	
0.041651	0	0.023675	10.5318	10.5318	
0.041536	0	0.023661	10.5311	10.5311	
0.041699	0	0.023302	10.5748	10.5748	
0.041692	0	0.023325	10.5854	10.5854	
0.041939	0	0.023557	10.5065	10.5065	
0.041652	0	0.02368	10.5197	10.5197	
0.041816	0	0.023395	10.5447	10.5447	
0.04201	0	0.023304	10.5474	10.5474	
0.041841	0	0.023639	10.5159	10.5159	
0.041899	0	0.023486	10.5462	10.5462	
0.041736	0	0.023476	10.5744	10.5744	
0.041868	0	0.023225	10.5848	10.5848	
0.041768	0	0.023622	10.54	10.54	
0.041945	0	0.023405	10.5486	10.5486	
0.041915	0	0.023589	10.536	10.536	
