Prob_forager_death	Prob_recipients_death	Prob_gamma_stop		Av_return_0		Av_return_1	
0	0	0	0	0	
0.057693	0.001513	0.012202	10.2489	10.2489	
0.062149	1e-06	0.012108	10.4042	10.4042	
0.062019	0	0.012131	10.4687	10.4687	
0.062007	0	0.012246	10.4923	10.4923	
0.061963	0	0.012133	10.53	10.53	
0.062113	0	0.012129	10.5239	10.5239	
0.061925	0	0.01216	10.5569	10.5569	
0.062123	0	0.012078	10.5491	10.5491	
0.061913	0	0.011968	10.586	10.586	
0.062231	0	0.012164	10.5291	10.5291	
0.062368	0	0.012243	10.5089	10.5089	
0.062222	0	0.012132	10.5473	10.5473	
0.062278	0	0.012083	10.5468	10.5468	
0.06201	0	0.012381	10.535	10.535	
0.061957	0	0.012188	10.5652	10.5652	
0.062177	0	0.012088	10.5504	10.5504	
0.062111	0	0.012046	10.5739	10.5739	
0.061983	0	0.012296	10.5404	10.5404	
0.062096	0	0.012018	10.5783	10.5783	
0.0623491	0	0.012002	10.5586	10.5586	
