Prob_forager_death	Prob_recipients_death	Prob_gamma_stop		Av_return_0		Av_return_1	
0	0	0	0	0	
0.076273	0.00207	0.006409	9.65214	9.65214	
0.084561	2e-06	0.006232	9.59846	9.59846	
0.085227	1e-06	0.006174	9.61158	9.61158	
0.085582	1e-06	0.006391	9.6027	9.6027	
0.086127	0	0.006177	9.61404	9.61404	
0.086307	0	0.00629	9.61751	9.61751	
0.086607	0	0.0062	9.62032	9.62032	
0.08675	0	0.006158	9.62721	9.62721	
0.086913	0	0.006141	9.62875	9.62875	
0.087039	0	0.006182	9.62726	9.62726	
0.087143	0	0.006236	9.62154	9.62154	
0.087193	0	0.006212	9.62663	9.62663	
0.087337	0	0.006034	9.63892	9.63892	
0.08724	0	0.006299	9.62515	9.62515	
0.087395	0	0.006173	9.6297	9.6297	
0.087378	0	0.006246	9.6278	9.6278	
0.087466	0	0.006192	9.63039	9.63039	
0.087464	0	0.006261	9.62862	9.62862	
0.087587	0	0.006193	9.62626	9.62626	
0.0875571	0	0.00614101	9.6392	9.6392	
