Prob_forager_death	Prob_recipients_death	Prob_gamma_stop		Av_return_0		Av_return_1	
0	0	0	0	0	
0.073822	0.001982	0.011986	9.30724	9.30724	
0.08257	2e-06	0.01185	9.27097	9.27097	
0.083183	0	0.011852	9.28482	9.28482	
0.083577	0	0.011895	9.28659	9.28659	
0.083867	0	0.011855	9.29297	9.29297	
0.084144	0	0.011834	9.29461	9.29461	
0.08428	0	0.011884	9.29604	9.29604	
0.084452	0	0.011779	9.30667	9.30667	
0.084577	0	0.011694	9.31492	9.31492	
0.084562	0	0.011876	9.307	9.307	
0.084611	0	0.011956	9.30304	9.30304	
0.084737	0	0.011828	9.30889	9.30889	
0.084822	0	0.011789	9.31177	9.31177	
0.084674	0	0.012063	9.30204	9.30204	
0.084861	0	0.01187	9.30933	9.30933	
0.084927	0	0.01179	9.31433	9.31433	
0.084956	0	0.011772	9.31609	9.31609	
0.084905	0	0.011967	9.304	9.304	
0.084994	0	0.011808	9.31319	9.31319	
0.0850101	0	0.011656	9.33082	9.33082	
