accept,reject,	accept,reject,	accept,reject,	accept,reject,	accept,reject,	accept,reject,	accept,reject,	accept,reject,	accept,reject,	accept,reject,	accept,reject,	wait,	wait,	wait,	wait,	wait,	wait,	wait,	wait,	wait,	wait,	wait,	
0.5,0.5,	0.5,0.5,	0.5,0.5,	0.5,0.5,	0.5,0.5,	0.5,0.5,	0.5,0.5,	0.5,0.5,	0.5,0.5,	0.5,0.5,	0.5,0.5,	1,	1,	1,	1,	1,	1,	1,	1,	1,	1,	1,	
0.5,0.5,	0.517263,0.482737,	0.519539,0.480461,	0.522251,0.477749,	0.524844,0.475156,	0.513495,0.486505,	0.509067,0.490933,	0.476981,0.523019,	0.471985,0.528015,	0.486801,0.513199,	0.49994,0.50006,	1,	1,	1,	1,	1,	1,	1,	1,	1,	1,	1,	
0.5,0.5,	0.556641,0.443359,	0.528227,0.471773,	0.527789,0.472211,	0.504397,0.495603,	0.473942,0.526058,	0.457474,0.542526,	0.426582,0.573418,	0.444547,0.555453,	0.479167,0.520833,	0.499888,0.500112,	1,	1,	1,	1,	1,	1,	1,	1,	1,	1,	1,	
0.5,0.5,	0.599425,0.400575,	0.511158,0.488842,	0.488197,0.511803,	0.45186,0.54814,	0.414706,0.585294,	0.424892,0.575108,	0.406433,0.593567,	0.440473,0.559527,	0.48182,0.51818,	0.499851,0.500149,	1,	1,	1,	1,	1,	1,	1,	1,	1,	1,	1,	
0.5,0.5,	0.63692,0.36308,	0.455424,0.544576,	0.435753,0.564247,	0.416311,0.583689,	0.387968,0.612032,	0.416017,0.583983,	0.403753,0.596247,	0.452319,0.547681,	0.491835,0.508165,	0.499869,0.500131,	1,	1,	1,	1,	1,	1,	1,	1,	1,	1,	1,	
0.5,0.5,	0.659627,0.340373,	0.412037,0.587963,	0.391438,0.608562,	0.388969,0.611031,	0.382988,0.617012,	0.419509,0.580491,	0.423682,0.576318,	0.472934,0.527066,	0.502576,0.497424,	0.499867,0.500133,	1,	1,	1,	1,	1,	1,	1,	1,	1,	1,	1,	
0.5,0.5,	0.677886,0.322114,	0.385099,0.614901,	0.372694,0.627306,	0.389473,0.610527,	0.39072,0.60928,	0.435728,0.564272,	0.448708,0.551292,	0.494916,0.505084,	0.513467,0.486533,	0.49982,0.50018,	1,	1,	1,	1,	1,	1,	1,	1,	1,	1,	1,	
0.5,0.5,	0.707345,0.292655,	0.38194,0.61806,	0.380001,0.619999,	0.406976,0.593024,	0.411732,0.588268,	0.464435,0.535565,	0.477215,0.522785,	0.519399,0.480601,	0.526772,0.473228,	0.499862,0.500138,	1,	1,	1,	1,	1,	1,	1,	1,	1,	1,	1,	
0.5,0.5,	0.74704,0.25296,	0.403361,0.596639,	0.400302,0.599698,	0.430512,0.569488,	0.441998,0.558002,	0.500294,0.499706,	0.51184,0.48816,	0.545042,0.454958,	0.538262,0.461738,	0.499864,0.500136,	1,	1,	1,	1,	1,	1,	1,	1,	1,	1,	1,	
0.5,0.5,	0.79541,0.20459,	0.445695,0.554305,	0.439585,0.560415,	0.46774,0.53226,	0.482013,0.517987,	0.539685,0.460315,	0.552197,0.447803,	0.565626,0.434374,	0.550342,0.449658,	0.499941,0.500059,	1,	1,	1,	1,	1,	1,	1,	1,	1,	1,	1,	
0.5,0.5,	0.846288,0.153712,	0.507341,0.492659,	0.490483,0.509517,	0.508603,0.491397,	0.525601,0.474399,	0.582948,0.417052,	0.591476,0.408524,	0.592042,0.407958,	0.564049,0.435951,	0.500051,0.499949,	1,	1,	1,	1,	1,	1,	1,	1,	1,	1,	1,	
0.5,0.5,	0.889857,0.110143,	0.577551,0.422449,	0.549198,0.450802,	0.562705,0.437295,	0.574142,0.425858,	0.625636,0.374364,	0.630607,0.369393,	0.621606,0.378394,	0.578756,0.421244,	0.500106,0.499894,	1,	1,	1,	1,	1,	1,	1,	1,	1,	1,	1,	
0.5,0.5,	0.923661,0.0763388,	0.652806,0.347194,	0.612536,0.387464,	0.619331,0.380669,	0.627668,0.372332,	0.666054,0.333946,	0.671647,0.328353,	0.651092,0.348908,	0.593684,0.406316,	0.500062,0.499938,	1,	1,	1,	1,	1,	1,	1,	1,	1,	1,	1,	
0.5,0.5,	0.94881,0.0511897,	0.72695,0.27305,	0.671272,0.328728,	0.678257,0.321743,	0.678612,0.321388,	0.708902,0.291098,	0.710756,0.289244,	0.682765,0.317235,	0.608775,0.391225,	0.50005,0.49995,	1,	1,	1,	1,	1,	1,	1,	1,	1,	1,	1,	
0.5,0.5,	0.966474,0.0335259,	0.792092,0.207908,	0.728634,0.271366,	0.731533,0.268467,	0.728462,0.271538,	0.752659,0.247341,	0.752537,0.247463,	0.712413,0.287587,	0.623423,0.376577,	0.500014,0.499986,	1,	1,	1,	1,	1,	1,	1,	1,	1,	1,	1,	
0.5,0.5,	0.978327,0.021673,	0.84596,0.15404,	0.783277,0.216723,	0.777785,0.222215,	0.775361,0.224639,	0.797685,0.202315,	0.794967,0.205033,	0.740728,0.259272,	0.636085,0.363915,	0.500024,0.499976,	1,	1,	1,	1,	1,	1,	1,	1,	1,	1,	1,	
0.5,0.5,	0.986123,0.0138768,	0.889298,0.110702,	0.829871,0.170129,	0.817463,0.182537,	0.815882,0.184118,	0.838516,0.161484,	0.83194,0.16806,	0.766952,0.233048,	0.647938,0.352062,	0.500047,0.499953,	1,	1,	1,	1,	1,	1,	1,	1,	1,	1,	1,	
0.5,0.5,	0.991205,0.00879528,	0.922271,0.0777294,	0.869347,0.130653,	0.85103,0.14897,	0.850869,0.149131,	0.873161,0.126839,	0.862697,0.137303,	0.790047,0.209953,	0.660362,0.339638,	0.500038,0.499962,	1,	1,	1,	1,	1,	1,	1,	1,	1,	1,	1,	
0.5,0.5,	0.994469,0.00553065,	0.946536,0.0534641,	0.900577,0.099423,	0.879222,0.120778,	0.878624,0.121376,	0.900349,0.0996507,	0.888699,0.111301,	0.815017,0.184983,	0.674026,0.325974,	0.50005,0.49995,	1,	1,	1,	1,	1,	1,	1,	1,	1,	1,	1,	
0.5,0.5,	0.996571,0.00342937,	0.963761,0.0362386,	0.924719,0.0752814,	0.902852,0.0971484,	0.90271,0.0972905,	0.922437,0.0775632,	0.913027,0.086973,	0.839879,0.160121,	0.687858,0.312142,	0.500068,0.499932,	1,	1,	1,	1,	1,	1,	1,	1,	1,	1,	1,	
0.5,0.5,	0.997882,0.0021176,	0.975663,0.0243368,	0.943742,0.0562584,	0.922837,0.0771626,	0.924057,0.0759434,	0.940863,0.0591365,	0.932948,0.067052,	0.860464,0.139536,	0.700585,0.299415,	0.500054,0.499946,	1,	1,	1,	1,	1,	1,	1,	1,	1,	1,	1,	
0.5,0.5,	0.998695,0.00130496,	0.983771,0.0162288,	0.958455,0.0415447,	0.939078,0.0609216,	0.941761,0.0582395,	0.955535,0.0444655,	0.948428,0.0515721,	0.880011,0.119989,	0.714072,0.285928,	0.500073,0.499927,	1,	1,	1,	1,	1,	1,	1,	1,	1,	1,	1,	
0.5,0.5,	0.999196,0.000803818,	0.989252,0.0107476,	0.969506,0.0304938,	0.95265,0.0473497,	0.955937,0.0440631,	0.967145,0.0328547,	0.960654,0.039346,	0.896204,0.103796,	0.725728,0.274272,	0.500062,0.499938,	1,	1,	1,	1,	1,	1,	1,	1,	1,	1,	1,	
0.5,0.5,	0.999505,0.000495002,	0.992903,0.00709674,	0.977774,0.0222263,	0.963653,0.0363472,	0.96728,0.0327201,	0.975958,0.0240416,	0.970045,0.0299546,	0.911614,0.0883863,	0.738467,0.261533,	0.500058,0.499942,	1,	1,	1,	1,	1,	1,	1,	1,	1,	1,	1,	
0.5,0.5,	0.999695,0.000304778,	0.995323,0.00467713,	0.9839,0.0161002,	0.972287,0.0277125,	0.975889,0.0241114,	0.982441,0.0175587,	0.977364,0.0226355,	0.925379,0.0746209,	0.750165,0.249835,	0.500094,0.499906,	1,	1,	1,	1,	1,	1,	1,	1,	1,	1,	1,	
0.5,0.5,	0.999812,0.000187636,	0.996921,0.00307889,	0.988394,0.0116058,	0.978992,0.0210083,	0.982369,0.0176306,	0.98716,0.0128398,	0.982881,0.0171191,	0.936388,0.0636116,	0.761036,0.238964,	0.500098,0.499902,	1,	1,	1,	1,	1,	1,	1,	1,	1,	1,	1,	
0.5,0.5,	0.999884,0.00011551,	0.997975,0.00202534,	0.991662,0.00833826,	0.984136,0.0158639,	0.987152,0.0128481,	0.990581,0.0094188,	0.987037,0.0129627,	0.945711,0.054289,	0.771783,0.228217,	0.500114,0.499886,	1,	1,	1,	1,	1,	1,	1,	1,	1,	1,	1,	
0.5,0.5,	0.999929,7.11069e-05,	0.998668,0.00133174,	0.994025,0.00597535,	0.988048,0.0119518,	0.990657,0.00934325,	0.993099,0.00690117,	0.990188,0.00981207,	0.954119,0.045881,	0.782645,0.217355,	0.500127,0.499873,	1,	1,	1,	1,	1,	1,	1,	1,	1,	1,	1,	
0.5,0.5,	0.999956,4.37717e-05,	0.999125,0.000875426,	0.995729,0.00427089,	0.991023,0.00897676,	0.993213,0.00678696,	0.994957,0.00504293,	0.992591,0.00740854,	0.961391,0.0386094,	0.792223,0.207777,	0.500142,0.499858,	1,	1,	1,	1,	1,	1,	1,	1,	1,	1,	1,	
0.5,0.5,	0.999973,2.69444e-05,	0.999425,0.000575074,	0.996953,0.00304722,	0.993269,0.00673149,	0.99507,0.00492961,	0.996317,0.00368315,	0.994421,0.00557925,	0.967521,0.0324788,	0.801238,0.198762,	0.500112,0.499888,	1,	1,	1,	1,	1,	1,	1,	1,	1,	1,	1,	
0.5,0.5,	0.999983,1.6586e-05,	0.999623,0.000377019,	0.997827,0.00217277,	0.994952,0.00504808,	0.99642,0.00357984,	0.997314,0.00268583,	0.99581,0.00418965,	0.97293,0.0270703,	0.810501,0.189499,	0.500089,0.499911,	1,	1,	1,	1,	1,	1,	1,	1,	1,	1,	1,	
0.5,0.5,	0.99999,1.02097e-05,	0.999753,0.000247154,	0.998452,0.00154791,	0.996217,0.00378304,	0.997403,0.00259701,	0.998043,0.0019566,	0.996857,0.00314275,	0.97747,0.0225304,	0.818818,0.181182,	0.500099,0.499901,	1,	1,	1,	1,	1,	1,	1,	1,	1,	1,	1,	
0.5,0.5,	0.999994,6.28466e-06,	0.999838,0.000162011,	0.998898,0.00110244,	0.997165,0.00283541,	0.998116,0.00188425,	0.998576,0.00142438,	0.997643,0.00235696,	0.981172,0.018828,	0.826647,0.173353,	0.500082,0.499918,	1,	1,	1,	1,	1,	1,	1,	1,	1,	1,	1,	
0.5,0.5,	0.999996,3.86857e-06,	0.999894,0.000106196,	0.999215,0.000784728,	0.997875,0.00212509,	0.998633,0.00136691,	0.998963,0.00103652,	0.998232,0.00176765,	0.984279,0.0157206,	0.834298,0.165702,	0.5001,0.4999,	1,	1,	1,	1,	1,	1,	1,	1,	1,	1,	1,	
0.5,0.5,	0.999998,2.38132e-06,	0.99993,6.96082e-05,	0.999442,0.000558404,	0.998408,0.00159223,	0.999008,0.000992445,	0.999246,0.000753999,	0.998675,0.00132514,	0.986829,0.0131708,	0.841346,0.158654,	0.500083,0.499917,	1,	1,	1,	1,	1,	1,	1,	1,	1,	1,	1,	
0.5,0.5,	0.999999,1.46584e-06,	0.999954,4.56255e-05,	0.999603,0.000397329,	0.998807,0.00119274,	0.999279,0.000720619,	0.999452,0.000548346,	0.999007,0.000993411,	0.988953,0.011047,	0.848929,0.151071,	0.500129,0.499871,	1,	1,	1,	1,	1,	1,	1,	1,	1,	1,	1,	
0.5,0.5,	0.999999,9.02307e-07,	0.99997,2.99055e-05,	0.999717,0.000282701,	0.999107,0.000893327,	0.999477,0.000523156,	0.999601,0.000398732,	0.999256,0.000744459,	0.990738,0.00926154,	0.855902,0.144098,	0.500138,0.499862,	1,	1,	1,	1,	1,	1,	1,	1,	1,	1,	1,	
0.5,0.5,	0.999999,5.5542e-07,	0.99998,1.96016e-05,	0.999799,0.000201135,	0.999331,0.000669012,	0.99962,0.000379757,	0.99971,0.000289904,	0.999442,0.00055782,	0.992239,0.007761,	0.862068,0.137932,	0.500144,0.499856,	1,	1,	1,	1,	1,	1,	1,	1,	1,	1,	1,	
0.5,0.5,	1,3.41892e-07,	0.999987,1.28479e-05,	0.999857,0.000143097,	0.999499,0.00050102,	0.999724,0.000275637,	0.999789,0.000210848,	0.999582,0.000417981,	0.993482,0.00651769,	0.866839,0.133161,	0.500159,0.499841,	1,	1,	1,	1,	1,	1,	1,	1,	1,	1,	1,	
0.5,0.5,	1,2.10454e-07,	0.999992,8.42109e-06,	0.999898,0.000101804,	0.999625,0.000375315,	0.9998,0.000200125,	0.999847,0.000153373,	0.999687,0.000313156,	0.994509,0.00549072,	0.872011,0.127989,	0.500159,0.499841,	1,	1,	1,	1,	1,	1,	1,	1,	1,	1,	1,	
0.5,0.5,	1,1.29546e-07,	0.999994,5.51958e-06,	0.999928,7.24264e-05,	0.999719,0.00028113,	0.999855,0.000145365,	0.999888,0.000111559,	0.999765,0.000234587,	0.995381,0.00461868,	0.877701,0.122299,	0.500178,0.499822,	1,	1,	1,	1,	1,	1,	1,	1,	1,	1,	1,	
0.5,0.5,	1,7.97429e-08,	0.999996,3.61778e-06,	0.999948,5.15256e-05,	0.99979,0.000210462,	0.999894,0.000105586,	0.999919,8.11414e-05,	0.999824,0.000175714,	0.996117,0.0038831,	0.8826,0.1174,	0.500156,0.499844,	1,	1,	1,	1,	1,	1,	1,	1,	1,	1,	1,	
0.5,0.5,	1,4.90862e-08,	0.999998,2.37126e-06,	0.999963,3.66561e-05,	0.999842,0.000157553,	0.999923,7.66907e-05,	0.999941,5.90153e-05,	0.999868,0.000131607,	0.996733,0.0032674,	0.887135,0.112865,	0.500155,0.499845,	1,	1,	1,	1,	1,	1,	1,	1,	1,	1,	1,	
0.5,0.5,	1,3.02153e-08,	0.999998,1.55423e-06,	0.999974,2.60775e-05,	0.999882,0.000117942,	0.999944,5.57025e-05,	0.999957,4.29219e-05,	0.999901,9.85668e-05,	0.997251,0.00274859,	0.891279,0.108721,	0.500148,0.499852,	1,	1,	1,	1,	1,	1,	1,	1,	1,	1,	1,	
0.5,0.5,	1,1.85992e-08,	0.999999,1.01871e-06,	0.999981,1.85517e-05,	0.999912,8.8289e-05,	0.99996,4.04578e-05,	0.999969,3.12167e-05,	0.999926,7.38186e-05,	0.997688,0.00231241,	0.895443,0.104557,	0.500159,0.499841,	1,	1,	1,	1,	1,	1,	1,	1,	1,	1,	1,	
0.5,0.5,	1,1.14489e-08,	0.999999,6.6771e-07,	0.999987,1.31978e-05,	0.999934,6.60903e-05,	0.999971,2.93851e-05,	0.999977,2.27034e-05,	0.999945,5.52827e-05,	0.998055,0.00194478,	0.899195,0.100805,	0.50015,0.49985,	1,	1,	1,	1,	1,	1,	1,	1,	1,	1,	1,	
0.5,0.5,	1,7.04741e-09,	1,4.37647e-07,	0.999991,9.38897e-06,	0.999951,4.94728e-05,	0.999979,2.13427e-05,	0.999983,1.65117e-05,	0.999959,4.14004e-05,	0.998366,0.0016341,	0.902416,0.0975843,	0.500157,0.499843,	1,	1,	1,	1,	1,	1,	1,	1,	1,	1,	1,	
0.5,0.5,	1,4.33808e-09,	1,2.86853e-07,	0.999993,6.67934e-06,	0.999963,3.70334e-05,	0.999984,1.55014e-05,	0.999988,1.20086e-05,	0.999969,3.10036e-05,	0.998626,0.00137353,	0.906056,0.093944,	0.500147,0.499853,	1,	1,	1,	1,	1,	1,	1,	1,	1,	1,	1,	
0.5,0.5,	1,2.67033e-09,	1,1.88016e-07,	0.999995,4.7517e-06,	0.999972,2.77216e-05,	0.999989,1.12588e-05,	0.999991,8.73353e-06,	0.999977,2.32175e-05,	0.998846,0.00115401,	0.909729,0.0902708,	0.500159,0.499841,	1,	1,	1,	1,	1,	1,	1,	1,	1,	1,	1,	
0.5,0.5,	1,1.64374e-09,	1,1.23234e-07,	0.999997,3.38036e-06,	0.999979,2.0751e-05,	0.999992,8.17732e-06,	0.999994,6.35165e-06,	0.999983,1.73866e-05,	0.999031,0.000969066,	0.91318,0.0868202,	0.500122,0.499878,	1,	1,	1,	1,	1,	1,	1,	1,	1,	1,	1,	
0.5,0.5,	1,1.01181e-09,	1,8.07733e-08,	0.999998,2.4048e-06,	0.999984,1.55332e-05,	0.999994,5.93923e-06,	0.999995,4.61937e-06,	0.999987,1.302e-05,	0.999185,0.000814651,	0.915987,0.0840134,	0.500156,0.499844,	1,	1,	1,	1,	1,	1,	1,	1,	1,	1,	1,	
0.5,0.5,	1,6.22826e-10,	1,5.29424e-08,	0.999998,1.71077e-06,	0.999988,1.16274e-05,	0.999996,4.31369e-06,	0.999997,3.35953e-06,	0.99999,9.75005e-06,	0.999315,0.00068483,	0.918908,0.0810915,	0.500109,0.499891,	1,	1,	1,	1,	1,	1,	1,	1,	1,	1,	1,	
0.5,0.5,	1,3.83385e-10,	1,3.47008e-08,	0.999999,1.21705e-06,	0.999991,8.70365e-06,	0.999997,3.13305e-06,	0.999998,2.44329e-06,	0.999993,7.3013e-06,	0.999424,0.000575863,	0.922203,0.077797,	0.50012,0.49988,	1,	1,	1,	1,	1,	1,	1,	1,	1,	1,	1,	
0.5,0.5,	1,2.35995e-10,	1,2.27445e-08,	0.999999,8.65808e-07,	0.999993,6.5151e-06,	0.999998,2.27555e-06,	0.999998,1.77693e-06,	0.999995,5.46754e-06,	0.999516,0.00048422,	0.924631,0.0753688,	0.500113,0.499887,	1,	1,	1,	1,	1,	1,	1,	1,	1,	1,	1,	
0.5,0.5,	1,1.45268e-10,	1,1.49077e-08,	0.999999,6.15937e-07,	0.999995,4.87686e-06,	0.999998,1.65274e-06,	0.999999,1.2923e-06,	0.999996,4.09433e-06,	0.999593,0.000407092,	0.927394,0.0726062,	0.500109,0.499891,	1,	1,	1,	1,	1,	1,	1,	1,	1,	1,	1,	
0.5,0.5,	1,8.94205e-11,	1,9.77119e-09,	1,4.38178e-07,	0.999996,3.65056e-06,	0.999999,1.20039e-06,	0.999999,9.39853e-07,	0.999997,3.06601e-06,	0.999658,0.000342195,	0.930041,0.0699594,	0.50014,0.49986,	1,	1,	1,	1,	1,	1,	1,	1,	1,	1,	1,	
0.5,0.5,	1,5.50433e-11,	1,6.40447e-09,	1,3.1172e-07,	0.999997,2.73261e-06,	0.999999,8.71846e-07,	0.999999,6.83525e-07,	0.999998,2.29596e-06,	0.999712,0.0002876,	0.932701,0.0672988,	0.500137,0.499863,	1,	1,	1,	1,	1,	1,	1,	1,	1,	1,	1,	
0.5,0.5,	1,3.38822e-11,	1,4.19778e-09,	1,2.21758e-07,	0.999998,2.04549e-06,	0.999999,6.33225e-07,	1,4.97107e-07,	0.999998,1.71931e-06,	0.999758,0.000241686,	0.935336,0.0646644,	0.500139,0.499861,	1,	1,	1,	1,	1,	1,	1,	1,	1,	1,	1,	
0.5,0.5,	1,2.08564e-11,	1,2.75141e-09,	1,1.57759e-07,	0.999998,1.53114e-06,	1,4.59913e-07,	1,3.6153e-07,	0.999999,1.28749e-06,	0.999797,0.000203088,	0.937628,0.0623719,	0.500142,0.499858,	1,	1,	1,	1,	1,	1,	1,	1,	1,	1,	1,	
0.5,0.5,	1,1.28383e-11,	1,1.8034e-09,	1,1.1223e-07,	0.999999,1.14613e-06,	1,3.34036e-07,	1,2.62929e-07,	0.999999,9.64122e-07,	0.999829,0.000170642,	0.939652,0.0603475,	0.500149,0.499851,	1,	1,	1,	1,	1,	1,	1,	1,	1,	1,	1,	
0.5,0.5,	1,7.90268e-12,	1,1.18203e-09,	1,7.98403e-08,	0.999999,8.5793e-07,	1,2.42612e-07,	1,1.9122e-07,	0.999999,7.21974e-07,	0.999857,0.000143407,	0.941557,0.0584428,	0.500138,0.499862,	1,	1,	1,	1,	1,	1,	1,	1,	1,	1,	1,	
0.5,0.5,	1,4.86454e-12,	1,7.74752e-10,	1,5.67984e-08,	0.999999,6.422e-07,	1,1.7621e-07,	1,1.39068e-07,	0.999999,5.40643e-07,	0.999879,0.000120567,	0.943564,0.0564359,	0.500157,0.499843,	1,	1,	1,	1,	1,	1,	1,	1,	1,	1,	1,	
0.5,0.5,	1,2.9944e-12,	1,5.07807e-10,	1,4.04064e-08,	1,4.80716e-07,	1,1.27982e-07,	1,1.0114e-07,	1,4.04855e-07,	0.999899,0.000101359,	0.945621,0.0543786,	0.500129,0.499871,	1,	1,	1,	1,	1,	1,	1,	1,	1,	1,	1,	
0.5,0.5,	1,1.84322e-12,	1,3.32839e-10,	1,2.87452e-08,	1,3.59838e-07,	1,9.29535e-08,	1,7.35559e-08,	1,3.03171e-07,	0.999915,8.52094e-05,	0.947373,0.0526274,	0.500147,0.499853,	1,	1,	1,	1,	1,	1,	1,	1,	1,	1,	1,	
0.5,0.5,	1,1.1346e-12,	1,2.18158e-10,	1,2.04493e-08,	1,2.69355e-07,	1,6.75124e-08,	1,5.34949e-08,	1,2.27027e-07,	0.999928,7.16309e-05,	0.948815,0.0511855,	0.500123,0.499877,	1,	1,	1,	1,	1,	1,	1,	1,	1,	1,	1,	
0.5,0.5,	1,6.98413e-13,	1,1.4299e-10,	1,1.45477e-08,	1,2.01624e-07,	1,4.90344e-08,	1,3.89051e-08,	1,1.70007e-07,	0.99994,6.02504e-05,	0.950377,0.0496229,	0.500123,0.499877,	1,	1,	1,	1,	1,	1,	1,	1,	1,	1,	1,	
0.5,0.5,	1,4.29912e-13,	1,9.37222e-11,	1,1.03492e-08,	1,1.50925e-07,	1,3.56139e-08,	1,2.82945e-08,	1,1.27308e-07,	0.999949,5.06869e-05,	0.952226,0.0477739,	0.500142,0.499858,	1,	1,	1,	1,	1,	1,	1,	1,	1,	1,	1,	
0.5,0.5,	1,2.64635e-13,	1,6.14297e-11,	1,7.36244e-09,	1,1.12974e-07,	1,2.58665e-08,	1,2.05777e-08,	1,9.53329e-08,	0.999957,4.26406e-05,	0.953883,0.0461165,	0.500136,0.499864,	1,	1,	1,	1,	1,	1,	1,	1,	1,	1,	1,	
0.5,0.5,	1,1.62898e-13,	1,4.02638e-11,	1,5.23765e-09,	1,8.45664e-08,	1,1.87869e-08,	1,1.49655e-08,	1,7.13891e-08,	0.999964,3.58711e-05,	0.955239,0.044761,	0.500164,0.499836,	1,	1,	1,	1,	1,	1,	1,	1,	1,	1,	1,	
0.5,0.5,	1,1.00273e-13,	1,2.63907e-11,	1,3.72606e-09,	1,6.33018e-08,	1,1.3645e-08,	1,1.08839e-08,	1,5.3459e-08,	0.99997,3.0176e-05,	0.956505,0.0434946,	0.500149,0.499851,	1,	1,	1,	1,	1,	1,	1,	1,	1,	1,	1,	
0.5,0.5,	1,6.17234e-14,	1,1.72976e-11,	1,2.65072e-09,	1,4.73843e-08,	1,9.91039e-09,	1,7.91553e-09,	1,4.00322e-08,	0.999975,2.53848e-05,	0.957869,0.0421305,	0.500146,0.499854,	1,	1,	1,	1,	1,	1,	1,	1,	1,	1,	1,	
0.5,0.5,	1,3.79942e-14,	1,1.13376e-11,	1,1.88573e-09,	1,3.54693e-08,	1,7.19795e-09,	1,5.75672e-09,	1,2.99777e-08,	0.999979,2.13542e-05,	0.959187,0.040813,	0.500153,0.499847,	1,	1,	1,	1,	1,	1,	1,	1,	1,	1,	1,	
0.5,0.5,	1,2.33875e-14,	1,7.43118e-12,	1,1.34151e-09,	1,2.65504e-08,	1,5.22789e-09,	1,4.18668e-09,	1,2.24485e-08,	0.999982,1.79634e-05,	0.960387,0.0396128,	0.500172,0.499828,	1,	1,	1,	1,	1,	1,	1,	1,	1,	1,	1,	
0.5,0.5,	1,1.43963e-14,	1,4.87073e-12,	1,9.54349e-10,	1,1.98742e-08,	1,3.79703e-09,	1,3.04484e-09,	1,1.68103e-08,	0.999985,1.5111e-05,	0.961482,0.0385178,	0.500172,0.499828,	1,	1,	1,	1,	1,	1,	1,	1,	1,	1,	1,	
0.5,0.5,	1,8.86175e-15,	1,3.19249e-12,	1,6.78925e-10,	1,1.48767e-08,	1,2.7578e-09,	1,2.21441e-09,	1,1.25882e-08,	0.999987,1.27114e-05,	0.962596,0.0374045,	0.500169,0.499831,	1,	1,	1,	1,	1,	1,	1,	1,	1,	1,	1,	
0.5,0.5,	1,5.4549e-15,	1,2.0925e-12,	1,4.82988e-10,	1,1.11359e-08,	1,2.003e-09,	1,1.61047e-09,	1,9.42655e-09,	0.999989,1.06928e-05,	0.963828,0.0361722,	0.500169,0.499831,	1,	1,	1,	1,	1,	1,	1,	1,	1,	1,	1,	
0.5,0.5,	1,3.3578e-15,	1,1.37152e-12,	1,3.43598e-10,	1,8.33573e-09,	1,1.45478e-09,	1,1.17125e-09,	1,7.05897e-09,	0.999991,8.99478e-06,	0.964906,0.0350944,	0.500175,0.499825,	1,	1,	1,	1,	1,	1,	1,	1,	1,	1,	1,	
0.5,0.5,	1,2.06691e-15,	1,8.98954e-13,	1,2.44436e-10,	1,6.23967e-09,	1,1.05661e-09,	1,8.5181e-10,	1,5.28603e-09,	0.999992,7.56637e-06,	0.965882,0.0341184,	0.500173,0.499827,	1,	1,	1,	1,	1,	1,	1,	1,	1,	1,	1,	
0.5,0.5,	1,1.2723e-15,	1,5.89215e-13,	1,1.73892e-10,	1,4.67068e-09,	1,7.67421e-10,	1,6.19494e-10,	1,3.95839e-09,	0.999994,6.36478e-06,	0.966866,0.0331338,	0.500157,0.499843,	1,	1,	1,	1,	1,	1,	1,	1,	1,	1,	1,	
0.5,0.5,	1,7.83172e-16,	1,3.86197e-13,	1,1.23707e-10,	1,3.49621e-09,	1,5.5738e-10,	1,4.50538e-10,	1,2.9642e-09,	0.999995,5.35399e-06,	0.968012,0.0319881,	0.500161,0.499839,	1,	1,	1,	1,	1,	1,	1,	1,	1,	1,	1,	
0.5,0.5,	1,4.82086e-16,	1,2.53131e-13,	1,8.8005e-11,	1,2.61708e-09,	1,4.04827e-10,	1,3.27662e-10,	1,2.21971e-09,	0.999995,4.50372e-06,	0.969041,0.030959,	0.500148,0.499852,	1,	1,	1,	1,	1,	1,	1,	1,	1,	1,	1,	
0.5,0.5,	1,2.96751e-16,	1,1.65913e-13,	1,6.26068e-11,	1,1.959e-09,	1,2.94027e-10,	1,2.38298e-10,	1,1.66221e-09,	0.999996,3.78848e-06,	0.969995,0.0300046,	0.500183,0.499817,	1,	1,	1,	1,	1,	1,	1,	1,	1,	1,	1,	
0.5,0.5,	1,1.82667e-16,	1,1.08747e-13,	1,4.45385e-11,	1,1.4664e-09,	1,2.13553e-10,	1,1.73307e-10,	1,1.24472e-09,	0.999997,3.18682e-06,	0.970878,0.0291219,	0.500171,0.499829,	1,	1,	1,	1,	1,	1,	1,	1,	1,	1,	1,	
0.5,0.5,	1,1.12442e-16,	1,7.12776e-14,	1,3.16847e-11,	1,1.09767e-09,	1,1.55104e-10,	1,1.26041e-10,	1,9.32099e-10,	0.999997,2.68071e-06,	0.971771,0.0282286,	0.500172,0.499828,	1,	1,	1,	1,	1,	1,	1,	1,	1,	1,	1,	
0.5,0.5,	1,6.92141e-17,	1,4.67185e-14,	1,2.25405e-11,	1,8.21654e-10,	1,1.12653e-10,	1,9.16653e-11,	1,6.97992e-10,	0.999998,2.25497e-06,	0.972569,0.0274308,	0.500164,0.499836,	1,	1,	1,	1,	1,	1,	1,	1,	1,	1,	1,	
0.5,0.5,	1,4.26051e-17,	1,3.06214e-14,	1,1.60354e-11,	1,6.15045e-10,	1,8.18199e-11,	1,6.66653e-11,	1,5.22684e-10,	0.999998,1.89685e-06,	0.973313,0.0266873,	0.500173,0.499827,	1,	1,	1,	1,	1,	1,	1,	1,	1,	1,	1,	
0.5,0.5,	1,2.62259e-17,	1,2.00706e-14,	1,1.14076e-11,	1,4.6039e-10,	1,5.9426e-11,	1,4.84835e-11,	1,3.91406e-10,	0.999998,1.5956e-06,	0.974045,0.025955,	0.500201,0.499799,	1,	1,	1,	1,	1,	1,	1,	1,	1,	1,	1,	
0.5,0.5,	1,1.61435e-17,	1,1.31552e-14,	1,8.11535e-12,	1,3.44623e-10,	1,4.31613e-11,	1,3.52605e-11,	1,2.93101e-10,	0.999999,1.34219e-06,	0.974695,0.0253051,	0.50021,0.49979,	1,	1,	1,	1,	1,	1,	1,	1,	1,	1,	1,	
0.5,0.5,	1,9.93721e-18,	1,8.62249e-15,	1,5.77326e-12,	1,2.57966e-10,	1,3.13482e-11,	1,2.56439e-11,	1,2.19485e-10,	0.999999,1.12903e-06,	0.975334,0.0246661,	0.500223,0.499777,	1,	1,	1,	1,	1,	1,	1,	1,	1,	1,	1,	
0.5,0.5,	1,6.11691e-18,	1,5.65156e-15,	1,4.1071e-12,	1,1.93099e-10,	1,2.27683e-11,	1,1.865e-11,	1,1.64359e-10,	0.999999,9.49719e-07,	0.975905,0.0240951,	0.500227,0.499773,	1,	1,	1,	1,	1,	1,	1,	1,	1,	1,	1,	
0.5,0.5,	1,3.7653e-18,	1,3.70429e-15,	1,2.9218e-12,	1,1.44543e-10,	1,1.65367e-11,	1,1.35635e-11,	1,1.23079e-10,	0.999999,7.98887e-07,	0.976459,0.0235413,	0.500234,0.499766,	1,	1,	1,	1,	1,	1,	1,	1,	1,	1,	1,	
0.5,0.5,	1,2.31775e-18,	1,2.42795e-15,	1,2.07857e-12,	1,1.08197e-10,	1,1.20106e-11,	1,9.86433e-12,	1,9.21661e-11,	0.999999,6.7201e-07,	0.977044,0.0229557,	0.500227,0.499773,	1,	1,	1,	1,	1,	1,	1,	1,	1,	1,	1,	
0.5,0.5,	1,1.42671e-18,	1,1.59139e-15,	1,1.47869e-12,	1,8.09906e-11,	1,8.72336e-12,	1,7.17401e-12,	1,6.90176e-11,	0.999999,5.65283e-07,	0.977665,0.0223353,	0.500225,0.499775,	1,	1,	1,	1,	1,	1,	1,	1,	1,	1,	1,	
0.5,0.5,	1,8.78218e-19,	1,1.04307e-15,	1,1.05194e-12,	1,6.06252e-11,	1,6.3358e-12,	1,5.21743e-12,	1,5.16831e-11,	1,4.75506e-07,	0.978321,0.0216788,	0.500217,0.499783,	1,	1,	1,	1,	1,	1,	1,	1,	1,	1,	1,	
0.5,0.5,	1,5.40592e-19,	1,6.83673e-16,	1,7.48354e-13,	1,4.53807e-11,	1,4.60171e-12,	1,3.79447e-12,	1,3.87024e-11,	1,3.99987e-07,	0.97888,0.02112,	0.500231,0.499769,	1,	1,	1,	1,	1,	1,	1,	1,	1,	1,	1,	
0.5,0.5,	1,3.32765e-19,	1,4.48109e-16,	1,5.32379e-13,	1,3.39695e-11,	1,3.34224e-12,	1,2.7596e-12,	1,2.89818e-11,	1,3.36462e-07,	0.979411,0.0205891,	0.500216,0.499784,	1,	1,	1,	1,	1,	1,	1,	1,	1,	1,	1,	
0.5,0.5,	1,2.04835e-19,	1,2.93711e-16,	1,3.78735e-13,	1,2.54277e-11,	1,2.42748e-12,	1,2.00697e-12,	1,2.17027e-11,	1,2.83025e-07,	0.979939,0.0200615,	0.500241,0.499759,	1,	1,	1,	1,	1,	1,	1,	1,	1,	1,	1,	
0.5,0.5,	1,1.26088e-19,	1,1.92511e-16,	1,2.69432e-13,	1,1.90338e-11,	1,1.76309e-12,	1,1.4596e-12,	1,1.62519e-11,	1,2.38076e-07,	0.980453,0.0195465,	0.500244,0.499756,	1,	1,	1,	1,	1,	1,	1,	1,	1,	1,	1,	
0.5,0.5,	1,7.76139e-20,	1,1.2618e-16,	1,1.91674e-13,	1,1.42477e-11,	1,1.28053e-12,	1,1.06152e-12,	1,1.217e-11,	1,2.00265e-07,	0.980959,0.0190409,	0.500246,0.499754,	1,	1,	1,	1,	1,	1,	1,	1,	1,	1,	1,	
0.5,0.5,	1,4.77757e-20,	1,8.27042e-17,	1,1.36357e-13,	1,1.0665e-11,	1,9.30056e-13,	1,7.72013e-13,	1,9.11341e-12,	1,1.68459e-07,	0.981418,0.0185821,	0.500264,0.499736,	1,	1,	1,	1,	1,	1,	1,	1,	1,	1,	1,	
0.5,0.5,	1,2.94086e-20,	1,5.4208e-17,	1,9.70046e-14,	1,7.98326e-12,	1,6.75502e-13,	1,5.6146e-13,	1,6.82448e-12,	1,1.41705e-07,	0.981857,0.0181431,	0.500251,0.499749,	1,	1,	1,	1,	1,	1,	1,	1,	1,	1,	1,	
0.5,0.5,	1,1.81026e-20,	1,3.55304e-17,	1,6.90091e-14,	1,5.97583e-12,	1,4.90619e-13,	1,4.08332e-13,	1,5.11044e-12,	1,1.19199e-07,	0.982268,0.0177316,	0.500255,0.499745,	1,	1,	1,	1,	1,	1,	1,	1,	1,	1,	1,	
0.5,0.5,	1,1.11432e-20,	1,2.32882e-17,	1,4.90932e-14,	1,4.47318e-12,	1,3.56338e-13,	1,2.96967e-13,	1,3.8269e-12,	1,1.00268e-07,	0.982695,0.0173052,	0.50025,0.49975,	1,	1,	1,	1,	1,	1,	1,	1,	1,	1,	1,	
0.5,0.5,	1,6.85926e-21,	1,1.52641e-17,	1,3.49249e-14,	1,3.34838e-12,	1,2.5881e-13,	1,2.15975e-13,	1,2.86573e-12,	1,8.43439e-08,	0.983125,0.0168748,	0.500237,0.499763,	1,	1,	1,	1,	1,	1,	1,	1,	1,	1,	1,	
0.5,0.5,	1,4.22226e-21,	1,1.00048e-17,	1,2.48456e-14,	1,2.50642e-12,	1,1.87974e-13,	1,1.57072e-13,	1,2.14597e-12,	1,7.09486e-08,	0.983554,0.0164463,	0.500239,0.499761,	1,	1,	1,	1,	1,	1,	1,	1,	1,	1,	1,	
0.5,0.5,	1,2.59903e-21,	1,6.55757e-18,	1,1.76752e-14,	1,1.87617e-12,	1,1.36526e-13,	1,1.14233e-13,	1,1.60699e-12,	1,5.96806e-08,	0.983978,0.016022,	0.500236,0.499764,	1,	1,	1,	1,	1,	1,	1,	1,	1,	1,	1,	
0.5,0.5,	1,1.59985e-21,	1,4.29813e-18,	1,1.25741e-14,	1,1.4044e-12,	1,9.91595e-14,	1,8.30782e-14,	1,1.20338e-12,	1,5.02022e-08,	0.984392,0.0156077,	0.50025,0.49975,	1,	1,	1,	1,	1,	1,	1,	1,	1,	1,	1,	
0.5,0.5,	1,9.84798e-22,	1,2.81718e-18,	1,8.94524e-15,	1,1.05125e-12,	1,7.20198e-14,	1,6.04201e-14,	1,9.01136e-13,	1,4.22292e-08,	0.984789,0.0152114,	0.50023,0.49977,	1,	1,	1,	1,	1,	1,	1,	1,	1,	1,	1,	
0.5,0.5,	1,6.06198e-22,	1,1.84651e-18,	1,6.36365e-15,	1,7.86911e-13,	1,5.23082e-14,	1,4.39416e-14,	1,6.74806e-13,	1,3.55224e-08,	0.985164,0.0148358,	0.500221,0.499779,	1,	1,	1,	1,	1,	1,	1,	1,	1,	1,	1,	
0.5,0.5,	1,3.73149e-22,	1,1.21028e-18,	1,4.52711e-15,	1,5.89039e-13,	1,3.79916e-14,	1,3.19573e-14,	1,5.05321e-13,	1,2.98808e-08,	0.985526,0.0144739,	0.500214,0.499786,	1,	1,	1,	1,	1,	1,	1,	1,	1,	1,	1,	
0.5,0.5,	1,2.29694e-22,	1,7.93273e-19,	1,3.22059e-15,	1,4.40922e-13,	1,2.75934e-14,	1,2.32416e-14,	1,3.78404e-13,	1,2.51352e-08,	0.985879,0.0141205,	0.500203,0.499797,	1,	1,	1,	1,	1,	1,	1,	1,	1,	1,	1,	
0.5,0.5,	1,1.41389e-22,	1,5.19947e-19,	1,2.29113e-15,	1,3.30051e-13,	1,2.00412e-14,	1,1.69029e-14,	1,2.83364e-13,	1,2.11432e-08,	0.986226,0.0137745,	0.500184,0.499816,	1,	1,	1,	1,	1,	1,	1,	1,	1,	1,	1,	
0.5,0.5,	1,8.70331e-23,	1,3.40796e-19,	1,1.62991e-15,	1,2.47058e-13,	1,1.4556e-14,	1,1.22929e-14,	1,2.12194e-13,	1,1.77853e-08,	0.986556,0.0134438,	0.500177,0.499823,	1,	1,	1,	1,	1,	1,	1,	1,	1,	1,	1,	
0.5,0.5,	1,5.35738e-23,	1,2.23373e-19,	1,1.15952e-15,	1,1.84934e-13,	1,1.05721e-14,	1,8.94024e-15,	1,1.58899e-13,	1,1.49607e-08,	0.986875,0.0131249,	0.500178,0.499822,	1,	1,	1,	1,	1,	1,	1,	1,	1,	1,	1,	
0.5,0.5,	1,3.29776e-23,	1,1.46409e-19,	1,8.24882e-16,	1,1.38432e-13,	1,7.67851e-15,	1,6.50195e-15,	1,1.1899e-13,	1,1.25846e-08,	0.987166,0.0128344,	0.500197,0.499803,	1,	1,	1,	1,	1,	1,	1,	1,	1,	1,	1,	
0.5,0.5,	1,2.02996e-23,	1,9.59627e-20,	1,5.86822e-16,	1,1.03622e-13,	1,5.57693e-15,	1,4.72866e-15,	1,8.91045e-14,	1,1.0586e-08,	0.987453,0.0125472,	0.500201,0.499799,	1,	1,	1,	1,	1,	1,	1,	1,	1,	1,	1,	
0.5,0.5,	1,1.24955e-23,	1,6.28982e-20,	1,4.17465e-16,	1,7.7566e-14,	1,4.05054e-15,	1,3.43901e-15,	1,6.67249e-14,	1,8.90471e-09,	0.987734,0.012266,	0.500202,0.499798,	1,	1,	1,	1,	1,	1,	1,	1,	1,	1,	1,	
0.5,0.5,	1,7.6917e-24,	1,4.12263e-20,	1,2.96985e-16,	1,5.80617e-14,	1,2.94192e-15,	1,2.50108e-15,	1,4.99663e-14,	1,7.49047e-09,	0.988018,0.0119821,	0.500209,0.499791,	1,	1,	1,	1,	1,	1,	1,	1,	1,	1,	1,	
0.5,0.5,	1,4.73467e-24,	1,2.70215e-20,	1,2.11275e-16,	1,4.34618e-14,	1,2.13673e-15,	1,1.81896e-15,	1,3.74167e-14,	1,6.30085e-09,	0.988288,0.0117117,	0.500199,0.499801,	1,	1,	1,	1,	1,	1,	1,	1,	1,	1,	1,	
0.5,0.5,	1,2.91445e-24,	1,1.77111e-20,	1,1.50301e-16,	1,3.25331e-14,	1,1.55191e-15,	1,1.32287e-15,	1,2.80191e-14,	1,5.30016e-09,	0.988556,0.0114441,	0.500181,0.499819,	1,	1,	1,	1,	1,	1,	1,	1,	1,	1,	1,	
0.5,0.5,	1,1.79401e-24,	1,1.16087e-20,	1,1.06925e-16,	1,2.43525e-14,	1,1.12716e-15,	1,9.62081e-16,	1,2.09818e-14,	1,4.45839e-09,	0.988819,0.0111811,	0.5002,0.4998,	1,	1,	1,	1,	1,	1,	1,	1,	1,	1,	1,	
0.5,0.5,	1,1.10431e-24,	1,7.60883e-21,	1,7.60662e-17,	1,1.8229e-14,	1,8.18658e-16,	1,6.99691e-16,	1,1.5712e-14,	1,3.75032e-09,	0.989072,0.010928,	0.500226,0.499774,	1,	1,	1,	1,	1,	1,	1,	1,	1,	1,	1,	
0.5,0.5,	1,6.79766e-25,	1,4.98717e-21,	1,5.41136e-17,	1,1.36452e-14,	1,5.94593e-16,	1,5.08863e-16,	1,1.17658e-14,	1,3.1547e-09,	0.989327,0.0106729,	0.50023,0.49977,	1,	1,	1,	1,	1,	1,	1,	1,	1,	1,	1,	
0.5,0.5,	1,4.18434e-25,	1,3.26881e-21,	1,3.84964e-17,	1,1.02141e-14,	1,4.31855e-16,	1,3.7008e-16,	1,8.81067e-15,	1,2.65367e-09,	0.989574,0.0104263,	0.50022,0.49978,	1,	1,	1,	1,	1,	1,	1,	1,	1,	1,	1,	
0.5,0.5,	1,2.5757e-25,	1,2.14252e-21,	1,2.73864e-17,	1,7.6457e-15,	1,3.13658e-16,	1,2.69147e-16,	1,6.59778e-15,	1,2.23222e-09,	0.989797,0.0102031,	0.500214,0.499786,	1,	1,	1,	1,	1,	1,	1,	1,	1,	1,	1,	
0.5,0.5,	1,1.58548e-25,	1,1.40431e-21,	1,1.94827e-17,	1,5.72315e-15,	1,2.27811e-16,	1,1.95742e-16,	1,4.94067e-15,	1,1.8777e-09,	0.990008,0.00999167,	0.500215,0.499785,	1,	1,	1,	1,	1,	1,	1,	1,	1,	1,	1,	
0.5,0.5,	1,9.75955e-26,	1,9.20444e-22,	1,1.386e-17,	1,4.28404e-15,	1,1.65459e-16,	1,1.42357e-16,	1,3.69977e-15,	1,1.57949e-09,	0.990215,0.00978491,	0.50023,0.49977,	1,	1,	1,	1,	1,	1,	1,	1,	1,	1,	1,	
0.5,0.5,	1,6.00755e-26,	1,6.033e-22,	1,9.86001e-18,	1,3.2068e-15,	1,1.20174e-16,	1,1.03532e-16,	1,2.77053e-15,	1,1.32864e-09,	0.990413,0.00958722,	0.500231,0.499769,	1,	1,	1,	1,	1,	1,	1,	1,	1,	1,	1,	
0.5,0.5,	1,3.69798e-26,	1,3.9543e-22,	1,7.01442e-18,	1,2.40043e-15,	1,8.72825e-17,	1,7.52954e-17,	1,2.07469e-15,	1,1.11762e-09,	0.990605,0.00939463,	0.500217,0.499783,	1,	1,	1,	1,	1,	1,	1,	1,	1,	1,	1,	
0.5,0.5,	1,2.27631e-26,	1,2.59182e-22,	1,4.99006e-18,	1,1.79683e-15,	1,6.33936e-17,	1,5.476e-17,	1,1.55361e-15,	1,9.40124e-10,	0.990792,0.00920814,	0.500209,0.499791,	1,	1,	1,	1,	1,	1,	1,	1,	1,	1,	1,	
0.5,0.5,	1,1.4012e-26,	1,1.6988e-22,	1,3.54993e-18,	1,1.34501e-15,	1,4.60429e-17,	1,3.98252e-17,	1,1.1634e-15,	1,7.90815e-10,	0.990973,0.00902698,	0.500201,0.499799,	1,	1,	1,	1,	1,	1,	1,	1,	1,	1,	1,	
0.5,0.5,	1,8.62516e-27,	1,1.11347e-22,	1,2.52542e-18,	1,1.0068e-15,	1,3.34411e-17,	1,2.89636e-17,	1,8.71201e-16,	1,6.65219e-10,	0.991151,0.00884855,	0.500195,0.499805,	1,	1,	1,	1,	1,	1,	1,	1,	1,	1,	1,	
0.5,0.5,	1,5.30927e-27,	1,7.29815e-23,	1,1.79659e-18,	1,7.53638e-16,	1,2.42884e-17,	1,2.10643e-17,	1,6.52389e-16,	1,5.5957e-10,	0.991328,0.00867155,	0.500196,0.499804,	1,	1,	1,	1,	1,	1,	1,	1,	1,	1,	1,	
0.5,0.5,	1,3.26815e-27,	1,4.78353e-23,	1,1.27809e-18,	1,5.64132e-16,	1,1.76407e-17,	1,1.53194e-17,	1,4.88535e-16,	1,4.707e-10,	0.991502,0.00849769,	0.500191,0.499809,	1,	1,	1,	1,	1,	1,	1,	1,	1,	1,	1,	
0.5,0.5,	1,2.01173e-27,	1,3.13534e-23,	1,9.09237e-19,	1,4.22279e-16,	1,1.28125e-17,	1,1.11413e-17,	1,3.65834e-16,	1,3.95944e-10,	0.991674,0.00832561,	0.500202,0.499798,	1,	1,	1,	1,	1,	1,	1,	1,	1,	1,	1,	
0.5,0.5,	1,1.23833e-27,	1,2.05504e-23,	1,6.46832e-19,	1,3.16095e-16,	1,9.30577e-18,	1,8.10273e-18,	1,2.73951e-16,	1,3.33061e-10,	0.991837,0.00816268,	0.500201,0.499799,	1,	1,	1,	1,	1,	1,	1,	1,	1,	1,	1,	
0.5,0.5,	1,7.62263e-28,	1,1.34697e-23,	1,4.60157e-19,	1,2.36611e-16,	1,6.75881e-18,	1,5.89286e-18,	1,2.05145e-16,	1,2.80164e-10,	0.991991,0.00800899,	0.500199,0.499801,	1,	1,	1,	1,	1,	1,	1,	1,	1,	1,	1,	
0.5,0.5,	1,4.69215e-28,	1,8.82862e-24,	1,3.27356e-19,	1,1.77114e-16,	1,4.90895e-18,	1,4.28569e-18,	1,1.53621e-16,	1,2.35669e-10,	0.992144,0.00785625,	0.500186,0.499814,	1,	1,	1,	1,	1,	1,	1,	1,	1,	1,	1,	
0.5,0.5,	1,2.88828e-28,	1,5.78667e-24,	1,2.32881e-19,	1,1.32578e-16,	1,3.56538e-18,	1,3.11684e-18,	1,1.15037e-16,	1,1.9824e-10,	0.992292,0.00770841,	0.500194,0.499806,	1,	1,	1,	1,	1,	1,	1,	1,	1,	1,	1,	
0.5,0.5,	1,1.7779e-28,	1,3.79284e-24,	1,1.65672e-19,	1,9.92407e-17,	1,2.58955e-18,	1,2.26678e-18,	1,8.61445e-17,	1,1.66756e-10,	0.992435,0.00756468,	0.500171,0.499829,	1,	1,	1,	1,	1,	1,	1,	1,	1,	1,	1,	
0.5,0.5,	1,1.0944e-28,	1,2.486e-24,	1,1.17859e-19,	1,7.42862e-17,	1,1.8808e-18,	1,1.64856e-18,	1,6.45084e-17,	1,1.40272e-10,	0.992574,0.00742566,	0.500168,0.499832,	1,	1,	1,	1,	1,	1,	1,	1,	1,	1,	1,	
0.5,0.5,	1,6.73662e-29,	1,1.62943e-24,	1,8.3845e-20,	1,5.56066e-17,	1,1.36603e-18,	1,1.19894e-18,	1,4.83064e-17,	1,1.17994e-10,	0.992712,0.00728762,	0.500165,0.499835,	1,	1,	1,	1,	1,	1,	1,	1,	1,	1,	1,	
0.5,0.5,	1,4.14677e-29,	1,1.068e-24,	1,5.96474e-20,	1,4.16241e-17,	1,9.92151e-19,	1,8.71954e-19,	1,3.61738e-17,	1,9.92547e-11,	0.992845,0.00715498,	0.500171,0.499829,	1,	1,	1,	1,	1,	1,	1,	1,	1,	1,	1,	
0.5,0.5,	1,2.55257e-29,	1,7.00016e-25,	1,4.24332e-20,	1,3.11575e-17,	1,7.20602e-19,	1,6.34144e-19,	1,2.70883e-17,	1,8.34912e-11,	0.992974,0.00702614,	0.500175,0.499825,	1,	1,	1,	1,	1,	1,	1,	1,	1,	1,	1,	
0.5,0.5,	1,1.57125e-29,	1,4.58822e-25,	1,3.0187e-20,	1,2.33228e-17,	1,5.23375e-19,	1,4.61193e-19,	1,2.02848e-17,	1,7.02312e-11,	0.993101,0.00689914,	0.500173,0.499827,	1,	1,	1,	1,	1,	1,	1,	1,	1,	1,	1,	
0.5,0.5,	1,9.67191e-30,	1,3.00732e-25,	1,2.1475e-20,	1,1.74582e-17,	1,3.80129e-19,	1,3.35411e-19,	1,1.51901e-17,	1,5.90772e-11,	0.993223,0.00677745,	0.500177,0.499823,	1,	1,	1,	1,	1,	1,	1,	1,	1,	1,	1,	
0.5,0.5,	1,5.9536e-30,	1,1.97113e-25,	1,1.52774e-20,	1,1.30682e-17,	1,2.76089e-19,	1,2.43934e-19,	1,1.13749e-17,	1,4.96946e-11,	0.993341,0.00665896,	0.500188,0.499812,	1,	1,	1,	1,	1,	1,	1,	1,	1,	1,	1,	
0.5,0.5,	1,3.66477e-30,	1,1.29197e-25,	1,1.08683e-20,	1,9.78218e-18,	1,2.00524e-19,	1,1.77405e-19,	1,8.51799e-18,	1,4.18022e-11,	0.993456,0.00654416,	0.500197,0.499803,	1,	1,	1,	1,	1,	1,	1,	1,	1,	1,	1,	
0.5,0.5,	1,2.25587e-30,	1,8.46813e-26,	1,7.73173e-21,	1,7.32241e-18,	1,1.45641e-19,	1,1.29021e-19,	1,6.3786e-18,	1,3.51632e-11,	0.99357,0.00643006,	0.500219,0.499781,	1,	1,	1,	1,	1,	1,	1,	1,	1,	1,	1,	
0.5,0.5,	1,1.38862e-30,	1,5.55039e-26,	1,5.50036e-21,	1,5.48115e-18,	1,1.0578e-19,	1,9.38331e-20,	1,4.77655e-18,	1,2.95787e-11,	0.993684,0.00631587,	0.500222,0.499778,	1,	1,	1,	1,	1,	1,	1,	1,	1,	1,	1,	
0.5,0.5,	1,8.54771e-31,	1,3.63797e-26,	1,3.91296e-21,	1,4.10289e-18,	1,7.68282e-20,	1,6.82418e-20,	1,3.57687e-18,	1,2.4881e-11,	0.993794,0.00620597,	0.500219,0.499781,	1,	1,	1,	1,	1,	1,	1,	1,	1,	1,	1,	
0.5,0.5,	1,5.26159e-31,	1,2.38449e-26,	1,2.78368e-21,	1,3.0712e-18,	1,5.58006e-20,	1,4.96301e-20,	1,2.6785e-18,	1,2.09295e-11,	0.9939,0.00609959,	0.50023,0.49977,	1,	1,	1,	1,	1,	1,	1,	1,	1,	1,	1,	
0.5,0.5,	1,3.2388e-31,	1,1.5629e-26,	1,1.98031e-21,	1,2.29893e-18,	1,4.05281e-20,	1,3.60944e-20,	1,2.00577e-18,	1,1.76055e-11,	0.994002,0.00599842,	0.500238,0.499762,	1,	1,	1,	1,	1,	1,	1,	1,	1,	1,	1,	
0.5,0.5,	1,1.99366e-31,	1,1.02439e-26,	1,1.4088e-21,	1,1.72086e-18,	1,2.94357e-20,	1,2.62503e-20,	1,1.502e-18,	1,1.48094e-11,	0.994101,0.0058994,	0.50024,0.49976,	1,	1,	1,	1,	1,	1,	1,	1,	1,	1,	1,	
0.5,0.5,	1,1.22721e-31,	1,6.71434e-27,	1,1.00222e-21,	1,1.28814e-18,	1,2.13792e-20,	1,1.9091e-20,	1,1.12475e-18,	1,1.24574e-11,	0.994198,0.0058019,	0.500241,0.499759,	1,	1,	1,	1,	1,	1,	1,	1,	1,	1,	1,	
0.5,0.5,	1,7.55418e-32,	1,4.40088e-27,	1,7.12979e-22,	1,9.64231e-19,	1,1.55278e-20,	1,1.38843e-20,	1,8.4226e-19,	1,1.04789e-11,	0.994294,0.00570564,	0.50023,0.49977,	1,	1,	1,	1,	1,	1,	1,	1,	1,	1,	1,	
0.5,0.5,	1,4.65002e-32,	1,2.88453e-27,	1,5.07214e-22,	1,7.21771e-19,	1,1.12779e-20,	1,1.00976e-20,	1,6.30718e-19,	1,8.81467e-12,	0.99439,0.00561036,	0.500226,0.499774,	1,	1,	1,	1,	1,	1,	1,	1,	1,	1,	1,	
0.5,0.5,	1,2.86235e-32,	1,1.89065e-27,	1,3.60832e-22,	1,5.40278e-19,	1,8.19117e-21,	1,7.34367e-21,	1,4.72306e-19,	1,7.41474e-12,	0.994484,0.00551638,	0.500225,0.499775,	1,	1,	1,	1,	1,	1,	1,	1,	1,	1,	1,	
0.5,0.5,	1,1.76193e-32,	1,1.23922e-27,	1,2.56696e-22,	1,4.04423e-19,	1,5.94927e-21,	1,5.34082e-21,	1,3.53682e-19,	1,6.23714e-12,	0.994576,0.00542443,	0.500225,0.499775,	1,	1,	1,	1,	1,	1,	1,	1,	1,	1,	1,	
0.5,0.5,	1,1.08457e-32,	1,8.12237e-28,	1,1.82614e-22,	1,3.02729e-19,	1,4.32097e-21,	1,3.88421e-21,	1,2.64851e-19,	1,5.24657e-12,	0.994666,0.00533384,	0.500222,0.499778,	1,	1,	1,	1,	1,	1,	1,	1,	1,	1,	1,	
0.5,0.5,	1,6.67613e-33,	1,5.32376e-28,	1,1.29912e-22,	1,2.26606e-19,	1,3.13834e-21,	1,2.82486e-21,	1,1.98331e-19,	1,4.41331e-12,	0.994755,0.00524519,	0.500224,0.499776,	1,	1,	1,	1,	1,	1,	1,	1,	1,	1,	1,	
0.5,0.5,	1,4.10953e-33,	1,3.48943e-28,	1,9.24192e-23,	1,1.69625e-19,	1,2.27938e-21,	1,2.05443e-21,	1,1.48518e-19,	1,3.7124e-12,	0.994842,0.00515825,	0.500224,0.499776,	1,	1,	1,	1,	1,	1,	1,	1,	1,	1,	1,	
0.5,0.5,	1,2.52965e-33,	1,2.28713e-28,	1,6.57471e-23,	1,1.26972e-19,	1,1.65552e-21,	1,1.49412e-21,	1,1.11216e-19,	1,3.1228e-12,	0.994926,0.00507376,	0.500227,0.499773,	1,	1,	1,	1,	1,	1,	1,	1,	1,	1,	1,	
0.5,0.5,	1,1.55714e-33,	1,1.49909e-28,	1,4.67725e-23,	1,9.50445e-20,	1,1.20241e-21,	1,1.08663e-21,	1,8.32829e-20,	1,2.62684e-12,	0.99501,0.00498953,	0.500226,0.499774,	1,	1,	1,	1,	1,	1,	1,	1,	1,	1,	1,	
0.5,0.5,	1,9.58506e-34,	1,9.82567e-29,	1,3.3274e-23,	1,7.11451e-20,	1,8.73315e-22,	1,7.9027e-22,	1,6.23655e-20,	1,2.20965e-12,	0.995093,0.00490663,	0.500229,0.499771,	1,	1,	1,	1,	1,	1,	1,	1,	1,	1,	1,	
0.5,0.5,	1,5.90014e-34,	1,6.44018e-29,	1,2.36711e-23,	1,5.32553e-20,	1,6.34291e-22,	1,5.74738e-22,	1,4.67017e-20,	1,1.85872e-12,	0.995176,0.00482379,	0.50023,0.49977,	1,	1,	1,	1,	1,	1,	1,	1,	1,	1,	1,	
0.5,0.5,	1,3.63186e-34,	1,4.22118e-29,	1,1.68397e-23,	1,3.9864e-20,	1,4.60688e-22,	1,4.17989e-22,	1,3.49721e-20,	1,1.56352e-12,	0.995258,0.00474208,	0.500231,0.499769,	1,	1,	1,	1,	1,	1,	1,	1,	1,	1,	1,	
0.5,0.5,	1,2.23562e-34,	1,2.76675e-29,	1,1.19797e-23,	1,2.98401e-20,	1,3.34599e-22,	1,3.0399e-22,	1,2.61885e-20,	1,1.3152e-12,	0.995338,0.00466229,	0.500235,0.499765,	1,	1,	1,	1,	1,	1,	1,	1,	1,	1,	1,	
0.5,0.5,	1,1.37615e-34,	1,1.81345e-29,	1,8.5224e-24,	1,2.23366e-20,	1,2.4302e-22,	1,2.21082e-22,	1,1.9611e-20,	1,1.10632e-12,	0.995416,0.00458381,	0.500237,0.499763,	1,	1,	1,	1,	1,	1,	1,	1,	1,	1,	1,	
0.5,0.5,	1,8.47095e-35,	1,1.18862e-29,	1,6.06284e-24,	1,1.672e-20,	1,1.76506e-22,	1,1.60786e-22,	1,1.46855e-20,	1,9.30619e-13,	0.995493,0.00450703,	0.500234,0.499766,	1,	1,	1,	1,	1,	1,	1,	1,	1,	1,	1,	
0.5,0.5,	1,5.21434e-35,	1,7.79073e-30,	1,4.31311e-24,	1,1.25157e-20,	1,1.28197e-22,	1,1.16935e-22,	1,1.09971e-20,	1,7.82819e-13,	0.995569,0.00443111,	0.500231,0.499769,	1,	1,	1,	1,	1,	1,	1,	1,	1,	1,	1,	
0.5,0.5,	1,3.20972e-35,	1,5.10639e-30,	1,3.06835e-24,	1,9.36855e-21,	1,9.31099e-23,	1,8.50429e-23,	1,8.23503e-21,	1,6.58493e-13,	0.995644,0.00435585,	0.500239,0.499761,	1,	1,	1,	1,	1,	1,	1,	1,	1,	1,	1,	
0.5,0.5,	1,1.97576e-35,	1,3.34695e-30,	1,2.18283e-24,	1,7.01279e-21,	1,6.7626e-23,	1,6.1849e-23,	1,6.16671e-21,	1,5.53912e-13,	0.995719,0.00428098,	0.500234,0.499766,	1,	1,	1,	1,	1,	1,	1,	1,	1,	1,	1,	
0.5,0.5,	1,1.21619e-35,	1,2.19374e-30,	1,1.55286e-24,	1,5.24939e-21,	1,4.9117e-23,	1,4.49808e-23,	1,4.61788e-21,	1,4.6594e-13,	0.995793,0.00420665,	0.500235,0.499765,	1,	1,	1,	1,	1,	1,	1,	1,	1,	1,	1,	
0.5,0.5,	1,7.48634e-36,	1,1.43788e-30,	1,1.10471e-24,	1,3.92941e-21,	1,3.56738e-23,	1,3.27131e-23,	1,3.45805e-21,	1,3.9194e-13,	0.995866,0.00413369,	0.500227,0.499773,	1,	1,	1,	1,	1,	1,	1,	1,	1,	1,	1,	
0.5,0.5,	1,4.60826e-36,	1,9.42448e-31,	1,7.8589e-25,	1,2.94134e-21,	1,2.591e-23,	1,2.37912e-23,	1,2.58952e-21,	1,3.29693e-13,	0.995938,0.00406228,	0.500227,0.499773,	1,	1,	1,	1,	1,	1,	1,	1,	1,	1,	1,	
0.5,0.5,	1,2.83664e-36,	1,6.17722e-31,	1,5.59083e-25,	1,2.20173e-21,	1,1.88185e-23,	1,1.73026e-23,	1,1.93914e-21,	1,2.77332e-13,	0.996008,0.00399213,	0.500226,0.499774,	1,	1,	1,	1,	1,	1,	1,	1,	1,	1,	1,	
0.5,0.5,	1,1.74611e-36,	1,4.04883e-31,	1,3.97732e-25,	1,1.64809e-21,	1,1.36679e-23,	1,1.25836e-23,	1,1.4521e-21,	1,2.33286e-13,	0.996077,0.00392343,	0.500229,0.499771,	1,	1,	1,	1,	1,	1,	1,	1,	1,	1,	1,	
0.5,0.5,	1,1.07483e-36,	1,2.65378e-31,	1,2.82947e-25,	1,1.23367e-21,	1,9.92707e-24,	1,9.15167e-24,	1,1.08739e-21,	1,1.96236e-13,	0.996145,0.0038554,	0.500229,0.499771,	1,	1,	1,	1,	1,	1,	1,	1,	1,	1,	1,	
0.5,0.5,	1,6.61618e-37,	1,1.73941e-31,	1,2.01288e-25,	1,9.2346e-22,	1,7.21006e-24,	1,6.65572e-24,	1,8.14281e-22,	1,1.6507e-13,	0.996211,0.00378868,	0.500239,0.499761,	1,	1,	1,	1,	1,	1,	1,	1,	1,	1,	1,	
0.5,0.5,	1,4.07263e-37,	1,1.14008e-31,	1,1.43197e-25,	1,6.91252e-22,	1,5.23669e-24,	1,4.84049e-24,	1,6.09766e-22,	1,1.38854e-13,	0.996277,0.00372309,	0.500239,0.499761,	1,	1,	1,	1,	1,	1,	1,	1,	1,	1,	1,	
0.5,0.5,	1,2.50693e-37,	1,7.47262e-32,	1,1.0187e-25,	1,5.17433e-22,	1,3.80342e-24,	1,3.52034e-24,	1,4.56617e-22,	1,1.16801e-13,	0.996342,0.00365847,	0.50024,0.49976,	1,	1,	1,	1,	1,	1,	1,	1,	1,	1,	1,	
0.5,0.5,	1,1.54316e-37,	1,4.89789e-32,	1,7.24706e-26,	1,3.87322e-22,	1,2.76244e-24,	1,2.56023e-24,	1,3.41933e-22,	1,9.82511e-14,	0.996406,0.00359413,	0.500244,0.499756,	1,	1,	1,	1,	1,	1,	1,	1,	1,	1,	1,	
0.5,0.5,	1,9.49898e-38,	1,3.21029e-32,	1,5.15556e-26,	1,2.89928e-22,	1,2.00637e-24,	1,1.86197e-24,	1,2.56053e-22,	1,8.2647e-14,	0.996469,0.00353062,	0.500239,0.499761,	1,	1,	1,	1,	1,	1,	1,	1,	1,	1,	1,	
0.5,0.5,	1,5.84716e-38,	1,2.10417e-32,	1,3.66767e-26,	1,2.17025e-22,	1,1.45723e-24,	1,1.35415e-24,	1,1.91742e-22,	1,6.95211e-14,	0.99653,0.00346952,	0.500244,0.499756,	1,	1,	1,	1,	1,	1,	1,	1,	1,	1,	1,	
0.5,0.5,	1,3.59925e-38,	1,1.37917e-32,	1,2.60918e-26,	1,1.62453e-22,	1,1.05839e-24,	1,9.84833e-25,	1,1.43584e-22,	1,5.84799e-14,	0.99659,0.00340959,	0.500241,0.499759,	1,	1,	1,	1,	1,	1,	1,	1,	1,	1,	1,	
0.5,0.5,	1,2.21554e-38,	1,9.03967e-33,	1,1.85617e-26,	1,1.21603e-22,	1,7.68713e-25,	1,7.16238e-25,	1,1.07521e-22,	1,4.91922e-14,	0.996649,0.00335067,	0.500235,0.499765,	1,	1,	1,	1,	1,	1,	1,	1,	1,	1,	1,	
0.5,0.5,	1,1.36379e-38,	1,5.925e-33,	1,1.32048e-26,	1,9.10256e-23,	1,5.58318e-25,	1,5.20897e-25,	1,8.05163e-23,	1,4.13795e-14,	0.996707,0.00329306,	0.500235,0.499765,	1,	1,	1,	1,	1,	1,	1,	1,	1,	1,	1,	
0.5,0.5,	1,8.39488e-39,	1,3.88351e-33,	1,9.39393e-27,	1,6.81368e-23,	1,4.05508e-25,	1,3.78832e-25,	1,6.02938e-23,	1,3.48077e-14,	0.996763,0.00323684,	0.500228,0.499772,	1,	1,	1,	1,	1,	1,	1,	1,	1,	1,	1,	
0.5,0.5,	1,5.16752e-39,	1,2.54543e-33,	1,6.68285e-27,	1,5.10035e-23,	1,2.94522e-25,	1,2.75512e-25,	1,4.51504e-23,	1,2.92796e-14,	0.996819,0.00318134,	0.50023,0.49977,	1,	1,	1,	1,	1,	1,	1,	1,	1,	1,	1,	
0.5,0.5,	1,3.1809e-39,	1,1.66838e-33,	1,4.75418e-27,	1,3.81784e-23,	1,2.13912e-25,	1,2.00371e-25,	1,3.38104e-23,	1,2.46294e-14,	0.996873,0.00312706,	0.500232,0.499768,	1,	1,	1,	1,	1,	1,	1,	1,	1,	1,	1,	
0.5,0.5,	1,1.95802e-39,	1,1.09353e-33,	1,3.38213e-27,	1,2.85783e-23,	1,1.55365e-25,	1,1.45724e-25,	1,2.53185e-23,	1,2.07178e-14,	0.996925,0.00307484,	0.500243,0.499757,	1,	1,	1,	1,	1,	1,	1,	1,	1,	1,	1,	
0.5,0.5,	1,1.20527e-39,	1,7.16751e-34,	1,2.40605e-27,	1,2.13922e-23,	1,1.12842e-25,	1,1.0598e-25,	1,1.89595e-23,	1,1.74275e-14,	0.996976,0.00302427,	0.500241,0.499759,	1,	1,	1,	1,	1,	1,	1,	1,	1,	1,	1,	
0.5,0.5,	1,7.41912e-40,	1,4.6979e-34,	1,1.71166e-27,	1,1.6013e-23,	1,8.19576e-26,	1,7.70761e-26,	1,1.41976e-23,	1,1.46597e-14,	0.997025,0.00297474,	0.500237,0.499763,	1,	1,	1,	1,	1,	1,	1,	1,	1,	1,	1,	
0.5,0.5,	1,4.56688e-40,	1,3.07921e-34,	1,1.21768e-27,	1,1.19865e-23,	1,5.95261e-26,	1,5.6055e-26,	1,1.06317e-23,	1,1.23314e-14,	0.997074,0.00292629,	0.500234,0.499766,	1,	1,	1,	1,	1,	1,	1,	1,	1,	1,	1,	
0.5,0.5,	1,2.81117e-40,	1,2.01825e-34,	1,8.66258e-28,	1,8.97241e-24,	1,4.3234e-26,	1,4.0767e-26,	1,7.96147e-24,	1,1.0373e-14,	0.997121,0.00287853,	0.500233,0.499767,	1,	1,	1,	1,	1,	1,	1,	1,	1,	1,	1,	
0.5,0.5,	1,1.73043e-40,	1,1.32285e-34,	1,6.16256e-28,	1,6.71626e-24,	1,3.1401e-26,	1,2.96486e-26,	1,5.96186e-24,	1,8.72555e-15,	0.997169,0.00283114,	0.500237,0.499763,	1,	1,	1,	1,	1,	1,	1,	1,	1,	1,	1,	
0.5,0.5,	1,1.06518e-40,	1,8.67057e-35,	1,4.38405e-28,	1,5.02742e-24,	1,2.28066e-26,	1,2.15625e-26,	1,4.46448e-24,	1,7.33977e-15,	0.997216,0.00278448,	0.500234,0.499766,	1,	1,	1,	1,	1,	1,	1,	1,	1,	1,	1,	
0.5,0.5,	1,6.55677e-41,	1,5.68308e-35,	1,3.11882e-28,	1,3.76326e-24,	1,1.65645e-26,	1,1.56817e-26,	1,3.34318e-24,	1,6.17408e-15,	0.997261,0.00273861,	0.500244,0.499756,	1,	1,	1,	1,	1,	1,	1,	1,	1,	1,	1,	
0.5,0.5,	1,4.03606e-41,	1,3.72494e-35,	1,2.21873e-28,	1,2.81697e-24,	1,1.20309e-26,	1,1.14048e-26,	1,2.5035e-24,	1,5.19352e-15,	0.997306,0.002694,	0.500242,0.499758,	1,	1,	1,	1,	1,	1,	1,	1,	1,	1,	1,	
0.5,0.5,	1,2.48443e-41,	1,2.4415e-35,	1,1.57841e-28,	1,2.10863e-24,	1,8.73807e-27,	1,8.29437e-27,	1,1.87473e-24,	1,4.3687e-15,	0.99735,0.00265004,	0.500246,0.499754,	1,	1,	1,	1,	1,	1,	1,	1,	1,	1,	1,	
