accept,reject,	accept,reject,	accept,reject,	accept,reject,	accept,reject,	accept,reject,	accept,reject,	accept,reject,	accept,reject,	accept,reject,	accept,reject,	wait,	wait,	wait,	wait,	wait,	wait,	wait,	wait,	wait,	wait,	wait,	
0.5,0.5,	0.5,0.5,	0.5,0.5,	0.5,0.5,	0.5,0.5,	0.5,0.5,	0.5,0.5,	0.5,0.5,	0.5,0.5,	0.5,0.5,	0.5,0.5,	1,	1,	1,	1,	1,	1,	1,	1,	1,	1,	1,	
0.499993,0.500007,	0.505842,0.494158,	0.505718,0.494282,	0.508801,0.491199,	0.512012,0.487988,	0.516924,0.483076,	0.521545,0.478455,	0.525756,0.474244,	0.523703,0.476297,	0.513846,0.486154,	0.500016,0.499984,	1,	1,	1,	1,	1,	1,	1,	1,	1,	1,	1,	
0.49982,0.50018,	0.53111,0.46889,	0.521818,0.478182,	0.530418,0.469582,	0.540288,0.459712,	0.553019,0.446981,	0.563518,0.436482,	0.564321,0.435679,	0.549979,0.450021,	0.52527,0.47473,	0.500112,0.499888,	1,	1,	1,	1,	1,	1,	1,	1,	1,	1,	1,	
0.500395,0.499605,	0.578852,0.421148,	0.547152,0.452848,	0.560011,0.439989,	0.577875,0.422125,	0.598428,0.401572,	0.612235,0.387765,	0.604021,0.395979,	0.573619,0.426381,	0.535154,0.464846,	0.5001,0.4999,	1,	1,	1,	1,	1,	1,	1,	1,	1,	1,	1,	
0.499614,0.500386,	0.643884,0.356116,	0.580734,0.419266,	0.595372,0.404628,	0.621796,0.378204,	0.649816,0.350184,	0.664911,0.335089,	0.64361,0.35639,	0.596453,0.403547,	0.545243,0.454757,	0.500141,0.499859,	1,	1,	1,	1,	1,	1,	1,	1,	1,	1,	1,	
0.499161,0.500839,	0.720624,0.279376,	0.622494,0.377506,	0.635418,0.364582,	0.669783,0.330217,	0.704194,0.295806,	0.718621,0.281379,	0.684193,0.315807,	0.620315,0.379685,	0.554327,0.445673,	0.500109,0.499891,	1,	1,	1,	1,	1,	1,	1,	1,	1,	1,	1,	
0.498951,0.501049,	0.797079,0.202921,	0.671936,0.328064,	0.679209,0.320791,	0.719421,0.280579,	0.759018,0.240982,	0.771416,0.228584,	0.724878,0.275122,	0.644369,0.355631,	0.564169,0.435831,	0.500207,0.499793,	1,	1,	1,	1,	1,	1,	1,	1,	1,	1,	1,	
0.496949,0.503051,	0.862267,0.137733,	0.727369,0.272631,	0.725797,0.274203,	0.769221,0.230779,	0.811592,0.188408,	0.820923,0.179077,	0.765796,0.234204,	0.670488,0.329512,	0.575265,0.424735,	0.500233,0.499767,	1,	1,	1,	1,	1,	1,	1,	1,	1,	1,	1,	
0.491616,0.508384,	0.912462,0.0875376,	0.784466,0.215534,	0.774075,0.225925,	0.817312,0.182688,	0.859066,0.140934,	0.86497,0.13503,	0.805373,0.194627,	0.69668,0.30332,	0.58678,0.41322,	0.500308,0.499692,	1,	1,	1,	1,	1,	1,	1,	1,	1,	1,	1,	
0.48343,0.51657,	0.947127,0.0528729,	0.838803,0.161197,	0.821496,0.178504,	0.861762,0.138238,	0.899442,0.100558,	0.902107,0.0978935,	0.842572,0.157428,	0.723301,0.276699,	0.598736,0.401264,	0.500378,0.499622,	1,	1,	1,	1,	1,	1,	1,	1,	1,	1,	1,	
0.473364,0.526636,	0.969125,0.0308751,	0.886517,0.113483,	0.865638,0.134362,	0.90045,0.0995497,	0.931527,0.0684733,	0.931414,0.0685864,	0.874878,0.125122,	0.749916,0.250084,	0.611229,0.388771,	0.500348,0.499652,	1,	1,	1,	1,	1,	1,	1,	1,	1,	1,	1,	
0.464189,0.535811,	0.982354,0.0176462,	0.924638,0.0753619,	0.903749,0.0962508,	0.93157,0.0684299,	0.95518,0.0448205,	0.953431,0.0465688,	0.902953,0.0970468,	0.77583,0.22417,	0.623033,0.376967,	0.500301,0.499699,	1,	1,	1,	1,	1,	1,	1,	1,	1,	1,	1,	
0.455904,0.544096,	0.990006,0.00999355,	0.951856,0.0481439,	0.934028,0.0659721,	0.954726,0.045274,	0.971482,0.0285179,	0.969066,0.030934,	0.926025,0.0739749,	0.800823,0.199177,	0.635516,0.364484,	0.500293,0.499707,	1,	1,	1,	1,	1,	1,	1,	1,	1,	1,	1,	
0.445688,0.554312,	0.994378,0.00562185,	0.970115,0.0298846,	0.95653,0.0434702,	0.970915,0.0290854,	0.982201,0.0177994,	0.979702,0.0202981,	0.943966,0.056034,	0.823151,0.176849,	0.648379,0.351621,	0.500321,0.499679,	1,	1,	1,	1,	1,	1,	1,	1,	1,	1,	1,	
0.433939,0.566061,	0.996854,0.00314623,	0.981874,0.0181259,	0.97217,0.0278298,	0.981717,0.0182833,	0.989024,0.0109756,	0.986752,0.0132482,	0.957287,0.042713,	0.841661,0.158339,	0.659054,0.340946,	0.500376,0.499624,	1,	1,	1,	1,	1,	1,	1,	1,	1,	1,	1,	
0.421152,0.578848,	0.998245,0.00175502,	0.989165,0.0108347,	0.98251,0.0174903,	0.988658,0.0113419,	0.993277,0.00672298,	0.991363,0.00863748,	0.967097,0.0329033,	0.855214,0.144786,	0.668183,0.331817,	0.500398,0.499602,	1,	1,	1,	1,	1,	1,	1,	1,	1,	1,	1,	
0.407775,0.592225,	0.999023,0.000976659,	0.993608,0.00639156,	0.989166,0.0108336,	0.993029,0.00697065,	0.995895,0.00410486,	0.994366,0.00563384,	0.974366,0.0256345,	0.867531,0.132469,	0.678383,0.321617,	0.500451,0.499549,	1,	1,	1,	1,	1,	1,	1,	1,	1,	1,	1,	
0.394869,0.605131,	0.999457,0.000543172,	0.996251,0.00374943,	0.993361,0.00663887,	0.995741,0.00425948,	0.997498,0.00250182,	0.996321,0.00367853,	0.97984,0.0201599,	0.878989,0.121011,	0.687006,0.312994,	0.500424,0.499576,	1,	1,	1,	1,	1,	1,	1,	1,	1,	1,	1,	
0.38212,0.61788,	0.999698,0.000302018,	0.997811,0.00218933,	0.995959,0.00404147,	0.997404,0.00259593,	0.998476,0.00152368,	0.997596,0.00240442,	0.984018,0.0159823,	0.889738,0.110262,	0.696049,0.303951,	0.500458,0.499542,	1,	1,	1,	1,	1,	1,	1,	1,	1,	1,	1,	
0.37127,0.62873,	0.999832,0.000167909,	0.998725,0.00127485,	0.997547,0.00245338,	0.998421,0.00157926,	0.999072,0.000927701,	0.998427,0.00157348,	0.987238,0.0127624,	0.897909,0.102091,	0.703547,0.296453,	0.500492,0.499508,	1,	1,	1,	1,	1,	1,	1,	1,	1,	1,	1,	
0.360634,0.639366,	0.999907,9.33437e-05,	0.999259,0.000741379,	0.998513,0.00148675,	0.999041,0.000959288,	0.999435,0.000564809,	0.998969,0.00103051,	0.989734,0.0102656,	0.905077,0.0949231,	0.710634,0.289366,	0.500559,0.499441,	1,	1,	1,	1,	1,	1,	1,	1,	1,	1,	1,	
0.34852,0.65148,	0.999948,5.18893e-05,	0.999569,0.000430878,	0.9991,0.000900295,	0.999418,0.000582196,	0.999656,0.000343882,	0.999325,0.000675343,	0.991705,0.00829518,	0.912181,0.0878192,	0.719171,0.280829,	0.500507,0.499493,	1,	1,	1,	1,	1,	1,	1,	1,	1,	1,	1,	
0.335395,0.664605,	0.999971,2.88444e-05,	0.99975,0.000250377,	0.999455,0.000544727,	0.999647,0.000353241,	0.999791,0.000209365,	0.999557,0.000442805,	0.993277,0.00672331,	0.919039,0.0809614,	0.726563,0.273437,	0.500537,0.499463,	1,	1,	1,	1,	1,	1,	1,	1,	1,	1,	1,	
0.321856,0.678144,	0.999984,1.60339e-05,	0.999855,0.000145477,	0.999671,0.000329311,	0.999786,0.000214162,	0.999873,0.00012747,	0.99971,0.000290462,	0.994535,0.00546534,	0.925305,0.0746946,	0.734409,0.265591,	0.500502,0.499498,	1,	1,	1,	1,	1,	1,	1,	1,	1,	1,	1,	
0.308803,0.691197,	0.999991,8.91283e-06,	0.999915,8.4522e-05,	0.999801,0.000199066,	0.99987,0.000129825,	0.999922,7.76075e-05,	0.999809,0.000190607,	0.995545,0.00445533,	0.930752,0.0692478,	0.741011,0.258989,	0.500486,0.499514,	1,	1,	1,	1,	1,	1,	1,	1,	1,	1,	1,	
0.295381,0.704619,	0.999995,4.95438e-06,	0.999951,4.91058e-05,	0.99988,0.000120329,	0.999921,7.86983e-05,	0.999953,4.72491e-05,	0.999875,0.000125091,	0.996358,0.00364242,	0.935113,0.0648868,	0.747088,0.252912,	0.500542,0.499458,	1,	1,	1,	1,	1,	1,	1,	1,	1,	1,	1,	
0.281883,0.718117,	0.999997,2.75399e-06,	0.999971,2.85292e-05,	0.999927,7.27082e-05,	0.999952,4.77054e-05,	0.999971,2.87661e-05,	0.999918,8.21002e-05,	0.997016,0.00298429,	0.939083,0.060917,	0.753027,0.246973,	0.500527,0.499473,	1,	1,	1,	1,	1,	1,	1,	1,	1,	1,	1,	
0.269435,0.730565,	0.999998,1.53086e-06,	0.999983,1.65745e-05,	0.999956,4.39328e-05,	0.999971,2.8918e-05,	0.999982,1.75132e-05,	0.999946,5.38868e-05,	0.997551,0.00244947,	0.943105,0.0568953,	0.759181,0.240819,	0.500484,0.499516,	1,	1,	1,	1,	1,	1,	1,	1,	1,	1,	1,	
0.256572,0.743428,	0.999999,8.50954e-07,	0.99999,9.62921e-06,	0.999973,2.65456e-05,	0.999982,1.75293e-05,	0.999989,1.06623e-05,	0.999965,3.53745e-05,	0.997987,0.00201261,	0.947245,0.052755,	0.765863,0.234137,	0.500458,0.499542,	1,	1,	1,	1,	1,	1,	1,	1,	1,	1,	1,	
0.243655,0.756345,	1,4.73018e-07,	0.999994,5.59421e-06,	0.999984,1.60396e-05,	0.999989,1.06258e-05,	0.999994,6.4913e-06,	0.999977,2.32234e-05,	0.998345,0.00165468,	0.951316,0.0486837,	0.773321,0.226679,	0.500386,0.499614,	1,	1,	1,	1,	1,	1,	1,	1,	1,	1,	1,	
0.22908,0.77092,	1,2.62936e-07,	0.999997,3.25003e-06,	0.99999,9.69154e-06,	0.999994,6.44108e-06,	0.999996,3.95197e-06,	0.999985,1.52466e-05,	0.998639,0.00136134,	0.955261,0.0447392,	0.77994,0.22006,	0.500345,0.499655,	1,	1,	1,	1,	1,	1,	1,	1,	1,	1,	1,	
0.214985,0.785015,	1,1.46158e-07,	0.999998,1.88814e-06,	0.999994,5.85588e-06,	0.999996,3.9044e-06,	0.999998,2.406e-06,	0.99999,1.00096e-05,	0.99888,0.0011203,	0.959019,0.0409812,	0.786956,0.213044,	0.500321,0.499679,	1,	1,	1,	1,	1,	1,	1,	1,	1,	1,	1,	
0.200954,0.799046,	1,8.12444e-08,	0.999999,1.09694e-06,	0.999996,3.53827e-06,	0.999998,2.36673e-06,	0.999999,1.4648e-06,	0.999993,6.5715e-06,	0.999078,0.000922313,	0.962239,0.0377613,	0.79265,0.20735,	0.500339,0.499661,	1,	1,	1,	1,	1,	1,	1,	1,	1,	1,	1,	
0.187228,0.812772,	1,4.51611e-08,	0.999999,6.37277e-07,	0.999998,2.13791e-06,	0.999999,1.43465e-06,	0.999999,8.91782e-07,	0.999996,4.3143e-06,	0.99924,0.000759564,	0.965043,0.034957,	0.798359,0.201641,	0.500352,0.499648,	1,	1,	1,	1,	1,	1,	1,	1,	1,	1,	1,	
0.175576,0.824424,	1,2.51036e-08,	1,3.70233e-07,	0.999999,1.29178e-06,	0.999999,8.69641e-07,	0.999999,5.42925e-07,	0.999997,2.8324e-06,	0.999374,0.000625696,	0.967715,0.0322851,	0.804268,0.195732,	0.500336,0.499664,	1,	1,	1,	1,	1,	1,	1,	1,	1,	1,	1,	
0.163648,0.836352,	1,1.39543e-08,	1,2.15091e-07,	0.999999,7.80522e-07,	0.999999,5.27151e-07,	1,3.30538e-07,	0.999998,1.85952e-06,	0.999484,0.000515518,	0.970337,0.029663,	0.810856,0.189144,	0.50032,0.49968,	1,	1,	1,	1,	1,	1,	1,	1,	1,	1,	1,	
0.150611,0.849389,	1,7.75675e-09,	1,1.24959e-07,	1,4.71611e-07,	1,3.19543e-07,	1,2.01235e-07,	0.999999,1.2208e-06,	0.999575,0.000424771,	0.972923,0.0270767,	0.817716,0.182284,	0.500309,0.499691,	1,	1,	1,	1,	1,	1,	1,	1,	1,	1,	1,	
0.137643,0.862357,	1,4.31173e-09,	1,7.25965e-08,	1,2.84959e-07,	1,1.93698e-07,	1,1.22514e-07,	0.999999,8.01475e-07,	0.99965,0.00035004,	0.975295,0.0247047,	0.823816,0.176184,	0.500313,0.499687,	1,	1,	1,	1,	1,	1,	1,	1,	1,	1,	1,	
0.12563,0.87437,	1,2.39675e-09,	1,4.21757e-08,	1,1.72179e-07,	1,1.17414e-07,	1,7.45874e-08,	0.999999,5.2618e-07,	0.999711,0.000288501,	0.97741,0.0225899,	0.828912,0.171088,	0.500319,0.499681,	1,	1,	1,	1,	1,	1,	1,	1,	1,	1,	1,	
0.114997,0.885003,	1,1.33228e-09,	1,2.45024e-08,	1,1.04035e-07,	1,7.11729e-08,	1,4.54095e-08,	1,3.45445e-07,	0.999762,0.000237795,	0.979382,0.0206177,	0.834798,0.165202,	0.500275,0.499725,	1,	1,	1,	1,	1,	1,	1,	1,	1,	1,	1,	
0.105318,0.894682,	1,7.40571e-10,	1,1.4235e-08,	1,6.28602e-08,	1,4.31429e-08,	1,2.76457e-08,	1,2.2679e-07,	0.999804,0.000196011,	0.981281,0.0187187,	0.840917,0.159083,	0.500256,0.499744,	1,	1,	1,	1,	1,	1,	1,	1,	1,	1,	1,	
0.0965544,0.903446,	1,4.1166e-10,	1,8.26995e-09,	1,3.79817e-08,	1,2.6152e-08,	1,1.6831e-08,	1,1.48891e-07,	0.999838,0.000161571,	0.983058,0.0169417,	0.846628,0.153372,	0.500254,0.499746,	1,	1,	1,	1,	1,	1,	1,	1,	1,	1,	1,	
0.0885021,0.911498,	1,2.28828e-10,	1,4.80452e-09,	1,2.29494e-08,	1,1.58526e-08,	1,1.02469e-08,	1,9.77492e-08,	0.999867,0.00013319,	0.98469,0.0153103,	0.851802,0.148198,	0.5003,0.4997,	1,	1,	1,	1,	1,	1,	1,	1,	1,	1,	1,	
0.0809868,0.919013,	1,1.27198e-10,	1,2.79124e-09,	1,1.38666e-08,	1,9.60935e-09,	1,6.23839e-09,	1,6.41738e-08,	0.99989,0.000109802,	0.986179,0.0138214,	0.856856,0.143144,	0.500285,0.499715,	1,	1,	1,	1,	1,	1,	1,	1,	1,	1,	1,	
0.074265,0.925735,	1,7.07055e-11,	1,1.6216e-09,	1,8.37853e-09,	1,5.82491e-09,	1,3.79799e-09,	1,4.21311e-08,	0.999909,9.05212e-05,	0.987529,0.0124713,	0.862115,0.137885,	0.50033,0.49967,	1,	1,	1,	1,	1,	1,	1,	1,	1,	1,	1,	
0.0680906,0.931909,	1,3.93029e-11,	1,9.42086e-10,	1,5.06251e-09,	1,3.53089e-09,	1,2.31225e-09,	1,2.76597e-08,	0.999925,7.46266e-05,	0.988741,0.0112592,	0.866955,0.133045,	0.500304,0.499696,	1,	1,	1,	1,	1,	1,	1,	1,	1,	1,	1,	
0.0621095,0.93789,	1,2.18472e-11,	1,5.47315e-10,	1,3.05889e-09,	1,2.14032e-09,	1,1.40772e-09,	1,1.8159e-08,	0.999938,6.1524e-05,	0.989833,0.0101674,	0.871524,0.128476,	0.500232,0.499768,	1,	1,	1,	1,	1,	1,	1,	1,	1,	1,	1,	
0.0566008,0.943399,	1,1.21442e-11,	1,3.17968e-10,	1,1.84826e-09,	1,1.2974e-09,	1,8.57033e-10,	1,1.19216e-08,	0.999949,5.07225e-05,	0.990816,0.00918396,	0.876451,0.123549,	0.50022,0.49978,	1,	1,	1,	1,	1,	1,	1,	1,	1,	1,	1,	
0.0516919,0.948308,	1,6.75056e-12,	1,1.84727e-10,	1,1.11676e-09,	1,7.86445e-10,	1,5.2177e-10,	1,7.82674e-09,	0.999958,4.18178e-05,	0.991713,0.00828728,	0.881178,0.118822,	0.500277,0.499723,	1,	1,	1,	1,	1,	1,	1,	1,	1,	1,	1,	
0.0471221,0.952878,	1,3.75242e-12,	1,1.07319e-10,	1,6.74774e-10,	1,4.7672e-10,	1,3.17658e-10,	1,5.13837e-09,	0.999966,3.44766e-05,	0.992518,0.00748225,	0.885124,0.114876,	0.500379,0.499621,	1,	1,	1,	1,	1,	1,	1,	1,	1,	1,	1,	
0.0429249,0.957075,	1,2.08585e-12,	1,6.23483e-11,	1,4.07715e-10,	1,2.88974e-10,	1,1.93393e-10,	1,3.37342e-09,	0.999972,2.84244e-05,	0.993234,0.0067655,	0.889008,0.110992,	0.500412,0.499588,	1,	1,	1,	1,	1,	1,	1,	1,	1,	1,	1,	
0.0391443,0.960856,	1,1.15946e-12,	1,3.62219e-11,	1,2.46351e-10,	1,1.75167e-10,	1,1.1774e-10,	1,2.2147e-09,	0.999977,2.34345e-05,	0.99389,0.00611022,	0.893568,0.106432,	0.500367,0.499633,	1,	1,	1,	1,	1,	1,	1,	1,	1,	1,	1,	
0.0357741,0.964226,	1,6.44505e-13,	1,2.10435e-11,	1,1.48851e-10,	1,1.06181e-10,	1,7.1681e-11,	1,1.45398e-09,	0.999981,1.93205e-05,	0.99449,0.00550983,	0.897976,0.102024,	0.500351,0.499649,	1,	1,	1,	1,	1,	1,	1,	1,	1,	1,	1,	
0.0327431,0.967257,	1,3.5826e-13,	1,1.22255e-11,	1,8.99395e-11,	1,6.4364e-11,	1,4.36401e-11,	1,9.54561e-10,	0.999984,1.59287e-05,	0.995036,0.00496443,	0.902022,0.0979782,	0.500398,0.499602,	1,	1,	1,	1,	1,	1,	1,	1,	1,	1,	1,	
0.0299322,0.970068,	1,1.99145e-13,	1,7.10251e-12,	1,5.43436e-11,	1,3.90156e-11,	1,2.65685e-11,	1,6.26684e-10,	0.999987,1.31323e-05,	0.995527,0.00447261,	0.905786,0.0942136,	0.500356,0.499644,	1,	1,	1,	1,	1,	1,	1,	1,	1,	1,	1,	
0.0274146,0.972585,	1,1.10698e-13,	1,4.12628e-12,	1,3.28357e-11,	1,2.36501e-11,	1,1.61751e-11,	1,4.11427e-10,	0.999989,1.08268e-05,	0.995973,0.00402743,	0.909906,0.0900942,	0.500436,0.499564,	1,	1,	1,	1,	1,	1,	1,	1,	1,	1,	1,	
0.025175,0.974825,	1,6.15337e-14,	1,2.39721e-12,	1,1.98401e-11,	1,1.4336e-11,	1,9.84758e-12,	1,2.70108e-10,	0.999991,8.92608e-06,	0.996378,0.00362212,	0.913998,0.0860017,	0.500459,0.499541,	1,	1,	1,	1,	1,	1,	1,	1,	1,	1,	1,	
0.0231169,0.976883,	1,3.42046e-14,	1,1.39268e-12,	1,1.19879e-11,	1,8.69006e-12,	1,5.9953e-12,	1,1.7733e-10,	0.999993,7.35901e-06,	0.996749,0.00325144,	0.918441,0.0815594,	0.500417,0.499583,	1,	1,	1,	1,	1,	1,	1,	1,	1,	1,	1,	
0.0212384,0.978762,	1,1.90132e-14,	1,8.09094e-13,	1,7.24337e-12,	1,5.26766e-12,	1,3.64999e-12,	1,1.1642e-10,	0.999994,6.06705e-06,	0.997085,0.00291498,	0.92221,0.0777902,	0.500487,0.499513,	1,	1,	1,	1,	1,	1,	1,	1,	1,	1,	1,	
0.0195522,0.980448,	1,1.05689e-14,	1,4.70052e-13,	1,4.37662e-12,	1,3.1931e-12,	1,2.22215e-12,	1,7.64314e-11,	0.999995,5.0019e-06,	0.997389,0.00261136,	0.925741,0.0742588,	0.500461,0.499539,	1,	1,	1,	1,	1,	1,	1,	1,	1,	1,	1,	
0.0179871,0.982013,	1,5.87489e-15,	1,2.73082e-13,	1,2.64446e-12,	1,1.93556e-12,	1,1.35287e-12,	1,5.01783e-11,	0.999996,4.12375e-06,	0.997663,0.00233719,	0.929267,0.0707328,	0.500462,0.499538,	1,	1,	1,	1,	1,	1,	1,	1,	1,	1,	1,	
0.0165333,0.983467,	1,3.26566e-15,	1,1.5865e-13,	1,1.59785e-12,	1,1.17328e-12,	1,8.23637e-13,	1,3.29428e-11,	0.999997,3.39977e-06,	0.997911,0.00208929,	0.932914,0.0670857,	0.500448,0.499552,	1,	1,	1,	1,	1,	1,	1,	1,	1,	1,	1,	
0.0151652,0.984835,	1,1.81528e-15,	1,9.21693e-14,	1,9.65457e-13,	1,7.11209e-13,	1,5.01438e-13,	1,2.16275e-11,	0.999997,2.80289e-06,	0.998134,0.00186639,	0.936133,0.063867,	0.50036,0.49964,	1,	1,	1,	1,	1,	1,	1,	1,	1,	1,	1,	
0.0139304,0.98607,	1,1.00905e-15,	1,5.35468e-14,	1,5.83352e-13,	1,4.31114e-13,	1,3.0528e-13,	1,1.41987e-11,	0.999998,2.31081e-06,	0.998333,0.00166682,	0.938941,0.0610595,	0.500354,0.499646,	1,	1,	1,	1,	1,	1,	1,	1,	1,	1,	1,	
0.0128119,0.987188,	1,5.60901e-16,	1,3.11086e-14,	1,3.52475e-13,	1,2.61329e-13,	1,1.85857e-13,	1,9.32169e-12,	0.999998,1.90511e-06,	0.998511,0.0014885,	0.941701,0.0582991,	0.500386,0.499614,	1,	1,	1,	1,	1,	1,	1,	1,	1,	1,	1,	
0.0117966,0.988203,	1,3.11787e-16,	1,1.80729e-14,	1,2.12974e-13,	1,1.5841e-13,	1,1.13152e-13,	1,6.11983e-12,	0.999998,1.57064e-06,	0.998671,0.00132867,	0.944614,0.0553863,	0.500349,0.499651,	1,	1,	1,	1,	1,	1,	1,	1,	1,	1,	1,	
0.0108713,0.989129,	1,1.73312e-16,	1,1.04996e-14,	1,1.28684e-13,	1,9.60233e-14,	1,6.88879e-14,	1,4.01776e-12,	0.999999,1.29489e-06,	0.998814,0.00118551,	0.947283,0.0527169,	0.500329,0.499671,	1,	1,	1,	1,	1,	1,	1,	1,	1,	1,	1,	
0.0100264,0.989974,	1,9.63388e-17,	1,6.09987e-15,	1,7.7754e-14,	1,5.82065e-14,	1,4.19396e-14,	1,2.63772e-12,	0.999999,1.06755e-06,	0.998943,0.00105735,	0.949995,0.0500051,	0.500336,0.499664,	1,	1,	1,	1,	1,	1,	1,	1,	1,	1,	1,	
0.00925634,0.990744,	1,5.35517e-17,	1,3.54379e-15,	1,4.69809e-14,	1,3.52831e-14,	1,2.55332e-14,	1,1.7317e-12,	0.999999,8.80128e-07,	0.999057,0.000942785,	0.952622,0.0473781,	0.500334,0.499666,	1,	1,	1,	1,	1,	1,	1,	1,	1,	1,	1,	
0.008554,0.991446,	1,2.97677e-17,	1,2.0588e-15,	1,2.8387e-14,	1,2.13876e-14,	1,1.55449e-14,	1,1.13689e-12,	0.999999,7.25608e-07,	0.99916,0.0008404,	0.95504,0.0449598,	0.500279,0.499721,	1,	1,	1,	1,	1,	1,	1,	1,	1,	1,	1,	
0.00791229,0.992088,	1,1.65469e-17,	1,1.19608e-15,	1,1.71521e-14,	1,1.29645e-14,	1,9.46385e-15,	1,7.46384e-13,	0.999999,5.98217e-07,	0.999251,0.000748858,	0.957274,0.0427259,	0.500277,0.499723,	1,	1,	1,	1,	1,	1,	1,	1,	1,	1,	1,	
0.00732328,0.992677,	1,9.19788e-18,	1,6.94877e-16,	1,1.03637e-14,	1,7.85871e-15,	1,5.76168e-15,	1,4.90012e-13,	1,4.9319e-07,	0.999333,0.000667084,	0.959512,0.0404882,	0.500308,0.499692,	1,	1,	1,	1,	1,	1,	1,	1,	1,	1,	1,	
0.00677054,0.993229,	1,5.11281e-18,	1,4.03696e-16,	1,6.262e-15,	1,4.76372e-15,	1,3.50777e-15,	1,3.217e-13,	1,4.06603e-07,	0.999406,0.000594033,	0.961642,0.0383581,	0.50033,0.49967,	1,	1,	1,	1,	1,	1,	1,	1,	1,	1,	1,	
0.00626349,0.993737,	1,2.84205e-18,	1,2.34532e-16,	1,3.78365e-15,	1,2.88763e-15,	1,2.13556e-15,	1,2.11201e-13,	1,3.35218e-07,	0.999471,0.000528874,	0.963641,0.0363586,	0.500335,0.499665,	1,	1,	1,	1,	1,	1,	1,	1,	1,	1,	1,	
0.00579767,0.994202,	1,1.5798e-18,	1,1.36254e-16,	1,2.28617e-15,	1,1.75039e-15,	1,1.30015e-15,	1,1.38657e-13,	1,2.76365e-07,	0.999529,0.000470778,	0.96552,0.0344801,	0.500294,0.499706,	1,	1,	1,	1,	1,	1,	1,	1,	1,	1,	1,	
0.00536599,0.994634,	1,8.78162e-19,	1,7.91581e-17,	1,1.38136e-15,	1,1.06104e-15,	1,7.91543e-16,	1,9.10302e-14,	1,2.27845e-07,	0.999581,0.000419009,	0.967275,0.0327248,	0.500281,0.499719,	1,	1,	1,	1,	1,	1,	1,	1,	1,	1,	1,	
0.00496199,0.995038,	1,4.88142e-19,	1,4.59877e-17,	1,8.34652e-16,	1,6.4317e-16,	1,4.81899e-16,	1,5.97627e-14,	1,1.87843e-07,	0.999627,0.000372879,	0.968951,0.031049,	0.500317,0.499683,	1,	1,	1,	1,	1,	1,	1,	1,	1,	1,	1,	
0.00458303,0.995417,	1,2.71343e-19,	1,2.67171e-17,	1,5.04317e-16,	1,3.89871e-16,	1,2.93385e-16,	1,3.92351e-14,	1,1.54864e-07,	0.999668,0.000331785,	0.970517,0.0294832,	0.500312,0.499688,	1,	1,	1,	1,	1,	1,	1,	1,	1,	1,	1,	
0.00423493,0.995765,	1,1.50831e-19,	1,1.55216e-17,	1,3.0472e-16,	1,2.36328e-16,	1,1.78615e-16,	1,2.57584e-14,	1,1.27675e-07,	0.999705,0.000295182,	0.972031,0.0279693,	0.500359,0.499641,	1,	1,	1,	1,	1,	1,	1,	1,	1,	1,	1,	
0.00391485,0.996085,	1,8.38419e-20,	1,9.01743e-18,	1,1.84119e-16,	1,1.43255e-16,	1,1.08743e-16,	1,1.69108e-14,	1,1.0526e-07,	0.999737,0.000262588,	0.973539,0.0264609,	0.50034,0.49966,	1,	1,	1,	1,	1,	1,	1,	1,	1,	1,	1,	
0.00361999,0.99638,	1,4.6605e-20,	1,5.23877e-18,	1,1.11249e-16,	1,8.68371e-17,	1,6.62036e-17,	1,1.11022e-14,	1,8.67799e-08,	0.999766,0.000233572,	0.97496,0.0250402,	0.500304,0.499696,	1,	1,	1,	1,	1,	1,	1,	1,	1,	1,	1,	
0.00334838,0.996652,	1,2.59062e-20,	1,3.04352e-18,	1,6.72195e-17,	1,5.26381e-17,	1,4.03053e-17,	1,7.28875e-15,	1,7.15444e-08,	0.999792,0.000207744,	0.976325,0.0236746,	0.500366,0.499634,	1,	1,	1,	1,	1,	1,	1,	1,	1,	1,	1,	
0.00309803,0.996902,	1,1.44005e-20,	1,1.76817e-18,	1,4.06157e-17,	1,3.19077e-17,	1,2.45383e-17,	1,4.78517e-15,	1,5.89836e-08,	0.999815,0.000184761,	0.977556,0.0224436,	0.500357,0.499643,	1,	1,	1,	1,	1,	1,	1,	1,	1,	1,	1,	
0.00286713,0.997133,	1,8.00475e-21,	1,1.02724e-18,	1,2.4541e-17,	1,1.93415e-17,	1,1.49391e-17,	1,3.14154e-15,	1,4.86281e-08,	0.999836,0.000164311,	0.978661,0.0213386,	0.500328,0.499672,	1,	1,	1,	1,	1,	1,	1,	1,	1,	1,	1,	
0.00265409,0.997346,	1,4.44958e-21,	1,5.96783e-19,	1,1.48282e-17,	1,1.17242e-17,	1,9.09508e-18,	1,2.06247e-15,	1,4.00907e-08,	0.999854,0.000146115,	0.979753,0.0202467,	0.500323,0.499677,	1,	1,	1,	1,	1,	1,	1,	1,	1,	1,	1,	
0.00245728,0.997543,	1,2.47338e-21,	1,3.46708e-19,	1,8.95958e-18,	1,7.10689e-18,	1,5.53717e-18,	1,1.35404e-15,	1,3.30521e-08,	0.99987,0.000129924,	0.980807,0.0191932,	0.500363,0.499637,	1,	1,	1,	1,	1,	1,	1,	1,	1,	1,	1,	
0.00227284,0.997727,	1,1.37487e-21,	1,2.01424e-19,	1,5.41359e-18,	1,4.30799e-18,	1,3.37108e-18,	1,8.88947e-16,	1,2.72493e-08,	0.999884,0.000115522,	0.981821,0.0181786,	0.500322,0.499678,	1,	1,	1,	1,	1,	1,	1,	1,	1,	1,	1,	
0.00210153,0.997898,	1,7.64248e-22,	1,1.17019e-19,	1,3.27102e-18,	1,2.61138e-18,	1,2.05235e-18,	1,5.83607e-16,	1,2.24653e-08,	0.999897,0.000102711,	0.982814,0.0171858,	0.500295,0.499705,	1,	1,	1,	1,	1,	1,	1,	1,	1,	1,	1,	
0.00194343,0.998057,	1,4.24821e-22,	1,6.79836e-20,	1,1.97643e-18,	1,1.58294e-18,	1,1.24949e-18,	1,3.83147e-16,	1,1.85211e-08,	0.999909,9.13171e-05,	0.983785,0.016215,	0.500277,0.499723,	1,	1,	1,	1,	1,	1,	1,	1,	1,	1,	1,	
0.00179416,0.998206,	1,2.36144e-22,	1,3.94958e-20,	1,1.19421e-18,	1,9.59532e-19,	1,7.607e-19,	1,2.51542e-16,	1,1.52695e-08,	0.999919,8.11841e-05,	0.984692,0.015308,	0.500247,0.499753,	1,	1,	1,	1,	1,	1,	1,	1,	1,	1,	1,	
0.00165441,0.998346,	1,1.31265e-22,	1,2.29455e-20,	1,7.21569e-19,	1,5.8164e-19,	1,4.63121e-19,	1,1.65141e-16,	1,1.25887e-08,	0.999928,7.21733e-05,	0.98553,0.0144697,	0.500212,0.499788,	1,	1,	1,	1,	1,	1,	1,	1,	1,	1,	1,	
0.00152574,0.998474,	1,7.29661e-23,	1,1.33304e-20,	1,4.35989e-19,	1,3.52573e-19,	1,2.81952e-19,	1,1.08417e-16,	1,1.03785e-08,	0.999936,6.41604e-05,	0.986351,0.013649,	0.500213,0.499787,	1,	1,	1,	1,	1,	1,	1,	1,	1,	1,	1,	
0.00140723,0.998593,	1,4.05595e-23,	1,7.74446e-21,	1,2.63435e-19,	1,2.13719e-19,	1,1.71655e-19,	1,7.11777e-17,	1,8.55641e-09,	0.999943,5.70355e-05,	0.987156,0.0128438,	0.500249,0.499751,	1,	1,	1,	1,	1,	1,	1,	1,	1,	1,	1,	
0.00129805,0.998702,	1,2.25457e-23,	1,4.49923e-21,	1,1.59174e-19,	1,1.2955e-19,	1,1.04505e-19,	1,4.67292e-17,	1,7.0542e-09,	0.999949,5.07008e-05,	0.987929,0.0120705,	0.500285,0.499715,	1,	1,	1,	1,	1,	1,	1,	1,	1,	1,	1,	
0.00119745,0.998803,	1,1.25325e-23,	1,2.61388e-21,	1,9.61767e-20,	1,7.85297e-20,	1,6.36238e-20,	1,3.06784e-17,	1,5.81572e-09,	0.999955,4.50678e-05,	0.988642,0.0113576,	0.500252,0.499748,	1,	1,	1,	1,	1,	1,	1,	1,	1,	1,	1,	
0.00110473,0.998895,	1,6.96639e-24,	1,1.51856e-21,	1,5.81123e-20,	1,4.76024e-20,	1,3.87348e-20,	1,2.01408e-17,	1,4.79468e-09,	0.99996,4.00597e-05,	0.989311,0.0106894,	0.500273,0.499727,	1,	1,	1,	1,	1,	1,	1,	1,	1,	1,	1,	
0.00101925,0.998981,	1,3.87239e-24,	1,8.82224e-22,	1,3.51129e-20,	1,2.88552e-20,	1,2.35821e-20,	1,1.32228e-17,	1,3.9529e-09,	0.999964,3.56074e-05,	0.989942,0.0100576,	0.50031,0.49969,	1,	1,	1,	1,	1,	1,	1,	1,	1,	1,	1,	
0.000940435,0.99906,	1,2.15254e-24,	1,5.12537e-22,	1,2.1216e-20,	1,1.74912e-20,	1,1.4357e-20,	1,8.68094e-18,	1,3.25891e-09,	0.999968,3.16496e-05,	0.990542,0.00945819,	0.500315,0.499685,	1,	1,	1,	1,	1,	1,	1,	1,	1,	1,	1,	
0.000867001,0.999133,	1,1.19653e-24,	1,2.97764e-22,	1,1.28192e-20,	1,1.06026e-20,	1,8.74068e-21,	1,5.69917e-18,	1,2.68675e-09,	0.999972,2.81311e-05,	0.991112,0.00888818,	0.500302,0.499698,	1,	1,	1,	1,	1,	1,	1,	1,	1,	1,	1,	
0.000798908,0.999201,	1,6.65111e-25,	1,1.72989e-22,	1,7.74569e-21,	1,6.427e-21,	1,5.32141e-21,	1,3.74159e-18,	1,2.21505e-09,	0.999975,2.50034e-05,	0.991648,0.00835176,	0.50022,0.49978,	1,	1,	1,	1,	1,	1,	1,	1,	1,	1,	1,	
0.000736198,0.999264,	1,3.69714e-25,	1,1.005e-22,	1,4.68013e-21,	1,3.89586e-21,	1,3.23972e-21,	1,2.45641e-18,	1,1.82616e-09,	0.999978,2.22232e-05,	0.992154,0.00784569,	0.500218,0.499782,	1,	1,	1,	1,	1,	1,	1,	1,	1,	1,	1,	
0.000678438,0.999322,	1,2.05512e-25,	1,5.83866e-23,	1,2.82785e-21,	1,2.36155e-21,	1,1.97237e-21,	1,1.61267e-18,	1,1.50555e-09,	0.99998,1.97521e-05,	0.992623,0.00737712,	0.500246,0.499754,	1,	1,	1,	1,	1,	1,	1,	1,	1,	1,	1,	
0.000625236,0.999375,	1,1.14238e-25,	1,3.39203e-23,	1,1.70866e-21,	1,1.4315e-21,	1,1.2008e-21,	1,1.05874e-18,	1,1.24123e-09,	0.999982,1.75556e-05,	0.993062,0.00693844,	0.500203,0.499797,	1,	1,	1,	1,	1,	1,	1,	1,	1,	1,	1,	
0.000576228,0.999424,	1,6.35011e-26,	1,1.97064e-23,	1,1.03241e-21,	1,8.67736e-22,	1,7.31058e-22,	1,6.95079e-19,	1,1.02331e-09,	0.999984,1.56032e-05,	0.993466,0.00653393,	0.500241,0.499759,	1,	1,	1,	1,	1,	1,	1,	1,	1,	1,	1,	
0.000531082,0.999469,	1,3.52982e-26,	1,1.14486e-23,	1,6.23807e-22,	1,5.25996e-22,	1,4.45075e-22,	1,4.5633e-19,	1,8.43653e-10,	0.999986,1.38679e-05,	0.993845,0.00615506,	0.500283,0.499717,	1,	1,	1,	1,	1,	1,	1,	1,	1,	1,	1,	
0.000489491,0.999511,	1,1.96211e-26,	1,6.6512e-24,	1,3.76919e-22,	1,3.18843e-22,	1,2.70966e-22,	1,2.99587e-19,	1,6.95536e-10,	0.999988,1.23255e-05,	0.994202,0.00579845,	0.50028,0.49972,	1,	1,	1,	1,	1,	1,	1,	1,	1,	1,	1,	
0.000451171,0.999549,	1,1.09068e-26,	1,3.86409e-24,	1,2.27744e-22,	1,1.93274e-22,	1,1.64967e-22,	1,1.96684e-19,	1,5.73424e-10,	0.999989,1.09546e-05,	0.994541,0.00545902,	0.500281,0.499719,	1,	1,	1,	1,	1,	1,	1,	1,	1,	1,	1,	
0.000415863,0.999584,	1,6.06272e-27,	1,2.24488e-24,	1,1.37608e-22,	1,1.17157e-22,	1,1.00433e-22,	1,1.29126e-19,	1,4.7275e-10,	0.99999,9.73609e-06,	0.994858,0.00514235,	0.500251,0.499749,	1,	1,	1,	1,	1,	1,	1,	1,	1,	1,	1,	
0.00038333,0.999617,	1,3.37007e-27,	1,1.30419e-24,	1,8.31463e-23,	1,7.1017e-23,	1,6.11447e-23,	1,8.4773e-20,	1,3.89752e-10,	0.999991,8.65312e-06,	0.995155,0.00484505,	0.500151,0.499849,	1,	1,	1,	1,	1,	1,	1,	1,	1,	1,	1,	
0.000353349,0.999647,	1,1.87332e-27,	1,7.57683e-25,	1,5.0239e-23,	1,4.30484e-23,	1,3.72254e-23,	1,5.56547e-20,	1,3.21325e-10,	0.999992,7.69045e-06,	0.995437,0.00456278,	0.500124,0.499876,	1,	1,	1,	1,	1,	1,	1,	1,	1,	1,	1,	
0.000325719,0.999674,	1,1.04132e-27,	1,4.40184e-25,	1,3.03556e-23,	1,2.60947e-23,	1,2.26632e-23,	1,3.65382e-20,	1,2.64911e-10,	0.999993,6.83483e-06,	0.9957,0.00430027,	0.500125,0.499875,	1,	1,	1,	1,	1,	1,	1,	1,	1,	1,	1,	
0.000300255,0.9997,	1,5.78834e-28,	1,2.5573e-25,	1,1.83416e-23,	1,1.58178e-23,	1,1.37976e-23,	1,2.39879e-20,	1,2.18402e-10,	0.999994,6.07432e-06,	0.995949,0.00405137,	0.500118,0.499882,	1,	1,	1,	1,	1,	1,	1,	1,	1,	1,	1,	
0.000276786,0.999723,	1,3.21755e-28,	1,1.48569e-25,	1,1.10824e-23,	1,9.5883e-24,	1,8.40009e-24,	1,1.57484e-20,	1,1.80058e-10,	0.999995,5.39842e-06,	0.996183,0.00381744,	0.500155,0.499845,	1,	1,	1,	1,	1,	1,	1,	1,	1,	1,	1,	
0.000255156,0.999745,	1,1.78854e-28,	1,8.63127e-26,	1,6.69627e-24,	1,5.81215e-24,	1,5.11405e-24,	1,1.0339e-20,	1,1.48446e-10,	0.999995,4.79773e-06,	0.996399,0.0036009,	0.500144,0.499856,	1,	1,	1,	1,	1,	1,	1,	1,	1,	1,	1,	
0.000235219,0.999765,	1,9.9419e-29,	1,5.01443e-26,	1,4.04605e-24,	1,3.52315e-24,	1,3.11348e-24,	1,6.78774e-21,	1,1.22384e-10,	0.999996,4.26386e-06,	0.996602,0.00339828,	0.500127,0.499873,	1,	1,	1,	1,	1,	1,	1,	1,	1,	1,	1,	
0.000216843,0.999783,	1,5.52638e-29,	1,2.91319e-26,	1,2.44472e-24,	1,2.13563e-24,	1,1.89552e-24,	1,4.45625e-21,	1,1.00897e-10,	0.999996,3.78939e-06,	0.996795,0.00320531,	0.500097,0.499903,	1,	1,	1,	1,	1,	1,	1,	1,	1,	1,	1,	
0.000199905,0.9998,	1,3.07194e-29,	1,1.69245e-26,	1,1.47716e-24,	1,1.29456e-24,	1,1.15401e-24,	1,2.9256e-21,	1,8.31833e-11,	0.999997,3.36768e-06,	0.996979,0.00302075,	0.500051,0.499949,	1,	1,	1,	1,	1,	1,	1,	1,	1,	1,	1,	
0.000184292,0.999816,	1,1.70759e-29,	1,9.83246e-27,	1,8.92535e-25,	1,7.84723e-25,	1,7.02571e-25,	1,1.9207e-21,	1,6.85791e-11,	0.999997,2.99289e-06,	0.997156,0.00284435,	0.499993,0.500007,	1,	1,	1,	1,	1,	1,	1,	1,	1,	1,	1,	
0.000169899,0.99983,	1,9.49196e-30,	1,5.71227e-27,	1,5.39291e-25,	1,4.75676e-25,	1,4.27732e-25,	1,1.26097e-21,	1,5.6539e-11,	0.999997,2.65982e-06,	0.997323,0.00267744,	0.499985,0.500015,	1,	1,	1,	1,	1,	1,	1,	1,	1,	1,	1,	
0.000156633,0.999843,	1,5.27628e-30,	1,3.31861e-27,	1,3.25853e-25,	1,2.88341e-25,	1,2.60407e-25,	1,8.27843e-22,	1,4.66127e-11,	0.999998,2.36381e-06,	0.997481,0.00251898,	0.500006,0.499994,	1,	1,	1,	1,	1,	1,	1,	1,	1,	1,	1,	
0.000144403,0.999856,	1,2.93291e-30,	1,1.92798e-27,	1,1.96888e-25,	1,1.74784e-25,	1,1.58538e-25,	1,5.43492e-22,	1,3.84291e-11,	0.999998,2.10074e-06,	0.997632,0.00236806,	0.499988,0.500012,	1,	1,	1,	1,	1,	1,	1,	1,	1,	1,	1,	
0.000133129,0.999867,	1,1.63031e-30,	1,1.12008e-27,	1,1.18964e-25,	1,1.05949e-25,	1,9.65197e-26,	1,3.5681e-22,	1,3.16823e-11,	0.999998,1.86694e-06,	0.997775,0.00222519,	0.499946,0.500054,	1,	1,	1,	1,	1,	1,	1,	1,	1,	1,	1,	
0.000122736,0.999877,	1,9.06238e-31,	1,6.50723e-28,	1,7.18812e-26,	1,6.4223e-26,	1,5.87621e-26,	1,2.34251e-22,	1,2.61199e-11,	0.999998,1.65916e-06,	0.99791,0.00208976,	0.499871,0.500129,	1,	1,	1,	1,	1,	1,	1,	1,	1,	1,	1,	
0.000113155,0.999887,	1,5.03749e-31,	1,3.78045e-28,	1,4.34323e-26,	1,3.89301e-26,	1,3.57749e-26,	1,1.53789e-22,	1,2.15342e-11,	0.999999,1.47451e-06,	0.998038,0.00196191,	0.499888,0.500112,	1,	1,	1,	1,	1,	1,	1,	1,	1,	1,	1,	
0.000104323,0.999896,	1,2.80018e-31,	1,2.19629e-28,	1,2.62429e-26,	1,2.35983e-26,	1,2.17801e-26,	1,1.00965e-22,	1,1.77535e-11,	0.999999,1.31041e-06,	0.998158,0.00184182,	0.499869,0.500131,	1,	1,	1,	1,	1,	1,	1,	1,	1,	1,	1,	
9.61803e-05,0.999904,	1,1.55653e-31,	1,1.27596e-28,	1,1.58566e-26,	1,1.43046e-26,	1,1.32599e-26,	1,6.62851e-23,	1,1.46366e-11,	0.999999,1.16457e-06,	0.998271,0.00172913,	0.499839,0.500161,	1,	1,	1,	1,	1,	1,	1,	1,	1,	1,	1,	
8.86737e-05,0.999911,	1,8.65225e-32,	1,7.41282e-29,	1,9.58092e-27,	1,8.67102e-27,	1,8.07277e-27,	1,4.35172e-23,	1,1.20669e-11,	0.999999,1.03495e-06,	0.998377,0.00162283,	0.499791,0.500209,	1,	1,	1,	1,	1,	1,	1,	1,	1,	1,	1,	
8.17534e-05,0.999918,	1,4.80951e-32,	1,4.30656e-29,	1,5.78903e-27,	1,5.25612e-27,	1,4.91478e-27,	1,2.85697e-23,	1,9.94838e-12,	0.999999,9.19758e-07,	0.998477,0.00152273,	0.499786,0.500214,	1,	1,	1,	1,	1,	1,	1,	1,	1,	1,	1,	
7.53734e-05,0.999925,	1,2.67345e-32,	1,2.50194e-29,	1,3.49787e-27,	1,3.18611e-27,	1,2.99216e-27,	1,1.87564e-23,	1,8.20178e-12,	0.999999,8.17386e-07,	0.998572,0.00142827,	0.499774,0.500226,	1,	1,	1,	1,	1,	1,	1,	1,	1,	1,	1,	
6.94916e-05,0.999931,	1,1.48609e-32,	1,1.45353e-29,	1,2.1135e-27,	1,1.93132e-27,	1,1.82166e-27,	1,1.23139e-23,	1,6.76183e-12,	0.999999,7.26408e-07,	0.998661,0.00133944,	0.499786,0.500214,	1,	1,	1,	1,	1,	1,	1,	1,	1,	1,	1,	
6.4069e-05,0.999936,	1,8.26068e-33,	1,8.44444e-30,	1,1.27703e-27,	1,1.17071e-27,	1,1.10904e-27,	1,8.08424e-24,	1,5.57468e-12,	0.999999,6.45556e-07,	0.998744,0.00125612,	0.499794,0.500206,	1,	1,	1,	1,	1,	1,	1,	1,	1,	1,	1,	
5.90697e-05,0.999941,	1,4.59185e-33,	1,4.90589e-30,	1,7.7161e-28,	1,7.09651e-28,	1,6.75195e-28,	1,5.30742e-24,	1,4.59596e-12,	0.999999,5.73703e-07,	0.998822,0.00117785,	0.499776,0.500224,	1,	1,	1,	1,	1,	1,	1,	1,	1,	1,	1,	
5.44607e-05,0.999946,	1,2.55246e-33,	1,2.85013e-30,	1,4.66225e-28,	1,4.3017e-28,	1,4.11065e-28,	1,3.4844e-24,	1,3.78907e-12,	0.999999,5.09848e-07,	0.998896,0.00110422,	0.499822,0.500178,	1,	1,	1,	1,	1,	1,	1,	1,	1,	1,	1,	
5.02114e-05,0.99995,	1,1.41883e-33,	1,1.65581e-30,	1,2.81704e-28,	1,2.60756e-28,	1,2.5026e-28,	1,2.28756e-24,	1,3.12384e-12,	1,4.53099e-07,	0.998965,0.00103527,	0.499821,0.500179,	1,	1,	1,	1,	1,	1,	1,	1,	1,	1,	1,	
4.62938e-05,0.999954,	1,7.88683e-34,	1,9.61963e-31,	1,1.70213e-28,	1,1.58063e-28,	1,1.52361e-28,	1,1.50182e-24,	1,2.5754e-12,	1,4.02667e-07,	0.999029,0.000970824,	0.499845,0.500155,	1,	1,	1,	1,	1,	1,	1,	1,	1,	1,	1,	
4.26819e-05,0.999957,	1,4.38404e-34,	1,5.58863e-31,	1,1.02847e-28,	1,9.5813e-29,	1,9.27586e-29,	1,9.85966e-25,	1,2.12325e-12,	1,3.57849e-07,	0.99909,0.000910467,	0.499808,0.500192,	1,	1,	1,	1,	1,	1,	1,	1,	1,	1,	1,	
3.9352e-05,0.999961,	1,2.43694e-34,	1,3.24677e-31,	1,6.21424e-29,	1,5.8079e-29,	1,5.64723e-29,	1,6.47302e-25,	1,1.75048e-12,	1,3.18018e-07,	0.999146,0.000853722,	0.499752,0.500248,	1,	1,	1,	1,	1,	1,	1,	1,	1,	1,	1,	
3.62818e-05,0.999964,	1,1.35462e-34,	1,1.88625e-31,	1,3.75479e-29,	1,3.52058e-29,	1,3.43809e-29,	1,4.24963e-25,	1,1.44315e-12,	1,2.82621e-07,	0.9992,0.000800311,	0.499763,0.500237,	1,	1,	1,	1,	1,	1,	1,	1,	1,	1,	1,	
3.34513e-05,0.999967,	1,7.5299e-35,	1,1.09584e-31,	1,2.26874e-29,	1,2.13407e-29,	1,2.09314e-29,	1,2.78995e-25,	1,1.18978e-12,	1,2.51164e-07,	0.99925,0.000750007,	0.499745,0.500255,	1,	1,	1,	1,	1,	1,	1,	1,	1,	1,	1,	
3.08416e-05,0.999969,	1,4.18563e-35,	1,6.36638e-32,	1,1.37082e-29,	1,1.29361e-29,	1,1.27432e-29,	1,1.83164e-25,	1,9.80899e-13,	1,2.23208e-07,	0.999297,0.000702679,	0.499725,0.500275,	1,	1,	1,	1,	1,	1,	1,	1,	1,	1,	1,	
2.84356e-05,0.999972,	1,2.32666e-35,	1,3.69862e-32,	1,8.28285e-30,	1,7.84149e-30,	1,7.7582e-30,	1,1.2025e-25,	1,8.08687e-13,	1,1.98364e-07,	0.999342,0.000658263,	0.499792,0.500208,	1,	1,	1,	1,	1,	1,	1,	1,	1,	1,	1,	
2.62173e-05,0.999974,	1,1.29331e-35,	1,2.14875e-32,	1,5.0047e-30,	1,4.75328e-30,	1,4.72327e-30,	1,7.89459e-26,	1,6.66709e-13,	1,1.76285e-07,	0.999383,0.000616695,	0.499789,0.500211,	1,	1,	1,	1,	1,	1,	1,	1,	1,	1,	1,	
2.4172e-05,0.999976,	1,7.18912e-36,	1,1.24834e-32,	1,3.02396e-30,	1,2.8813e-30,	1,2.87557e-30,	1,5.18292e-26,	1,5.49658e-13,	1,1.56664e-07,	0.999422,0.000577803,	0.499729,0.500271,	1,	1,	1,	1,	1,	1,	1,	1,	1,	1,	1,	
2.22864e-05,0.999978,	1,3.9962e-36,	1,7.25237e-33,	1,1.82715e-30,	1,1.74656e-30,	1,1.75067e-30,	1,3.40266e-26,	1,4.53157e-13,	1,1.39226e-07,	0.999459,0.000541312,	0.499766,0.500234,	1,	1,	1,	1,	1,	1,	1,	1,	1,	1,	1,	
2.05478e-05,0.999979,	1,2.22136e-36,	1,4.21334e-33,	1,1.10401e-30,	1,1.05871e-30,	1,1.06583e-30,	1,2.2339e-26,	1,3.73598e-13,	1,1.2373e-07,	0.999493,0.000507063,	0.499756,0.500244,	1,	1,	1,	1,	1,	1,	1,	1,	1,	1,	1,	
1.89449e-05,0.999981,	1,1.23478e-36,	1,2.44779e-33,	1,6.67068e-31,	1,6.41761e-31,	1,6.48885e-31,	1,1.46659e-26,	1,3.08007e-13,	1,1.09958e-07,	0.999525,0.000474926,	0.49981,0.50019,	1,	1,	1,	1,	1,	1,	1,	1,	1,	1,	1,	
1.74671e-05,0.999983,	1,6.86376e-37,	1,1.42207e-33,	1,4.03059e-31,	1,3.89017e-31,	1,3.95047e-31,	1,9.62837e-27,	1,2.53931e-13,	1,9.7719e-08,	0.999555,0.000444805,	0.499941,0.500059,	1,	1,	1,	1,	1,	1,	1,	1,	1,	1,	1,	
1.61045e-05,0.999984,	1,3.81535e-37,	1,8.26166e-34,	1,2.43538e-31,	1,2.3581e-31,	1,2.40508e-31,	1,6.32117e-27,	1,2.0935e-13,	1,8.68424e-08,	0.999583,0.000416539,	0.499947,0.500053,	1,	1,	1,	1,	1,	1,	1,	1,	1,	1,	1,	
1.48482e-05,0.999985,	1,2.12083e-37,	1,4.7997e-34,	1,1.47151e-31,	1,1.42941e-31,	1,1.46424e-31,	1,4.14994e-27,	1,1.72595e-13,	1,7.71763e-08,	0.99961,0.000389993,	0.499937,0.500063,	1,	1,	1,	1,	1,	1,	1,	1,	1,	1,	1,	
1.369e-05,0.999986,	1,1.1789e-37,	1,2.78844e-34,	1,8.89124e-32,	1,8.66469e-32,	1,8.91442e-32,	1,2.7245e-27,	1,1.42293e-13,	1,6.85862e-08,	0.999635,0.000365119,	0.499979,0.500021,	1,	1,	1,	1,	1,	1,	1,	1,	1,	1,	1,	
1.26221e-05,0.999987,	1,6.55313e-38,	1,1.61997e-34,	1,5.3723e-32,	1,5.25228e-32,	1,5.42718e-32,	1,1.78867e-27,	1,1.17311e-13,	1,6.09522e-08,	0.999658,0.000341835,	0.499952,0.500048,	1,	1,	1,	1,	1,	1,	1,	1,	1,	1,	1,	
1.16375e-05,0.999988,	1,3.64268e-38,	1,9.4114e-35,	1,3.24607e-32,	1,3.18378e-32,	1,3.30412e-32,	1,1.17429e-27,	1,9.67156e-14,	1,5.41679e-08,	0.99968,0.00032003,	0.499975,0.500025,	1,	1,	1,	1,	1,	1,	1,	1,	1,	1,	1,	
1.07297e-05,0.999989,	1,2.02485e-38,	1,5.46766e-35,	1,1.96136e-32,	1,1.92991e-32,	1,2.01158e-32,	1,7.7094e-28,	1,7.97356e-14,	1,4.81387e-08,	0.9997,0.000299581,	0.499925,0.500075,	1,	1,	1,	1,	1,	1,	1,	1,	1,	1,	1,	
9.89274e-06,0.99999,	1,1.12555e-38,	1,3.17649e-35,	1,1.1851e-32,	1,1.16986e-32,	1,1.22467e-32,	1,5.06133e-28,	1,6.57368e-14,	1,4.27806e-08,	0.99972,0.000280403,	0.499881,0.500119,	1,	1,	1,	1,	1,	1,	1,	1,	1,	1,	1,	
9.12107e-06,0.999991,	1,6.25656e-39,	1,1.84542e-35,	1,7.16065e-33,	1,7.09132e-33,	1,7.45589e-33,	1,3.32284e-28,	1,5.41957e-14,	1,3.80189e-08,	0.999738,0.00026244,	0.499898,0.500102,	1,	1,	1,	1,	1,	1,	1,	1,	1,	1,	1,	
8.40959e-06,0.999992,	1,3.47782e-39,	1,1.07212e-35,	1,4.32664e-33,	1,4.29855e-33,	1,4.53922e-33,	1,2.1815e-28,	1,4.46808e-14,	1,3.37872e-08,	0.999754,0.00024563,	0.499937,0.500063,	1,	1,	1,	1,	1,	1,	1,	1,	1,	1,	1,	
7.75361e-06,0.999992,	1,1.93321e-39,	1,6.22857e-36,	1,2.61426e-33,	1,2.60566e-33,	1,2.76352e-33,	1,1.43218e-28,	1,3.68363e-14,	1,3.00265e-08,	0.99977,0.000229891,	0.499955,0.500045,	1,	1,	1,	1,	1,	1,	1,	1,	1,	1,	1,	
7.1488e-06,0.999993,	1,1.07461e-39,	1,3.61856e-36,	1,1.5796e-33,	1,1.57947e-33,	1,1.68246e-33,	1,9.4025e-29,	1,3.03691e-14,	1,2.66844e-08,	0.999785,0.000215155,	0.499961,0.500039,	1,	1,	1,	1,	1,	1,	1,	1,	1,	1,	1,	
6.59117e-06,0.999993,	1,5.97341e-40,	1,2.10224e-36,	1,9.54431e-34,	1,9.5743e-34,	1,1.02429e-33,	1,6.17288e-29,	1,2.50374e-14,	1,2.37142e-08,	0.999799,0.000201373,	0.499965,0.500035,	1,	1,	1,	1,	1,	1,	1,	1,	1,	1,	1,	
6.07703e-06,0.999994,	1,3.32043e-40,	1,1.22132e-36,	1,5.7669e-34,	1,5.80366e-34,	1,6.236e-34,	1,4.05259e-29,	1,2.06417e-14,	1,2.10747e-08,	0.999812,0.000188482,	0.499938,0.500062,	1,	1,	1,	1,	1,	1,	1,	1,	1,	1,	1,	
5.60301e-06,0.999994,	1,1.84572e-40,	1,7.09538e-37,	1,3.4845e-34,	1,3.51801e-34,	1,3.79654e-34,	1,2.66059e-29,	1,1.70177e-14,	1,1.8729e-08,	0.999824,0.000176422,	0.499831,0.500169,	1,	1,	1,	1,	1,	1,	1,	1,	1,	1,	1,	
5.16596e-06,0.999995,	1,1.02598e-40,	1,4.12214e-37,	1,2.10542e-34,	1,2.13251e-34,	1,2.31137e-34,	1,1.74671e-29,	1,1.403e-14,	1,1.66443e-08,	0.999835,0.000165131,	0.49985,0.50015,	1,	1,	1,	1,	1,	1,	1,	1,	1,	1,	1,	
4.763e-06,0.999995,	1,5.70307e-41,	1,2.3948e-37,	1,1.27215e-34,	1,1.29267e-34,	1,1.40718e-34,	1,1.14674e-29,	1,1.15668e-14,	1,1.47917e-08,	0.999845,0.000154558,	0.499839,0.500161,	1,	1,	1,	1,	1,	1,	1,	1,	1,	1,	1,	
4.39147e-06,0.999996,	1,3.17015e-41,	1,1.39129e-37,	1,7.68661e-35,	1,7.83576e-35,	1,8.56705e-35,	1,7.52855e-30,	1,9.53605e-15,	1,1.31453e-08,	0.999855,0.000144668,	0.499802,0.500198,	1,	1,	1,	1,	1,	1,	1,	1,	1,	1,	1,	
4.04893e-06,0.999996,	1,1.76219e-41,	1,8.08283e-38,	1,4.64444e-35,	1,4.74981e-35,	1,5.2157e-35,	1,4.9426e-30,	1,7.86185e-15,	1,1.16822e-08,	0.999865,0.000135414,	0.499793,0.500207,	1,	1,	1,	1,	1,	1,	1,	1,	1,	1,	1,	
3.7331e-06,0.999996,	1,9.79543e-42,	1,4.6958e-38,	1,2.80628e-35,	1,2.8792e-35,	1,3.17537e-35,	1,3.24489e-30,	1,6.48158e-15,	1,1.03819e-08,	0.999873,0.000126754,	0.499814,0.500186,	1,	1,	1,	1,	1,	1,	1,	1,	1,	1,	1,	
3.44191e-06,0.999997,	1,5.44497e-42,	1,2.72808e-38,	1,1.69562e-35,	1,1.74528e-35,	1,1.93319e-35,	1,2.13032e-30,	1,5.34363e-15,	1,9.22633e-09,	0.999881,0.000118648,	0.499802,0.500198,	1,	1,	1,	1,	1,	1,	1,	1,	1,	1,	1,	
3.17344e-06,0.999997,	1,3.02668e-42,	1,1.58491e-38,	1,1.02454e-35,	1,1.05794e-35,	1,1.17695e-35,	1,1.39859e-30,	1,4.40547e-15,	1,8.19938e-09,	0.999889,0.000111055,	0.499817,0.500183,	1,	1,	1,	1,	1,	1,	1,	1,	1,	1,	1,	
2.9259e-06,0.999997,	1,1.68244e-42,	1,9.20769e-39,	1,6.19049e-36,	1,6.41292e-36,	1,7.16536e-36,	1,9.18194e-31,	1,3.63202e-15,	1,7.28675e-09,	0.999896,0.000103944,	0.499857,0.500143,	1,	1,	1,	1,	1,	1,	1,	1,	1,	1,	1,	
2.69768e-06,0.999997,	1,9.35213e-43,	1,5.34931e-39,	1,3.74044e-36,	1,3.88732e-36,	1,4.36234e-36,	1,6.02808e-31,	1,2.99436e-15,	1,6.47569e-09,	0.999903,9.72826e-05,	0.49981,0.50019,	1,	1,	1,	1,	1,	1,	1,	1,	1,	1,	1,	
2.48725e-06,0.999998,	1,5.19855e-43,	1,3.10774e-39,	1,2.26007e-36,	1,2.35638e-36,	1,2.65583e-36,	1,3.95752e-31,	1,2.46866e-15,	1,5.75491e-09,	0.999909,9.10444e-05,	0.499781,0.500219,	1,	1,	1,	1,	1,	1,	1,	1,	1,	1,	1,	
2.29324e-06,0.999998,	1,2.88971e-43,	1,1.80547e-39,	1,1.36559e-36,	1,1.42837e-36,	1,1.6169e-36,	1,2.59817e-31,	1,2.03525e-15,	1,5.11436e-09,	0.999915,8.52033e-05,	0.499799,0.500201,	1,	1,	1,	1,	1,	1,	1,	1,	1,	1,	1,	
2.11437e-06,0.999998,	1,1.60629e-43,	1,1.04891e-39,	1,8.2512e-37,	1,8.65836e-37,	1,9.84382e-37,	1,1.70574e-31,	1,1.67793e-15,	1,4.5451e-09,	0.99992,7.97378e-05,	0.499789,0.500211,	1,	1,	1,	1,	1,	1,	1,	1,	1,	1,	1,	
1.94944e-06,0.999998,	1,8.92888e-44,	1,6.09375e-40,	1,4.98558e-37,	1,5.24844e-37,	1,5.99301e-37,	1,1.11984e-31,	1,1.38334e-15,	1,4.0392e-09,	0.999925,7.46283e-05,	0.499796,0.500204,	1,	1,	1,	1,	1,	1,	1,	1,	1,	1,	1,	
1.79738e-06,0.999998,	1,4.96328e-44,	1,3.54023e-40,	1,3.01241e-37,	1,3.18145e-37,	1,3.6486e-37,	1,7.35194e-32,	1,1.14047e-15,	1,3.58962e-09,	0.99993,6.98484e-05,	0.499804,0.500196,	1,	1,	1,	1,	1,	1,	1,	1,	1,	1,	1,	
1.65718e-06,0.999998,	1,2.75893e-44,	1,2.05674e-40,	1,1.82017e-37,	1,1.9285e-37,	1,2.2213e-37,	1,4.82666e-32,	1,9.40244e-16,	1,3.19007e-09,	0.999935,6.53752e-05,	0.499781,0.500219,	1,	1,	1,	1,	1,	1,	1,	1,	1,	1,	1,	
1.52792e-06,0.999998,	1,1.5336e-44,	1,1.19488e-40,	1,1.09979e-37,	1,1.169e-37,	1,1.35235e-37,	1,3.16877e-32,	1,7.7517e-16,	1,2.835e-09,	0.999939,6.11883e-05,	0.499736,0.500264,	1,	1,	1,	1,	1,	1,	1,	1,	1,	1,	1,	
1.40874e-06,0.999999,	1,8.52479e-45,	1,6.9418e-41,	1,6.64519e-38,	1,7.08614e-38,	1,8.23323e-38,	1,2.08035e-32,	1,6.39076e-16,	1,2.51945e-09,	0.999943,5.72694e-05,	0.499648,0.500352,	1,	1,	1,	1,	1,	1,	1,	1,	1,	1,	1,	
1.29886e-06,0.999999,	1,4.73866e-45,	1,4.03291e-41,	1,4.01519e-38,	1,4.29541e-38,	1,5.01247e-38,	1,1.36578e-32,	1,5.26876e-16,	1,2.23902e-09,	0.999946,5.36004e-05,	0.499682,0.500318,	1,	1,	1,	1,	1,	1,	1,	1,	1,	1,	1,	
1.19754e-06,0.999999,	1,2.63407e-45,	1,2.34296e-41,	1,2.42607e-38,	1,2.60375e-38,	1,3.05164e-38,	1,8.96654e-33,	1,4.34375e-16,	1,1.9898e-09,	0.99995,5.01668e-05,	0.499741,0.500259,	1,	1,	1,	1,	1,	1,	1,	1,	1,	1,	1,	
1.10413e-06,0.999999,	1,1.46419e-45,	1,1.36117e-41,	1,1.46589e-38,	1,1.57832e-38,	1,1.85786e-38,	1,5.88667e-33,	1,3.58114e-16,	1,1.76833e-09,	0.999953,4.69519e-05,	0.499801,0.500199,	1,	1,	1,	1,	1,	1,	1,	1,	1,	1,	1,	
1.01801e-06,0.999999,	1,8.13898e-46,	1,7.90787e-42,	1,8.85727e-39,	1,9.5673e-39,	1,1.13109e-38,	1,3.86469e-33,	1,2.95241e-16,	1,1.5715e-09,	0.999956,4.39415e-05,	0.499808,0.500192,	1,	1,	1,	1,	1,	1,	1,	1,	1,	1,	1,	
9.38604e-07,0.999999,	1,4.5242e-46,	1,4.59416e-42,	1,5.35177e-39,	1,5.79942e-39,	1,6.88615e-39,	1,2.53722e-33,	1,2.43407e-16,	1,1.39659e-09,	0.999959,4.11237e-05,	0.499767,0.500233,	1,	1,	1,	1,	1,	1,	1,	1,	1,	1,	1,	
8.65392e-07,0.999999,	1,2.51486e-46,	1,2.66903e-42,	1,3.23367e-39,	1,3.51544e-39,	1,4.19236e-39,	1,1.66573e-33,	1,2.00673e-16,	1,1.24114e-09,	0.999962,3.84875e-05,	0.499786,0.500214,	1,	1,	1,	1,	1,	1,	1,	1,	1,	1,	1,	
7.9789e-07,0.999999,	1,1.39793e-46,	1,1.5506e-42,	1,1.95386e-39,	1,2.13095e-39,	1,2.55235e-39,	1,1.09357e-33,	1,1.65442e-16,	1,1.10299e-09,	0.999964,3.60203e-05,	0.499801,0.500199,	1,	1,	1,	1,	1,	1,	1,	1,	1,	1,	1,	
7.35654e-07,0.999999,	1,7.77064e-47,	1,9.00838e-43,	1,1.18057e-39,	1,1.29172e-39,	1,1.55389e-39,	1,7.17947e-34,	1,1.36396e-16,	1,9.80224e-10,	0.999966,3.37123e-05,	0.499832,0.500168,	1,	1,	1,	1,	1,	1,	1,	1,	1,	1,	1,	
6.78272e-07,0.999999,	1,4.31945e-47,	1,5.23352e-43,	1,7.13329e-40,	1,7.83004e-40,	1,9.46024e-40,	1,4.71343e-34,	1,1.12449e-16,	1,8.71119e-10,	0.999968,3.15521e-05,	0.499858,0.500142,	1,	1,	1,	1,	1,	1,	1,	1,	1,	1,	1,	
6.25366e-07,0.999999,	1,2.40104e-47,	1,3.04047e-43,	1,4.31011e-40,	1,4.74634e-40,	1,5.75948e-40,	1,3.09444e-34,	1,9.27071e-17,	1,7.74159e-10,	0.99997,2.95302e-05,	0.499875,0.500125,	1,	1,	1,	1,	1,	1,	1,	1,	1,	1,	1,	
5.76587e-07,0.999999,	1,1.33466e-47,	1,1.76639e-43,	1,2.60427e-40,	1,2.87709e-40,	1,3.50643e-40,	1,2.03155e-34,	1,7.64309e-17,	1,6.8799e-10,	0.999972,2.76376e-05,	0.49985,0.50015,	1,	1,	1,	1,	1,	1,	1,	1,	1,	1,	1,	
5.31612e-07,0.999999,	1,7.41897e-48,	1,1.0262e-43,	1,1.57356e-40,	1,1.74401e-40,	1,2.13475e-40,	1,1.33374e-34,	1,6.30122e-17,	1,6.11413e-10,	0.999974,2.58663e-05,	0.499908,0.500092,	1,	1,	1,	1,	1,	1,	1,	1,	1,	1,	1,	
4.90146e-07,1,	1,4.12397e-48,	1,5.96185e-44,	1,9.50784e-41,	1,1.05717e-40,	1,1.29965e-40,	1,8.7562e-35,	1,5.19495e-17,	1,5.4336e-10,	0.999976,2.42084e-05,	0.499906,0.500094,	1,	1,	1,	1,	1,	1,	1,	1,	1,	1,	1,	
4.51914e-07,1,	1,2.29238e-48,	1,3.4636e-44,	1,5.74487e-41,	1,6.40823e-41,	1,7.91241e-41,	1,5.74858e-35,	1,4.28289e-17,	1,4.82881e-10,	0.999977,2.26564e-05,	0.499924,0.500076,	1,	1,	1,	1,	1,	1,	1,	1,	1,	1,	1,	
4.16664e-07,1,	1,1.27426e-48,	1,2.01222e-44,	1,3.47119e-41,	1,3.88448e-41,	1,4.81715e-41,	1,3.77403e-35,	1,3.53096e-17,	1,4.29133e-10,	0.999979,2.12039e-05,	0.499868,0.500132,	1,	1,	1,	1,	1,	1,	1,	1,	1,	1,	1,	
3.84164e-07,1,	1,7.08321e-49,	1,1.16902e-44,	1,2.09738e-41,	1,2.35466e-41,	1,2.93273e-41,	1,2.4777e-35,	1,2.91105e-17,	1,3.81368e-10,	0.99998,1.98445e-05,	0.499852,0.500148,	1,	1,	1,	1,	1,	1,	1,	1,	1,	1,	1,	
3.54199e-07,1,	1,3.93733e-49,	1,6.79154e-45,	1,1.26728e-41,	1,1.42733e-41,	1,1.78547e-41,	1,1.62665e-35,	1,2.39997e-17,	1,3.3892e-10,	0.999981,1.85724e-05,	0.49984,0.50016,	1,	1,	1,	1,	1,	1,	1,	1,	1,	1,	1,	
3.26571e-07,1,	1,2.18864e-49,	1,3.94562e-45,	1,7.65724e-42,	1,8.65203e-42,	1,1.08701e-41,	1,1.06792e-35,	1,1.97861e-17,	1,3.01196e-10,	0.999983,1.73819e-05,	0.499863,0.500137,	1,	1,	1,	1,	1,	1,	1,	1,	1,	1,	1,	
3.01098e-07,1,	1,1.21659e-49,	1,2.29225e-45,	1,4.62669e-42,	1,5.24461e-42,	1,6.61783e-42,	1,7.01106e-36,	1,1.63124e-17,	1,2.67671e-10,	0.999984,1.62677e-05,	0.499853,0.500147,	1,	1,	1,	1,	1,	1,	1,	1,	1,	1,	1,	
2.77612e-07,1,	1,6.76265e-50,	1,1.33171e-45,	1,2.79556e-42,	1,3.17913e-42,	1,4.02899e-42,	1,4.60286e-36,	1,1.34485e-17,	1,2.37878e-10,	0.999985,1.52255e-05,	0.499798,0.500202,	1,	1,	1,	1,	1,	1,	1,	1,	1,	1,	1,	
2.55958e-07,1,	1,3.75914e-50,	1,7.73669e-46,	1,1.68914e-42,	1,1.92709e-42,	1,2.45289e-42,	1,3.02185e-36,	1,1.10874e-17,	1,2.11401e-10,	0.999986,1.42501e-05,	0.499801,0.500199,	1,	1,	1,	1,	1,	1,	1,	1,	1,	1,	1,	
2.35993e-07,1,	1,2.08958e-50,	1,4.49472e-46,	1,1.02062e-42,	1,1.16815e-42,	1,1.49334e-42,	1,1.98389e-36,	1,9.14082e-18,	1,1.87871e-10,	0.999987,1.3337e-05,	0.499827,0.500173,	1,	1,	1,	1,	1,	1,	1,	1,	1,	1,	1,	
2.17585e-07,1,	1,1.16153e-50,	1,2.61126e-46,	1,6.16684e-43,	1,7.08097e-43,	1,9.09161e-43,	1,1.30245e-36,	1,7.53601e-18,	1,1.6696e-10,	0.999988,1.24823e-05,	0.499816,0.500184,	1,	1,	1,	1,	1,	1,	1,	1,	1,	1,	1,	
