k=0_act,k=1_act,k=2_act,k=3_act,k=4_act,k=5_act,k=6_act,k=7_act,k=8_act,k=9_act,k=10_act,k=0_wait,k=1_wait,k=2_wait,k=3_wait,k=4_wait,k=5_wait,k=6_wait,k=7_wait,k=8_wait,k=9_wait,k=10_wait,	k=0_act,k=1_act,k=2_act,k=3_act,k=4_act,k=5_act,k=6_act,k=7_act,k=8_act,k=9_act,k=10_act,k=0_wait,k=1_wait,k=2_wait,k=3_wait,k=4_wait,k=5_wait,k=6_wait,k=7_wait,k=8_wait,k=9_wait,k=10_wait,	
15,15,15,15,15,14.9786,15,15,15,15,15,15,15,15,15,15,15,15,15,15,15,15,	15,15,15,15,15,15,15,15,15,15,15,15,15,15,15,15,15,15,15,15,15,14.9786,	
15,12.7376,12.9892,13.7825,13.9952,14.1004,14.851,15.4689,15.437,15.0809,15.5532,15,13.917,13.7221,14.0919,13.8201,14.3082,14.1591,14.3739,14.4698,14.9741,15.5987,	15,14.9262,14.8994,14.8648,14.856,14.8441,14.8168,14.8192,14.648,14.1728,12.2953,15,13.804,13.9571,14.5289,14.7942,14.7269,14.7703,15.1051,14.7018,13.0392,14.4189,	
15,9.94382,11.9831,13.1492,13.1308,13.9763,14.8786,14.9928,14.6779,15.1113,15.7893,15,12.1315,12.5865,13.0545,13.3836,13.4418,13.6837,14.234,14.558,14.8575,15.8284,	15,14.8722,14.7891,14.7017,14.687,14.6466,14.6038,14.4597,14.108,13.3959,12.0817,15,12.3698,12.4853,13.7553,14.4493,14.3358,14.4231,14.6196,13.7564,12.794,13.8809,	
15,8.65039,11.2337,12.908,13.0339,14.0584,14.7044,14.8041,14.6492,15.0314,15.6336,15,11.2611,11.3473,12.4334,12.5922,13.125,13.4691,13.6058,13.7157,13.9944,15.5787,	15,14.8074,14.6794,14.5651,14.5666,14.4697,14.3829,14.1516,13.6497,12.7671,11.1957,15,11.4789,11.7193,13.4924,14.4995,14.3086,14.4049,14.0448,13.413,12.2955,13.4481,	
15,7.2156,10.2613,12.0126,12.4514,14.0427,14.102,14.6133,14.2193,14.9705,15.3645,15,9.69212,10.2785,11.4962,11.8939,12.5397,13.2014,13.0916,13.8117,13.8493,15.1673,	15,14.7127,14.5852,14.4135,14.3383,14.1724,13.9574,13.6322,13.053,12.0971,10.6825,15,10.8179,11.0263,13.1309,13.6991,14.0954,13.934,13.5426,13.0857,11.7121,12.9545,	
15,6.79482,9.83847,11.6798,12.9957,13.5419,14.1809,14.7394,14.2918,14.923,15.3463,15,8.48683,9.21896,10.844,11.5041,11.9467,12.7633,13.044,13.5545,14.0076,15.3034,	15,14.6479,14.474,14.2578,14.1739,13.9686,13.7661,13.3848,12.8874,12.1937,10.9325,15,10.1499,10.5307,12.6946,13.3373,14.0846,13.4579,13.263,12.983,12.3391,12.8656,	
15,6.09906,9.15072,10.7565,13.276,13.8336,14.1655,13.761,13.9609,14.795,15.0246,15,7.96033,8.30643,10.2067,10.8638,11.4667,12.2413,12.7054,12.7924,13.8086,14.902,	15,14.589,14.3593,14.1282,13.9886,13.7437,13.4931,13.0603,12.5412,11.8024,10.4579,15,9.01793,10.2002,12.3859,13.0511,13.8618,13.1237,13.0337,12.8666,11.4977,12.3196,	
15,4.89613,8.91733,11.0414,12.6316,13.2884,13.4202,14.2189,14.2851,14.7087,14.9817,15,7.15221,7.68699,9.39424,10.4521,11.2195,12.5368,12.8522,13.6448,13.5907,14.9874,	15,14.5113,14.267,13.9802,13.7915,13.5012,13.239,12.7923,12.4105,11.9514,11.2281,15,8.12093,9.82349,12.0156,12.9892,13.5493,13.0421,12.9145,12.1865,12.3336,12.0958,	
15,4.53519,8.51039,11.037,12.1516,13.3317,13.5179,13.5549,13.8754,14.5938,14.7534,15,6.4701,7.0441,8.86248,9.99401,11.059,12.1121,12.7678,12.9552,13.2636,14.7682,	15,14.4563,14.1523,13.8008,13.5645,13.2706,12.9934,12.4901,12.2075,11.6467,10.4769,15,7.69819,9.74011,11.5546,12.8144,13.3821,13.2075,12.7164,12.1652,11.5445,11.85,	
15,4.12319,8.65562,10.5456,11.7515,13.0598,13.5258,13.4254,13.4767,14.4907,14.5639,15,5.89687,6.4723,8.28197,9.77795,10.5597,11.9017,12.7746,12.6385,13.1175,14.5018,	15,14.3722,14.038,13.6489,13.3574,13.0401,12.6651,12.2195,11.9895,11.5679,10.3189,15,7.11718,9.6398,11.2359,12.6783,13.0557,12.916,12.7334,12.2739,11.0387,11.6453,	
15,3.89747,8.15296,10.7024,11.782,12.997,13.1047,13.6821,13.9947,14.3523,14.5506,15,5.28455,6.36189,7.77242,9.5721,10.3442,11.6483,12.3257,12.6156,13.503,14.442,	15,14.2868,13.9442,13.5525,13.2655,12.944,12.6111,12.3231,12.1165,11.6891,10.45,15,6.41316,9.45641,11.3098,12.5282,12.78,12.802,12.7372,12.2584,11.2436,11.3651,	
15,3.68465,7.95766,10.5239,11.4439,12.7164,13.1861,13.3381,13.912,14.2619,14.443,15,4.96735,6.17732,7.61328,9.45329,10.2257,11.7621,11.9089,12.9532,13.2409,14.3792,	15,14.2007,13.8708,13.4483,13.1963,12.8913,12.5508,12.3133,12.0708,11.7041,10.4272,15,5.85603,9.1979,10.9496,11.9525,12.2153,12.8688,12.8758,11.9986,11.9011,11.2891,	
15,4.00017,7.93696,10.6581,11.6627,12.6108,13.2803,13.8811,13.5642,14.1741,14.4937,15,4.65301,6.07055,7.36083,9.59185,9.97373,11.8671,12.455,12.6324,13.2852,14.4896,	15,14.141,13.8068,13.3783,13.133,12.8495,12.5466,12.3749,12.2727,12.0352,10.8437,15,5.72995,8.78241,10.9434,11.9371,12.419,12.8497,12.7297,12.3738,11.7355,10.9425,	
15,3.92622,7.98542,10.5257,11.6293,12.2744,12.7599,13.3022,12.9703,14.0752,14.1334,15,4.21224,5.53551,6.88689,9.20065,9.65652,11.6949,12.0528,11.8659,12.8302,14.1389,	15,14.0558,13.6784,13.2336,12.96,12.6516,12.3482,12.1475,12.0019,11.5512,9.31142,15,5.69401,8.57215,10.7329,11.5683,12.3612,12.8721,12.0983,12.4066,10.5997,10.8228,	
15,4.13036,7.79098,10.3956,11.5184,12.5102,12.5448,13.1603,12.9309,13.9355,14.023,15,3.80068,5.13362,6.94063,8.97437,10.0397,11.4348,11.9724,12.3691,12.8477,14.0266,	15,13.9593,13.5762,13.0969,12.7843,12.5174,12.2149,12.0384,11.869,11.4639,10.4271,15,5.35072,8.35604,10.3129,11.4726,12.3486,12.8891,12.2489,12.2292,11.156,10.6006,	
15,3.7094,7.79725,10.3853,11.197,12.2916,12.5191,12.7714,13.0994,13.7853,13.9824,15,3.5749,5.09421,6.70767,9.05923,10.2102,11.664,11.8505,12.1016,12.7299,13.9009,	15,13.9163,13.5091,13.0132,12.6848,12.5002,12.1963,12.1088,11.9784,11.4432,10.6453,15,5.04904,8.0135,9.80738,11.4233,12.1772,12.5456,12.4996,12.0197,11.6839,10.5838,	
15,3.65953,7.25409,10.0581,11.0839,12.3007,12.4162,12.4975,13.0032,13.6325,13.7663,15,3.44179,4.92468,6.39449,8.72415,9.75154,11.3761,11.3982,12.0733,12.244,13.6967,	15,13.8561,13.4304,12.9354,12.6118,12.3966,12.1107,12.0116,11.7787,11.273,9.49907,15,4.75791,7.8422,9.96093,11.4404,12.0063,12.3943,12.3218,11.9905,10.5637,10.2518,	
15,3.92023,7.09344,9.53392,11.1759,11.3926,12.1826,12.1262,12.6253,13.5266,13.6608,15,3.11735,4.58124,6.27074,8.69957,9.86252,10.811,11.3817,11.9995,12.2102,13.6387,	15,13.7575,13.3319,12.8097,12.5143,12.2784,12.0115,11.9136,11.6928,11.1764,9.77983,15,4.40456,7.23954,9.70435,11.1904,11.9322,12.1697,11.9577,11.8398,10.9062,10.111,	
15,3.78384,6.97977,9.56496,11.1486,11.8807,11.8939,11.9791,12.5126,13.3885,13.4759,15,2.78366,4.29288,6.16662,8.39095,9.73655,10.6828,11.5108,11.7128,12.1953,13.4647,	15,13.6868,13.2287,12.6973,12.3943,12.1196,11.8992,11.7734,11.5384,11.1277,9.97921,15,4.25719,7.41674,9.38247,10.8776,11.6136,11.931,11.5546,11.7904,11.127,10.178,	
15,3.84668,7.20584,9.28483,10.9173,11.8037,12.4128,12.1015,12.8417,13.2943,13.5119,15,2.65789,4.32067,6.12357,8.69607,9.74144,10.6978,11.2276,11.4875,12.1622,13.5597,	15,13.6375,13.1329,12.6281,12.3528,12.1067,11.9711,11.8843,11.7116,11.3836,9.94412,15,4.23996,7.39751,9.68664,10.6509,11.7688,11.851,11.3468,11.8169,11.09,10.1384,	
15,3.52527,7.36153,9.02631,11.0051,11.9397,12.6831,12.3551,12.739,13.1877,13.3846,15,2.52414,4.15463,6.23698,8.38979,9.55942,10.7555,11.5899,11.4547,12.0165,13.364,	15,13.5864,13.0179,12.5268,12.1913,11.9615,11.8715,11.7876,11.6351,11.2525,10.336,15,4.19279,7.367,9.58354,10.3664,11.7496,11.6923,11.5165,11.9076,11.1777,10.317,	
15,3.82843,7.02529,9.18331,11.332,11.8004,12.5767,12.0276,12.864,13.1191,13.3869,15,2.29307,4.26193,5.97559,8.18783,9.49212,10.8845,11.5562,11.6934,12.3306,13.3967,	15,13.5333,12.928,12.44,12.1134,11.8855,11.7919,11.7231,11.6005,11.2564,10.2161,15,4.11805,7.4324,9.58245,10.2232,11.8205,11.8161,11.6983,11.8322,11.3006,10.3429,	
15,3.85711,7.06045,9.16425,11.1676,11.8751,12.6783,12.2983,12.6833,13.0768,13.4433,15,2.18395,4.26979,5.92786,8.58354,9.67869,10.8597,11.623,12.1673,12.4707,13.5166,	15,13.4698,12.8822,12.4106,12.1587,11.9664,11.8973,11.8903,11.7967,11.523,10.584,15,4.00163,7.00415,9.46443,10.5115,11.6667,11.8551,11.9025,11.9597,11.1342,10.1723,	
15,3.66242,6.89966,9.30431,10.9031,11.5133,12.6816,12.4646,12.9445,13.033,13.4512,15,2.02412,4.10676,5.99452,8.33597,9.95659,10.5879,11.5709,11.5754,12.2362,13.5019,	15,13.4244,12.8414,12.3849,12.1571,11.9828,11.8999,11.8838,11.7754,11.3532,10.0255,15,3.82978,6.90221,9.25267,10.5286,11.4206,11.9339,11.5991,12.1284,11.2781,9.97349,	
15,3.84645,6.8773,9.08944,11.0614,11.8573,12.4487,12.8893,12.8268,13.0122,13.5384,15,2.0522,4.12578,6.20066,8.40267,9.84036,10.4033,12.0321,11.9154,12.5232,13.5662,	15,13.3686,12.7722,12.3171,12.0971,11.9463,11.9055,11.8999,11.8353,11.512,10.9489,15,3.81224,7.04289,9.24643,10.4665,11.6014,11.8927,11.709,12.2398,11.7611,9.79031,	
15,3.6934,6.6799,8.94883,10.9988,11.7222,12.9835,13.0678,12.6948,13.0306,13.6229,15,1.89577,4.15142,6.08311,8.40351,9.81323,10.6719,11.895,12.2735,12.225,13.6645,	15,13.324,12.7415,12.2978,12.1139,11.9478,11.9309,11.9413,11.9338,11.697,10.5897,15,3.7252,6.90088,9.34303,10.4298,11.5891,12.0983,11.3233,12.376,11.2718,9.94667,	
15,3.55248,6.99687,9.23364,10.9231,12.1635,12.9616,12.6681,12.4355,12.9909,13.5837,15,1.97301,4.06501,6.33783,8.22072,9.71786,10.6973,12.0513,11.6526,12.3063,13.5542,	15,13.2633,12.687,12.288,12.1079,11.9251,11.9375,11.9583,11.9159,11.6437,10.2933,15,3.69468,6.66956,9.65689,10.4031,11.8259,12.1046,11.5529,12.1148,11.0711,9.86473,	
15,3.79495,7.02344,9.51193,11.1573,12.3641,12.795,12.5528,12.9634,12.9972,13.5813,15,1.856,3.98631,6.44437,8.19,9.85078,10.6147,11.5885,11.9919,12.5464,13.5619,	15,13.2028,12.6475,12.2254,12.0595,11.8756,11.9301,11.9615,11.8502,11.5905,10.6421,15,3.58172,6.8359,9.573,10.4264,12.0002,12.263,11.8768,12.2377,11.6329,9.70029,	
15,3.8606,7.23031,9.62348,11.0631,12.3972,12.4647,12.5036,13.1761,12.9667,13.7119,15,1.90166,3.95978,6.36916,8.08382,10.0899,10.768,11.6821,12.258,12.6241,13.6948,	15,13.1529,12.5964,12.1927,12.0711,11.8951,11.984,12.0696,11.9722,11.7968,10.9413,15,3.67005,6.63474,9.49178,10.3217,11.9303,12.323,11.8969,12.4234,12.2005,9.67101,	
15,4.02702,7.19496,9.84937,11.2146,12.0837,12.2002,12.5169,13.0523,12.9673,13.621,15,1.73557,3.82889,6.27123,7.95209,10.0223,10.656,11.6177,12.2048,12.4396,13.6212,	15,13.1046,12.5147,12.1191,11.9912,11.8283,11.9338,12.0457,11.9109,11.6659,10.4372,15,3.66888,6.57899,9.76064,10.2054,11.9494,12.5015,12.0845,12.4904,11.3936,9.74757,	
15,4.09897,7.52467,9.74081,10.9994,11.9336,12.2766,12.1844,12.836,12.9227,13.4379,15,1.76829,4.02737,6.20916,7.93811,9.74087,10.5563,11.6229,11.479,12.2151,13.467,	15,13.0407,12.4419,12.0373,11.9052,11.7696,11.8812,11.9948,11.7281,11.3792,10.1036,15,3.64264,6.53277,9.71262,10.3586,11.7911,12.5553,12.0588,12.1854,11.2583,9.81751,	
15,4.02527,7.36527,9.59462,11.2849,11.8392,12.0109,11.7233,12.6723,12.8692,13.3236,15,1.82765,4.0144,6.28039,7.94626,9.6217,10.2801,11.6037,11.7353,12.0701,13.3068,	15,12.9851,12.389,12.0187,11.8842,11.7567,11.8299,11.984,11.7442,11.3845,10.1059,15,3.47502,6.43677,9.69777,10.3281,11.8447,12.0527,12.0856,12.0314,10.8973,9.90299,	
15,3.9254,7.54384,9.22681,10.9667,12.3154,11.9553,12.2651,12.8243,12.8852,13.4336,15,1.70513,3.95117,6.47897,8.00467,9.57875,10.4073,11.4236,11.8959,12.4981,13.3461,	15,12.9419,12.3382,11.9671,11.8703,11.7605,11.8126,12.0062,11.7958,11.5724,10.5869,15,3.60974,6.35638,9.42236,10.2251,11.7945,12.0129,11.8718,12.0766,11.5333,9.99532,	
15,3.67035,7.48011,9.78618,10.8833,12.3801,11.9097,12.4837,13.287,12.9156,13.4663,15,1.61615,3.96634,6.47879,7.96075,9.58276,10.7141,11.5101,12.0707,12.3208,13.3272,	15,12.8997,12.2909,11.9005,11.8488,11.8294,11.9032,12.1007,11.9142,11.597,10.5786,15,3.56524,6.44428,9.40367,10.2582,11.7907,11.9758,11.9346,12.1943,11.6397,9.74864,	
15,3.92387,7.22067,8.99389,10.445,12.3699,12.0977,12.6028,13.0886,12.9669,13.625,15,1.53495,3.97021,6.6259,7.94272,9.72276,10.9154,11.564,12.0628,12.5787,13.6009,	15,12.8345,12.2661,11.8845,11.8487,11.8363,11.9415,12.1312,12.0634,11.8597,10.6243,15,3.59941,6.43819,9.38346,10.2346,12.0611,12.1571,11.8548,12.2659,11.2092,9.58447,	
15,3.77779,6.84971,9.20051,10.5282,12.2067,12.0226,12.2769,12.4631,12.8688,13.4186,15,1.4946,4.0616,6.6354,8.14021,9.78581,10.8362,11.316,11.8532,11.8649,13.3637,	15,12.7852,12.228,11.8762,11.8336,11.8017,11.8804,12.0177,11.857,11.2786,10.2504,15,3.38137,6.49053,9.44743,10.1422,11.8068,11.5829,11.9077,12.2828,11.1998,9.65828,	
15,3.67598,6.91547,9.13562,11.1225,11.9231,12.1333,12.4013,12.2042,12.8413,13.4608,15,1.52494,3.99065,6.46856,8.10468,9.61766,11.045,11.5885,12.0745,12.3911,13.3701,	15,12.7539,12.1677,11.8403,11.7789,11.7819,11.8538,12.0242,11.9085,11.5606,10.7689,15,3.28898,6.48112,9.15917,10.3935,11.4317,11.4516,12.1737,12.3104,11.5153,9.56683,	
15,3.4595,6.67733,9.42485,11.5549,12.0798,12.514,12.3744,12.9429,12.8623,13.4821,15,1.44575,3.94653,6.17534,8.32634,9.49616,10.9589,11.6007,11.8963,12.6487,13.4092,	15,12.7006,12.1305,11.8438,11.7706,11.8052,11.9037,12.0496,11.971,11.7185,10.6162,15,3.29809,6.66307,9.32552,10.4813,11.5452,11.6968,12.1119,12.1451,11.6006,9.47312,	
15,3.3609,6.54838,9.70292,11.1574,11.9355,12.9418,12.2979,12.8032,12.8462,13.5738,15,1.46872,3.92569,6.3286,8.40449,9.67709,10.9692,11.8775,11.8762,12.3504,13.4344,	15,12.6492,12.1093,11.8723,11.7807,11.8397,11.9552,12.107,12.0383,11.7983,10.209,15,3.20805,6.63891,9.45378,10.4705,11.5275,11.8034,11.906,12.2553,11.0673,9.57828,	
15,3.58057,6.70772,9.23171,11.4905,11.7397,12.8546,12.7979,12.8164,12.8977,13.7108,15,1.47081,3.91198,6.2068,8.51196,9.88793,10.959,11.9238,12.0852,12.3982,13.669,	15,12.5943,12.0939,11.8753,11.8074,11.8838,12.0252,12.1933,12.2244,11.9415,10.6505,15,3.03051,6.34009,9.54829,10.3696,11.5389,11.9025,12.1122,12.3869,11.4964,9.74745,	
15,3.48552,6.62823,9.26932,11.57,12.2508,13.0027,12.6944,12.957,12.9032,13.715,15,1.47033,3.79403,6.09238,8.36086,9.90291,10.9354,11.5602,12.3197,12.3789,13.72,	15,12.5433,12.057,11.854,11.7849,11.8527,12.0257,12.2217,12.2176,11.8424,10.6591,15,3.08299,6.55394,9.67217,10.4723,11.0556,11.5872,12.3041,12.291,11.6183,9.9008,	
15,3.39484,6.98686,9.48155,11.2162,12.2653,13.0712,13.0401,12.6837,12.9451,13.715,15,1.42941,3.71391,5.96579,7.97415,9.67335,10.872,12.0664,12.2028,12.7032,13.65,	15,12.4818,12.034,11.8446,11.8079,11.8511,12.0308,12.252,12.2469,11.9087,10.5289,15,3.14115,6.81632,9.47287,9.99166,11.2143,11.7332,12.1982,12.4512,11.5375,9.98282,	
15,3.3954,6.85368,9.04353,11.295,12.1089,12.7033,12.5232,12.8308,12.9747,13.6429,15,1.38179,3.74055,5.782,8.11523,9.97961,10.9022,11.6567,11.8422,12.0481,13.5995,	15,12.42,12.0121,11.8162,11.8172,11.9263,12.0877,12.278,12.1609,11.6544,9.95704,15,3.18129,6.67056,9.43742,9.74982,11.3226,11.5017,12.0838,12.2309,10.6386,9.97742,	
15,3.50417,7.00078,9.21663,11.1102,12.3557,12.2831,12.8677,13.0212,12.98,13.6589,15,1.45366,3.77535,5.63805,8.20239,9.67583,11.0585,11.6742,11.8096,12.8468,13.6754,	15,12.3708,11.986,11.8275,11.8404,11.933,12.046,12.1417,11.9891,11.632,10.5522,15,3.41903,6.65977,9.46611,9.85544,11.5949,11.2104,11.7602,12.0933,11.3198,9.89199,	
15,3.32111,6.82487,9.53328,11.1174,12.5186,12.229,12.8144,13.43,12.9716,13.6415,15,1.33056,3.9062,5.47773,8.15172,9.63289,10.8908,11.4123,11.9897,12.4634,13.5468,	15,12.3318,11.9466,11.8164,11.8037,11.8812,11.9739,12.0784,11.9611,11.5738,10.4314,15,3.29484,6.82021,9.48503,9.78463,11.5477,11.4597,11.7473,11.8554,11.5951,9.91076,	
15,3.45199,6.40391,9.37413,11.3118,11.9051,12.1637,12.2868,12.6222,12.8937,13.4764,15,1.37852,3.86453,5.48243,8.28938,9.62596,10.6512,11.228,11.6596,12.0498,13.4344,	15,12.305,11.9302,11.7751,11.7989,11.8308,11.9155,11.9079,11.666,11.171,9.85897,15,3.19123,6.74914,9.40095,9.7606,11.7378,11.3982,11.6887,11.9036,10.863,9.68073,	
15,3.56656,6.45926,9.63641,11.1896,11.9899,12.6023,12.6147,12.9914,12.9275,13.6191,15,1.42229,3.99542,5.60421,8.36526,9.4278,10.7072,11.4317,12.2643,12.4425,13.5984,	15,12.3049,11.9506,11.7959,11.8379,11.9236,12.0142,12.0778,11.882,11.6469,10.7745,15,3.28181,6.58593,9.33941,9.68984,11.9351,11.5923,11.7729,11.9005,11.6955,9.80435,	
15,3.47277,6.55402,9.53324,11.2224,11.9611,12.8949,12.9808,12.548,12.9354,13.5542,15,1.43364,3.95015,5.4946,8.44251,9.45435,10.8797,11.5999,11.9505,12.2799,13.5009,	15,12.247,11.9,11.7379,11.8049,11.9083,11.9947,12.0204,11.9075,11.7192,10.5493,15,3.35689,6.76186,9.39245,9.69746,11.7931,11.6306,11.857,11.9635,11.4701,9.7187,	
15,3.65287,6.82644,9.62539,11.4121,12.6427,12.9321,12.8993,12.8339,12.9578,13.6847,15,1.51225,3.98361,5.69078,8.46197,9.84656,10.8983,11.8689,12.4005,12.3657,13.7354,	15,12.2147,11.8933,11.7314,11.815,11.9983,12.1369,12.2904,12.2458,12.1256,11.1209,15,3.35913,6.75644,9.17735,9.87595,11.799,11.8679,12.2339,12.325,11.9841,9.88484,	
15,3.74023,7.26427,10.0785,11.5696,12.1073,12.8964,13.2789,12.8964,12.9547,13.6483,15,1.4185,4.0006,5.80498,8.35423,9.82076,10.8035,12.0595,12.4551,12.4963,13.6264,	15,12.1456,11.8288,11.6762,11.7639,11.9683,12.0768,12.2609,12.2237,11.9912,11.6166,15,3.45643,6.67143,9.1606,10.0817,11.8864,11.7918,12.2251,12.3219,12.5922,9.78722,	
15,3.66389,7.34286,10.392,11.2028,12.2385,12.8028,13.3747,13.109,12.9771,13.8649,15,1.29463,3.94974,6.00037,8.00639,10.2669,11.1722,11.9595,12.5266,13.0963,13.7381,	15,12.0927,11.7962,11.666,11.7918,11.9864,12.1671,12.4028,12.4559,12.3747,11.6219,15,3.38667,6.5172,9.18096,10.2285,11.4476,12.0042,12.5781,12.6561,12.6669,9.97573,	
15,3.8497,6.8603,10.1759,10.9407,11.5027,12.6957,13.113,13.2854,13.0028,13.8625,15,1.25116,3.87452,6.03723,8.14013,10.1196,11.1185,12.0501,11.9816,12.7773,13.8732,	15,12.0549,11.7857,11.6628,11.8136,12.0227,12.1822,12.4033,12.3927,12.1438,10.6933,15,3.38584,6.35737,9.20519,10.3113,11.1922,11.9646,12.7217,12.3958,11.855,9.97142,	
15,3.85241,7.06002,9.96131,11.2968,11.3162,12.303,12.8998,13.0882,13.0326,13.7811,15,1.33467,3.85807,5.88476,8.15043,9.75666,10.8665,11.7551,12.1005,12.5897,13.8069,	15,12.0249,11.7876,11.7082,11.8452,12.0667,12.1955,12.291,12.2087,11.8559,10.2446,15,3.421,6.69268,9.112,10.564,11.3178,11.9687,12.2789,12.392,11.2679,10.1442,	
15,3.86484,6.91297,9.52908,10.8492,11.8415,11.8966,12.9384,12.907,13.063,13.8398,15,1.36057,3.72534,5.73172,8.17697,9.91282,10.7751,11.979,12.0815,12.6335,13.8824,	15,11.985,11.7611,11.6982,11.8135,12.0374,12.2231,12.3374,12.234,11.9229,10.5216,15,3.5049,6.46691,8.84887,10.5727,11.2982,12.0734,12.0443,12.5541,11.1147,10.1779,	
15,3.71314,7.00374,9.21033,10.6859,11.6182,12.4822,12.9885,12.8057,12.9839,13.6833,15,1.33543,3.70395,5.78222,8.00953,9.98647,10.5058,11.8945,11.9857,12.6793,13.6565,	15,11.9243,11.7184,11.6542,11.75,11.9256,12.1214,12.1643,11.9922,11.6141,10.5632,15,3.46873,6.47131,8.64117,10.7903,11.1588,12.2841,11.976,12.1047,11.4324,10.3526,	
15,3.66826,7.21841,9.79508,10.9594,11.4175,12.2186,12.9502,13.0079,13.0179,13.7965,15,1.38647,3.8547,5.92765,8.10167,9.92775,10.6219,11.9513,12.3596,12.8082,13.8349,	15,11.8957,11.7052,11.6565,11.7476,11.9317,12.091,12.2412,12.1688,11.9066,11.3168,15,3.2796,6.44283,8.54142,10.6839,11.3437,12.3068,12.3594,12.2667,12.0772,10.1161,	
15,3.6679,6.98661,9.56924,11.2952,11.6303,12.8512,13.1156,12.8315,12.9944,13.7205,15,1.35639,3.72528,5.97989,8.15484,9.98968,10.823,11.7696,12.0586,12.6135,13.6775,	15,11.878,11.7071,11.6663,11.7868,11.9377,12.1552,12.2585,12.1784,11.7484,11.0573,15,3.30358,6.34573,8.86877,10.7708,11.4073,12.2578,12.2673,12.1305,11.8122,9.86784,	
15,3.68477,7.1685,9.78833,11.0411,12.4596,12.8776,13.1074,13.374,12.9969,13.8725,15,1.30775,3.53969,6.19356,7.91812,9.71965,11.007,11.9832,12.6466,12.9185,13.8468,	15,11.8395,11.6715,11.6173,11.7566,11.944,12.176,12.3516,12.3817,12.1136,11.5235,15,3.29155,6.28041,8.8072,10.6404,11.4926,12.2766,12.1519,12.3489,12.7067,9.92456,	
15,3.75537,7.15976,9.38321,10.6051,12.2533,12.1698,12.8682,12.8326,13.0069,13.761,15,1.40079,3.8345,5.89939,7.80816,9.7757,10.8467,11.5313,12.3499,12.6398,13.8008,	15,11.7843,11.6187,11.5935,11.7275,11.936,12.195,12.3161,12.2914,11.9605,10.751,15,3.32697,6.26185,8.68478,10.356,11.324,12.1245,11.9956,12.3611,11.6084,9.84045,	
15,3.91634,7.4329,9.43009,10.3873,12.0644,12.1969,11.9244,13.2382,13.0072,13.6488,15,1.43777,3.83033,5.96439,7.87214,9.89259,10.6441,11.727,11.9286,12.3369,13.5756,	15,11.776,11.5957,11.5684,11.7347,11.8767,12.127,12.2673,12.2185,11.7702,10.5361,15,3.3054,6.19192,8.26233,10.444,11.2683,11.8984,12.1371,12.075,11.6475,9.57634,	
15,3.90132,7.63592,9.98145,10.7475,11.9486,12.6313,13.0066,13.0695,13.001,13.6928,15,1.40629,3.81478,6.05153,7.78728,9.75625,10.7807,11.5656,12.4713,12.7476,13.6566,	15,11.7403,11.5652,11.5509,11.7553,11.893,12.0708,12.2684,12.2272,11.9593,11.4895,15,3.47428,6.35643,8.42723,10.6604,11.448,12.0511,12.4183,12.2555,12.2614,9.59018,	
15,3.85889,7.24612,9.94792,10.7509,11.683,12.6186,12.6586,12.4251,13.0015,13.608,15,1.46954,3.6831,5.93094,7.97523,9.55387,10.761,11.3702,12.1989,12.4455,13.5605,	15,11.6668,11.5719,11.5691,11.7663,11.8838,12.0235,12.1839,12.1076,11.7855,10.5234,15,3.27409,6.47295,8.34378,10.525,11.2539,12.136,12.4893,11.993,11.188,9.89873,	
15,3.92885,7.56445,9.7702,10.489,12.1497,12.2112,13.3023,12.509,12.958,13.5978,15,1.42526,3.84535,5.91057,8.03281,9.71176,10.7163,11.4352,12.2046,12.4347,13.574,	15,11.6264,11.5487,11.5579,11.7256,11.8699,12.0086,12.1467,12.0587,11.777,10.8827,15,3.48478,6.35137,8.33768,10.4915,11.3442,12.1171,12.4056,12.0121,11.577,10.1491,	
15,3.54928,7.49198,9.78865,10.3203,12.2515,12.3315,12.9999,12.7947,12.9499,13.6635,15,1.43506,3.91752,6.04533,8.01453,9.61245,10.9396,11.9293,12.0845,12.9527,13.659,	15,11.5871,11.5602,11.5796,11.7685,11.9327,12.0861,12.3336,12.2382,12.0293,11.3051,15,3.35756,6.1818,8.16236,10.3108,11.3499,11.8965,12.3074,12.1344,12.0793,10.2672,	
15,3.547,7.17398,9.74635,10.7898,12.7532,12.8317,13.4062,13.0525,13.0233,13.8055,15,1.42456,3.95139,6.08809,7.82121,9.8746,11.4403,11.995,12.4374,12.868,13.7995,	15,11.5803,11.5852,11.6316,11.8472,12.0295,12.2321,12.5008,12.4978,12.2749,11.1368,15,3.50779,6.29634,8.42573,10.2821,11.0565,12.125,12.5744,12.4217,12.3036,10.1835,	
15,3.65059,7.36749,9.7992,11.1627,11.6517,12.3908,12.6967,13.0709,13.0176,13.7241,15,1.45203,3.81467,6.09796,8.23855,10.2682,11.3844,11.6438,11.9046,12.2657,13.5966,	15,11.5615,11.5675,11.6302,11.8735,12.0595,12.2665,12.4601,12.3587,11.9213,10.3363,15,3.44402,6.02338,8.49136,10.3983,11.2482,12.0237,12.4984,12.1801,11.0882,10.2189,	
15,3.72803,7.6308,9.69801,11.1605,11.8215,12.6527,12.4044,12.9676,12.954,13.6042,15,1.45971,3.78818,5.86481,8.1763,9.95705,11.2118,11.7402,11.7598,12.103,13.4993,	15,11.4985,11.5572,11.6546,11.8517,11.999,12.1391,12.3126,12.1123,11.4876,10.0233,15,3.33585,6.05232,8.48331,10.798,11.1708,12.1319,12.5611,12.1461,11.2618,10.3414,	
15,3.63736,7.30429,9.44775,11.3847,12.0594,12.4877,12.6109,12.9929,12.9646,13.5786,15,1.46697,3.80518,6.00109,8.33875,9.76832,10.5452,11.3329,12.385,12.3763,13.5661,	15,11.4466,11.5566,11.6423,11.809,11.9984,12.0625,12.2084,11.945,11.4199,10.7102,15,3.37386,6.00651,8.57183,10.4444,10.9716,12.0319,12.5335,12.0507,12.0266,10.5144,	
15,3.7781,7.22116,9.25774,11.1121,12.0829,12.3906,12.6377,12.8074,12.9416,13.5464,15,1.43584,3.93624,5.97659,8.1897,9.64789,10.7688,11.4778,11.9774,12.3713,13.5409,	15,11.4412,11.5445,11.6279,11.7788,11.9792,11.9837,12.1463,11.8906,11.538,10.5711,15,3.31261,6.0486,8.69217,10.5508,11.0288,12.0339,12.3335,12.084,11.5403,10.5343,	
15,3.90579,7.18491,9.30608,11.1437,12.2866,12.4799,12.8658,13.0036,12.9511,13.5846,15,1.41829,3.89859,5.83805,8.28265,9.68169,10.6379,11.571,11.9633,12.7115,13.561,	15,11.4201,11.5252,11.6227,11.7887,12.0051,12.0151,12.1709,11.9829,11.7796,10.6999,15,3.41567,6.10875,8.6399,10.4532,11.0986,11.9806,12.2401,12.3186,11.9009,10.452,	
15,3.92384,7.2222,9.26588,11.2377,12.1359,12.5597,12.5938,12.826,12.9432,13.5574,15,1.43694,3.85433,5.76166,8.33308,9.79754,10.5173,11.5,11.8306,12.4104,13.5346,	15,11.4076,11.5116,11.6273,11.7777,11.9927,11.9864,12.1399,11.9352,11.645,10.4381,15,3.4358,6.1445,8.70486,10.5316,11.0296,12.1252,12.2211,12.2806,11.3737,10.5722,	
15,4.04625,7.22856,9.35076,11.4238,11.9646,12.6728,12.6178,12.8723,12.924,13.5597,15,1.45292,3.80219,5.9156,8.36721,9.99392,10.6097,11.7204,12.128,12.3284,13.5577,	15,11.4057,11.5032,11.6197,11.7676,11.9857,11.9938,12.1225,11.9442,11.6735,10.9851,15,3.52351,6.18452,8.63019,10.5447,11.0599,12.2321,12.359,12.3098,11.878,10.387,	
15,4.0651,7.27216,9.56137,11.3745,12.1043,12.7812,12.5822,12.7825,12.9136,13.5441,15,1.47899,3.74431,5.91726,8.30327,9.86828,10.6744,11.5836,12.0967,12.4195,13.5148,	15,11.396,11.5033,11.6264,11.7772,11.9864,12.0138,12.1136,11.9183,11.6692,10.7592,15,3.55276,6.23068,8.74994,10.646,11.0678,12.2887,12.3339,12.3239,11.8566,10.249,	
15,4.02257,7.44394,9.60541,11.3491,11.9499,12.7504,12.6436,12.8017,12.9173,13.5783,15,1.48512,3.74172,6.0798,8.33771,9.89463,10.596,11.6958,12.1642,12.4115,13.5367,	15,11.3916,11.4969,11.6271,11.7908,12.0151,12.0634,12.1496,11.9971,11.7861,10.9199,15,3.58123,6.2425,8.78015,10.6678,11.0986,12.2769,12.37,12.3415,11.8614,10.179,	
15,4.09335,7.34116,9.71872,11.0924,11.9516,12.5648,12.7298,12.6376,12.9156,13.571,15,1.48234,3.80447,6.09905,8.38101,9.8589,10.642,11.7643,12.2081,12.2635,13.5283,	15,11.3837,11.4935,11.6295,11.7973,12.0274,12.0702,12.1584,12.0406,11.7726,10.7457,15,3.509,6.3026,8.70492,10.7164,11.1648,12.1766,12.4039,12.3619,11.5635,10.195,	
15,4.04185,7.18004,9.72158,11.1498,11.8194,12.48,12.8721,12.4844,12.9092,13.5543,15,1.46914,3.79821,6.09795,8.33458,9.92885,10.6109,11.6118,12.0979,12.3945,13.4909,	15,11.3706,11.479,11.611,11.7782,11.9906,12.0394,12.1252,12.01,11.7338,10.6087,15,3.50001,6.37843,8.66525,10.7614,11.172,12.2498,12.3421,12.3536,11.3819,10.0855,	
15,4.10625,7.08216,9.7319,11.1454,11.9474,12.3665,12.8753,12.4839,12.9182,13.571,15,1.48555,3.76224,6.08181,8.277,9.93351,10.7091,11.5623,11.9639,12.6289,13.5108,	15,11.3648,11.4672,11.5943,11.7564,11.9756,12.0458,12.1211,12.0263,11.7479,10.7107,15,3.51707,6.40012,8.62955,10.6949,11.1974,12.2991,12.261,12.3283,11.4828,10.0166,	
15,3.96939,7.19138,9.75336,11.1816,12.0261,12.3189,12.8574,12.6331,12.9219,13.591,15,1.49767,3.75886,6.12589,8.32387,9.97347,10.7718,11.5933,11.9889,12.4986,13.5242,	15,11.3662,11.468,11.6011,11.7622,11.9907,12.0555,12.1395,12.0515,11.7489,10.7132,15,3.537,6.40976,8.64818,10.7571,11.1919,12.3674,12.2876,12.2875,11.5374,9.9156,	
15,4.07354,7.26082,9.57216,11.2959,12.1158,12.3087,12.894,12.7074,12.9274,13.6265,15,1.51924,3.80279,6.14176,8.31937,9.99077,10.7755,11.7268,12.0739,12.5446,13.5835,	15,11.3571,11.4642,11.5954,11.7582,11.9968,12.0677,12.1511,12.098,11.8058,10.9763,15,3.52015,6.42857,8.65156,10.8026,11.1737,12.3095,12.2967,12.2889,11.8561,9.94943,	
15,4.01087,7.39315,9.52446,11.1309,12.1231,12.5363,12.8991,12.6511,12.9228,13.6212,15,1.54132,3.80734,6.13918,8.36197,9.93257,10.8378,11.7041,12.0903,12.4986,13.5968,	15,11.3517,11.4691,11.5968,11.7781,11.9979,12.0922,12.1709,12.1013,11.7956,10.9211,15,3.54666,6.41251,8.67631,10.8927,11.2532,12.3357,12.21,12.3002,11.641,9.96269,	
15,3.97401,7.34859,9.55187,11.1412,12.0393,12.4979,12.6053,12.6945,12.9168,13.5963,15,1.53079,3.79744,6.17261,8.35178,9.88846,10.9014,11.6969,12.1359,12.3629,13.5848,	15,11.3474,11.4624,11.5894,11.7742,11.9978,12.1004,12.1729,12.0824,11.7496,10.6895,15,3.47054,6.45193,8.70819,10.8422,11.1775,12.3198,12.119,12.3249,11.5258,9.95938,	
15,3.9245,7.3219,9.63269,11.1064,12.1558,12.6197,12.6395,12.9136,12.9156,13.6364,15,1.50814,3.76297,6.11887,8.43781,9.9267,10.9612,11.7104,12.1932,12.4393,13.6115,	15,11.3457,11.4635,11.5854,11.7809,12.0135,12.1254,12.2017,12.1234,11.7714,10.8521,15,3.46158,6.46308,8.68964,10.8294,11.2727,12.3449,12.1897,12.2836,11.8176,9.95044,	
15,3.92526,7.34491,9.7779,11.0897,12.0644,12.5814,12.6009,13.0107,12.9202,13.6568,15,1.51313,3.77553,6.13776,8.51917,9.87476,10.9826,11.7748,12.2505,12.5887,13.6357,	15,11.3423,11.4592,11.5877,11.781,12.016,12.1471,12.2366,12.1662,11.8364,11.0948,15,3.44515,6.48313,8.66075,10.8346,11.3035,12.3072,12.2226,12.303,11.7937,9.95684,	
15,3.91701,7.26233,9.83485,11.1441,12.0096,12.4751,12.7121,12.9915,12.9312,13.6706,15,1.49602,3.74628,6.09879,8.50841,9.93221,10.9794,11.8489,12.2719,12.6196,13.6498,	15,11.3357,11.4505,11.5786,11.784,12.0042,12.1405,12.2355,12.1668,11.8809,11.1218,15,3.43056,6.47107,8.70119,10.8108,11.3127,12.2784,12.2083,12.3089,11.8546,9.99223,	
15,3.94369,7.33263,9.87978,11.1923,12.0156,12.5085,12.8273,13.1291,12.9416,13.7097,15,1.50856,3.75126,6.12101,8.48988,9.93085,11.0164,11.8745,12.3249,12.6398,13.6963,	15,11.3334,11.4516,11.5744,11.7919,12.0207,12.1689,12.2747,12.236,11.948,11.1752,15,3.45168,6.4502,8.66671,10.8792,11.2879,12.3272,12.2391,12.336,12.1443,9.99237,	
15,3.98899,7.48994,9.96665,11.1217,11.9713,12.4589,12.8568,13.0644,12.9495,13.7073,15,1.5213,3.79966,6.12231,8.43915,9.87275,11.0319,11.8145,12.2789,12.5447,13.6802,	15,11.3314,11.4482,11.574,11.7913,12.0206,12.1781,12.2863,12.2352,11.9685,10.9542,15,3.47412,6.48425,8.6909,10.9104,11.3616,12.296,12.2597,12.3073,12.0115,10.0073,	
15,3.93804,7.4607,10.0553,11.1411,12.0067,12.4756,12.8755,13.0544,12.9495,13.6936,15,1.5052,3.78134,6.10251,8.40516,9.85224,11.0087,11.8129,12.113,12.4295,13.6711,	15,11.3275,11.4436,11.5709,11.7881,12.0178,12.1789,12.2744,12.2221,11.9226,10.6503,15,3.47249,6.4964,8.72928,10.9341,11.3597,12.2743,12.3033,12.3643,11.8565,9.9729,	
15,3.93726,7.54401,10.0535,11.1396,11.985,12.4585,12.9095,13.0539,12.9467,13.7035,15,1.52594,3.81035,6.17623,8.37839,9.88372,11.0175,11.791,12.178,12.5355,13.6865,	15,11.3248,11.4385,11.5716,11.7911,12.0118,12.1828,12.2731,12.2252,11.9197,10.9848,15,3.5126,6.45932,8.71888,10.8847,11.3894,12.2864,12.2994,12.3828,11.893,9.9909,	
15,3.92177,7.49689,10.0567,11.1101,12.122,12.5408,12.8563,12.9884,12.9517,13.7299,15,1.51046,3.84312,6.15979,8.43312,9.92707,11.082,11.8741,12.2549,12.5296,13.7241,	15,11.3231,11.4322,11.5677,11.7897,12.018,12.1932,12.2948,12.26,11.972,11.1946,15,3.47972,6.42606,8.71535,10.8366,11.3499,12.3049,12.3437,12.414,12.0303,9.98138,	
15,3.90302,7.44473,10.0506,11.0716,12.051,12.4499,12.7773,12.9204,12.9481,13.7023,15,1.48735,3.83489,6.17373,8.40962,9.91751,11.0531,11.7775,12.2153,12.4961,13.694,	15,11.3166,11.4275,11.5645,11.78,12.0029,12.1708,12.2757,12.24,11.9527,10.9665,15,3.49442,6.38079,8.70468,10.8325,11.2907,12.3177,12.3081,12.3578,11.8491,9.92582,	
15,3.84578,7.47854,9.94316,11.0699,11.9799,12.4072,12.7763,12.8998,12.9452,13.6883,15,1.48119,3.8684,6.17996,8.39935,9.93335,10.9785,11.7099,12.2128,12.4033,13.6765,	15,11.3096,11.4254,11.5686,11.7873,12.0092,12.166,12.254,12.2215,11.9292,10.7659,15,3.49231,6.37603,8.71056,10.8298,11.2805,12.3123,12.2965,12.3653,11.6066,9.94386,	
15,3.88997,7.41141,9.95305,11.0634,12.0521,12.4424,12.8684,12.8354,12.9529,13.7058,15,1.49062,3.87084,6.15733,8.39675,9.98141,11.0468,11.6793,12.2654,12.4865,13.7011,	15,11.3085,11.4259,11.5668,11.7944,12.0161,12.1697,12.2744,12.2467,11.9611,10.9042,15,3.48543,6.38224,8.71494,10.7937,11.265,12.3406,12.3104,12.3844,11.8182,9.89911,	
15,3.87947,7.40116,10.0361,11.095,12.0935,12.4481,12.7316,12.8473,12.9499,13.6855,15,1.49882,3.87586,6.14811,8.40676,9.94985,11.1098,11.6586,12.1707,12.5004,13.6711,	15,11.3002,11.42,11.5621,11.7853,12.0082,12.1566,12.2711,12.2352,11.9489,10.8893,15,3.49983,6.39387,8.72783,10.7791,11.3011,12.3111,12.342,12.4099,11.6627,9.90703,	
15,3.93615,7.46499,10.0162,11.1061,12.0302,12.4207,12.8287,12.889,12.9461,13.6731,15,1.50939,3.86026,6.1301,8.42687,9.9157,11.0954,11.6539,12.2204,12.3615,13.6652,	15,11.301,11.4185,11.5664,11.7933,12.0136,12.1552,12.2687,12.2141,11.9159,10.729,15,3.50571,6.4356,8.77217,10.7993,11.3276,12.3539,12.3529,12.3791,11.6689,9.89377,	
15,3.90578,7.48845,10.0359,11.101,12.0417,12.4462,12.8187,12.9942,12.9541,13.6755,15,1.53241,3.86106,6.15857,8.43934,9.93582,11.0833,11.7808,12.1762,12.4996,13.6689,	15,11.2968,11.4203,11.5662,11.7984,12.0214,12.1714,12.289,12.2313,11.9273,11.0092,15,3.49735,6.44549,8.74315,10.8002,11.3185,12.3459,12.3739,12.3882,11.8489,9.89091,	
15,3.90804,7.44347,10.0338,11.129,11.9442,12.4455,12.7739,12.9063,12.945,13.6449,15,1.5295,3.84026,6.14633,8.42129,9.91406,11.031,11.7302,12.075,12.5149,13.6413,	15,11.2939,11.4222,11.5622,11.8006,12.0221,12.1592,12.2664,12.2068,11.8715,10.7481,15,3.5173,6.46027,8.72888,10.8072,11.344,12.2931,12.3472,12.3753,11.5885,9.90533,	
15,3.88506,7.39141,10.0149,11.0905,11.8817,12.4301,12.8095,12.8297,12.9464,13.6208,15,1.51983,3.85803,6.15795,8.39176,9.87707,10.982,11.7623,12.0555,12.5262,13.6115,	15,11.2904,11.4187,11.5585,11.7966,12.01,12.144,12.2474,12.176,11.8208,10.7091,15,3.5142,6.45382,8.71767,10.8242,11.3309,12.2556,12.368,12.3818,11.4313,9.90178,	
15,3.88744,7.38749,9.99623,11.0113,11.8548,12.4426,12.742,12.8798,12.9543,13.6244,15,1.49909,3.84946,6.14041,8.39085,9.83915,10.9739,11.6971,12.1235,12.6054,13.6209,	15,11.2902,11.4201,11.5606,11.8013,12.0103,12.1436,12.2437,12.1707,11.81,10.6464,15,3.50132,6.43593,8.74349,10.8229,11.2847,12.2381,12.39,12.3284,11.5751,9.86174,	
15,3.89594,7.38675,9.92569,11.0227,11.8461,12.4061,12.7593,12.791,12.9518,13.6228,15,1.50067,3.85582,6.13858,8.38276,9.81196,10.9669,11.7143,12.0442,12.5659,13.6336,	15,11.2877,11.4214,11.5627,11.8058,12.0114,12.1414,12.2375,12.1553,11.8015,10.5931,15,3.52004,6.44759,8.68494,10.8442,11.2696,12.1988,12.4337,12.2368,11.4554,9.84817,	
15,3.91937,7.29918,9.89739,10.9709,11.8398,12.4081,12.748,12.719,12.9497,13.6163,15,1.49435,3.86994,6.13527,8.40696,9.76319,10.9619,11.7228,12.0577,12.4804,13.6332,	15,11.2826,11.419,11.5647,11.8004,12.0064,12.129,12.2223,12.1476,11.7812,10.5384,15,3.51966,6.47823,8.67299,10.8422,11.2337,12.2073,12.4096,12.2438,11.3114,9.86097,	
15,3.88794,7.30278,9.84755,11.0055,11.8199,12.4392,12.7445,12.8211,12.946,13.6233,15,1.48591,3.8574,6.11205,8.39925,9.78709,10.9476,11.7265,12.0834,12.4411,13.6336,	15,11.2815,11.4196,11.5632,11.799,12.0027,12.1322,12.2222,12.1436,11.7595,10.487,15,3.52641,6.49507,8.68556,10.8205,11.2371,12.1864,12.4069,12.2382,11.4864,9.84105,	
15,3.91401,7.31141,9.80173,11.045,11.7981,12.3724,12.8524,12.8921,12.9537,13.6391,15,1.48567,3.86848,6.14333,8.37258,9.73163,10.9303,11.7445,12.1855,12.5121,13.6596,	15,11.2787,11.4187,11.5611,11.7975,12.0052,12.1371,12.2294,12.1547,11.7678,10.7104,15,3.5277,6.48059,8.63139,10.7775,11.2656,12.1995,12.3886,12.2106,11.7751,9.82344,	
15,3.9064,7.31399,9.7632,11.0196,11.8731,12.3989,12.8298,12.8637,12.9509,13.6439,15,1.50312,3.86164,6.12994,8.37625,9.7141,10.898,11.7227,12.157,12.5352,13.6454,	15,11.2742,11.4178,11.5626,11.7935,12.0001,12.1274,12.2277,12.1573,11.7724,10.7149,15,3.53491,6.51406,8.61149,10.7644,11.2614,12.1699,12.4034,12.2174,11.6571,9.81756,	
15,3.89139,7.29496,9.74222,11.0237,11.8174,12.4004,12.8315,12.8631,12.9553,13.6449,15,1.49037,3.84072,6.09944,8.3783,9.70895,10.8838,11.6569,12.1064,12.4832,13.637,	15,11.272,11.4138,11.558,11.7879,11.9887,12.1205,12.2153,12.1499,11.7725,10.5551,15,3.56105,6.48799,8.62762,10.7733,11.2484,12.1711,12.4055,12.2407,11.543,9.81938,	
15,3.91124,7.34842,9.69887,11.0635,11.8484,12.4643,12.8636,12.8483,12.9536,13.6505,15,1.48079,3.84249,6.1269,8.35188,9.74576,10.9031,11.6038,12.1079,12.4305,13.6493,	15,11.2679,11.4141,11.5597,11.7898,11.992,12.1215,12.2188,12.157,11.774,10.5504,15,3.57125,6.46542,8.63834,10.7893,11.2636,12.1758,12.4216,12.2474,11.5798,9.8353,	
15,3.90196,7.3211,9.70898,11.1241,11.7615,12.424,12.8369,12.9452,12.9534,13.6655,15,1.50701,3.83809,6.12079,8.36451,9.75536,10.8902,11.5851,12.1615,12.4526,13.6648,	15,11.2653,11.4133,11.5602,11.79,11.9941,12.125,12.2205,12.163,11.7837,10.6876,15,3.59483,6.43427,8.62852,10.8124,11.2675,12.1579,12.4498,12.2256,11.6107,9.83622,	
15,3.85734,7.29046,9.7021,11.1198,11.7281,12.3892,12.869,12.953,12.9542,13.6507,15,1.49755,3.8451,6.0942,8.34419,9.74457,10.9245,11.5767,12.156,12.465,13.6507,	15,11.2614,11.4134,11.5591,11.7851,11.9908,12.1212,12.2105,12.1421,11.7694,10.6844,15,3.59528,6.41444,8.60859,10.7623,11.2989,12.1409,12.4219,12.2332,11.6068,9.82842,	
15,3.881,7.32697,9.69895,11.1235,11.8065,12.3758,12.8534,12.9797,12.9516,13.6561,15,1.49322,3.86734,6.11045,8.34386,9.7201,10.9451,11.6388,12.1782,12.4869,13.6646,	15,11.2612,11.4139,11.5612,11.7873,11.9921,12.1244,12.2118,12.1452,11.7816,10.7913,15,3.57512,6.42942,8.64203,10.783,11.3263,12.1361,12.4046,12.2326,11.6851,9.84533,	
15,3.89708,7.25874,9.62308,11.1052,11.8104,12.3849,12.8994,12.9838,12.9504,13.6674,15,1.50109,3.87205,6.09007,8.35321,9.72463,10.9726,11.6097,12.1994,12.5065,13.6812,	15,11.2581,11.4144,11.5661,11.7905,11.9934,12.1196,12.2186,12.155,11.7983,10.816,15,3.59709,6.41203,8.6695,10.7981,11.3339,12.1187,12.3816,12.1811,11.5925,9.86116,	
15,3.90505,7.2622,9.63234,11.1918,11.7816,12.437,12.8888,13.024,12.9457,13.671,15,1.51229,3.85797,6.11182,8.36528,9.72302,10.9858,11.5541,12.1531,12.5099,13.6806,	15,11.2555,11.4098,11.564,11.7855,11.9872,12.1217,12.2194,12.1552,11.7939,10.7862,15,3.61336,6.43686,8.69138,10.7936,11.3505,12.1044,12.3915,12.159,11.664,9.85998,	
15,3.91249,7.34277,9.60315,11.2065,11.824,12.4388,12.9095,12.9932,12.9464,13.6705,15,1.50714,3.84108,6.12503,8.36957,9.72037,10.9873,11.6031,12.2494,12.5132,13.6743,	15,11.2548,11.4107,11.5626,11.7859,11.9974,12.1297,12.2264,12.1573,11.8003,10.8427,15,3.61759,6.45461,8.71436,10.8171,11.3726,12.1266,12.4182,12.1654,11.6686,9.88921,	
15,3.92609,7.34231,9.67026,11.1591,11.812,12.4391,12.899,13.0244,12.9492,13.6687,15,1.50376,3.84237,6.14187,8.40801,9.68073,10.9786,11.6318,12.176,12.4906,13.6717,	15,11.254,11.4088,11.5586,11.7812,11.9991,12.1315,12.2274,12.1653,11.8018,10.7638,15,3.60836,6.46276,8.75318,10.8058,11.3697,12.1338,12.4232,12.1869,11.6894,9.90321,	
15,3.94866,7.35007,9.66234,11.1419,11.831,12.4221,12.9201,12.9041,12.947,13.6645,15,1.51939,3.83468,6.14539,8.42125,9.66445,10.9221,11.6163,12.168,12.5118,13.6588,	15,11.2532,11.4092,11.559,11.7835,12.0019,12.141,12.2351,12.1738,11.8021,10.6885,15,3.61528,6.47068,8.74231,10.8147,11.3731,12.1302,12.4548,12.1603,11.5878,9.90807,	
15,3.89352,7.34627,9.63232,11.1148,11.7618,12.3479,12.9198,12.8289,12.9468,13.6468,15,1.51903,3.82588,6.14413,8.38236,9.65943,10.9206,11.6199,12.152,12.4473,13.6504,	15,11.2504,11.4078,11.5558,11.7777,11.9923,12.129,12.2167,12.1449,11.7664,10.6009,15,3.59929,6.46517,8.72148,10.8244,11.3271,12.0985,12.4189,12.1429,11.4684,9.88123,	
15,3.87133,7.29117,9.61703,11.0625,11.6986,12.3586,12.8717,12.8111,12.9429,13.6236,15,1.51807,3.79589,6.14271,8.33241,9.64985,10.8573,11.6023,12.0632,12.3764,13.629,	15,11.2458,11.4068,11.5536,11.7756,11.987,12.1158,12.1951,12.1226,11.7239,10.3562,15,3.59577,6.47152,8.73425,10.8294,11.3255,12.1179,12.3634,12.1676,11.272,9.86412,	
15,3.84676,7.25564,9.62103,11.0457,11.6868,12.3698,12.8728,12.8012,12.947,13.6199,15,1.50982,3.80006,6.14521,8.29596,9.66664,10.8306,11.5762,12.1133,12.4591,13.6272,	15,11.2447,11.4059,11.5513,11.7717,11.9804,12.1081,12.1787,12.0961,11.7093,10.446,15,3.61201,6.47483,8.74736,10.8335,11.3439,12.0976,12.3401,12.1527,11.2179,9.84574,	
15,3.80879,7.23783,9.58923,11.0593,11.7185,12.4049,12.8599,12.8409,12.9541,13.6269,15,1.51367,3.80245,6.16528,8.31913,9.69532,10.8444,11.5782,12.1719,12.5063,13.634,	15,11.2423,11.4045,11.5502,11.7698,11.9793,12.1119,12.1789,12.0985,11.7148,10.6437,15,3.60087,6.47657,8.73209,10.8397,11.3279,12.0974,12.3158,12.1572,11.2988,9.83228,	
15,3.80474,7.21238,9.57945,10.9616,11.7156,12.4836,12.886,12.8183,12.9517,13.6203,15,1.5185,3.8164,6.17166,8.29451,9.64329,10.8411,11.5569,12.1754,12.5117,13.6318,	15,11.2411,11.4028,11.5491,11.7703,11.9743,12.1049,12.1696,12.0907,11.6993,10.5781,15,3.59794,6.47821,8.74545,10.8402,11.3158,12.0897,12.3056,12.1625,11.2818,9.85264,	
15,3.78272,7.18136,9.55472,11.0334,11.7314,12.4899,12.8645,12.7689,12.9517,13.6221,15,1.52256,3.8059,6.17807,8.27598,9.6305,10.8425,11.5568,12.1415,12.5234,13.6361,	15,11.2396,11.3983,11.5481,11.7683,11.9755,12.107,12.1714,12.0885,11.6919,10.5321,15,3.59965,6.46853,8.7647,10.8267,11.3393,12.075,12.3045,12.159,11.2498,9.88256,	
15,3.78114,7.14969,9.51257,11.0306,11.7111,12.4224,12.8286,12.7755,12.9473,13.6159,15,1.52964,3.81466,6.17748,8.26607,9.64672,10.8207,11.5105,12.084,12.4638,13.6297,	15,11.2397,11.3969,11.5496,11.7694,11.9784,12.1055,12.1672,12.0752,11.6706,10.3933,15,3.62939,6.4373,8.7657,10.8319,11.3146,12.0819,12.2912,12.1374,11.152,9.86944,	
15,3.76088,7.12966,9.51351,11.0078,11.6621,12.4146,12.7789,12.8247,12.9461,13.6126,15,1.53319,3.82129,6.1807,8.26915,9.6158,10.8055,11.5098,12.0854,12.4133,13.6244,	15,11.2376,11.3956,11.5486,11.7679,11.973,12.0948,12.151,12.0594,11.647,10.3208,15,3.61923,6.42712,8.76635,10.8059,11.2779,12.0868,12.3065,12.1419,11.1239,9.88118,	
15,3.73849,7.1644,9.53782,11.0652,11.661,12.3949,12.7862,12.7717,12.9455,13.6026,15,1.52125,3.84655,6.18369,8.27262,9.65063,10.803,11.51,12.0176,12.3879,13.6165,	15,11.2353,11.3946,11.5479,11.7669,11.971,12.0904,12.1476,12.035,11.6117,10.3252,15,3.62028,6.42796,8.78115,10.8319,11.2954,12.0464,12.2894,12.139,11.1578,9.88694,	
15,3.74366,7.15865,9.55917,11.0635,11.6805,12.4273,12.7755,12.7791,12.9473,13.6039,15,1.51775,3.84172,6.17211,8.23975,9.6226,10.7998,11.5292,12.0484,12.4292,13.6164,	15,11.2321,11.3916,11.5473,11.7649,11.9673,12.0841,12.1342,12.0237,11.5995,10.3629,15,3.61654,6.42927,8.80306,10.8514,11.2984,12.0452,12.2661,12.1335,11.2088,9.88494,	
15,3.74362,7.17203,9.55707,11.052,11.6911,12.4155,12.7467,12.7536,12.9488,13.5925,15,1.5147,3.836,6.1812,8.27787,9.61999,10.8006,11.5643,12.048,12.3228,13.5978,	15,11.2305,11.3912,11.5497,11.766,11.9615,12.0793,12.1209,12.0044,11.5759,10.3441,15,3.61908,6.4261,8.78547,10.863,11.2774,12.0524,12.278,12.108,11.188,9.89741,	
15,3.7333,7.16298,9.54248,11.0613,11.6927,12.4143,12.7435,12.7358,12.945,13.5827,15,1.52243,3.81557,6.1939,8.28497,9.62329,10.8014,11.5538,12.0241,12.294,13.5865,	15,11.2288,11.3901,11.5482,11.7638,11.956,12.0724,12.1099,11.9872,11.5509,10.3412,15,3.60932,6.4399,8.77275,10.8603,11.262,12.0542,12.2802,12.0956,11.2314,9.87978,	
15,3.74572,7.14168,9.54655,11.0744,11.7053,12.3636,12.69,12.7198,12.9432,13.5626,15,1.5214,3.79853,6.18205,8.28661,9.62011,10.8104,11.5336,12.0014,12.2422,13.5695,	15,11.2253,11.3889,11.5441,11.7598,11.9474,12.0661,12.1009,11.966,11.526,10.3023,15,3.59326,6.43821,8.74809,10.8512,11.2218,12.0132,12.2954,12.0601,11.2448,9.8825,	
15,3.77766,7.14134,9.56479,11.059,11.6939,12.3408,12.6731,12.7512,12.9412,13.5521,15,1.52297,3.80873,6.169,8.29598,9.62745,10.7823,11.5342,12.0204,12.2272,13.5591,	15,11.2233,11.384,11.5358,11.7508,11.9356,12.0516,12.0856,11.95,11.5186,10.3909,15,3.60727,6.44054,8.7611,10.8327,11.2296,12.0026,12.2829,12.0588,11.2821,9.90049,	
15,3.77421,7.15728,9.55194,11.0633,11.7161,12.3199,12.6504,12.7894,12.9417,13.5474,15,1.52055,3.8142,6.18284,8.27944,9.64115,10.7895,11.5169,11.9762,12.2507,13.5594,	15,11.2188,11.3831,11.5353,11.7486,11.9343,12.0509,12.083,11.9464,11.5153,10.4199,15,3.59728,6.44853,8.75491,10.8191,11.2298,11.9824,12.2609,12.0641,11.3481,9.89383,	
15,3.75792,7.15457,9.56192,11.0946,11.7499,12.3488,12.6369,12.7513,12.9347,13.533,15,1.52229,3.81269,6.20741,8.30472,9.64038,10.7537,11.5357,11.923,12.2022,13.5397,	15,11.2163,11.3813,11.5353,11.7462,11.9347,12.0506,12.083,11.945,11.4997,10.3998,15,3.59745,6.43987,8.76006,10.8123,11.2399,11.9835,12.2576,12.0718,11.3096,9.89491,	
15,3.78511,7.16469,9.58587,11.0536,11.741,12.3004,12.6438,12.7447,12.9316,13.5259,15,1.51932,3.80573,6.21802,8.29511,9.63902,10.7806,11.5486,11.9466,12.2239,13.5383,	15,11.2148,11.3801,11.5305,11.7407,11.9292,12.0352,12.0782,11.9356,11.4954,10.4892,15,3.58654,6.42718,8.74814,10.8296,11.2461,12.0121,12.2516,12.0771,11.3511,9.91319,	
15,3.77256,7.16978,9.61045,11.0774,11.7552,12.3232,12.6347,12.7872,12.9281,13.5285,15,1.50985,3.81337,6.19907,8.28372,9.65925,10.8189,11.545,11.962,12.273,13.543,	15,11.2128,11.3811,11.5314,11.7415,11.9306,12.0342,12.0792,11.9471,11.5046,10.5552,15,3.5784,6.43659,8.74275,10.83,11.2598,12.0076,12.2772,12.0727,11.4361,9.92176,	
15,3.76135,7.17953,9.5818,11.0614,11.8013,12.3529,12.563,12.7926,12.9271,13.5245,15,1.50535,3.81569,6.19719,8.28876,9.67296,10.8209,11.5061,11.9302,12.2761,13.5425,	15,11.2113,11.3805,11.5308,11.7428,11.9326,12.0383,12.0813,11.9471,11.5081,10.486,15,3.57878,6.44775,8.73282,10.8052,11.2712,11.9986,12.2836,12.0525,11.3985,9.9041,	
15,3.77887,7.19981,9.59046,11.0687,11.7916,12.3749,12.5608,12.8411,12.9286,13.5238,15,1.50532,3.82975,6.22023,8.2533,9.6801,10.8079,11.5283,11.981,12.2875,13.5441,	15,11.2094,11.3818,11.5331,11.7471,11.9322,12.0377,12.0728,11.9438,11.5124,10.5157,15,3.59081,6.44246,8.74502,10.8081,11.2897,11.9967,12.2915,12.055,11.5119,9.91592,	
15,3.78687,7.21859,9.60691,11.0207,11.7996,12.3391,12.5762,12.8519,12.9226,13.5155,15,1.50599,3.83698,6.23327,8.25014,9.67837,10.8017,11.507,11.9155,12.2816,13.5271,	15,11.2066,11.3816,11.5328,11.7497,11.933,12.0393,12.0763,11.9441,11.5085,10.4493,15,3.58809,6.4201,8.74096,10.8096,11.3068,12.0251,12.2745,12.0596,11.4704,9.91756,	
15,3.78343,7.17874,9.59092,11.009,11.7712,12.3469,12.5851,12.8097,12.9182,13.5085,15,1.51072,3.84862,6.24035,8.24344,9.68649,10.8102,11.5128,11.8749,12.275,13.5093,	15,11.2052,11.3788,11.5287,11.7456,11.9241,12.0315,12.0684,11.926,11.5033,10.4737,15,3.59302,6.40105,8.72969,10.8118,11.301,12.0496,12.2645,12.0335,11.4318,9.89675,	
15,3.76975,7.14781,9.5777,10.996,11.7538,12.3753,12.5974,12.7875,12.9166,13.5074,15,1.51246,3.8563,6.20425,8.23812,9.67,10.8124,11.5141,11.8994,12.2654,13.5088,	15,11.2035,11.3792,11.5286,11.7458,11.9259,12.0325,12.0673,11.9266,11.5082,10.4635,15,3.58318,6.40739,8.72086,10.7981,11.317,12.0462,12.2511,12.0084,11.4005,9.89213,	
15,3.77987,7.14338,9.58175,10.9884,11.7378,12.3754,12.5544,12.7762,12.9143,13.5002,15,1.51068,3.86141,6.18395,8.22852,9.67563,10.8094,11.5444,11.9069,12.2152,13.5009,	15,11.202,11.3795,11.5261,11.7428,11.9229,12.0277,12.0568,11.9203,11.5056,10.4383,15,3.58843,6.4066,8.7153,10.7884,11.3034,12.0518,12.26,12.019,11.3279,9.92008,	
15,3.76243,7.14389,9.58426,10.9533,11.7521,12.4306,12.5374,12.8002,12.9137,13.497,15,1.50794,3.86368,6.16722,8.22624,9.66334,10.8338,11.5039,11.958,12.2807,13.499,	15,11.197,11.3773,11.5223,11.7392,11.9165,12.0226,12.0475,11.9177,11.5141,10.5172,15,3.5796,6.39655,8.72821,10.7752,11.2942,12.0463,12.2651,12.0341,11.438,9.90086,	
15,3.78078,7.14661,9.61752,10.9334,11.7467,12.3841,12.5217,12.7246,12.9102,13.4823,15,1.5128,3.85679,6.19225,8.2254,9.66429,10.8483,11.4764,11.9501,12.2517,13.4854,	15,11.1944,11.3746,11.5206,11.7377,11.9148,12.0199,12.0446,11.913,11.51,10.5202,15,3.57452,6.39032,8.74187,10.768,11.2795,12.0642,12.2506,12.0294,11.3684,9.88975,	
15,3.7586,7.16468,9.59433,10.9169,11.724,12.3791,12.5233,12.6972,12.9065,13.4756,15,1.5034,3.8715,6.21447,8.22558,9.64842,10.8641,11.4444,11.936,12.2088,13.4747,	15,11.1908,11.3734,11.5189,11.7359,11.911,12.017,12.0418,11.9157,11.5139,10.4657,15,3.57082,6.38943,8.74184,10.7767,11.2552,12.0627,12.2532,12.0294,11.3278,9.87903,	
15,3.76008,7.15439,9.59282,10.9233,11.7652,12.3512,12.5186,12.7697,12.9061,13.478,15,1.49734,3.87012,6.20495,8.21864,9.65624,10.8621,11.4269,11.9254,12.2716,13.482,	15,11.1886,11.3737,11.5189,11.7331,11.9074,12.0152,12.0408,11.9124,11.5173,10.4906,15,3.57397,6.38937,8.77737,10.7714,11.2694,12.0826,12.2308,12.0397,11.3535,9.87044,	
15,3.7409,7.16599,9.60805,10.9414,11.7915,12.3632,12.5107,12.7446,12.9052,13.4815,15,1.49033,3.85919,6.19834,8.20991,9.63778,10.892,11.4336,11.9263,12.2578,13.4853,	15,11.1878,11.3714,11.5178,11.7318,11.9055,12.0125,12.034,11.91,11.5201,10.4609,15,3.57682,6.39398,8.80157,10.7726,11.2529,12.0778,12.2434,12.0591,11.3678,9.86652,	
15,3.70911,7.1696,9.56311,10.9695,11.7858,12.325,12.4907,12.7347,12.9014,13.47,15,1.47488,3.84851,6.18881,8.17543,9.61646,10.8777,11.4226,11.9194,12.1868,13.4735,	15,11.1864,11.371,11.5174,11.7312,11.9011,12.0007,12.0209,11.8924,11.4956,10.2904,15,3.57422,6.41268,8.80473,10.767,11.2626,12.0658,12.2313,12.0438,11.263,9.86713,	
15,3.70865,7.18502,9.58508,10.9895,11.8079,12.3408,12.4872,12.7515,12.903,13.4802,15,1.47335,3.85916,6.20104,8.18686,9.64108,10.8838,11.4247,11.9648,12.2535,13.4823,	15,11.1852,11.3697,11.5167,11.7297,11.9024,12.0045,12.0293,11.9087,11.5163,10.455,15,3.57833,6.41375,8.80198,10.7593,11.2554,12.0688,12.2386,12.0388,11.396,9.86751,	
15,3.71613,7.17163,9.5853,10.9752,11.8107,12.3142,12.5081,12.7314,12.9035,13.4735,15,1.47454,3.87282,6.19113,8.18132,9.63194,10.8798,11.4176,11.9653,12.2761,13.4702,	15,11.1829,11.3686,11.5146,11.7282,11.8998,11.9983,12.0206,11.8992,11.5119,10.4769,15,3.57977,6.40854,8.79455,10.7604,11.2436,12.0498,12.2589,11.998,11.39,9.86412,	
15,3.72665,7.16904,9.59369,10.9902,11.7951,12.3194,12.4815,12.7328,12.9034,13.469,15,1.47406,3.87894,6.20016,8.17341,9.62549,10.8461,11.3665,11.9621,12.3123,13.4678,	15,11.1814,11.3672,11.5125,11.7274,11.8995,11.9964,12.0248,11.8949,11.5154,10.4447,15,3.57624,6.42116,8.78428,10.7632,11.2586,12.0558,12.2597,12.0025,11.3699,9.86198,	
15,3.7369,7.14733,9.56617,10.9805,11.7727,12.2819,12.471,12.7536,12.8978,13.453,15,1.47522,3.87782,6.18094,8.16676,9.63735,10.8138,11.3331,11.9142,12.2573,13.4417,	15,11.178,11.3655,11.5097,11.7261,11.8952,11.9863,12.0092,11.8748,11.4938,10.3164,15,3.57976,6.40641,8.78425,10.7407,11.2496,12.0659,12.2339,11.9862,11.3038,9.8677,	
15,3.76133,7.16855,9.5546,10.9908,11.7729,12.2757,12.4607,12.7417,12.8974,13.457,15,1.4731,3.88582,6.17504,8.18237,9.64316,10.8314,11.3478,11.9021,12.2949,13.4316,	15,11.1777,11.3656,11.5098,11.7264,11.8955,11.9866,12.0085,11.875,11.4989,10.398,15,3.57523,6.40621,8.77441,10.751,11.2575,12.0559,12.2458,11.9933,11.2992,9.87189,	
15,3.76141,7.18301,9.59933,10.9805,11.7889,12.2719,12.5259,12.6962,12.8974,13.4596,15,1.47129,3.88553,6.18404,8.17588,9.63522,10.8458,11.3374,11.9312,12.2791,13.4327,	15,11.1769,11.3633,11.5073,11.722,11.8908,11.9836,12.0064,11.8774,11.5059,10.4443,15,3.59357,6.41184,8.76918,10.7629,11.2571,12.0633,12.2475,11.9991,11.3445,9.8654,	
15,3.76994,7.17514,9.5849,10.9714,11.7799,12.231,12.519,12.6806,12.8984,13.4504,15,1.46796,3.8932,6.20054,8.1885,9.64194,10.8212,11.3656,11.9412,12.2531,13.4252,	15,11.1728,11.3619,11.5094,11.7248,11.8919,11.9863,12.0098,11.8753,11.5068,10.4597,15,3.5905,6.40014,8.7655,10.7637,11.239,12.0518,12.2631,11.9882,11.3254,9.86675,	
15,3.76917,7.18726,9.57696,10.9754,11.7446,12.1994,12.5433,12.609,12.897,13.4333,15,1.46658,3.89353,6.2013,8.17874,9.62893,10.8047,11.3742,11.9434,12.2189,13.4007,	15,11.1713,11.3612,11.5059,11.7199,11.8839,11.9806,11.9968,11.8626,11.4925,10.4135,15,3.58873,6.40217,8.77019,10.7382,11.2487,12.03,12.2551,11.9973,11.3288,9.83539,	
15,3.77358,7.1959,9.56734,10.972,11.7412,12.2178,12.5955,12.5841,12.895,13.4313,15,1.46177,3.88874,6.20764,8.16569,9.64079,10.7836,11.3977,11.9384,12.2095,13.4007,	15,11.1708,11.3606,11.5058,11.7172,11.8813,11.9795,11.9939,11.8608,11.4862,10.4119,15,3.59009,6.39601,8.76714,10.7048,11.2544,12.0218,12.2709,11.9896,11.3943,9.83535,	
15,3.74922,7.19347,9.55738,10.9453,11.7675,12.2033,12.5179,12.575,12.8906,13.4177,15,1.45593,3.8845,6.19103,8.17568,9.6353,10.7792,11.3924,11.9283,12.1512,13.3912,	15,11.1694,11.3617,11.5052,11.7147,11.8732,11.9716,11.9882,11.8497,11.4712,10.3472,15,3.58693,6.40176,8.73938,10.6907,11.2537,12.0322,12.2657,11.9696,11.2773,9.84052,	
15,3.74082,7.17569,9.54133,10.9043,11.7697,12.185,12.527,12.6014,12.8884,13.4186,15,1.45183,3.88449,6.18433,8.17959,9.61836,10.7656,11.3779,11.9616,12.2111,13.3902,	15,11.1674,11.3619,11.5053,11.7127,11.8688,11.9658,11.9782,11.8381,11.4644,10.3931,15,3.58737,6.41919,8.77855,10.6597,11.2408,12.0261,12.267,11.9508,11.2823,9.83122,	
15,3.74269,7.15697,9.50901,10.9014,11.7726,12.1464,12.5215,12.6426,12.8873,13.4211,15,1.45249,3.89502,6.18765,8.19985,9.61912,10.7817,11.3167,11.9813,12.2068,13.3958,	15,11.1653,11.3631,11.5072,11.714,11.8699,11.9689,11.9802,11.8418,11.4656,10.3735,15,3.58586,6.40977,8.77035,10.6532,11.252,12.0015,12.2526,11.9492,11.2724,9.83169,	
15,3.74913,7.16374,9.50638,10.9175,11.74,12.1521,12.5429,12.6653,12.8883,13.4242,15,1.45441,3.8907,6.1821,8.19672,9.62129,10.7693,11.3199,11.9867,12.2364,13.4013,	15,11.1634,11.3632,11.5067,11.7096,11.865,11.9654,11.9785,11.8392,11.47,10.4208,15,3.58126,6.41778,8.77996,10.6214,11.2572,12.0028,12.2538,11.9471,11.3029,9.83251,	
15,3.75874,7.13087,9.51463,10.9451,11.7554,12.1763,12.5274,12.65,12.8863,13.4236,15,1.4583,3.89865,6.19797,8.21732,9.61489,10.7622,11.3101,11.9713,12.226,13.3945,	15,11.1612,11.3629,11.5068,11.7121,11.866,11.9647,11.9789,11.8434,11.474,10.452,15,3.58275,6.42171,8.7677,10.6223,11.2683,12.0057,12.2675,11.9347,11.3013,9.82776,	
15,3.76253,7.14485,9.54813,10.9719,11.7507,12.1842,12.5755,12.6421,12.888,13.4282,15,1.45049,3.8867,6.17999,8.23726,9.5985,10.7542,11.3244,11.9601,12.2276,13.4018,	15,11.1603,11.361,11.5053,11.7097,11.8633,11.9624,11.9802,11.847,11.4838,10.4165,15,3.58179,6.42406,8.78574,10.6289,11.2713,12.0013,12.287,11.929,11.3833,9.81533,	
15,3.74944,7.14968,9.5288,10.9766,11.7618,12.2003,12.5532,12.6456,12.887,13.4266,15,1.44711,3.88396,6.18471,8.23762,9.61497,10.7386,11.3705,11.9621,12.2325,13.399,	15,11.1585,11.3616,11.5047,11.7092,11.8612,11.9628,11.9805,11.8519,11.4852,10.4987,15,3.57935,6.42037,8.78522,10.6332,11.2662,12.0109,12.2738,11.9139,11.3587,9.81737,	
15,3.74558,7.1449,9.51473,10.9846,11.7372,12.1758,12.5926,12.6523,12.8833,13.4227,15,1.43646,3.88609,6.18439,8.23216,9.62582,10.7302,11.355,11.9091,12.2206,13.3972,	15,11.1559,11.3613,11.5029,11.7069,11.8611,11.9595,11.9749,11.8503,11.4833,10.4062,15,3.58446,6.41019,8.79116,10.6467,11.2735,12.02,12.2682,11.8742,11.3434,9.8153,	
15,3.7259,7.13056,9.49968,10.9644,11.7315,12.1971,12.5821,12.6699,12.8801,13.4293,15,1.43478,3.8827,6.16531,8.23496,9.62755,10.7317,11.3736,11.9364,12.2334,13.3959,	15,11.1552,11.3623,11.5046,11.709,11.8664,11.9644,11.9778,11.8544,11.4864,10.4264,15,3.58192,6.39977,8.76816,10.6514,11.2605,12.022,12.27,11.872,11.3607,9.80029,	
15,3.72556,7.14069,9.50818,10.9746,11.722,12.2049,12.5527,12.7189,12.8764,13.4259,15,1.43226,3.87136,6.16887,8.2422,9.6306,10.7238,11.348,11.9376,12.2177,13.3926,	15,11.1535,11.3631,11.5059,11.7099,11.8665,11.9603,11.9698,11.8551,11.4853,10.3768,15,3.57509,6.41515,8.75926,10.6371,11.2571,12.0224,12.2646,11.8818,11.4007,9.80426,	
15,3.72762,7.13726,9.51047,11.0002,11.7161,12.1908,12.5355,12.7304,12.8748,13.4234,15,1.43159,3.87561,6.16193,8.26162,9.63522,10.7365,11.362,11.8935,12.2133,13.3903,	15,11.1516,11.36,11.5054,11.7106,11.8662,11.9601,11.9693,11.8536,11.4846,10.3789,15,3.57827,6.40514,8.7678,10.6262,11.2807,12.036,12.2608,11.8685,11.3989,9.81706,	
15,3.72964,7.13547,9.49975,11.0043,11.7621,12.2338,12.5017,12.7436,12.8746,13.4229,15,1.43377,3.88082,6.16614,8.27307,9.64735,10.7329,11.4077,11.9012,12.2156,13.3868,	15,11.1497,11.3588,11.5066,11.7131,11.8708,11.9653,11.9766,11.8591,11.4873,10.467,15,3.57898,6.39856,8.7816,10.615,11.2675,12.0405,12.2641,11.8613,11.4532,9.80267,	
15,3.69876,7.13521,9.47765,10.9752,11.762,12.2372,12.4717,12.748,12.8711,13.4217,15,1.4296,3.86958,6.16523,8.26195,9.65606,10.7084,11.3799,11.9418,12.1689,13.3898,	15,11.1476,11.3566,11.5041,11.7112,11.8668,11.9671,11.9732,11.8636,11.4861,10.4323,15,3.57641,6.38168,8.79294,10.609,11.2379,12.0223,12.271,11.8655,11.3899,9.79898,	
15,3.70245,7.16339,9.45533,10.98,11.7464,12.2219,12.4886,12.7467,12.8679,13.4178,15,1.43823,3.8687,6.17995,8.28031,9.63095,10.7075,11.3687,11.9092,12.1521,13.3922,	15,11.1463,11.3561,11.5045,11.7121,11.8661,11.9673,11.9704,11.8594,11.4796,10.4275,15,3.57125,6.39008,8.80044,10.6216,11.236,12.0194,12.2613,11.8615,11.3388,9.79586,	
15,3.6811,7.16317,9.4845,10.9747,11.7141,12.2077,12.517,12.7452,12.8659,13.4124,15,1.44644,3.86278,6.15049,8.28058,9.61786,10.6769,11.3368,11.9394,12.1748,13.3904,	15,11.1449,11.3546,11.502,11.7096,11.8636,11.9633,11.9614,11.8517,11.4702,10.4161,15,3.57777,6.3935,8.80907,10.6274,11.214,12.0233,12.236,11.8627,11.305,9.79338,	
15,3.67802,7.17616,9.46071,10.9904,11.7427,12.2051,12.5367,12.775,12.8667,13.4233,15,1.44747,3.86806,6.15926,8.27121,9.61339,10.6771,11.3576,11.9412,12.2133,13.4054,	15,11.1444,11.3554,11.5037,11.7134,11.8664,11.97,11.9654,11.8548,11.4838,10.4648,15,3.57394,6.38502,8.81027,10.6337,11.2221,11.9973,12.2252,11.8603,11.4301,9.78743,	
15,3.68654,7.17075,9.44508,10.9976,11.7329,12.1769,12.5288,12.771,12.8641,13.4223,15,1.44543,3.86433,6.16187,8.25949,9.63131,10.6871,11.3683,11.8971,12.1952,13.4038,	15,11.1443,11.3569,11.5038,11.7139,11.8679,11.973,11.967,11.8556,11.4809,10.418,15,3.58496,6.39182,8.81266,10.6321,11.2247,11.9895,12.2141,11.8188,11.4183,9.78758,	
15,3.68619,7.18335,9.46465,11.0076,11.751,12.1775,12.5021,12.7254,12.8618,13.4179,15,1.44149,3.85148,6.17137,8.27386,9.62913,10.687,11.3659,11.8678,12.1581,13.3962,	15,11.1436,11.3548,11.5008,11.7092,11.8648,11.972,11.9627,11.8484,11.4787,10.3908,15,3.5961,6.39248,8.80952,10.6259,11.237,11.997,12.2096,11.8151,11.3719,9.79069,	
15,3.7095,7.18452,9.48676,11.0354,11.7596,12.1815,12.5148,12.7462,12.8593,13.4235,15,1.44425,3.86009,6.18301,8.28737,9.61654,10.718,11.3671,11.8941,12.1654,13.4016,	15,11.1427,11.3532,11.4986,11.7088,11.8641,11.9727,11.966,11.8511,11.4843,10.5032,15,3.59826,6.38663,8.82087,10.6325,11.2239,12.0132,12.211,11.8318,11.4735,9.79984,	
15,3.71263,7.16193,9.47988,11.0609,11.7278,12.2085,12.5095,12.7235,12.8575,13.4211,15,1.4368,3.85564,6.16283,8.264,9.63153,10.7119,11.3964,11.8874,12.1431,13.3826,	15,11.1415,11.352,11.4979,11.7063,11.8596,11.9705,11.9629,11.8428,11.4816,10.4183,15,3.59777,6.40897,8.83104,10.6072,11.2397,11.9979,12.1904,11.8357,11.4665,9.80346,	
15,3.71364,7.15514,9.49953,11.06,11.7397,12.2082,12.5323,12.701,12.8572,13.4217,15,1.43466,3.86378,6.15438,8.24685,9.64708,10.6962,11.385,11.8732,12.1512,13.3824,	15,11.1401,11.3515,11.4967,11.7047,11.8582,11.9702,11.9655,11.8437,11.4884,10.4155,15,3.58718,6.40648,8.83104,10.6032,11.2324,12.0011,12.1937,11.8458,11.4822,9.79606,	
15,3.71424,7.15159,9.47939,11.0531,11.7398,12.1983,12.5443,12.7406,12.8564,13.4255,15,1.43572,3.86262,6.15788,8.2418,9.65738,10.7008,11.41,11.8884,12.1649,13.3969,	15,11.138,11.3508,11.4973,11.7058,11.8616,11.9751,11.9706,11.8472,11.4981,10.4948,15,3.58468,6.40849,8.82137,10.6134,11.231,12.0063,12.2,11.8489,11.4746,9.80112,	
15,3.71819,7.14892,9.49136,11.0558,11.7004,12.2196,12.5722,12.7699,12.8577,13.4315,15,1.44339,3.86764,6.16112,8.25156,9.66076,10.6934,11.4448,11.91,12.2135,13.41,	15,11.1378,11.3505,11.498,11.7071,11.864,11.9763,11.9731,11.8497,11.5124,10.6181,15,3.58111,6.40027,8.83405,10.6196,11.2283,12.0049,12.2018,11.8568,11.5197,9.80831,	
15,3.69179,7.15365,9.46554,11.0533,11.708,12.1796,12.58,12.7571,12.855,13.4262,15,1.43677,3.86536,6.17105,8.2603,9.65909,10.6835,11.4658,11.8635,12.1865,13.4048,	15,11.1358,11.3496,11.4984,11.7077,11.8671,11.977,11.9752,11.8534,11.5145,10.5254,15,3.58511,6.4035,8.84657,10.6295,11.2281,11.9953,12.1975,11.8678,11.4206,9.79519,	
15,3.69179,7.13359,9.47397,11.05,11.7063,12.1918,12.5741,12.7495,12.8526,13.4251,15,1.43837,3.8645,6.1688,8.25078,9.65031,10.6962,11.4551,11.8908,12.1761,13.4048,	15,11.1343,11.3491,11.4986,11.7051,11.864,11.9759,11.9687,11.851,11.5146,10.5106,15,3.58697,6.40081,8.85294,10.6317,11.2376,12.0008,12.1908,11.8632,11.3885,9.79126,	
15,3.70381,7.12099,9.46551,11.0562,11.7274,12.2039,12.6134,12.802,12.8518,13.434,15,1.43977,3.86376,6.15079,8.26133,9.63731,10.702,11.4531,11.9291,12.1835,13.4109,	15,11.1334,11.3484,11.4976,11.7064,11.8659,11.9795,11.9773,11.8581,11.5274,10.5128,15,3.58198,6.40881,8.84867,10.6229,11.2393,12.0011,12.1983,11.8789,11.4999,9.78551,	
15,3.71786,7.12101,9.46532,11.0801,11.7515,12.2195,12.6318,12.7762,12.8497,13.4368,15,1.4352,3.87224,6.15108,8.24798,9.65469,10.7276,11.467,11.8864,12.1867,13.4206,	15,11.1326,11.3483,11.4984,11.7071,11.8665,11.9853,11.9838,11.8681,11.5315,10.5323,15,3.59084,6.40554,8.86416,10.6206,11.2334,12.0011,12.2092,11.9024,11.5085,9.78673,	
15,3.70594,7.11346,9.47265,11.0847,11.784,12.2162,12.6697,12.7423,12.8485,13.4399,15,1.43577,3.86398,6.15395,8.24394,9.65463,10.7507,11.4704,11.8915,12.197,13.4219,	15,11.1327,11.3485,11.4977,11.7058,11.8651,11.9841,11.9848,11.8672,11.5371,10.5685,15,3.60092,6.40715,8.85677,10.6255,11.2283,11.9901,12.2156,11.9084,11.5141,9.78912,	
15,3.70179,7.11327,9.43237,11.0676,11.799,12.2273,12.6701,12.7436,12.8504,13.4433,15,1.42635,3.86143,6.15529,8.23693,9.62828,10.739,11.5003,11.8962,12.2143,13.4295,	15,11.1319,11.3471,11.4965,11.7037,11.864,11.9819,11.9805,11.8687,11.5469,10.5823,15,3.60124,6.38871,8.85026,10.6329,11.2322,11.992,12.2128,11.8984,11.5031,9.78903,	
15,3.68565,7.13999,9.42672,11.0679,11.8133,12.2549,12.6325,12.758,12.8498,13.4453,15,1.42203,3.8648,6.15704,8.24357,9.63971,10.7161,11.4958,11.9063,12.2579,13.4348,	15,11.1311,11.3466,11.4962,11.7035,11.8623,11.9841,11.9811,11.8717,11.5516,10.6283,15,3.59969,6.39242,8.84858,10.6351,11.2262,11.9936,12.2118,11.8968,11.533,9.78264,	
15,3.7051,7.16461,9.41031,11.0739,11.8331,12.2502,12.6635,12.7811,12.8503,13.4448,15,1.42429,3.85745,6.16102,8.25294,9.6454,10.6859,11.5252,11.9209,12.2639,13.438,	15,11.1302,11.3458,11.4943,11.7033,11.8605,11.9815,11.9825,11.8757,11.554,10.6516,15,3.60629,6.38871,8.84249,10.6381,11.2042,11.9972,12.2151,11.9087,11.5898,9.78945,	
15,3.71795,7.18695,9.37905,11.0605,11.8245,12.2632,12.6568,12.799,12.8491,13.4479,15,1.42347,3.84912,6.16463,8.24861,9.64562,10.6822,11.5524,11.9088,12.2829,13.441,	15,11.1293,11.3446,11.4923,11.7009,11.8569,11.9793,11.9862,11.8786,11.5635,10.6648,15,3.61158,6.38031,8.84026,10.634,11.1904,12.0023,12.2044,11.9075,11.6351,9.78672,	
15,3.71479,7.20143,9.37701,11.0592,11.7909,12.2346,12.6477,12.8094,12.8478,13.4406,15,1.43245,3.84532,6.17126,8.23185,9.63012,10.6789,11.5216,11.8579,12.2678,13.4378,	15,11.1283,11.3441,11.4941,11.6997,11.8543,11.9768,11.9826,11.8745,11.5608,10.5685,15,3.61904,6.38564,8.84815,10.6148,11.1993,12.0127,12.2055,11.9047,11.5379,9.7775,	
15,3.72265,7.19911,9.39905,11.0457,11.7936,12.2487,12.6195,12.8014,12.8476,13.4392,15,1.42983,3.84065,6.1826,8.23485,9.63024,10.6818,11.5004,11.8789,12.2913,13.4379,	15,11.1267,11.3428,11.4924,11.6977,11.8519,11.9737,11.9784,11.871,11.5622,10.5849,15,3.63035,6.39279,8.85799,10.6188,11.1943,12.0042,12.1849,11.9053,11.5315,9.78421,	
15,3.74008,7.19528,9.39862,11.0488,11.7853,12.2289,12.6222,12.7937,12.8482,13.4407,15,1.42761,3.83541,6.18634,8.24508,9.61859,10.6778,11.5019,11.8657,12.2594,13.4431,	15,11.1274,11.3429,11.493,11.6992,11.8531,11.9771,11.9822,11.8734,11.5651,10.5228,15,3.64751,6.39297,8.85938,10.6037,11.204,12.0006,12.1944,11.8954,11.4953,9.78669,	
15,3.73292,7.18837,9.398,11.063,11.8008,12.2668,12.6167,12.7743,12.8472,13.4418,15,1.43088,3.82809,6.176,8.25562,9.61747,10.6914,11.5147,11.8727,12.2369,13.4449,	15,11.1253,11.3425,11.4928,11.6973,11.8542,11.9783,11.9829,11.8712,11.565,10.5231,15,3.65005,6.39661,8.86274,10.6028,11.215,12.0031,12.2047,11.8976,11.513,9.77831,	
15,3.73666,7.19093,9.42033,11.0578,11.794,12.2777,12.6184,12.7724,12.8471,13.4408,15,1.43294,3.83687,6.17232,8.24051,9.60173,10.6803,11.514,11.8985,12.2546,13.4485,	15,11.124,11.3425,11.4935,11.6973,11.8555,11.975,11.9792,11.8725,11.5676,10.5284,15,3.65162,6.40229,8.86187,10.6146,11.2215,11.9886,12.2048,11.9102,11.5301,9.7724,	
15,3.73693,7.19398,9.43982,11.0464,11.779,12.2487,12.6244,12.8007,12.8457,13.4405,15,1.43426,3.83292,6.17734,8.23327,9.59622,10.6847,11.5223,11.8913,12.2591,13.4479,	15,11.1228,11.342,11.4935,11.6963,11.8542,11.9767,11.9814,11.8742,11.5638,10.5357,15,3.65284,6.40524,8.85456,10.6166,11.2216,11.9941,12.204,11.9062,11.5127,9.77416,	
15,3.72958,7.18606,9.4465,11.0323,11.7773,12.2649,12.5914,12.7918,12.8426,13.4335,15,1.43283,3.82375,6.17724,8.22562,9.59134,10.6941,11.501,11.8618,12.2558,13.4404,	15,11.1223,11.3409,11.4929,11.6932,11.8516,11.9734,11.9803,11.8699,11.5524,10.4874,15,3.65283,6.40247,8.85826,10.6157,11.2214,11.9827,12.1917,11.8874,11.4902,9.77247,	
15,3.71434,7.14961,9.45083,11.0435,11.7828,12.2585,12.57,12.7656,12.8401,13.4284,15,1.42992,3.82423,6.17474,8.21564,9.55401,10.7024,11.5033,11.8608,12.2392,13.4271,	15,11.1211,11.3408,11.4931,11.6931,11.8481,11.9699,11.9777,11.8641,11.5416,10.4446,15,3.65504,6.40892,8.83496,10.6005,11.2236,11.9654,12.1844,11.8976,11.4292,9.77038,	
15,3.71658,7.13254,9.43987,11.0492,11.7918,12.2375,12.5831,12.7746,12.84,13.4299,15,1.42841,3.8336,6.1672,8.20907,9.54614,10.6864,11.4873,11.8883,12.2446,13.4309,	15,11.1209,11.3406,11.4935,11.6947,11.8482,11.9681,11.9728,11.8591,11.5388,10.4285,15,3.65842,6.42205,8.83401,10.5981,11.2303,11.957,12.1862,11.8946,11.4076,9.76939,	
15,3.7121,7.12536,9.46428,11.0406,11.7752,12.2086,12.6089,12.7814,12.8378,13.4357,15,1.43443,3.82662,6.17352,8.22074,9.55105,10.686,11.48,11.8899,12.27,13.439,	15,11.1198,11.3403,11.4946,11.6971,11.8497,11.9714,11.9777,11.8606,11.5457,10.4548,15,3.64766,6.4199,8.83161,10.5892,11.2249,11.9571,12.1859,11.8975,11.4562,9.75265,	
15,3.72094,7.11663,9.48048,11.0501,11.8117,12.2364,12.6283,12.8068,12.8394,13.4455,15,1.43441,3.82455,6.17816,8.22445,9.54477,10.6967,11.4698,11.9319,12.3177,13.4524,	15,11.1185,11.3388,11.4927,11.6959,11.8485,11.9703,11.9771,11.8665,11.5597,10.5426,15,3.66155,6.41752,8.8328,10.5924,11.2375,11.9592,12.1963,11.9064,11.5539,9.74467,	
15,3.7511,7.1141,9.50273,11.0282,11.8163,12.2736,12.6406,12.8017,12.8418,13.4485,15,1.43213,3.82223,6.1651,8.21898,9.54995,10.6984,11.4579,11.9567,12.3146,13.4509,	15,11.1182,11.3369,11.4913,11.6939,11.845,11.9654,11.9795,11.8693,11.5672,10.5345,15,3.67284,6.42086,8.83096,10.5952,11.2479,11.9622,12.2045,11.9109,11.592,9.75229,	
15,3.75838,7.12068,9.49929,11.0249,11.8288,12.2729,12.6457,12.7852,12.8428,13.4501,15,1.43587,3.82647,6.1746,8.20998,9.55733,10.6875,11.4671,11.9683,12.3025,13.4555,	15,11.1166,11.3362,11.4903,11.6923,11.8455,11.9649,11.9833,11.8724,11.5748,10.5736,15,3.67785,6.43043,8.83416,10.5924,11.2519,11.9718,12.2032,11.9127,11.5186,9.76431,	
15,3.74455,7.15712,9.48031,11.0463,11.8485,12.2621,12.658,12.7809,12.8425,13.453,15,1.43253,3.82,6.17776,8.2087,9.57843,10.686,11.4475,11.9579,12.32,13.4626,	15,11.1162,11.3353,11.4898,11.69,11.8446,11.9668,11.9874,11.8797,11.581,10.5921,15,3.6789,6.42353,8.83179,10.5895,11.254,11.9806,12.2113,11.9198,11.5325,9.7657,	
15,3.74411,7.16485,9.48932,11.0533,11.8599,12.2625,12.6508,12.7528,12.8433,13.4523,15,1.42972,3.81496,6.18088,8.21783,9.5795,10.6797,11.4509,11.9418,12.3066,13.4615,	15,11.1145,11.3346,11.4908,11.6904,11.8439,11.9654,11.9904,11.8834,11.5863,10.5663,15,3.68124,6.42265,8.8298,10.5883,11.271,11.9813,12.2135,11.9191,11.4967,9.76981,	
15,3.7629,7.16495,9.50625,11.0596,11.8554,12.2552,12.6209,12.7618,12.8428,13.4534,15,1.4331,3.83077,6.17344,8.22756,9.58435,10.6842,11.4557,11.9305,12.2939,13.4603,	15,11.1135,11.3331,11.4892,11.6895,11.8466,11.9676,11.995,11.888,11.5892,10.5705,15,3.67616,6.42459,8.83424,10.596,11.2781,11.9905,12.2104,11.9254,11.4833,9.764,	
15,3.77244,7.16489,9.51715,11.0578,11.8714,12.2595,12.6544,12.7656,12.8432,13.4556,15,1.42893,3.83528,6.18831,8.22242,9.58319,10.6755,11.4633,11.9554,12.2811,13.4616,	15,11.1129,11.3316,11.4881,11.6863,11.8463,11.9649,11.9946,11.8854,11.5904,10.5976,15,3.6706,6.42324,8.84863,10.5918,11.2846,11.9982,12.2208,11.9245,11.5296,9.76876,	
