Prob_forager_death	Prob_recipients_death	Prob_gamma_stop		Av_return_0		Av_return_1	
0	0	0	0	0	
0.000628	0.000257	0.006768	17.9189	17.9189	
0.000708	0.000172	0.006835	18.1541	18.1541	
0.000753	0.00017	0.0068	18.2024	18.2024	
0.000809	0.000172	0.006843	17.9555	17.9555	
0.000886	0.000134	0.006901	17.7916	17.7916	
0.000933	0.000133	0.006828	17.9241	17.9241	
0.000982	0.000175	0.006821	17.7372	17.7372	
0.00097	0.000167	0.006797	17.8549	17.8549	
0.000977	0.000161	0.006824	17.7702	17.7702	
0.001056	0.000141	0.006917	17.5902	17.5902	
0.001067	0.000161	0.006778	17.7178	17.7178	
0.001042	0.000144	0.006884	17.7071	17.7071	
0.001092	0.000149	0.006792	17.6849	17.6849	
0.001039	0.00015	0.006731	17.8572	17.8572	
0.001129	0.000162	0.006709	17.747	17.747	
0.001092	0.000136	0.006729	17.8503	17.8503	
0.001074	0.000144	0.006866	17.6548	17.6548	
0.001056	0.000159	0.006767	17.8395	17.8395	
0.001036	0.000153	0.006777	17.7991	17.7991	
0.001108	0.000135	0.00677901	17.6551	17.6551	
