Prob_forager_death	Prob_recipients_death	Prob_gamma_stop		Av_return_0		Av_return_1	
0	0	0	0	0	
0.000397	0	0.001889	3.86483	3.86483	
0.000662	0	0.001933	3.83584	3.83584	
0.000678	0	0.001909	3.85582	3.85582	
0.000632	0	0.001923	3.86849	3.86849	
0.000649	0	0.00191	3.83001	3.83001	
0.000723	0	0.001931	3.80595	3.80595	
0.000763	0	0.001927	3.89071	3.89071	
0.000733	0	0.001897	3.74183	3.74183	
0.000805	0	0.001923	3.96481	3.96481	
0.000922	0	0.002019	3.90955	3.90955	
0.000803	0	0.001862	3.84165	3.84165	
0.000803	0	0.001868	3.84987	3.84987	
0.000795	0	0.001917	3.77987	3.77987	
0.000753	0	0.001863	3.91858	3.91858	
0.000791	0	0.00188	3.8143	3.8143	
0.000789	0	0.001877	3.7997	3.7997	
0.000824	0	0.001915	3.84922	3.84922	
0.000828	0	0.001946	3.85184	3.85184	
0.000785	0	0.001873	3.91084	3.91084	
0.000841001	0	0.001888	3.89447	3.89447	
