Prob_forager_death	Prob_recipients_death	Prob_gamma_stop		Av_return_0		Av_return_1	
0	0	0	0	0	
0.000889	0.000503	0.003602	46.9824	46.9824	
0.000903	0.000227	0.003645	49.7451	49.7451	
0.000972	0.000229	0.00357	49.9901	49.9901	
0.000954	0.000209	0.003625	49.7458	49.7458	
0.001022	0.000218	0.003584	49.5949	49.5949	
0.001027	0.000207	0.003663	48.6937	48.6937	
0.000975	0.000215	0.003588	49.8254	49.8254	
0.000964	0.000233	0.003536	50.2024	50.2024	
0.001052	0.000206	0.003623	48.9443	48.9443	
0.001053	0.00022	0.003684	48.3038	48.3038	
0.000958	0.000217	0.003521	50.7325	50.7325	
0.001059	0.000228	0.003656	48.4524	48.4524	
0.001066	0.000209	0.003603	49.0685	49.0685	
0.001013	0.000182	0.003554	50.3049	50.3049	
0.001053	0.000222	0.003575	49.2625	49.2625	
0.000998	0.000205	0.003556	50.0483	50.0483	
0.001024	0.000201	0.003584	49.7286	49.7286	
0.00097	0.000205	0.003616	49.9136	49.9136	
0.001037	0.000221	0.003554	49.6222	49.6222	
0.001	0.000216	0.003578	49.6179	49.6179	
