Prob_forager_death	Prob_recipients_death	Prob_gamma_stop		Av_return_0		Av_return_1	
0	0	0	0	0	
0.002378	0.002056	0.006742	30.44	30.44	
0.001885	0.000616	0.006826	37.9236	37.9236	
0.002407	0.000686	0.00678	36.2232	36.2232	
0.002887	0.000593	0.006828	34.9189	34.9189	
0.003297	0.000699	0.006881	33.4009	33.4009	
0.003253	0.00066	0.006812	33.8406	33.8406	
0.003373	0.000715	0.006791	33.5136	33.5136	
0.003141	0.000701	0.006779	34.0429	34.0429	
0.003272	0.000679	0.006811	33.7044	33.7044	
0.003305	0.000732	0.006902	33.254	33.254	
0.003209	0.000704	0.00676	33.9975	33.9975	
0.003381	0.000723	0.006867	33.1912	33.1912	
0.003253	0.000733	0.006768	33.7224	33.7224	
0.003237	0.000702	0.006717	34.0269	34.0269	
0.003283	0.000671	0.006691	34.0457	34.0457	
0.003113	0.000689	0.006717	34.4963	34.4963	
0.003296	0.000723	0.006847	33.4453	33.4453	
0.003348	0.000731	0.006752	33.5843	33.5843	
0.003206	0.000706	0.006757	33.9558	33.9558	
0.003242	0.000700001	0.00676301	33.8384	33.8384	
