Prob_forager_death	Prob_recipients_death	Prob_gamma_stop		Av_return_0		Av_return_1	
0	0	0	0	0	
0.005367	0.003519	0.024161	11.237	11.237	
0.006768	0.001967	0.024155	12.4454	12.4454	
0.008327	0.002049	0.024196	12.1118	12.1118	
0.008675	0.002131	0.024417	11.9191	11.9191	
0.008711	0.002147	0.024235	12.0067	12.0067	
0.008781	0.002184	0.024281	11.9486	11.9486	
0.008883	0.002188	0.024092	11.9962	11.9962	
0.00877	0.002102	0.024378	11.9455	11.9455	
0.008898	0.002224	0.024517	11.8362	11.8362	
0.008777	0.00224	0.024192	11.998	11.998	
0.008783	0.002109	0.024281	11.9689	11.9689	
0.008975	0.002225	0.024428	11.847	11.847	
0.008804	0.002096	0.024217	12.0211	12.0211	
0.008883	0.002169	0.024086	12.0211	12.0211	
0.008952	0.002116	0.023912	12.0288	12.0288	
0.008997	0.002204	0.024276	11.9084	11.9084	
0.008821	0.002166	0.024036	12.0204	12.0204	
0.008951	0.002229	0.024284	11.8938	11.8938	
0.008737	0.002267	0.024256	11.9646	11.9646	
0.00896401	0.002075	0.024374	11.9273	11.9273	
