Prob_forager_death	Prob_recipients_death	Prob_gamma_stop		Av_return_0		Av_return_1	
0	0	0	0	0	
0.014472	0.008346	0.045224	6.92691	6.92691	
0.017576	0.005311	0.045473	8.03542	8.03542	
0.018837	0.005408	0.04542	8.00919	8.00919	
0.018788	0.005395	0.045312	8.0294	8.0294	
0.019045	0.005439	0.045084	8.04863	8.04863	
0.01868	0.005317	0.045478	8.03708	8.03708	
0.018806	0.005309	0.044974	8.07405	8.07405	
0.018938	0.005301	0.045666	8.0007	8.0007	
0.018776	0.005419	0.045595	8.00828	8.00828	
0.018769	0.005387	0.045341	8.02974	8.02974	
0.018932	0.005528	0.045558	8.00537	8.00537	
0.018809	0.005284	0.045354	8.05128	8.05128	
0.018625	0.005397	0.045322	8.04535	8.04535	
0.018562	0.005414	0.045322	8.04811	8.04811	
0.018714	0.005318	0.044984	8.08998	8.08998	
0.018492	0.005482	0.045226	8.06403	8.06403	
0.01865	0.00539	0.045208	8.06968	8.06968	
0.018599	0.005653	0.045371	8.01859	8.01859	
0.018432	0.005285	0.045333	8.06469	8.06469	
0.01843	0.00546001	0.045822	8.0001	8.0001	
