Prob_forager_death	Prob_recipients_death	Prob_gamma_stop		Av_return_0		Av_return_1	
0	0	0	0	0	
0.031606	0.02963	0.296388	1.12313	1.12313	
0.035548	0.022713	0.297794	1.49656	1.49656	
0.031538	0.022502	0.299699	1.52564	1.52564	
0.029448	0.022379	0.299639	1.54291	1.54291	
0.028809	0.022295	0.300186	1.543	1.543	
0.028389	0.022305	0.300189	1.54374	1.54374	
0.028176	0.022455	0.300457	1.54318	1.54318	
0.028472	0.02209	0.300543	1.54495	1.54495	
0.028717	0.022296	0.300555	1.54238	1.54238	
0.028758	0.022174	0.299835	1.5476	1.5476	
0.029051	0.022318	0.300515	1.54054	1.54054	
0.029274	0.02252	0.300354	1.54153	1.54153	
0.028919	0.022098	0.30012	1.54771	1.54771	
0.029057	0.022088	0.29976	1.55008	1.55008	
0.02913	0.022455	0.299457	1.54896	1.54896	
0.029281	0.02224	0.299917	1.54658	1.54658	
0.029348	0.022063	0.299945	1.54603	1.54603	
0.029653	0.022263	0.298668	1.55259	1.55259	
0.029525	0.02193	0.299961	1.54949	1.54949	
0.029618	0.022122	0.300465	1.54296	1.54296	
