Prob_forager_death	Prob_recipients_death	Prob_gamma_stop		Av_return_0		Av_return_1	
0	0	0	0	0	
0.033642	0.026686	0.156625	2.39393	2.39393	
0.034778	0.019245	0.157749	3.05959	3.05959	
0.032663	0.019347	0.159172	3.08026	3.08026	
0.032335	0.019136	0.158284	3.10841	3.10841	
0.031891	0.019221	0.158133	3.11234	3.11234	
0.031488	0.019292	0.158491	3.10807	3.10807	
0.031794	0.019062	0.15746	3.12752	3.12752	
0.031309	0.019407	0.158436	3.10608	3.10608	
0.030935	0.019288	0.158459	3.10852	3.10852	
0.031088	0.01928	0.157863	3.12171	3.12171	
0.03076	0.019304	0.158656	3.10994	3.10994	
0.030468	0.019444	0.158716	3.10587	3.10587	
0.030305	0.019445	0.158823	3.10928	3.10928	
0.030176	0.019555	0.158873	3.1067	3.1067	
0.029926	0.01942	0.159047	3.11081	3.11081	
0.030201	0.019581	0.158542	3.11254	3.11254	
0.029691	0.019455	0.158667	3.11346	3.11346	
0.029828	0.019261	0.158419	3.12189	3.12189	
0.029541	0.019461	0.158417	3.12091	3.12091	
0.02945	0.01974	0.159376	3.09978	3.09978	
