Prob_forager_death	Prob_recipients_death	Prob_gamma_stop		Av_return_0		Av_return_1	
0	0	0	0	0	
0.046697	0.021377	0.012039	8.0949	8.0949	
0.057621	0.01167	0.012018	9.25677	9.25677	
0.058512	0.011723	0.012089	9.21002	9.21002	
0.058389	0.012018	0.012054	9.18908	9.18908	
0.05821	0.011731	0.012024	9.24746	9.24746	
0.057971	0.011643	0.012151	9.2548	9.2548	
0.05738	0.011818	0.012026	9.2947	9.2947	
0.057139	0.011659	0.012115	9.31545	9.31545	
0.056951	0.011686	0.012127	9.31396	9.31396	
0.056786	0.011529	0.012071	9.35623	9.35623	
0.056561	0.011712	0.012068	9.33929	9.33929	
0.056354	0.011483	0.012084	9.37904	9.37904	
0.055968	0.011304	0.011938	9.45347	9.45347	
0.055786	0.011352	0.011947	9.45345	9.45345	
0.056149	0.011391	0.011771	9.43047	9.43047	
0.055932	0.0114	0.011947	9.43284	9.43284	
0.056089	0.011487	0.012069	9.39956	9.39956	
0.056706	0.011527	0.011988	9.36231	9.36231	
0.05685	0.01151	0.011875	9.36128	9.36128	
0.0566701	0.011609	0.012142	9.33148	9.33148	
