Prob_forager_death	Prob_recipients_death	Prob_gamma_stop		Av_return_0		Av_return_1	
0	0	0	0	0	
0.013224	0	0.086618	2.39748	2.39748	
0.01765	0	0.086539	2.81496	2.81496	
0.018568	0	0.086789	2.86245	2.86245	
0.018346	0	0.086449	2.87364	2.87364	
0.018717	0	0.086174	2.90179	2.90179	
0.018641	0	0.086466	2.89542	2.89542	
0.018664	0	0.085845	2.89495	2.89495	
0.018351	0	0.086389	2.90319	2.90319	
0.018355	0	0.086627	2.89653	2.89653	
0.018377	0	0.086299	2.90504	2.90504	
0.01864	0	0.086463	2.91627	2.91627	
0.018402	0	0.086573	2.89856	2.89856	
0.018471	0	0.086806	2.90092	2.90092	
0.018155	0	0.08641	2.90971	2.90971	
0.018259	0	0.086158	2.90906	2.90906	
0.018362	0	0.086354	2.91079	2.91079	
0.018391	0	0.086456	2.91011	2.91011	
0.018126	0	0.086396	2.9104	2.9104	
0.018194	0	0.086328	2.9047	2.9047	
0.018153	0	0.0871061	2.90105	2.90105	
