Prob_forager_death	Prob_recipients_death	Prob_gamma_stop		Av_return_0		Av_return_1	
0	0	0	0	0	
0.062893	0.027971	0.003269	7.3808	7.3808	
0.075635	0.015395	0.003339	8.46743	8.46743	
0.075724	0.015259	0.003238	8.49669	8.49669	
0.075284	0.015526	0.003297	8.49443	8.49443	
0.075191	0.015697	0.003244	8.48216	8.48216	
0.074711	0.015367	0.003329	8.54384	8.54384	
0.07486	0.015442	0.003254	8.52717	8.52717	
0.074935	0.015375	0.003228	8.53353	8.53353	
0.075163	0.015306	0.003288	8.52134	8.52134	
0.075151	0.015319	0.003373	8.51452	8.51452	
0.074858	0.015288	0.003204	8.55087	8.55087	
0.07481	0.015414	0.003314	8.52894	8.52894	
0.074813	0.015403	0.003298	8.53767	8.53767	
0.074959	0.015735	0.003222	8.49612	8.49612	
0.074765	0.015484	0.003283	8.52805	8.52805	
0.074661	0.015521	0.003224	8.53307	8.53307	
0.074615	0.015411	0.003281	8.5478	8.5478	
0.074854	0.015408	0.003282	8.52937	8.52937	
0.074439	0.015434	0.00323	8.55987	8.55987	
0.0748001	0.01526	0.003268	8.55105	8.55105	
