Prob_forager_death	Prob_recipients_death	Prob_gamma_stop		Av_return_0		Av_return_1	
0	0	0	0	0	
0.036652	0.050769	0.288158	1.14794	1.14794	
0.042973	0.037514	0.290918	1.53583	1.53583	
0.038897	0.037065	0.292628	1.56504	1.56504	
0.037051	0.036649	0.292627	1.57863	1.57863	
0.035849	0.037427	0.293066	1.57812	1.57812	
0.035563	0.036886	0.293533	1.57886	1.57886	
0.035245	0.03671	0.29385	1.58039	1.58039	
0.035301	0.036402	0.293733	1.58306	1.58306	
0.034954	0.036668	0.293797	1.58276	1.58276	
0.035327	0.037014	0.293189	1.58151	1.58151	
0.035297	0.036739	0.29411	1.57913	1.57913	
0.035011	0.036766	0.293999	1.57995	1.57995	
0.035386	0.037208	0.29316	1.58138	1.58138	
0.035244	0.036831	0.29325	1.58519	1.58519	
0.035451	0.036924	0.292934	1.58584	1.58584	
0.035202	0.03693	0.293389	1.5843	1.5843	
0.035259	0.036715	0.293943	1.57936	1.57936	
0.035249	0.036992	0.292396	1.5888	1.5888	
0.035403	0.036906	0.293643	1.58044	1.58044	
0.035259	0.036691	0.293974	1.58004	1.58004	
