Prob_forager_death	Prob_recipients_death	Prob_gamma_stop		Av_return_0		Av_return_1	
0	0	0	0	0	
0.024793	0	0.308121	0.958464	0.958464	
0.030513	0	0.306451	1.27677	1.27677	
0.027041	0	0.308124	1.3113	1.3113	
0.025106	0	0.308006	1.32916	1.32916	
0.023597	0	0.308812	1.32916	1.32916	
0.022668	0	0.308965	1.33037	1.33037	
0.021823	0	0.309529	1.32565	1.32565	
0.021403	0	0.30967	1.32912	1.32912	
0.020961	0	0.309886	1.3282	1.3282	
0.020992	0	0.309217	1.32971	1.32971	
0.020619	0	0.310182	1.32856	1.32856	
0.020618	0	0.310097	1.33103	1.33103	
0.020594	0	0.309616	1.32869	1.32869	
0.020645	0	0.309328	1.33038	1.33038	
0.020612	0	0.309302	1.33105	1.33105	
0.020369	0	0.309587	1.33483	1.33483	
0.020502	0	0.309753	1.32611	1.32611	
0.020397	0	0.308683	1.33625	1.33625	
0.020653	0	0.309745	1.33176	1.33176	
0.020295	0	0.310268	1.32524	1.32524	
