k=0_act,k=1_act,k=2_act,k=3_act,k=4_act,k=5_act,k=6_act,k=7_act,k=8_act,k=9_act,k=10_act,k=0_wait,k=1_wait,k=2_wait,k=3_wait,k=4_wait,k=5_wait,k=6_wait,k=7_wait,k=8_wait,k=9_wait,k=10_wait,	k=0_act,k=1_act,k=2_act,k=3_act,k=4_act,k=5_act,k=6_act,k=7_act,k=8_act,k=9_act,k=10_act,k=0_wait,k=1_wait,k=2_wait,k=3_wait,k=4_wait,k=5_wait,k=6_wait,k=7_wait,k=8_wait,k=9_wait,k=10_wait,	
20,20,20,20,20,20,20,20,20,20,20,20,20,20,20,20,20,20,20,20,20,20,	20,20,20,20,20,20,20,20,20,20,20,20,20,20,20,20,20,20,20,20,20,20,	
19.505,19.9946,19.902,19.9985,19.9998,20,19.9995,20,20,20.0125,19.9047,20,20,20.0045,20.015,20.015,20.0199,20.02,20.02,20.0249,20.0125,19.8183,	20,20,20.01,20.015,20.02,20.02,20.02,20.025,20.025,20.0266,19.851,19.9,20,19.8025,19.9995,20,19.901,19.8995,20,20,19.9006,19.851,	
19.505,19.9942,19.9024,19.998,19.9993,20,19.9995,20,20,19.9654,19.9039,20,20,20.0045,20.015,20.015,20.0199,20.02,20.0199,20.0299,19.9654,19.8292,	20,20,20.01,20.015,20.02,20.02,20.02,20.03,20.03,20.0339,19.8019,19.9,20,19.8025,19.9995,20,19.901,19.8995,20.0002,20,19.9013,19.8019,	
19.505,19.9942,19.9024,19.9974,19.9993,20,19.9995,20,20,19.9185,19.9039,20,20,20.0045,20.0149,20.02,20.0249,20.025,20.0249,20.0349,19.9185,19.8292,	20,20,20.01,20.015,20.025,20.025,20.0251,20.035,20.035,20.0377,19.7522,19.9,20,19.8025,19.9995,20.0001,19.901,19.8995,20.0002,20,19.9013,19.7522,	
19.505,19.9937,19.9029,19.9974,19.9993,20,19.9995,19.9995,20,19.9185,19.8688,20,20,20.004,20.0198,20.0249,20.0299,20.03,20.0299,20.0398,19.825,19.8687,	20,20,20.0151,20.0201,20.03,20.03,20.0301,20.04,20.04,20.0408,19.703,19.9,20,19.8036,19.9985,20.0001,19.9015,19.8995,20.0002,20,19.9013,19.703,	
19.505,19.9937,19.9029,19.9974,19.9993,20,19.9995,19.9995,20,19.9185,19.8687,20,20,20.004,20.0198,20.0249,20.0299,20.03,20.0299,20.0398,19.825,19.8687,	20,20,20.0151,20.0201,20.03,20.03,20.0301,20.04,20.04,20.0408,19.703,19.9,20,19.8036,19.9985,20.0001,19.9015,19.8995,20.0002,20,19.9013,19.703,	
19.505,19.9937,19.9029,19.997,19.9993,19.9993,19.9995,19.9989,19.901,19.8807,19.8673,20,20,20.004,20.0198,20.0249,20.0298,20.035,20.0349,20.0433,19.8807,19.7853,	20,20,20.0151,20.0201,20.03,20.035,20.0352,20.045,20.05,20.052,19.6561,19.8005,19.9995,19.8045,19.9975,20.0001,19.9026,19.8995,20.0002,20.0002,19.9032,19.6561,	
19.505,19.9937,19.9029,19.997,19.9993,19.9993,19.9995,19.9989,19.901,19.8807,19.8673,20,20,20.004,20.0198,20.0249,20.0298,20.035,20.0349,20.0433,19.8807,19.7853,	20,20,20.0151,20.0201,20.03,20.035,20.0352,20.045,20.05,20.052,19.6561,19.8005,19.9995,19.8045,19.9975,20.0001,19.9026,19.8995,20.0002,20.0002,19.9032,19.6561,	
19.505,19.9937,19.9029,19.997,19.9993,19.9993,19.9995,19.9982,19.9008,19.7813,19.8288,20,20,20.004,20.0198,20.0249,20.0298,20.035,20.0349,20.0426,19.8865,19.8288,	20,20,20.0151,20.0201,20.03,20.035,20.0352,20.045,20.0551,20.055,19.6068,19.8005,19.9995,19.8045,19.9975,20.0001,19.9026,19.8995,20.0002,20.0005,19.9032,19.6068,	
19.3104,19.9873,19.9042,19.9931,19.9993,19.898,19.9968,19.9982,19.9013,19.7819,19.7416,20,20,20.0035,20.0247,20.0299,20.0347,20.0396,20.0496,20.0616,19.9154,19.741,	20,20,20.0201,20.0251,20.035,20.04,20.0454,20.0652,20.0799,20.0679,19.5108,19.7015,19.9985,19.7085,19.9951,20.0001,19.9026,19.8012,20.0002,20.0008,19.9046,19.5114,	
19.3104,19.9873,19.9042,19.9931,19.9993,19.898,19.9968,19.9982,19.9013,19.7819,19.7413,20,20,20.0035,20.0247,20.0299,20.0347,20.0396,20.0496,20.0616,19.9154,19.7413,	20,20,20.0201,20.0251,20.035,20.04,20.0454,20.0652,20.0799,20.0679,19.5111,19.7015,19.9985,19.7085,19.9951,20.0001,19.9026,19.8012,20.0002,20.0008,19.9046,19.5111,	
19.1178,19.9784,19.9046,19.9926,19.9992,19.8974,19.9963,19.9964,19.9013,19.8577,19.6436,20,19.9999,20.0085,20.0296,20.0349,20.0397,20.0446,20.054,20.0764,19.8577,19.7531,	20,20,20.0251,20.0302,20.0401,20.0451,20.0505,20.0754,20.0947,20.0767,19.4652,19.7015,19.9985,19.612,19.9937,20.0001,19.9026,19.7022,20.0005,20.0013,19.9065,19.4652,	
19.1178,19.8785,19.9032,19.9918,19.9974,19.8974,19.9957,19.9964,19.9,19.8145,19.5475,20,19.9999,20.0085,20.0296,20.0347,20.0447,20.0496,20.0589,20.0804,19.8145,19.7632,	20,20,20.0251,20.0302,20.0401,20.0501,20.0556,20.0805,20.1045,20.0811,19.4205,19.505,19.995,19.614,19.9937,20.0001,19.9033,19.7032,19.999,20.0017,19.9083,19.4205,	
19.1178,19.8785,19.9032,19.9918,19.9974,19.8974,19.9957,19.9964,19.9,19.8145,19.5475,20,19.9999,20.0085,20.0296,20.0347,20.0447,20.0496,20.0589,20.0804,19.8145,19.7632,	20,20,20.0251,20.0302,20.0401,20.0501,20.0556,20.0805,20.1045,20.0811,19.4205,19.505,19.995,19.614,19.9937,20.0001,19.9033,19.7032,19.999,20.0017,19.9083,19.4205,	
19.1178,19.8785,19.9032,19.9909,19.9952,19.8979,19.9929,19.9955,19.9005,19.7749,19.5496,20,19.9999,20.0085,20.0294,20.0397,20.0496,20.0545,20.0636,20.0893,19.7749,19.7728,	20,20,20.0251,20.0352,20.0451,20.0551,20.0607,20.0907,20.1143,20.0847,19.375,19.505,19.995,19.614,19.9939,20.0001,19.9038,19.7042,19.9995,20.0017,19.9096,19.375,	
19.1178,19.8785,19.9032,19.9909,19.9952,19.8979,19.9929,19.9955,19.9005,19.7749,19.5496,20,19.9999,20.0085,20.0294,20.0397,20.0496,20.0545,20.0636,20.0893,19.7749,19.7728,	20,20,20.0251,20.0352,20.0451,20.0551,20.0607,20.0907,20.1143,20.0847,19.375,19.505,19.995,19.614,19.9939,20.0001,19.9038,19.7042,19.9995,20.0017,19.9096,19.375,	
19.1178,19.8785,19.9032,19.9909,19.9952,19.8979,19.9929,19.9955,19.9005,19.7749,19.5496,20,19.9999,20.0085,20.0294,20.0397,20.0496,20.0545,20.0636,20.0893,19.7749,19.7728,	20,20,20.0251,20.0352,20.0451,20.0551,20.0607,20.0907,20.1143,20.0847,19.375,19.505,19.995,19.614,19.9939,20.0001,19.9038,19.7042,19.9995,20.0017,19.9096,19.375,	
19.1178,19.8785,19.9032,19.9909,19.9952,19.8979,19.9929,19.9955,19.9005,19.7749,19.5496,20,19.9999,20.0085,20.0294,20.0397,20.0496,20.0545,20.0636,20.0893,19.7749,19.7728,	20,20,20.0251,20.0352,20.0451,20.0551,20.0607,20.0907,20.1143,20.0847,19.375,19.505,19.995,19.614,19.9939,20.0001,19.9038,19.7042,19.9995,20.0017,19.9096,19.375,	
19.0222,19.8747,19.8036,19.9904,19.9907,19.7994,19.9898,19.9955,19.901,19.676,19.6676,20,19.9993,20.0134,20.0343,20.0446,20.0546,20.0595,20.0685,20.0932,19.788,19.6677,	20,20.0051,20.0302,20.0403,20.0502,20.0601,20.0659,20.0958,20.124,20.0876,19.2797,19.3104,19.9897,19.6158,19.992,20.0001,19.9038,19.7042,19.9995,20.0023,19.9101,19.2796,	
19.0222,19.8747,19.8036,19.9904,19.9907,19.7994,19.9898,19.9955,19.901,19.676,19.6676,20,19.9993,20.0134,20.0343,20.0446,20.0546,20.0595,20.0685,20.0932,19.788,19.6676,	20,20.0051,20.0302,20.0403,20.0502,20.0601,20.0659,20.0958,20.124,20.0876,19.2797,19.3104,19.9897,19.6158,19.992,20.0001,19.9038,19.7042,19.9995,20.0023,19.9101,19.2797,	
19.0222,19.8747,19.8036,19.9904,19.9907,19.7994,19.9898,19.9955,19.901,19.676,19.6676,20,19.9993,20.0134,20.0343,20.0446,20.0546,20.0595,20.0685,20.0932,19.788,19.6676,	20,20.0051,20.0302,20.0403,20.0502,20.0601,20.0659,20.0958,20.124,20.0876,19.2797,19.3104,19.9897,19.6158,19.992,20.0001,19.9038,19.7042,19.9995,20.0023,19.9101,19.2797,	
19.0222,19.8747,19.8023,19.9895,19.9894,19.8007,19.9879,19.9954,19.9019,19.6929,19.6659,20,19.9993,20.0124,20.0392,20.0496,20.0595,20.0645,20.0735,20.0961,19.6929,19.5921,	20,20.0051,20.0352,20.0453,20.0552,20.0652,20.071,20.101,20.1336,20.0893,19.191,19.3104,19.9897,19.6179,19.992,20.0001,19.9038,19.7042,19.9995,20.003,19.9132,19.191,	
19.0222,19.8747,19.8023,19.9895,19.9894,19.8007,19.9879,19.9954,19.9019,19.6929,19.6659,20,19.9993,20.0124,20.0392,20.0496,20.0595,20.0645,20.0735,20.0961,19.6929,19.5921,	20,20.0051,20.0352,20.0453,20.0552,20.0652,20.071,20.101,20.1336,20.0893,19.191,19.3104,19.9897,19.6179,19.992,20.0001,19.9038,19.7042,19.9995,20.003,19.9132,19.191,	
19.0222,19.8747,19.8016,19.9879,19.9894,19.7016,19.9869,19.9954,19.9019,19.6929,19.6312,20,19.9993,20.0113,20.0441,20.0545,20.0645,20.0695,20.0784,20.101,19.602,19.6312,	20,20.0051,20.0403,20.0504,20.0602,20.0702,20.0762,20.1061,20.1384,20.0893,19.1432,19.2139,19.9863,19.6218,19.9883,20,19.9043,19.7052,19.9995,20.003,19.9132,19.1432,	
19.0222,19.8747,19.8016,19.9879,19.9894,19.7016,19.9869,19.9954,19.9019,19.6929,19.6312,20,19.9993,20.0113,20.0441,20.0545,20.0645,20.0695,20.0784,20.101,19.602,19.6312,	20,20.0051,20.0403,20.0504,20.0602,20.0702,20.0762,20.1061,20.1384,20.0893,19.1432,19.2139,19.9863,19.6218,19.9883,20,19.9043,19.7052,19.9995,20.003,19.9132,19.1432,	
18.5514,19.8456,19.8017,19.98,19.9876,19.607,19.9817,19.9954,19.9019,19.571,19.5946,20,19.9993,20.0092,20.0534,20.0687,20.0891,20.0934,20.1129,20.1352,19.6767,19.5946,	20,20.0051,20.0453,20.0656,20.0805,20.0955,20.1122,20.1422,20.1711,20.0882,19.0576,19.1178,19.9825,19.6239,19.9871,20.0002,19.9056,19.6125,19.7962,19.9018,19.8158,19.0576,	
18.4586,19.8391,19.8004,19.975,19.9875,19.607,19.9793,19.9929,19.9004,19.6306,19.554,20,19.9993,20.0082,20.0578,20.078,20.1038,20.1083,20.1277,20.1486,19.549,19.5604,	20,20.0051,20.0505,20.0757,20.0958,20.1107,20.1277,20.1576,20.1848,20.0861,18.9653,19.1178,19.9825,19.626,19.9857,20.0006,19.9066,19.6125,19.7962,19.9018,19.7204,18.9707,	
18.4586,19.8391,19.8004,19.975,19.9849,19.607,19.9793,19.9929,19.9004,19.6301,19.5085,20,19.9993,20.0082,20.0578,20.0776,20.1087,20.1133,20.1326,20.1535,19.557,19.5085,	20,20.0051,20.0505,20.0757,20.0958,20.1158,20.1328,20.1628,20.1893,20.0855,18.9205,19.1178,19.9825,19.626,19.9857,20.0006,19.9076,19.6125,19.7962,19.9018,19.7204,18.9205,	
18.4586,19.8364,19.8005,19.9695,19.9823,19.6126,19.9751,19.9928,19.8993,19.5971,19.4698,20,19.9985,20.0131,20.0625,20.082,20.1158,20.1282,20.1473,20.1656,19.5324,19.4698,	20,20.0104,20.0556,20.0808,20.106,20.1311,20.1483,20.1782,20.2071,20.0781,18.8333,19.1178,19.9826,19.6278,19.9857,20.0011,19.9091,19.6154,19.7953,19.9028,19.724,18.8333,	
18.4586,19.8309,19.8009,19.9678,19.9795,19.6119,19.9681,19.9926,19.9002,19.5851,19.4308,20,19.9985,20.0131,20.0621,20.0859,20.1303,20.1422,20.1669,20.1839,19.5851,19.3469,	20,20.0104,20.0556,20.086,20.1214,20.1464,20.1689,20.1988,20.2285,20.0677,18.7518,19.1178,19.9826,19.6278,19.9862,20.0021,19.9105,19.6225,19.7917,19.9021,19.7302,18.7518,	
18.2745,19.8148,19.801,19.9678,19.9795,19.6118,19.9663,19.9926,19.9002,19.5841,19.3887,20,19.9976,20.017,20.0716,20.0956,20.1398,20.1521,20.1766,20.1937,19.5041,19.3887,	20,20.0104,20.0608,20.0963,20.1316,20.1566,20.1792,20.2091,20.2369,20.0636,18.7077,19.1178,19.9826,19.63,19.9867,20.0021,19.8109,19.6239,19.7917,19.9021,19.6315,18.7077,	
18.2745,19.8148,19.801,19.9678,19.9765,19.6118,19.9663,19.9926,19.9002,19.5482,19.3883,20,19.9976,20.017,20.0716,20.0951,20.1446,20.157,20.1815,20.1986,19.5482,19.2979,	20,20.0104,20.0608,20.0963,20.1316,20.1617,20.1843,20.2143,20.241,20.0591,18.6636,19.1178,19.9826,19.63,19.9867,20.0021,19.8127,19.6239,19.7917,19.9021,19.6337,18.6636,	
18.2745,19.8148,19.801,19.9678,19.9765,19.6118,19.9663,19.9926,19.9002,19.5482,19.3883,20,19.9976,20.017,20.0716,20.0951,20.1446,20.157,20.1815,20.1986,19.5482,19.2979,	20,20.0104,20.0608,20.0963,20.1316,20.1617,20.1843,20.2143,20.241,20.0591,18.6636,19.1178,19.9826,19.63,19.9867,20.0021,19.8127,19.6239,19.7917,19.9021,19.6337,18.6636,	
18.2745,19.8148,19.801,19.9678,19.9765,19.6107,19.9645,19.9925,19.9002,19.4505,19.343,20,19.9976,20.017,20.0716,20.0951,20.1446,20.157,20.1815,20.1986,19.5482,19.343,	20,20.0104,20.0608,20.0963,20.1316,20.1617,20.1843,20.2143,20.241,20.0591,18.6171,19.1178,19.9826,19.63,19.9867,20.0021,19.8127,19.6239,19.7917,19.9021,19.6337,18.6171,	
17.9117,19.7815,19.801,19.9592,19.9764,19.6094,19.9562,19.992,19.8984,19.521,19.3028,20,19.9976,20.017,20.0705,20.1042,20.1588,20.1707,20.201,20.2153,19.5275,19.221,	20,20.0104,20.0608,20.1015,20.1471,20.177,20.2049,20.2348,20.2611,20.0401,18.5362,19.1178,19.9826,19.63,19.9872,19.9049,19.814,19.6287,19.5927,19.8022,19.6444,18.5408,	
17.8222,19.7698,19.8009,19.8594,19.973,19.61,19.9544,19.9918,19.8984,19.4394,19.3011,20,19.9965,20.0219,20.0752,20.109,20.1609,20.1806,20.2096,20.2301,19.4394,19.2528,	20,20.0156,20.066,20.1067,20.1522,20.1873,20.2152,20.2502,20.2726,20.0271,18.405,19.0222,19.9784,19.63,19.9872,19.9049,19.8159,19.6296,19.5961,19.8001,19.649,18.405,	
17.8222,19.7698,19.8009,19.8594,19.973,19.61,19.9544,19.9918,19.8984,19.3907,19.3008,20,19.9965,20.0219,20.0752,20.109,20.1609,20.1806,20.2096,20.2301,19.3907,19.2587,	20,20.0156,20.066,20.1067,20.1522,20.1873,20.2152,20.2502,20.2726,20.0239,18.3589,19.0222,19.9784,19.63,19.9872,19.9049,19.8159,19.6296,19.5961,19.8001,19.6509,18.3589,	
17.8222,19.7698,19.8009,19.8566,19.9686,19.6097,19.9527,19.9918,19.8919,19.247,19.2358,20,19.9965,20.0219,20.0752,20.109,20.1581,20.1844,20.2193,20.2399,19.3595,19.239,	20,20.0156,20.066,20.1067,20.1522,20.1925,20.2204,20.2604,20.2801,20.0138,18.2726,18.9271,19.9736,19.6317,19.9872,19.9049,19.8177,19.6296,19.5994,19.7991,19.6535,18.2678,	
17.8222,19.7698,19.7974,19.8563,19.9606,19.6108,19.951,19.9874,19.8892,19.2209,19.1535,20,19.9965,20.0219,20.0741,20.1138,20.1602,20.1929,20.2337,20.2528,19.3272,19.1535,	20,20.0156,20.066,20.112,20.1575,20.2028,20.236,20.2757,20.2945,19.9976,18.137,18.9271,19.9736,19.6317,19.9878,19.9053,19.8196,19.6326,19.5994,19.8015,19.6543,18.137,	
17.6444,19.7473,19.7971,19.8557,19.9554,19.6125,19.951,19.9874,19.8817,19.278,19.0612,20,19.9965,20.0219,20.0741,20.1131,20.1649,20.1977,20.2385,20.254,19.2033,19.0612,	20,20.0156,20.066,20.112,20.1575,20.208,20.2412,20.2808,20.2981,19.9783,18.0094,18.9271,19.9736,19.6317,19.9878,19.9053,19.7229,19.634,19.5995,19.702,19.66,18.0094,	
17.6444,19.7473,19.7971,19.8528,19.9549,19.6143,19.951,19.9828,19.8776,19.2508,19.0602,20,19.9965,20.0219,20.0741,20.1131,20.1649,20.1977,20.2372,20.2571,19.2508,18.9783,	20,20.0156,20.066,20.112,20.1575,20.208,20.2412,20.2808,20.3048,19.9625,17.9773,18.9271,19.9736,19.6317,19.9878,19.9053,19.7229,19.634,19.5995,19.7079,19.6619,17.9773,	
17.6444,19.7414,19.7968,19.8528,19.9549,19.6143,19.951,19.9828,19.8776,19.2503,19.0192,20,19.9952,20.0268,20.0789,20.1179,20.1697,20.2026,20.242,20.262,19.165,19.0192,	20,20.0156,20.0712,20.1172,20.1627,20.2131,20.2464,20.2859,20.3081,19.9571,17.9325,18.9271,19.9736,19.6339,19.9861,19.9053,19.7229,19.634,19.5995,19.7079,19.6619,17.9325,	
17.2077,19.6851,19.7883,19.7445,19.9388,19.6176,19.9425,19.9769,19.8734,19.2492,18.89,20,19.9938,20.0316,20.0824,20.1257,20.1886,20.2193,20.2695,20.294,19.2481,18.89,	20,20.0209,20.0764,20.1224,20.1785,20.2339,20.2776,20.3165,20.3299,19.9122,17.7719,18.7383,19.8632,19.6388,19.9808,19.8098,19.7271,19.6411,19.6003,19.7093,19.5664,17.7719,	
17.2077,19.6851,19.7883,19.7445,19.9388,19.6176,19.9425,19.9769,19.8734,19.2492,18.89,20,19.9938,20.0316,20.0824,20.1257,20.1886,20.2193,20.2695,20.294,19.2481,18.89,	20,20.0209,20.0764,20.1224,20.1785,20.2339,20.2776,20.3165,20.3299,19.9122,17.7719,18.7383,19.8632,19.6388,19.9808,19.8098,19.7271,19.6411,19.6003,19.7093,19.5664,17.7719,	
17.1216,19.6728,19.7838,19.7445,19.9336,19.6139,19.9409,19.9769,19.8734,19.2492,18.8495,20,19.9923,20.0364,20.0872,20.1295,20.1979,20.229,20.279,20.3037,19.2685,18.8495,	20,20.0262,20.0817,20.1277,20.1891,20.2443,20.288,20.3266,20.3357,19.8999,17.6833,18.7383,19.864,19.6388,19.9808,19.8116,19.7271,19.6411,19.6003,19.7093,19.5664,17.6833,	
17.1216,19.6728,19.7838,19.7445,19.9336,19.6139,19.932,19.9709,19.8708,19.2738,18.8486,20,19.9923,20.0364,20.0872,20.1295,20.1979,20.229,20.2774,20.3043,19.2746,18.7705,	20,20.0262,20.0817,20.1277,20.1891,20.2443,20.288,20.3266,20.344,19.8805,17.6483,18.7383,19.864,19.6388,19.9808,19.8116,19.7271,19.6411,19.6003,19.7187,19.5679,17.6499,	
17.036,19.66,19.7802,19.7447,19.9336,19.6054,19.9288,19.9521,19.7601,19.167,18.7211,20,19.9923,20.0352,20.0919,20.1343,20.2026,20.2323,20.2839,20.3159,19.1669,18.8399,	20,20.0262,20.0869,20.133,20.1944,20.2495,20.2932,20.3419,20.3568,19.8208,17.4989,18.6446,19.8583,19.6411,19.9808,19.7126,19.7275,19.6411,19.6076,19.7237,19.5756,17.499,	
17.036,19.66,19.7802,19.7447,19.9336,19.6054,19.9288,19.9521,19.7567,19.1245,18.7216,20,19.9923,20.0352,20.0919,20.1343,20.2026,20.2323,20.2839,20.3131,19.1245,18.8465,	20,20.0262,20.0869,20.133,20.1944,20.2495,20.2932,20.3419,20.3591,19.8142,17.4551,18.6446,19.8583,19.6411,19.9808,19.7126,19.7275,19.6411,19.6076,19.7269,19.5756,17.4551,	
17.036,19.6553,19.7802,19.7447,19.9336,19.601,19.9288,19.9521,19.7567,19.0346,18.7229,20,19.9906,20.04,20.0967,20.1391,20.2073,20.2372,20.2886,20.3179,19.0346,18.8588,	20,20.0262,20.0921,20.1383,20.1996,20.2548,20.2984,20.347,20.3614,19.7934,17.3732,18.6446,19.8583,19.6433,19.9808,19.7126,19.7275,19.6411,19.6076,19.7269,19.5779,17.3732,	
17.036,19.6553,19.7802,19.7447,19.9336,19.601,19.9288,19.9521,19.7567,19.0346,18.7229,20,19.9906,20.04,20.0967,20.1391,20.2073,20.2372,20.2886,20.3179,19.0346,18.8588,	20,20.0262,20.0921,20.1383,20.1996,20.2548,20.2984,20.347,20.3614,19.7934,17.3732,18.6446,19.8583,19.6433,19.9808,19.7126,19.7275,19.6411,19.6076,19.7269,19.5779,17.3732,	
17.036,19.6553,19.7802,19.7407,19.9275,19.6026,19.9228,19.9519,19.7567,18.9924,18.7928,20,19.9906,20.04,20.0967,20.1391,20.2042,20.242,20.2917,20.3276,18.91,18.7959,	20,20.0262,20.0921,20.1383,20.1996,20.2548,20.3037,20.3521,20.3656,19.7716,17.291,18.6446,19.8583,19.6433,19.9808,19.7126,19.7275,19.6443,19.6076,19.7301,19.5789,17.2929,	
16.8661,19.6288,19.7789,19.7357,19.9266,19.5996,19.9151,19.9519,19.7567,18.9632,18.7013,20,19.9906,20.0387,20.1014,20.1439,20.2089,20.2452,20.3012,20.3373,18.9632,18.8056,	20,20.0262,20.0973,20.1436,20.2049,20.26,20.3141,20.3622,20.3696,19.7568,17.2541,18.6446,19.8583,19.6455,19.9791,19.7126,19.7275,19.6477,19.6076,19.6314,19.4823,17.2541,	
16.8661,19.6288,19.7789,19.7357,19.9266,19.5996,19.9151,19.9519,19.7567,18.9632,18.7013,20,19.9906,20.0387,20.1014,20.1439,20.2089,20.2452,20.3012,20.3373,18.9632,18.8056,	20,20.0262,20.0973,20.1436,20.2049,20.26,20.3141,20.3622,20.3696,19.7568,17.2541,18.6446,19.8583,19.6455,19.9791,19.7126,19.7275,19.6477,19.6076,19.6314,19.4823,17.2541,	
16.7818,19.6103,19.7782,19.7318,19.9266,19.5951,19.9135,19.9519,19.7514,18.9341,18.703,20,19.9888,20.0434,20.1042,20.1534,20.2183,20.2548,20.3106,20.3439,18.9341,18.8217,	20,20.0315,20.1026,20.1543,20.2155,20.2705,20.3246,20.3722,20.3734,19.7253,17.1796,18.6446,19.8592,19.6466,19.98,19.7139,19.7275,19.6477,19.6076,19.6314,19.4848,17.1796,	
16.7818,19.6103,19.7782,19.7318,19.9266,19.5951,19.9135,19.9519,19.7514,18.9341,18.703,20,19.9888,20.0434,20.1042,20.1534,20.2183,20.2548,20.3106,20.3439,18.9341,18.8217,	20,20.0315,20.1026,20.1543,20.2155,20.2705,20.3246,20.3722,20.3734,19.7253,17.1796,18.6446,19.8592,19.6466,19.98,19.7139,19.7275,19.6477,19.6076,19.6314,19.4848,17.1796,	
16.7818,19.6103,19.7782,19.7318,19.9266,19.5951,19.9135,19.9519,19.7514,18.9341,18.703,20,19.9888,20.0434,20.1042,20.1534,20.2183,20.2548,20.3106,20.3439,18.9341,18.8217,	20,20.0315,20.1026,20.1543,20.2155,20.2705,20.3246,20.3722,20.3734,19.7253,17.1796,18.6446,19.8592,19.6466,19.98,19.7139,19.7275,19.6477,19.6076,19.6314,19.4848,17.1796,	
16.7818,19.6103,19.7782,19.7318,19.9266,19.5951,19.9135,19.9519,19.7514,18.9341,18.703,20,19.9888,20.0434,20.1042,20.1534,20.2183,20.2548,20.3106,20.3439,18.9341,18.8217,	20,20.0315,20.1026,20.1543,20.2155,20.2705,20.3246,20.3722,20.3734,19.7253,17.1796,18.6446,19.8592,19.6466,19.98,19.7139,19.7275,19.6477,19.6076,19.6314,19.4848,17.1796,	
16.7818,19.6103,19.7782,19.7318,19.9266,19.5951,19.9135,19.9519,19.7514,18.9341,18.703,20,19.9888,20.0434,20.1042,20.1534,20.2183,20.2548,20.3106,20.3439,18.9341,18.8217,	20,20.0315,20.1026,20.1543,20.2155,20.2705,20.3246,20.3722,20.3734,19.7253,17.1796,18.6446,19.8592,19.6466,19.98,19.7139,19.7275,19.6477,19.6076,19.6314,19.4848,17.1796,	
16.6979,19.5919,19.6776,19.7277,19.9123,19.5919,19.9071,19.9338,19.7552,18.8414,18.6839,20,19.9888,20.0434,20.1042,20.1511,20.2245,20.2642,20.3386,20.3671,19.0292,18.6839,	20,20.0315,20.1026,20.1543,20.2208,20.2865,20.3509,20.4021,20.3845,19.6601,17.0816,18.5514,19.8531,19.6477,19.9783,19.7178,19.635,19.6554,19.6127,19.6346,19.4904,17.0816,	
16.6979,19.5919,19.6776,19.7277,19.907,19.5935,19.8076,19.9212,19.7499,18.8423,18.649,20,19.9888,20.0434,20.1042,20.1511,20.2213,20.269,20.3391,20.3785,19.0757,18.6457,	20,20.0315,20.1026,20.1543,20.2208,20.2918,20.3562,20.4119,20.3897,19.6271,17.055,18.4586,19.8466,19.6487,19.9783,19.7178,19.6383,19.6554,19.6167,19.6419,19.4926,17.0605,	
16.6979,19.494,19.6772,19.7232,19.9002,19.5935,19.8076,19.9212,19.7499,18.8435,18.6009,20,19.9888,20.0434,20.1042,20.1499,20.226,20.2737,20.3437,20.3833,19.0872,18.6009,	20,20.0315,20.1026,20.1543,20.2208,20.2972,20.3615,20.4168,20.3909,19.6192,17.015,18.3663,19.8397,19.6497,19.9767,19.7191,19.642,19.6553,19.6167,19.6419,19.4926,17.015,	
16.6144,19.48,19.6763,19.6244,19.8971,19.5966,19.8065,19.9212,19.7499,18.8435,18.6004,20,19.9888,20.0434,20.1042,20.1499,20.2228,20.2785,20.3484,20.3881,19.0987,18.5157,	20,20.0315,20.1026,20.1543,20.2208,20.3025,20.3667,20.4216,20.3921,19.6108,16.9304,18.2745,19.8323,19.6497,19.8768,19.7203,19.6456,19.6552,19.6167,19.6418,19.4933,17.0274,	
16.4486,19.451,19.6742,19.6246,19.8906,19.5931,19.8044,19.9135,19.7507,18.8435,18.5655,20,19.9888,20.0416,20.1089,20.1546,20.2274,20.2832,20.3509,20.3977,19.1215,18.5655,	20,20.0315,20.1078,20.1596,20.2262,20.3078,20.372,20.4313,20.3942,19.594,16.9854,18.2745,19.8323,19.6519,19.8756,19.7203,19.5474,19.6552,19.6209,19.544,19.4943,16.9854,	
16.2846,19.3244,19.6715,19.6249,19.8768,19.593,19.7894,19.9059,19.746,18.959,18.5107,20,19.9888,20.0416,20.1089,20.1546,20.2243,20.2855,20.3602,20.4008,18.959,18.4724,	20,20.0315,20.1078,20.1596,20.2262,20.3131,20.3826,20.441,20.3978,19.5512,16.8783,18.1831,19.8245,19.6528,19.8745,19.7203,19.4539,19.5604,19.6201,19.5531,19.4956,16.8783,	
16.2846,19.3198,19.6698,19.6249,19.8649,19.5898,19.7831,19.8972,19.7426,18.8957,18.4042,20,19.9888,20.0416,20.1089,20.1546,20.2243,20.2855,20.3533,20.4084,18.8957,18.5156,	20,20.0315,20.1078,20.1596,20.2262,20.3131,20.3826,20.4457,20.4005,19.4894,16.7864,18.1831,19.8245,19.6528,19.8745,19.7203,19.4539,19.5604,19.6243,19.5658,19.4965,16.7864,	
15.9613,19.2571,19.6578,19.3305,19.7555,19.5874,19.7812,19.8824,19.7434,18.8327,18.4859,20,19.9854,20.0463,20.1096,20.1627,20.2382,20.297,20.3696,20.4286,18.752,18.4859,	20,20.0315,20.1131,20.1703,20.2425,20.3292,20.4039,20.4694,20.4023,19.4215,16.6937,17.7331,19.7794,19.5606,19.8738,19.7244,19.4553,19.564,19.6284,19.4726,19.4007,16.6937,	
15.9613,19.2571,19.6578,19.3305,19.7555,19.5874,19.7812,19.8824,19.7434,18.8327,18.4859,20,19.9854,20.0463,20.1096,20.1627,20.2382,20.297,20.3696,20.4286,18.752,18.4859,	20,20.0315,20.1131,20.1703,20.2425,20.3292,20.4039,20.4694,20.4023,19.4215,16.6937,17.7331,19.7794,19.5606,19.8738,19.7244,19.4553,19.564,19.6284,19.4726,19.4007,16.6937,	
15.9613,19.2571,19.6578,19.3305,19.7555,19.5874,19.7812,19.8824,19.7434,18.8327,18.4405,20,19.9854,20.0463,20.1096,20.1627,20.2382,20.297,20.3696,20.4286,18.752,18.4386,	20,20.0315,20.1131,20.1703,20.2425,20.3292,20.4039,20.4694,20.4023,19.4215,16.651,17.7331,19.7794,19.5606,19.8738,19.7244,19.4553,19.564,19.6284,19.4726,19.4007,16.6527,	
15.5663,19.1672,19.6493,19.3305,19.7345,19.5899,19.7783,19.8819,19.7362,18.8321,18.3163,20,19.9814,20.0452,20.1282,20.1816,20.2567,20.3131,20.3928,20.4486,18.8321,18.415,	20,20.037,20.1342,20.1917,20.2642,20.3507,20.4252,20.4925,20.4024,19.3598,16.5536,17.7331,19.7806,19.57,19.8692,19.7259,19.458,19.4662,19.6327,19.3752,19.2096,16.5536,	
15.411,19.1228,19.6443,19.3286,19.6258,19.591,19.7765,19.8813,19.7291,18.7991,18.3799,20,19.9773,20.0499,20.1287,20.1911,20.2659,20.3199,20.4066,20.4627,18.718,18.38,	20,20.0425,20.1395,20.2025,20.2751,20.3615,20.4412,20.5061,20.4016,19.3222,16.4845,17.6444,19.7717,19.4737,19.8674,19.728,19.462,19.471,19.6327,19.3752,19.1147,16.4846,	
15.2573,19.0838,19.6327,19.3255,19.6228,19.5851,19.7686,19.8748,19.72,18.7784,18.3473,20,19.9773,20.0479,20.1333,20.1958,20.2706,20.3246,20.4112,20.4491,18.7263,18.3473,	20,20.0425,20.1448,20.2078,20.2805,20.3669,20.4465,20.5105,20.3995,19.2643,16.389,17.6444,19.7717,19.477,19.8654,19.728,19.3647,19.471,19.6319,19.3905,19.1192,16.389,	
15.181,19.0647,19.63,19.3243,19.6131,19.5853,19.7677,19.8742,19.7208,18.7597,18.256,20,19.9773,20.0479,20.1333,20.1929,20.2752,20.3293,20.4157,20.4539,18.7585,18.3542,	20,20.0425,20.1448,20.2078,20.286,20.3722,20.4518,20.515,20.3988,19.2549,16.3559,17.6444,19.7717,19.477,19.8654,19.7308,19.3665,19.4705,19.6319,19.2936,19.1205,16.3539,	
15.181,19.0607,19.6271,19.3243,19.6063,19.5853,19.7677,19.8742,19.7208,18.7188,18.257,20,19.9773,20.0458,20.1379,20.1976,20.2798,20.3341,20.4203,20.4588,18.7188,18.3683,	20,20.0425,20.1502,20.2132,20.2914,20.3776,20.4571,20.5194,20.3981,19.236,16.3208,17.6444,19.7717,19.4803,19.8654,19.7308,19.3665,19.4705,19.6319,19.2936,19.1212,16.3208,	
15.1051,18.9383,19.6156,19.3249,19.5938,19.4886,19.764,19.8742,19.7208,18.6999,18.2286,20,19.9773,20.0458,20.1338,20.1993,20.289,20.3378,20.4385,20.478,18.6999,18.3266,	20,20.0425,20.1502,20.2132,20.3023,20.3885,20.4731,20.5368,20.3946,19.1871,16.2609,17.4684,19.75,19.4817,19.8635,19.6398,19.371,19.4738,19.6332,19.3003,19.125,16.2608,	
15.1051,18.9383,19.6156,19.3249,19.5938,19.4886,19.7563,19.8742,19.7133,18.6999,18.2812,20,19.9773,20.0458,20.1338,20.1993,20.289,20.3349,20.443,20.4828,18.6207,18.2812,	20,20.0425,20.1502,20.2132,20.3023,20.3885,20.4784,20.5411,20.3936,19.1771,16.2203,17.4684,19.75,19.4817,19.8635,19.6398,19.371,19.4788,19.6324,19.3003,19.125,16.2203,	
14.9544,18.8048,19.6047,19.3278,19.5847,19.4891,19.7563,19.8742,19.7062,18.6282,18.2799,20,19.9773,20.0436,20.1384,20.201,20.298,20.3445,20.4519,20.4924,18.6279,18.211,	20,20.0425,20.1555,20.2187,20.3131,20.3994,20.489,20.5496,20.3913,19.1465,16.1468,17.3811,19.6403,19.4873,19.8616,19.6443,19.3723,19.4783,19.6324,19.3003,19.0296,16.1471,	
14.9544,18.8048,19.6047,19.3278,19.5847,19.4891,19.7563,19.8742,19.7062,18.6281,18.2799,20,19.9773,20.0436,20.1384,20.201,20.298,20.3445,20.4519,20.4924,18.6281,18.211,	20,20.0425,20.1555,20.2187,20.3131,20.3994,20.489,20.5496,20.3913,19.1465,16.147,17.3811,19.6403,19.4873,19.8616,19.6443,19.3723,19.4783,19.6324,19.3003,19.0296,16.147,	
14.9544,18.8048,19.6047,19.3225,19.5834,19.4896,19.7502,19.8663,19.707,18.6028,18.2793,20,19.9773,20.0436,20.1384,20.201,20.294,20.3463,20.4608,20.498,18.6038,18.2253,	20,20.0425,20.1555,20.2187,20.3131,20.3994,20.4996,20.558,20.3875,19.1166,16.1211,17.3811,19.6403,19.4873,19.8616,19.6443,19.3723,19.4884,19.6317,19.3074,19.0323,16.1208,	
14.8052,18.7605,19.5926,19.3267,19.5737,19.4861,19.7428,19.8657,19.7078,18.5862,18.165,20,19.9712,20.0482,20.1429,20.2057,20.2905,20.3603,20.4741,20.5085,18.5861,18.2683,	20,20.0481,20.1608,20.2241,20.3186,20.4104,20.5155,20.5704,20.3832,19.066,16.0628,17.3811,19.6424,19.488,19.8597,19.6443,19.3775,19.396,19.6302,19.2141,19.0356,16.0626,	
14.8052,18.7605,19.5926,19.3267,19.5737,19.4861,19.7428,19.8657,19.7078,18.5861,18.165,20,19.9712,20.0482,20.1429,20.2057,20.2905,20.3603,20.4741,20.5085,18.5861,18.2683,	20,20.0481,20.1608,20.2241,20.3186,20.4104,20.5155,20.5704,20.3832,19.066,16.0627,17.3811,19.6424,19.488,19.8597,19.6443,19.3775,19.396,19.6302,19.2141,19.0356,16.0627,	
14.8052,18.7605,19.5926,19.3267,19.5737,19.4861,19.7428,19.8657,19.7078,18.5861,18.165,20,19.9712,20.0482,20.1429,20.2057,20.2905,20.3603,20.4741,20.5085,18.5861,18.2683,	20,20.0481,20.1608,20.2241,20.3186,20.4104,20.5155,20.5704,20.3832,19.066,16.0627,17.3811,19.6424,19.488,19.8597,19.6443,19.3775,19.396,19.6302,19.2141,19.0356,16.0627,	
14.6575,18.7206,19.5814,19.328,19.5655,19.4869,19.7415,19.7658,19.7086,18.5548,18.1666,20,19.965,20.0506,20.1519,20.215,20.2997,20.3696,20.483,20.5182,18.5548,18.2869,	20,20.0536,20.1714,20.2351,20.3295,20.4214,20.526,20.5785,20.38,19.0349,15.9902,17.2942,19.6331,19.4922,19.856,19.6453,19.3775,19.396,19.6302,19.118,19.0366,15.9902,	
14.6575,18.7206,19.5758,19.3292,19.5655,19.4869,19.7415,19.7592,19.7009,18.463,18.2269,20,19.965,20.0506,20.1478,20.2197,20.3042,20.3743,20.4874,20.5189,18.5844,18.2269,	20,20.0536,20.1714,20.2351,20.335,20.427,20.5313,20.5825,20.3782,19.0145,15.9578,17.2942,19.6331,19.4922,19.856,19.6487,19.3775,19.396,19.6302,19.118,19.0365,15.9578,	
14.6575,18.7206,19.5758,19.3292,19.5655,19.4869,19.7415,19.7592,19.7009,18.463,18.2269,20,19.965,20.0506,20.1478,20.2197,20.3042,20.3743,20.4874,20.5189,18.5844,18.2269,	20,20.0536,20.1714,20.2351,20.335,20.427,20.5313,20.5825,20.3782,19.0145,15.9578,17.2942,19.6331,19.4922,19.856,19.6487,19.3775,19.396,19.6302,19.118,19.0365,15.9578,	
14.6575,18.7177,19.5715,19.3245,19.5655,19.4869,19.7415,19.7592,19.7009,18.5309,18.1367,20,19.965,20.0506,20.1437,20.2244,20.3088,20.3789,20.4919,20.5238,18.5309,18.2405,	20,20.0536,20.1714,20.2406,20.3404,20.4325,20.5365,20.5864,20.3764,18.994,15.9255,17.2942,19.6331,19.4922,19.8579,19.6498,19.3788,19.3959,19.6291,19.118,19.0364,15.9255,	
14.6575,18.7177,19.5715,19.3245,19.5655,19.4869,19.7415,19.7592,19.7009,18.5309,18.1367,20,19.965,20.0506,20.1437,20.2244,20.3088,20.3789,20.4919,20.5238,18.5309,18.2405,	20,20.0536,20.1714,20.2406,20.3404,20.4325,20.5365,20.5864,20.3764,18.994,15.9255,17.2942,19.6331,19.4922,19.8579,19.6498,19.3788,19.3959,19.6291,19.118,19.0364,15.9255,	
14.6575,18.7177,19.5715,19.3245,19.5583,19.4873,19.7415,19.7511,19.7009,18.4924,18.1378,20,19.965,20.0506,20.1437,20.2244,20.3088,20.3789,20.4882,20.5286,18.4924,18.2525,	20,20.0536,20.1714,20.2406,20.3404,20.4325,20.5365,20.5904,20.3745,18.9725,15.9016,17.2942,19.6331,19.4922,19.8579,19.6498,19.3788,19.3959,19.6339,19.1206,19.0365,15.9016,	
14.6575,18.7177,19.5715,19.3245,19.5583,19.4873,19.7415,19.7511,19.7009,18.4924,18.1378,20,19.965,20.0506,20.1437,20.2244,20.3088,20.3789,20.4882,20.5286,18.4924,18.2525,	20,20.0536,20.1714,20.2406,20.3404,20.4325,20.5365,20.5904,20.3745,18.9725,15.9016,17.2942,19.6331,19.4922,19.8579,19.6498,19.3788,19.3959,19.6339,19.1206,19.0365,15.9016,	
14.6575,18.7177,19.5715,19.3245,19.5583,19.4873,19.7415,19.7511,19.7009,18.4924,18.1378,20,19.965,20.0506,20.1437,20.2244,20.3088,20.3789,20.4882,20.5286,18.4924,18.2525,	20,20.0536,20.1714,20.2406,20.3404,20.4325,20.5365,20.5904,20.3745,18.9725,15.9016,17.2942,19.6331,19.4922,19.8579,19.6498,19.3788,19.3959,19.6339,19.1206,19.0365,15.9016,	
14.6575,18.7177,19.5715,19.3245,19.5583,19.4873,19.7415,19.7511,19.7009,18.4924,18.1378,20,19.965,20.0506,20.1437,20.2244,20.3088,20.3789,20.4882,20.5286,18.4924,18.2525,	20,20.0536,20.1714,20.2406,20.3404,20.4325,20.5365,20.5904,20.3745,18.9725,15.9016,17.2942,19.6331,19.4922,19.8579,19.6498,19.3788,19.3959,19.6339,19.1206,19.0365,15.9016,	
14.6575,18.7177,19.5715,19.3245,19.5583,19.4806,19.7403,19.7511,19.7009,18.4541,18.1389,20,19.965,20.0506,20.1437,20.2244,20.3088,20.3789,20.4845,20.5334,18.4541,18.264,	20,20.0536,20.1714,20.2406,20.3404,20.4325,20.5365,20.5943,20.3725,18.9511,15.87,17.2942,19.6331,19.4922,19.8579,19.6498,19.3788,19.3959,19.6386,19.1206,19.0361,15.87,	
14.6575,18.7148,19.5601,19.3257,19.5572,19.4806,19.7403,19.7511,19.7009,18.3618,18.2049,20,19.965,20.0482,20.1483,20.229,20.3134,20.3836,20.489,20.5382,18.4695,18.2049,	20,20.0536,20.1768,20.2461,20.3459,20.438,20.5418,20.5982,20.3704,18.9407,15.8302,17.2942,19.6331,19.4955,19.8561,19.6508,19.3788,19.3959,19.6386,19.1206,19.0361,15.8302,	
14.6575,18.7148,19.5601,19.3257,19.5572,19.4806,19.7403,19.7511,19.7009,18.3618,18.2049,20,19.965,20.0482,20.1483,20.229,20.3134,20.3836,20.489,20.5382,18.4695,18.2049,	20,20.0536,20.1768,20.2461,20.3459,20.438,20.5418,20.5982,20.3704,18.9407,15.8302,17.2942,19.6331,19.4955,19.8561,19.6508,19.3788,19.3959,19.6386,19.1206,19.0361,15.8302,	
14.5113,18.674,19.5384,19.3291,19.5431,19.4757,19.7228,19.7508,19.6932,18.4625,18.1575,20,19.965,20.0457,20.1446,20.2426,20.3229,20.3988,20.5076,20.5667,18.4625,18.0915,	20,20.0536,20.1768,20.2571,20.3623,20.4546,20.5681,20.6172,20.3569,18.8665,15.791,17.2942,19.6331,19.4955,19.86,19.6553,19.3816,19.4074,19.6363,19.0347,18.9419,15.791,	
14.5113,18.6714,19.4305,19.3313,19.542,19.4757,19.7228,19.7429,19.6935,18.2815,18.1432,20,19.965,20.0457,20.1446,20.2391,20.3275,20.4035,20.512,20.567,18.3991,18.1238,	20,20.0536,20.1768,20.2571,20.3677,20.4601,20.5734,20.6209,20.3518,18.8341,15.6926,17.2077,19.6214,19.4962,19.86,19.6588,19.3829,19.4074,19.6363,19.0413,18.942,15.6692,	
14.5113,18.6714,19.4305,19.3313,19.542,19.4757,19.7228,19.7429,19.6935,18.2815,18.1335,20,19.965,20.0457,20.1446,20.2391,20.3275,20.4035,20.512,20.567,18.3991,18.1335,	20,20.0536,20.1768,20.2571,20.3677,20.4601,20.5734,20.6209,20.3518,18.8341,15.6809,17.2077,19.6214,19.4962,19.86,19.6588,19.3829,19.4074,19.6363,19.0413,18.942,15.6809,	
14.4388,18.6478,19.4267,19.3318,19.542,19.4757,19.7149,19.7275,19.6937,18.2822,18.0458,20,19.9585,20.0503,20.1491,20.2436,20.332,20.4081,20.5126,20.5764,18.4307,18.0458,	20,20.0536,20.1822,20.2627,20.3732,20.4657,20.5786,20.6282,20.3466,18.8117,15.6111,17.2077,19.6214,19.4996,19.86,19.6588,19.3829,19.4074,19.6412,19.0442,18.8473,15.6111,	
14.4388,18.6444,19.4155,19.327,19.5347,19.4688,19.7124,19.7273,19.6852,18.396,17.9576,20,19.9585,20.0472,20.1495,20.2527,20.3411,20.4173,20.5177,20.5816,18.396,18.0742,	20,20.0536,20.1822,20.2682,20.3841,20.4768,20.5892,20.6388,20.3328,18.7464,15.6125,17.2077,19.6214,19.4996,19.862,19.6634,19.3843,19.4073,19.6449,19.063,18.8509,15.6125,	
14.3666,18.6199,19.4116,19.32,19.5337,19.4611,19.7112,19.7273,19.679,18.3662,17.9269,20,19.9585,20.0472,20.1495,20.2491,20.3457,20.4219,20.5222,20.5817,18.3662,18.0291,	20,20.0536,20.1822,20.2682,20.3841,20.4824,20.5944,20.6423,20.3269,18.714,15.5508,17.2077,19.6214,19.4996,19.862,19.6634,19.2933,19.4072,19.6437,19.0694,18.8513,15.5508,	
14.2947,18.5952,19.4003,19.3071,19.5304,19.4622,19.7087,19.7272,19.6792,18.3367,17.9882,20,19.9585,20.0472,20.1453,20.2536,20.3502,20.423,20.5311,20.5866,18.2617,17.9882,	20,20.0536,20.1822,20.2738,20.3896,20.488,20.6049,20.6491,20.3176,18.6804,15.49,17.2077,19.6214,19.4996,19.864,19.5666,19.2952,19.4125,19.6414,19.0785,18.8535,15.49,	
14.2947,18.5952,19.4003,19.3071,19.5304,19.4548,19.7001,19.6289,19.6792,18.3367,17.9463,20,19.9585,20.0472,20.1453,20.2536,20.3458,20.4277,20.5356,20.5913,18.2784,17.9463,	20,20.0536,20.1822,20.2738,20.3896,20.4936,20.6101,20.6524,20.3144,18.6691,15.4513,17.1216,19.6093,19.5002,19.864,19.5666,19.3012,19.4119,19.6414,19.0785,18.8535,15.4513,	
14.227,18.5681,19.3925,19.3079,19.5283,19.4552,19.7001,19.6289,19.6729,18.3232,17.8621,20,19.9585,20.0472,20.1453,20.2502,20.3501,20.432,20.5398,20.5915,18.3232,17.959,	20,20.0536,20.1822,20.2738,20.3948,20.4988,20.615,20.6556,20.3083,18.6481,15.4227,17.1216,19.6093,19.4078,19.8623,19.5719,19.3037,19.4114,19.6403,19.087,18.8546,15.4227,	
14.1618,18.4607,19.3842,19.302,19.5186,19.4362,19.6894,19.6298,19.6663,18.3225,17.8404,20,19.9585,20.0472,20.1415,20.2542,20.3501,20.4403,20.5479,20.5836,18.3287,17.8404,	20,20.0536,20.1822,20.2789,20.3998,20.5039,20.6245,20.6615,20.2961,18.5871,15.3418,17.0432,19.5979,19.4087,19.8642,19.484,19.3057,19.4164,19.6393,19.1003,18.8535,15.3418,	
14.1618,18.4607,19.3842,19.302,19.5186,19.4292,19.6803,19.6301,19.6662,18.3327,17.8397,20,19.9585,20.0472,20.1415,20.2542,20.3501,20.4403,20.5479,20.5796,18.3327,17.7763,	20,20.0536,20.1822,20.2789,20.3998,20.5039,20.6245,20.6615,20.293,18.567,15.3162,17.0432,19.5979,19.4087,19.8642,19.484,19.3057,19.4164,19.6393,19.1055,18.8534,15.3162,	
13.9292,18.3886,19.3842,19.2977,19.5108,19.43,19.6716,19.6303,19.6662,18.2572,17.8111,20,19.9521,20.0509,20.1453,20.2579,20.35,20.4478,20.5553,20.5876,18.3595,17.8111,	20,20.0536,20.1867,20.2835,20.4044,20.5132,20.6331,20.6667,20.287,18.5484,15.2528,16.9728,19.5874,19.4119,19.8623,19.4856,19.3107,19.336,19.6393,19.0266,18.8534,15.2528,	
13.9292,18.3886,19.3842,19.2919,19.5099,19.4303,19.6707,19.6232,19.6662,18.2572,17.78,20,19.9521,20.0509,20.1453,20.2579,20.35,20.4478,20.5517,20.5914,18.3721,17.7786,	20,20.0536,20.1867,20.2835,20.4044,20.5132,20.6331,20.6691,20.2841,18.5392,15.2224,16.9728,19.5874,19.4119,19.8623,19.4856,19.3107,19.336,19.6433,19.0289,18.8541,15.2238,	
13.9292,18.3886,19.3842,19.2919,19.5099,19.4303,19.6707,19.6232,19.6662,18.2572,17.7793,20,19.9521,20.0509,20.1453,20.2579,20.35,20.4478,20.5517,20.5914,18.3721,17.7793,	20,20.0536,20.1867,20.2835,20.4044,20.5132,20.6331,20.6691,20.2841,18.5392,15.2231,16.9728,19.5874,19.4119,19.8623,19.4856,19.3107,19.336,19.6433,19.0289,18.8541,15.2231,	
13.9292,18.3862,19.3805,19.2922,19.5033,19.4243,19.6689,19.6235,19.659,18.3321,17.7153,20,19.9521,20.0509,20.1421,20.2611,20.3533,20.4511,20.5516,20.595,18.3321,17.8028,	20,20.0536,20.1867,20.2876,20.4085,20.5173,20.6369,20.6736,20.2758,18.5055,15.2152,16.9728,19.5874,19.4119,19.8638,19.487,19.3107,19.336,19.6471,19.0358,18.8541,15.2152,	
13.9292,18.3862,19.3805,19.2922,19.5033,19.4243,19.6689,19.6235,19.659,18.3321,17.7153,20,19.9521,20.0509,20.1421,20.2611,20.3533,20.4511,20.5516,20.595,18.3321,17.8028,	20,20.0536,20.1867,20.2876,20.4085,20.5173,20.6369,20.6736,20.2758,18.5055,15.2152,16.9728,19.5874,19.4119,19.8638,19.487,19.3107,19.336,19.6471,19.0358,18.8541,15.2152,	
13.9292,18.3862,19.3805,19.2922,19.5033,19.4243,19.6689,19.6235,19.659,18.3321,17.7153,20,19.9521,20.0509,20.1421,20.2611,20.3533,20.4511,20.5516,20.595,18.3321,17.8028,	20,20.0536,20.1867,20.2876,20.4085,20.5173,20.6369,20.6736,20.2758,18.5055,15.2152,16.9728,19.5874,19.4119,19.8638,19.487,19.3107,19.336,19.6471,19.0358,18.8541,15.2152,	
13.9292,18.3862,19.3805,19.2816,19.4985,19.413,19.6673,19.6237,19.6589,18.2868,17.7166,20,19.9521,20.0509,20.1393,20.2641,20.3564,20.4515,20.5576,20.5983,18.2868,17.8234,	20,20.0536,20.1867,20.2914,20.4122,20.5211,20.6404,20.6776,20.2679,18.467,15.1822,16.9728,19.5874,19.4119,19.8653,19.487,19.3107,19.336,19.6505,19.04,18.8522,15.1822,	
13.9292,18.3862,19.3805,19.2816,19.4985,19.413,19.6673,19.6237,19.6589,18.2868,17.7166,20,19.9521,20.0509,20.1393,20.2641,20.3564,20.4515,20.5576,20.5983,18.2868,17.8234,	20,20.0536,20.1867,20.2914,20.4122,20.5211,20.6404,20.6776,20.2679,18.467,15.1822,16.9728,19.5874,19.4119,19.8653,19.487,19.3107,19.336,19.6505,19.04,18.8522,15.1822,	
13.9292,18.3862,19.3805,19.2766,19.4944,19.4133,19.6673,19.6237,19.6589,18.2286,17.77,20,19.9521,20.0509,20.1365,20.2669,20.3593,20.4544,20.5605,20.6014,18.2973,17.7701,	20,20.0536,20.1867,20.2914,20.4157,20.5246,20.6437,20.6795,20.2654,18.4597,15.158,16.9728,19.5874,19.4119,19.8653,19.4899,19.3112,19.336,19.6505,19.04,18.8522,15.158,	
13.9292,18.3862,19.3805,19.2766,19.4944,19.4133,19.6673,19.6237,19.6589,18.2286,17.77,20,19.9521,20.0509,20.1365,20.2669,20.3593,20.4544,20.5605,20.6014,18.2973,17.77,	20,20.0536,20.1867,20.2914,20.4157,20.5246,20.6437,20.6795,20.2654,18.4597,15.158,16.9728,19.5874,19.4119,19.8653,19.4899,19.3112,19.336,19.6505,19.04,18.8522,15.158,	
13.9292,18.3862,19.3805,19.2689,19.4899,19.4135,19.6673,19.6237,19.6589,18.2731,17.7699,20,19.9521,20.0509,20.1339,20.2695,20.3592,20.4599,20.5659,20.6072,18.2732,17.7209,	20,20.0536,20.1867,20.2948,20.4191,20.528,20.65,20.6831,20.2605,18.4454,15.1406,16.9728,19.5874,19.4119,19.8666,19.4911,19.3118,19.3399,19.6496,19.0418,18.8528,15.1407,	
13.9292,18.3862,19.3805,19.2689,19.4899,19.4135,19.6673,19.6237,19.6589,18.2732,17.7699,20,19.9521,20.0509,20.1339,20.2695,20.3592,20.4599,20.5659,20.6072,18.2732,17.7209,	20,20.0536,20.1867,20.2948,20.4191,20.528,20.65,20.6831,20.2605,18.4454,15.1407,16.9728,19.5874,19.4119,19.8666,19.4911,19.3118,19.3399,19.6496,19.0418,18.8528,15.1407,	
13.8476,18.3579,19.3594,19.2698,19.4842,19.414,19.6554,19.62,19.6588,18.2809,17.7692,20,19.9521,20.0489,20.134,20.2746,20.3617,20.4655,20.5708,20.6212,18.2809,17.7476,	20,20.0536,20.19,20.2981,20.4256,20.5379,20.662,20.6914,20.2435,18.3909,15.129,16.9728,19.5874,19.4142,19.8652,19.4949,19.3159,19.3436,19.6509,19.0542,18.7999,15.129,	
13.8476,18.3579,19.3594,19.2698,19.4842,19.414,19.6554,19.62,19.6588,18.2809,17.7692,20,19.9521,20.0489,20.134,20.2746,20.3617,20.4655,20.5708,20.6212,18.2809,17.7476,	20,20.0536,20.19,20.2981,20.4256,20.5379,20.662,20.6914,20.2435,18.3909,15.129,16.9728,19.5874,19.4142,19.8652,19.4949,19.3159,19.3436,19.6509,19.0542,18.7999,15.129,	
13.7704,18.3327,19.3492,19.27,19.4836,19.4046,19.654,19.5652,19.6548,18.2736,17.7114,20,19.9521,20.047,20.1366,20.2748,20.3668,20.4659,20.5808,20.6318,18.2738,17.7734,	20,20.0536,20.193,20.3013,20.4318,20.5442,20.6707,20.6975,20.2339,18.3592,15.1018,16.9254,19.5801,19.4168,19.8652,19.4975,19.3159,19.3473,19.5991,19.0573,18.7471,15.1018,	
13.7704,18.3327,19.3492,19.27,19.4788,19.4046,19.654,19.5652,19.6548,18.2487,17.7116,20,19.9521,20.047,20.1366,20.2748,20.3668,20.4659,20.5808,20.6318,18.2487,17.7774,	20,20.0536,20.193,20.3013,20.4318,20.5442,20.6707,20.6975,20.2339,18.3529,15.0861,16.9254,19.5801,19.4168,19.8652,19.4975,19.3159,19.3473,19.5991,19.0573,18.746,15.0861,	
13.7704,18.3327,19.3492,19.27,19.4788,19.4046,19.654,19.5652,19.6548,18.2487,17.7116,20,19.9521,20.047,20.1366,20.2748,20.3668,20.4659,20.5808,20.6318,18.2487,17.7774,	20,20.0536,20.193,20.3013,20.4318,20.5442,20.6707,20.6975,20.2339,18.3529,15.0861,16.9254,19.5801,19.4168,19.8652,19.4975,19.3159,19.3473,19.5991,19.0573,18.746,15.0861,	
13.7704,18.2844,19.3466,19.27,19.4788,19.4046,19.654,19.5652,19.6548,18.2487,17.7445,20,19.9521,20.047,20.1366,20.2748,20.3668,20.4659,20.5808,20.6318,18.2006,17.7446,	20,20.0536,20.193,20.3013,20.4318,20.5442,20.6707,20.6975,20.2339,18.3529,15.0662,16.8808,19.5731,19.4168,19.8652,19.4975,19.3159,19.3473,19.5991,19.0573,18.746,15.0663,	
13.7704,18.2844,19.3466,19.27,19.4788,19.4046,19.654,19.5652,19.6548,18.2487,17.7445,20,19.9521,20.047,20.1366,20.2748,20.3668,20.4659,20.5808,20.6318,18.2006,17.7445,	20,20.0536,20.193,20.3013,20.4318,20.5442,20.6707,20.6975,20.2339,18.3529,15.0662,16.8808,19.5731,19.4168,19.8652,19.4975,19.3159,19.3473,19.5991,19.0573,18.746,15.0662,	
13.7704,18.2844,19.3466,19.27,19.4788,19.4046,19.654,19.5652,19.6548,18.2487,17.7445,20,19.9521,20.047,20.1366,20.2748,20.3668,20.4659,20.5808,20.6318,18.2006,17.7445,	20,20.0536,20.193,20.3013,20.4318,20.5442,20.6707,20.6975,20.2339,18.3529,15.0662,16.8808,19.5731,19.4168,19.8652,19.4975,19.3159,19.3473,19.5991,19.0573,18.746,15.0662,	
13.7704,18.2844,19.3466,19.27,19.4788,19.4046,19.654,19.5652,19.6548,18.2487,17.7445,20,19.9521,20.047,20.1366,20.2748,20.3668,20.4659,20.5808,20.6318,18.2006,17.7445,	20,20.0536,20.193,20.3013,20.4318,20.5442,20.6707,20.6975,20.2339,18.3529,15.0662,16.8808,19.5731,19.4168,19.8652,19.4975,19.3159,19.3473,19.5991,19.0573,18.746,15.0662,	
13.7704,18.2844,19.3466,19.27,19.4788,19.4046,19.654,19.5652,19.6548,18.2487,17.7445,20,19.9521,20.047,20.1366,20.2748,20.3668,20.4659,20.5808,20.6318,18.2006,17.7445,	20,20.0536,20.193,20.3013,20.4318,20.5442,20.6707,20.6975,20.2339,18.3529,15.0662,16.8808,19.5731,19.4168,19.8652,19.4975,19.3159,19.3473,19.5991,19.0573,18.746,15.0662,	
13.7704,18.2844,19.3466,19.27,19.4788,19.4046,19.654,19.5652,19.6548,18.2487,17.7445,20,19.9521,20.047,20.1366,20.2748,20.3668,20.4659,20.5808,20.6318,18.2006,17.7445,	20,20.0536,20.193,20.3013,20.4318,20.5442,20.6707,20.6975,20.2339,18.3529,15.0662,16.8808,19.5731,19.4168,19.8652,19.4975,19.3159,19.3473,19.5991,19.0573,18.746,15.0662,	
13.7704,18.2844,19.3466,19.27,19.4788,19.4006,19.6489,19.5655,19.65,18.2487,17.7267,20,19.9521,20.047,20.1366,20.2748,20.3668,20.4659,20.5808,20.6271,18.2171,17.7267,	20,20.0536,20.193,20.3013,20.4318,20.5442,20.6707,20.6975,20.2296,18.3417,15.0526,16.8808,19.5731,19.4168,19.8652,19.4975,19.3159,19.3473,19.5991,19.063,18.7468,15.0526,	
13.7704,18.2844,19.3466,19.27,19.4788,19.4006,19.6489,19.5655,19.65,18.2487,17.7267,20,19.9521,20.047,20.1366,20.2748,20.3668,20.4659,20.5808,20.6271,18.2171,17.7267,	20,20.0536,20.193,20.3013,20.4318,20.5442,20.6707,20.6975,20.2296,18.3417,15.0526,16.8808,19.5731,19.4168,19.8652,19.4975,19.3159,19.3473,19.5991,19.063,18.7468,15.0526,	
13.7704,18.2844,19.3466,19.27,19.4788,19.4006,19.6489,19.5655,19.65,18.2487,17.7267,20,19.9521,20.047,20.1366,20.2748,20.3668,20.4659,20.5808,20.6271,18.2171,17.7267,	20,20.0536,20.193,20.3013,20.4318,20.5442,20.6707,20.6975,20.2296,18.3417,15.0526,16.8808,19.5731,19.4168,19.8652,19.4975,19.3159,19.3473,19.5991,19.063,18.7468,15.0526,	
13.7704,18.2843,19.3389,19.2702,19.4788,19.3967,19.64,19.5526,19.6496,18.2486,17.6536,20,19.9521,20.0454,20.1387,20.2768,20.3667,20.4682,20.5845,20.6336,18.2559,17.6519,	20,20.0536,20.193,20.3039,20.4344,20.5494,20.6777,20.7023,20.2194,18.3151,15.0088,16.8421,19.5669,19.4168,19.8662,19.4983,19.3191,19.3502,19.601,19.0681,18.7483,15.0105,	
13.7704,18.2843,19.3389,19.2665,19.4783,19.3967,19.64,19.5526,19.6496,18.2504,17.6527,20,19.9521,20.0454,20.1387,20.275,20.3687,20.4702,20.5865,20.6357,18.2617,17.617,	20,20.0536,20.193,20.3039,20.4344,20.5519,20.68,20.7035,20.2174,18.3047,14.9811,16.8421,19.5669,19.4168,19.8662,19.4983,19.3218,19.3502,19.601,19.0681,18.7473,15.0132,	
13.7704,18.2843,19.3389,19.2665,19.4783,19.3967,19.64,19.5526,19.6496,18.256,17.6527,20,19.9521,20.0454,20.1387,20.275,20.3687,20.4702,20.5865,20.6357,18.256,17.617,	20,20.0536,20.193,20.3039,20.4344,20.5519,20.68,20.7035,20.2174,18.3047,14.9971,16.8421,19.5669,19.4168,19.8662,19.4983,19.3218,19.3502,19.601,19.0681,18.7473,14.9971,	
13.7704,18.2843,19.3389,19.2665,19.4756,19.3967,19.64,19.5526,19.6496,18.2398,17.6526,20,19.9521,20.0454,20.1387,20.2732,20.3707,20.4722,20.5884,20.6378,18.2398,17.6205,	20,20.0536,20.193,20.3039,20.4368,20.5544,20.6823,20.7046,20.2154,18.2995,14.9807,16.8421,19.5669,19.4168,19.8662,19.5004,19.3218,19.3502,19.601,19.0681,18.7473,14.9807,	
13.7704,18.2843,19.3389,19.263,19.4752,19.3968,19.6394,19.5526,19.6496,18.2236,17.6525,20,19.9521,20.0454,20.1387,20.2732,20.3707,20.4704,20.5903,20.6399,18.2236,17.6275,	20,20.0536,20.193,20.3039,20.4368,20.5544,20.6845,20.7057,20.2134,18.2895,14.9685,16.8421,19.5669,19.4168,19.8662,19.5004,19.3218,19.3531,19.601,19.0681,18.7463,14.9685,	
13.7704,18.2843,19.3389,19.263,19.4752,19.3968,19.6394,19.5445,19.6421,18.2235,17.6433,20,19.9521,20.0454,20.1387,20.2732,20.3707,20.4704,20.5881,20.6377,18.2067,17.6433,	20,20.0536,20.193,20.3039,20.4368,20.5544,20.6845,20.7068,20.2094,18.2744,14.9607,16.8421,19.5669,19.4168,19.8662,19.5004,19.3218,19.3531,19.6034,19.0717,18.746,14.9607,	
13.7413,18.2734,19.3331,19.2633,19.4704,19.3973,19.5975,19.5445,19.6421,18.2224,17.6431,20,19.9486,20.0473,20.1406,20.2751,20.3706,20.4742,20.5918,20.6417,18.2224,17.6162,	20,20.0561,20.1954,20.3063,20.4392,20.5591,20.6888,20.7089,20.2054,18.2596,14.9331,16.8065,19.5621,19.4172,19.8653,19.5004,19.3245,19.353,19.6029,19.0728,18.7457,14.9331,	
13.7413,18.2734,19.3331,19.2633,19.4704,19.3949,19.5971,19.5445,19.6421,18.2035,17.6431,20,19.9486,20.0473,20.1406,20.2751,20.3706,20.4742,20.5918,20.6417,18.2035,17.6162,	20,20.0561,20.1954,20.3063,20.4392,20.5591,20.6888,20.7089,20.2054,18.2596,14.9176,16.8065,19.5621,19.4172,19.8653,19.5004,19.3245,19.353,19.6029,19.0728,18.7457,14.9177,	
13.7413,18.2734,19.3331,19.2633,19.4704,19.3949,19.5971,19.5445,19.6421,18.2035,17.6431,20,19.9486,20.0473,20.1406,20.2751,20.3706,20.4742,20.5918,20.6417,18.2035,17.6162,	20,20.0561,20.1954,20.3063,20.4392,20.5591,20.6888,20.7089,20.2054,18.2596,14.9177,16.8065,19.5621,19.4172,19.8653,19.5004,19.3245,19.353,19.6029,19.0728,18.7457,14.9177,	
13.7135,18.2642,19.3331,19.2244,19.47,19.3926,19.5971,19.5445,19.6421,18.1886,17.6431,20,19.9486,20.0473,20.1406,20.2751,20.3686,20.476,20.5936,20.6436,18.1885,17.6162,	20,20.0561,20.1954,20.3063,20.4392,20.5591,20.6909,20.7099,20.2035,18.2548,14.9026,16.7725,19.5566,19.4175,19.8644,19.5011,19.2857,19.3556,19.6029,19.0728,18.7457,14.9026,	
13.6861,18.2189,19.331,19.1862,19.4659,19.3928,19.5967,19.5019,19.6419,18.1679,17.6429,20,19.9486,20.0473,20.1406,20.2751,20.3686,20.476,20.5914,20.6455,18.1436,17.6253,	20,20.0561,20.1954,20.3063,20.4392,20.5591,20.6909,20.7109,20.2016,18.2405,14.8463,16.6727,19.5398,19.4177,19.8635,19.5011,19.2857,19.3556,19.6051,19.0738,18.7437,14.8774,	
13.6861,18.2189,19.3276,19.1865,19.4659,19.3928,19.5967,19.4982,19.6419,18.1199,17.6356,20,19.9486,20.0473,20.1406,20.2751,20.3686,20.476,20.5893,20.6474,18.1627,17.6356,	20,20.0561,20.1954,20.3063,20.4392,20.5591,20.6909,20.7119,20.1997,18.2358,14.8472,16.6727,19.5398,19.4177,19.8635,19.5011,19.2857,19.3556,19.6073,19.0749,18.7437,14.8472,	
13.6861,18.2189,19.3243,19.1836,19.4586,19.3897,19.5959,19.496,19.6373,18.1306,17.5874,20,19.9486,20.0473,20.1406,20.2735,20.3685,20.4794,20.5906,20.647,18.1927,17.6276,	20,20.0561,20.1954,20.3063,20.4414,20.5636,20.6948,20.7147,20.1921,18.208,14.8413,16.6727,19.5398,19.4177,19.8635,19.503,19.2882,19.3555,19.6089,19.0792,18.7437,14.8256,	
13.6861,18.2189,19.3243,19.1836,19.4586,19.3897,19.5959,19.496,19.6373,18.1617,17.5874,20,19.9486,20.0473,20.1406,20.2735,20.3685,20.4794,20.5906,20.647,18.1617,17.6276,	20,20.0561,20.1954,20.3063,20.4414,20.5636,20.6948,20.7147,20.1921,18.208,14.8335,16.6727,19.5398,19.4177,19.8635,19.503,19.2882,19.3555,19.6089,19.0792,18.7437,14.8335,	
13.6861,18.2189,19.3243,19.1836,19.4586,19.3897,19.5959,19.496,19.6373,18.1617,17.5874,20,19.9486,20.0473,20.1406,20.2735,20.3685,20.4794,20.5906,20.647,18.1617,17.6276,	20,20.0561,20.1954,20.3063,20.4414,20.5636,20.6948,20.7147,20.1921,18.208,14.8335,16.6727,19.5398,19.4177,19.8635,19.503,19.2882,19.3555,19.6089,19.0792,18.7437,14.8335,	
13.6091,18.1908,19.3145,19.1814,19.4575,19.3898,19.5928,19.4891,19.6368,18.1246,17.5549,20,19.942,20.0507,20.144,20.2752,20.3735,20.4845,20.5915,20.6559,18.1291,17.6446,	20,20.0603,20.1996,20.3105,20.4456,20.5699,20.7006,20.7191,20.1828,18.1765,14.7903,16.6412,19.5363,19.4184,19.8618,19.5036,19.291,19.3552,19.6126,19.0443,18.7071,14.7869,	
13.6091,18.1908,19.3145,19.1814,19.4575,19.3898,19.5928,19.4891,19.6368,18.1269,17.5549,20,19.942,20.0507,20.144,20.2752,20.3735,20.4845,20.5915,20.6559,18.1269,17.6446,	20,20.0603,20.1996,20.3105,20.4456,20.5699,20.7006,20.7191,20.1828,18.1765,14.7886,16.6412,19.5363,19.4184,19.8618,19.5036,19.291,19.3552,19.6126,19.0443,18.7071,14.7886,	
13.6091,18.1908,19.3145,19.1814,19.4575,19.3898,19.5928,19.4891,19.6368,18.1269,17.5549,20,19.942,20.0507,20.144,20.2752,20.3735,20.4845,20.5915,20.6559,18.1269,17.6446,	20,20.0603,20.1996,20.3105,20.4456,20.5699,20.7006,20.7191,20.1828,18.1765,14.7886,16.6412,19.5363,19.4184,19.8618,19.5036,19.291,19.3552,19.6126,19.0443,18.7071,14.7886,	
13.5844,18.1813,19.305,19.1789,19.4565,19.3899,19.5887,19.4895,19.6368,18.1268,17.6024,20,19.942,20.048,20.1473,20.2784,20.3768,20.4877,20.5907,20.6626,18.1198,17.6056,	20,20.0603,20.2036,20.3147,20.4497,20.574,20.7043,20.7216,20.1754,18.1589,14.7722,16.6412,19.5363,19.4212,19.8602,19.5043,19.2914,19.3551,19.6142,19.0484,18.709,14.7729,	
13.5844,18.1813,19.305,19.176,19.4565,19.3899,19.5887,19.4826,19.6331,18.0908,17.5923,20,19.942,20.048,20.1473,20.2784,20.3768,20.4877,20.5887,20.6625,18.1358,17.5923,	20,20.0603,20.2036,20.3147,20.4497,20.574,20.7043,20.7225,20.1717,18.146,14.7494,16.6412,19.5363,19.4212,19.8602,19.5043,19.2914,19.3551,19.6162,19.0515,18.7086,14.7494,	
13.5844,18.1813,19.305,19.1418,19.456,19.3868,19.5883,19.4828,19.6292,18.0908,17.578,20,19.942,20.048,20.1473,20.2784,20.3768,20.4877,20.5887,20.6606,18.1421,17.578,	20,20.0603,20.2036,20.3147,20.4497,20.574,20.7043,20.7225,20.1699,18.1416,14.7362,16.6114,19.5312,19.4215,19.8594,19.5049,19.2914,19.3551,19.6162,19.0535,18.7086,14.7362,	
13.5844,18.1803,19.305,19.1418,19.456,19.3805,19.588,19.4828,19.6292,18.0867,17.5653,20,19.9389,20.0496,20.1489,20.2799,20.3767,20.4908,20.5919,20.6639,18.1268,17.5651,	20,20.0603,20.2056,20.3167,20.4517,20.578,20.7079,20.724,20.1662,18.1288,14.7138,16.6114,19.5312,19.4228,19.8594,19.5049,19.2937,19.355,19.6157,19.0535,18.7076,14.7136,	
13.5844,18.1792,19.3031,19.1418,19.4494,19.3713,19.5865,19.4831,19.6253,18.1007,17.5635,20,19.9389,20.0483,20.1505,20.2814,20.3782,20.4892,20.5946,20.6668,18.1184,17.5524,	20,20.0603,20.2075,20.3186,20.4536,20.58,20.7114,20.7271,20.1553,18.0991,14.6801,16.6114,19.5312,19.4242,19.8587,19.5055,19.294,19.3573,19.6191,19.0593,18.709,14.7312,	
13.5844,18.1792,19.3031,19.1418,19.4494,19.3713,19.5865,19.4831,19.6253,18.1007,17.558,20,19.9389,20.0483,20.1505,20.2814,20.3782,20.4892,20.5946,20.6668,18.1184,17.558,	20,20.0603,20.2075,20.3186,20.4536,20.58,20.7114,20.7271,20.1553,18.0991,14.7057,16.6114,19.5312,19.4242,19.8587,19.5055,19.294,19.3573,19.6191,19.0593,18.709,14.7057,	
13.5844,18.178,19.2992,19.1423,19.4489,19.3714,19.5804,19.4835,19.6253,18.1001,17.5579,20,19.9389,20.0483,20.1487,20.2829,20.3798,20.4908,20.5943,20.67,18.1001,17.5331,	20,20.0603,20.2075,20.3186,20.4556,20.582,20.7132,20.7286,20.1517,18.0865,14.6839,16.6114,19.5312,19.4242,19.8587,19.5072,19.2944,19.3572,19.6206,19.0612,18.7079,14.6839,	
13.5152,18.1535,19.2954,19.1428,19.4117,19.3715,19.5801,19.4836,19.6251,18.0878,17.5578,20,19.9389,20.0483,20.1487,20.2829,20.3798,20.4908,20.5943,20.6682,18.0878,17.5384,	20,20.0603,20.2075,20.3186,20.4556,20.582,20.7132,20.7286,20.1499,18.0783,14.6783,16.5832,19.5262,19.3912,19.8579,19.5072,19.2944,19.3243,19.5868,19.065,18.7075,14.6783,	
13.5152,18.1535,19.2954,19.1428,19.4117,19.3715,19.5801,19.4836,19.6251,18.0878,17.5578,20,19.9389,20.0483,20.1487,20.2829,20.3798,20.4908,20.5943,20.6682,18.0878,17.5384,	20,20.0603,20.2075,20.3186,20.4556,20.582,20.7132,20.7286,20.1499,18.0783,14.6783,16.5832,19.5262,19.3912,19.8579,19.5072,19.2944,19.3243,19.5868,19.065,18.7075,14.6783,	
13.5152,18.1535,19.2954,19.1428,19.4117,19.3715,19.5767,19.4836,19.6251,18.0757,17.5578,20,19.9389,20.0483,20.1487,20.2829,20.3798,20.4892,20.5958,20.6697,18.0757,17.5409,	20,20.0603,20.2075,20.3186,20.4556,20.582,20.7132,20.7293,20.1481,18.0702,14.6694,16.5832,19.5262,19.3912,19.8579,19.5072,19.2944,19.3243,19.5887,19.065,18.7064,14.6695,	
13.5152,18.1535,19.2954,19.1428,19.4117,19.3715,19.5767,19.4836,19.6251,18.0757,17.5578,20,19.9389,20.0483,20.1487,20.2829,20.3798,20.4892,20.5958,20.6697,18.0757,17.5409,	20,20.0603,20.2075,20.3186,20.4556,20.582,20.7132,20.7293,20.1481,18.0702,14.6694,16.5832,19.5262,19.3912,19.8579,19.5072,19.2944,19.3243,19.5887,19.065,18.7064,14.6694,	
13.4932,18.1459,19.2935,19.1403,19.4086,19.3716,19.5739,19.4838,19.6248,18.0463,17.5508,20,19.9389,20.047,20.1486,20.2858,20.3827,20.4922,20.5987,20.671,18.0933,17.5504,	20,20.0603,20.2075,20.3224,20.4593,20.5857,20.7165,20.7306,20.1445,18.0585,14.6642,16.5832,19.5262,19.3912,19.8594,19.5083,19.2947,19.3243,19.5563,19.0666,18.7065,14.6639,	
13.4932,18.1459,19.2935,19.1403,19.4086,19.3716,19.5739,19.4838,19.6248,18.0463,17.5506,20,19.9389,20.047,20.1486,20.2858,20.3827,20.4922,20.5987,20.671,18.0933,17.5506,	20,20.0603,20.2075,20.3224,20.4593,20.5857,20.7165,20.7306,20.1445,18.0585,14.664,16.5832,19.5262,19.3912,19.8594,19.5083,19.2947,19.3243,19.5563,19.0666,18.7065,14.664,	
13.4716,18.1385,19.2888,19.1407,19.4065,19.3716,19.5739,19.4838,19.6248,18.0535,17.5225,20,19.9389,20.047,20.1469,20.2857,20.3856,20.495,20.6015,20.674,18.0976,17.553,	20,20.0603,20.2075,20.3242,20.4611,20.5893,20.7197,20.732,20.1411,18.0508,14.6619,16.5832,19.5262,19.3602,19.8594,19.5094,19.2975,19.3242,19.5556,19.0682,18.7077,14.6492,	
13.4287,18.1236,19.287,19.141,19.4043,19.3716,19.5739,19.4838,19.6248,18.064,17.5225,20,19.9389,20.047,20.1453,20.2871,20.3871,20.4964,20.603,20.6755,18.064,17.553,	20,20.0603,20.2075,20.3242,20.4629,20.5911,20.7214,20.7326,20.1393,18.047,14.6322,16.5832,19.5262,19.3602,19.8594,19.511,19.2975,19.3242,19.5556,19.0378,18.7083,14.6322,	
13.4287,18.1236,19.287,19.141,19.4043,19.3687,19.5736,19.4838,19.6215,18.0526,17.5226,20,19.9389,20.047,20.1453,20.2871,20.3871,20.495,20.6044,20.677,18.0526,17.5578,	20,20.0603,20.2075,20.3242,20.4629,20.5911,20.723,20.7332,20.1376,18.0393,14.6239,16.5832,19.5262,19.3602,19.8594,19.511,19.2975,19.3264,19.5556,19.0378,18.7072,14.6239,	
13.4076,18.1162,19.2824,19.1414,19.4039,19.3687,19.57,19.4841,19.6215,18.0413,17.5227,20,19.9389,20.047,20.1453,20.2871,20.3871,20.495,20.6026,20.6784,18.0413,17.5625,	20,20.0603,20.2075,20.3242,20.4629,20.5911,20.723,20.7339,20.1359,18.0318,14.6156,16.5832,19.5262,19.3602,19.8594,19.4803,19.2978,19.3264,19.5571,19.0394,18.7062,14.6156,	
13.3868,18.1089,19.2751,19.1368,19.4027,19.366,19.5697,19.4787,19.6215,17.9967,17.5426,20,19.9389,20.0459,20.1467,20.2871,20.3867,20.5005,20.6064,20.6856,18.0302,17.5544,	20,20.0603,20.2092,20.3259,20.4646,20.5981,20.7292,20.737,20.1272,18.0092,14.5937,16.5832,19.5262,19.3615,19.8586,19.4803,19.3039,19.3263,19.5582,19.0115,18.7066,14.5885,	
13.3868,18.1089,19.2751,19.1368,19.4027,19.366,19.5697,19.4787,19.6215,17.9967,17.5485,20,19.9389,20.0459,20.1467,20.2871,20.3867,20.5005,20.6064,20.6856,18.0302,17.5485,	20,20.0603,20.2092,20.3259,20.4646,20.5981,20.7292,20.737,20.1272,18.0092,14.5911,16.5832,19.5262,19.3615,19.8586,19.4803,19.3039,19.3263,19.5582,19.0115,18.7066,14.5911,	
13.3868,18.1089,19.2751,19.1368,19.4027,19.366,19.5697,19.4787,19.6215,17.9967,17.5485,20,19.9389,20.0459,20.1467,20.2871,20.3867,20.5005,20.6064,20.6856,18.0302,17.5485,	20,20.0603,20.2092,20.3259,20.4646,20.5981,20.7292,20.737,20.1272,18.0092,14.5911,16.5832,19.5262,19.3615,19.8586,19.4803,19.3039,19.3263,19.5582,19.0115,18.7066,14.5911,	
13.3868,18.1089,19.2751,19.1368,19.397,19.3632,19.5697,19.4758,19.6215,17.9836,17.5276,20,19.9389,20.0459,20.1467,20.2871,20.3852,20.5018,20.6061,20.6884,18.0271,17.5233,	20,20.0603,20.2092,20.3259,20.4646,20.5998,20.7308,20.7381,20.1239,17.9982,14.5594,16.5832,19.5262,19.3615,19.8586,19.4803,19.3058,19.3263,19.5596,19.0124,18.7055,14.563,	
13.3868,18.1089,19.2699,19.1368,19.397,19.3632,19.5697,19.4758,19.6215,17.9836,17.5138,20,19.9389,20.0447,20.1481,20.2883,20.3865,20.5032,20.6074,20.6897,18.0326,17.5131,	20,20.0603,20.2109,20.3276,20.4663,20.6015,20.7323,20.7387,20.1222,17.9945,14.55,16.5832,19.5262,19.3627,19.8586,19.4803,19.3058,19.3263,19.5596,19.0124,18.7055,14.5506,	
13.3868,18.1089,19.2699,19.1368,19.397,19.3632,19.5697,19.4758,19.6215,17.9836,17.5134,20,19.9389,20.0447,20.1481,20.2883,20.3865,20.5032,20.6074,20.6897,18.0326,17.5134,	20,20.0603,20.2109,20.3276,20.4663,20.6015,20.7323,20.7387,20.1222,17.9945,14.5503,16.5832,19.5262,19.3627,19.8586,19.4803,19.3058,19.3263,19.5596,19.0124,18.7055,14.5503,	
13.367,18.1009,19.2647,19.1372,19.3938,19.3633,19.5663,19.447,19.5923,18.0134,17.5038,20,19.9389,20.0435,20.1494,20.2883,20.3892,20.503,20.6127,20.6952,17.998,17.504,	20,20.0603,20.2109,20.3293,20.4697,20.6048,20.7367,20.741,20.1155,17.9764,14.538,16.5342,19.5175,19.3632,19.8593,19.4536,19.3065,19.3282,19.5603,19.014,18.7053,14.5381,	
13.3474,18.093,19.2587,19.1378,19.3931,19.3606,19.5633,19.4471,19.5892,17.9821,17.4909,20,19.9389,20.0435,20.1479,20.2896,20.3905,20.5043,20.6123,20.6962,18.0192,17.5001,	20,20.0603,20.2109,20.331,20.4713,20.6065,20.7382,20.7421,20.1105,17.9622,14.5271,16.5342,19.5175,19.3632,19.831,19.4547,19.3067,19.3282,19.5617,19.0164,18.7052,14.5247,	
13.3474,18.093,19.2587,19.1378,19.3931,19.3606,19.5633,19.4471,19.5892,17.9821,17.4828,20,19.9389,20.0435,20.1479,20.2896,20.3905,20.5043,20.6123,20.6962,18.0192,17.4828,	20,20.0603,20.2109,20.331,20.4713,20.6065,20.7382,20.7421,20.1105,17.9622,14.5154,16.5342,19.5175,19.3632,19.831,19.4547,19.3067,19.3282,19.5617,19.0164,18.7052,14.5154,	
13.2898,18.0707,19.2537,19.1356,19.3868,19.3527,19.5627,19.4473,19.5859,17.9852,17.4804,20,19.9362,20.0437,20.1505,20.292,20.3901,20.5081,20.6187,20.6996,18.0272,17.4777,	20,20.062,20.2141,20.3343,20.4746,20.613,20.7454,20.7447,20.0988,17.934,14.5143,16.5342,19.5183,19.3644,19.8303,19.4553,19.3107,19.3024,19.5606,19.0211,18.6517,14.511,	
13.2898,18.0707,19.2537,19.1356,19.3868,19.3527,19.5627,19.4473,19.5859,17.9852,17.4791,20,19.9362,20.0437,20.1505,20.292,20.3901,20.5081,20.6187,20.6996,18.0272,17.4791,	20,20.062,20.2141,20.3343,20.4746,20.613,20.7454,20.7447,20.0988,17.934,14.5126,16.5342,19.5183,19.3644,19.8303,19.4553,19.3107,19.3024,19.5606,19.0211,18.6517,14.5126,	
13.2521,18.0571,19.252,19.1357,19.3841,19.3527,19.5627,19.4445,19.5859,17.9852,17.4678,20,19.9362,20.0437,20.1491,20.2932,20.3914,20.5093,20.62,20.701,18.0324,17.4677,	20,20.062,20.2141,20.3359,20.4762,20.6146,20.7468,20.7452,20.0972,17.9305,14.5052,16.5342,19.5183,19.3369,19.8303,19.4564,19.3107,19.3024,19.5328,19.0218,18.6522,14.5053,	
13.196,18.0367,19.2461,19.1338,19.3831,19.3527,19.5624,19.4389,19.5859,18.0097,17.4598,20,19.9362,20.0437,20.1491,20.2932,20.3914,20.508,20.6179,20.7048,17.998,17.4598,	20,20.062,20.2141,20.3359,20.4762,20.6146,20.7482,20.7467,20.0922,17.9167,14.4906,16.5342,19.4907,19.3099,19.8296,19.4569,19.2834,19.3045,19.5359,19.024,18.6522,14.4906,	
13.196,18.0367,19.2461,19.1338,19.3831,19.3527,19.5624,19.4389,19.5859,18.0097,17.4598,20,19.9362,20.0437,20.1491,20.2932,20.3914,20.508,20.6179,20.7048,17.998,17.4598,	20,20.062,20.2141,20.3359,20.4762,20.6146,20.7482,20.7467,20.0922,17.9167,14.4906,16.5342,19.4907,19.3099,19.8296,19.4569,19.2834,19.3045,19.5359,19.024,18.6522,14.4906,	
13.196,18.0367,19.2461,19.1338,19.3831,19.3527,19.5624,19.4389,19.5859,18.0097,17.4598,20,19.9362,20.0437,20.1491,20.2932,20.3914,20.508,20.6179,20.7048,17.998,17.4598,	20,20.062,20.2141,20.3359,20.4762,20.6146,20.7482,20.7467,20.0922,17.9167,14.4906,16.5342,19.4907,19.3099,19.8296,19.4569,19.2834,19.3045,19.5359,19.024,18.6522,14.4906,	
13.1597,18.0234,19.2402,19.1343,19.3824,19.3501,19.5618,19.4392,19.5855,17.9903,17.4359,20,19.9362,20.0437,20.1477,20.2944,20.3926,20.5092,20.6191,20.7046,18.0029,17.4683,	20,20.062,20.2141,20.3375,20.4778,20.6162,20.7496,20.7471,20.0889,17.9034,14.4798,16.5342,19.4907,19.3099,19.8303,19.4569,19.2569,19.3044,19.5356,19.0262,18.6257,14.4787,	
13.1597,18.0234,19.2402,19.1343,19.3824,19.3501,19.5618,19.4392,19.5855,17.9966,17.4359,20,19.9362,20.0437,20.1477,20.2944,20.3926,20.5092,20.6191,20.7046,17.9966,17.4683,	20,20.062,20.2141,20.3375,20.4778,20.6162,20.7496,20.7471,20.0889,17.9034,14.4793,16.5342,19.4907,19.3099,19.8303,19.4569,19.2569,19.3044,19.5356,19.0262,18.6257,14.4793,	
13.1597,18.0234,19.2402,19.1343,19.3824,19.3501,19.5618,19.4392,19.5855,17.9869,17.436,19.9727,19.9377,20.0449,20.1489,20.2956,20.3939,20.5104,20.6203,20.7058,17.9869,17.4704,	20,20.0636,20.2157,20.339,20.4793,20.6177,20.751,20.7476,20.0873,17.8967,14.4595,16.5342,19.4915,19.3099,19.8303,19.4569,19.2569,19.3044,19.5356,19.0262,18.6247,14.4595,	
13.1597,18.0234,19.2402,19.132,19.3824,19.3501,19.5618,19.4392,19.5855,17.9625,17.4543,19.9727,19.9377,20.0449,20.1475,20.2967,20.3951,20.5116,20.6215,20.707,17.9919,17.4543,	20,20.0636,20.2157,20.3406,20.4809,20.6193,20.7523,20.7481,20.0857,17.8935,14.4498,16.5342,19.4915,19.3099,19.831,19.4569,19.2569,19.3044,19.5356,19.0262,18.6247,14.4498,	
13.1597,18.0234,19.2402,19.132,19.3824,19.3501,19.5618,19.4392,19.5855,17.9625,17.4543,19.9727,19.9377,20.0449,20.1475,20.2967,20.3951,20.5116,20.6215,20.707,17.9919,17.4543,	20,20.0636,20.2157,20.3406,20.4809,20.6193,20.7523,20.7481,20.0857,17.8935,14.4498,16.5342,19.4915,19.3099,19.831,19.4569,19.2569,19.3044,19.5356,19.0262,18.6247,14.4498,	
13.1423,18.0169,19.237,19.1321,19.3821,19.3502,19.5615,19.434,19.5855,17.9626,17.4429,19.9462,19.9391,20.0461,20.1487,20.2979,20.3963,20.5128,20.6196,20.7107,18.0067,17.4446,	20,20.0651,20.2172,20.3421,20.4824,20.6208,20.7536,20.7489,20.081,17.8837,14.4332,16.5342,19.4922,19.3101,19.8303,19.4316,19.2574,19.3044,19.5369,19.0289,18.6252,14.4335,	
13.1423,18.0169,19.237,19.1299,19.3795,19.3502,19.5615,19.434,19.5855,17.9626,17.4332,19.9462,19.9391,20.0461,20.1487,20.2967,20.3975,20.5139,20.6207,20.7119,18.0116,17.4332,	20,20.0651,20.2172,20.3421,20.4839,20.6223,20.755,20.7494,20.0794,17.8804,14.4238,16.5342,19.4922,19.3101,19.8303,19.433,19.2576,19.3043,19.5369,19.0289,18.6252,14.4238,	
13.1423,18.0168,19.2337,19.1301,19.3791,19.3477,19.561,19.434,19.5855,17.9628,17.422,19.9462,19.9391,20.0461,20.1474,20.2978,20.3987,20.5138,20.6231,20.7143,18.0213,17.4215,	20,20.0651,20.2172,20.3421,20.4854,20.6238,20.7563,20.7502,20.0762,17.8739,14.4168,16.5342,19.4922,19.3101,19.8303,19.4343,19.2578,19.3042,19.5382,19.0303,18.6258,14.4174,	
13.1423,18.0168,19.2337,19.1256,19.3765,19.3477,19.561,19.434,19.5855,17.9826,17.3992,19.9462,19.9391,20.0461,20.146,20.2989,20.3998,20.515,20.6243,20.7155,17.9826,17.4279,	20,20.0651,20.2172,20.3436,20.4869,20.6252,20.7576,20.7507,20.0747,17.8643,14.4038,16.5342,19.4922,19.3101,19.831,19.4349,19.2578,19.3042,19.5382,19.0303,18.6238,14.4038,	
13.1423,18.0168,19.2337,19.1256,19.3765,19.3477,19.561,19.434,19.5855,17.9826,17.3992,19.9462,19.9391,20.0461,20.146,20.2989,20.3998,20.515,20.6243,20.7155,17.9826,17.4279,	20,20.0651,20.2172,20.3436,20.4869,20.6252,20.7576,20.7507,20.0747,17.8643,14.4038,16.5342,19.4922,19.3101,19.831,19.4349,19.2578,19.3042,19.5382,19.0303,18.6238,14.4038,	
13.1253,18.0105,19.2297,19.1259,19.3765,19.3477,19.561,19.434,19.5855,17.9499,17.4156,19.9205,19.9404,20.0473,20.1459,20.3011,20.4021,20.5173,20.6265,20.7178,17.9787,17.4156,	20,20.0666,20.2186,20.3465,20.4898,20.6282,20.7601,20.7515,20.0715,17.8548,14.3787,16.5342,19.493,19.3101,19.8317,19.4098,19.2578,19.3042,19.5382,19.0303,18.6228,14.3787,	
13.1253,18.0105,19.2274,19.1259,19.3765,19.3459,19.561,19.434,19.5855,17.95,17.4045,19.9205,19.9404,20.0462,20.147,20.3021,20.4033,20.5184,20.6277,20.719,17.9835,17.4045,	20,20.0666,20.2186,20.348,20.4913,20.6296,20.7614,20.7519,20.07,17.8516,14.3695,16.5342,19.493,19.3101,19.8323,19.4104,19.258,19.3042,19.5382,19.0303,18.6228,14.3695,	
13.1087,18.0043,19.2258,19.1238,19.3762,19.3459,19.561,19.434,19.5855,17.95,17.3944,19.9205,19.9404,20.0462,20.147,20.301,20.4044,20.5195,20.6288,20.7201,17.9882,17.3944,	20,20.0666,20.2186,20.348,20.4927,20.631,20.7626,20.7523,20.0684,17.8484,14.3604,16.5342,19.493,19.3101,19.8323,19.4117,19.258,19.2797,19.5382,19.0303,18.6228,14.3604,	
13.0922,17.9982,19.2258,19.0976,19.3759,19.3459,19.559,19.3854,19.5607,17.9583,17.3944,19.9205,19.9404,20.0462,20.147,20.301,20.4031,20.5206,20.6299,20.7213,17.9846,17.3746,	20,20.0666,20.2186,20.348,20.4927,20.631,20.7639,20.7527,20.0669,17.8421,14.3469,16.4511,19.4535,19.3108,19.8323,19.4117,19.258,19.2816,19.5382,19.0303,18.6218,14.3612,	
13.0922,17.9982,19.2258,19.0976,19.3759,19.3459,19.559,19.3854,19.5607,17.9715,17.3944,19.9205,19.9404,20.0462,20.147,20.301,20.4031,20.5206,20.6299,20.7213,17.9715,17.3746,	20,20.0666,20.2186,20.348,20.4927,20.631,20.7639,20.7527,20.0669,17.8421,14.354,16.4511,19.4535,19.3108,19.8323,19.4117,19.258,19.2816,19.5382,19.0303,18.6218,14.354,	
13.0922,17.9982,19.2258,19.0976,19.3759,19.3459,19.559,19.3854,19.5607,17.9715,17.3944,19.9205,19.9404,20.0462,20.147,20.301,20.4031,20.5206,20.6299,20.7213,17.9715,17.3746,	20,20.0666,20.2186,20.348,20.4927,20.631,20.7639,20.7527,20.0669,17.8421,14.354,16.4511,19.4535,19.3108,19.8323,19.4117,19.258,19.2816,19.5382,19.0303,18.6218,14.354,	
13.0922,17.9982,19.2258,19.0955,19.3731,19.346,19.5448,19.3862,19.5601,17.9647,17.3943,19.9205,19.9404,20.0462,20.147,20.301,20.4018,20.5193,20.6317,20.7214,17.9663,17.3845,	20,20.0666,20.2186,20.348,20.4927,20.6324,20.7675,20.7539,20.0593,17.8176,14.3522,16.4511,19.4535,19.3108,19.8323,19.4117,19.2597,19.2852,19.5376,19.0341,18.6209,14.3521,	
13.0922,17.9982,19.2258,19.0955,19.3731,19.346,19.5448,19.3862,19.5601,17.9655,17.3943,19.9205,19.9404,20.0462,20.147,20.301,20.4018,20.5193,20.6317,20.7214,17.9655,17.3845,	20,20.0666,20.2186,20.348,20.4927,20.6324,20.7675,20.7539,20.0593,17.8176,14.3521,16.4511,19.4535,19.3108,19.8323,19.4117,19.2597,19.2852,19.5376,19.0341,18.6209,14.3521,	
13.0922,17.9982,19.2258,19.0955,19.3731,19.346,19.5448,19.3862,19.5601,17.9655,17.3943,19.9205,19.9404,20.0462,20.147,20.301,20.4018,20.5193,20.6317,20.7214,17.9655,17.3845,	20,20.0666,20.2186,20.348,20.4927,20.6324,20.7675,20.7539,20.0593,17.8176,14.3521,16.4511,19.4535,19.3108,19.8323,19.4117,19.2597,19.2852,19.5376,19.0341,18.6209,14.3521,	
13.0922,17.9982,19.2258,19.0955,19.3731,19.346,19.5448,19.3862,19.5601,17.9655,17.3943,19.9205,19.9404,20.0462,20.147,20.301,20.4018,20.5193,20.6317,20.7214,17.9655,17.3845,	20,20.0666,20.2186,20.348,20.4927,20.6324,20.7675,20.7539,20.0593,17.8176,14.3521,16.4511,19.4535,19.3108,19.8323,19.4117,19.2597,19.2852,19.5376,19.0341,18.6209,14.3521,	
13.0922,17.9982,19.2258,19.0955,19.3731,19.346,19.5448,19.3862,19.5601,17.9655,17.3943,19.9205,19.9404,20.0462,20.147,20.301,20.4018,20.5193,20.6317,20.7214,17.9655,17.3845,	20,20.0666,20.2186,20.348,20.4927,20.6324,20.7675,20.7539,20.0593,17.8176,14.3521,16.4511,19.4535,19.3108,19.8323,19.4117,19.2597,19.2852,19.5376,19.0341,18.6209,14.3521,	
