k=0_act,k=1_act,k=2_act,k=3_act,k=4_act,k=5_act,k=6_act,k=7_act,k=8_act,k=9_act,k=10_act,k=0_wait,k=1_wait,k=2_wait,k=3_wait,k=4_wait,k=5_wait,k=6_wait,k=7_wait,k=8_wait,k=9_wait,k=10_wait,	k=0_act,k=1_act,k=2_act,k=3_act,k=4_act,k=5_act,k=6_act,k=7_act,k=8_act,k=9_act,k=10_act,k=0_wait,k=1_wait,k=2_wait,k=3_wait,k=4_wait,k=5_wait,k=6_wait,k=7_wait,k=8_wait,k=9_wait,k=10_wait,	
20,20,20,20,20,20,20,20,20,20,20,20,20,20,20,20,20,20,20,20,20,20,	20,20,20,20,20,20,20,20,20,20,20,20,20,20,20,20,20,20,20,20,20,20,	
19.9,19.9971,19.9993,19.9934,19.8986,20,20,19.9931,19.9953,19.8751,19.7007,20,20,20.005,20.0098,20.0297,20.0398,20.04,20.0396,20.0542,19.7958,19.7007,	20,20.005,20.01,20.03,20.0351,20.0361,19.9441,20.0551,20.065,20.0562,19.4116,20,20,20,20.0003,20.0001,20,20,20.0005,20.0005,20.0007,19.4116,	
19.2139,19.9811,19.9935,19.9775,19.8908,19.9893,19.997,19.9931,19.9865,19.7774,19.2972,19.9,20.0047,20.0247,20.039,20.068,20.084,20.0898,20.0896,20.1024,19.7774,19.2175,	20,20.0252,20.0357,20.0703,20.0801,20.0774,19.9996,20.1061,20.1277,20.0502,18.7057,19.9,20.0002,19.8016,20.0011,20.0004,20,19.9997,20.0005,20.0017,19.804,18.7059,	
19.1178,19.9653,19.989,19.874,19.8869,19.9853,19.9798,19.9777,19.9783,19.5699,19.1092,19.9,20.0045,20.0343,20.0535,20.0864,20.108,20.1183,20.1289,20.146,19.5699,19.0259,	20,20.0353,20.0461,20.0935,20.0071,20.1051,20.0438,20.152,20.1721,20.0076,18.2579,19.8005,20,19.8016,20.0022,20.0004,20.0005,20.0001,20.0012,20.0025,19.8094,18.2579,	
19.0222,19.9611,19.9837,19.874,19.8782,19.98,19.9755,19.9673,19.9733,19.5334,18.8925,19.9,20.0045,20.034,20.0584,20.0902,20.1171,20.1331,20.1437,20.1599,19.4442,18.8925,	20,20.0353,20.0513,20.0981,20.0181,20.1192,20.0604,20.1672,20.1844,19.983,17.9904,19.8005,20,19.8028,20.0012,20.0004,19.9015,20.0001,20.0012,20.002,19.8113,17.9904,	
18.9271,19.9382,19.9721,19.8635,19.8725,19.9734,19.9755,19.9479,19.9603,19.4042,18.6975,19.9,20.0039,20.0434,20.0721,20.1095,20.1358,20.1577,20.1664,20.1932,19.5433,18.6975,	20,20.0455,20.0671,20.1165,20.0401,20.1428,20.0881,20.2028,20.2149,19.9313,17.6993,19.8005,20.0004,19.804,20.0017,19.9995,19.9027,20.0001,20.003,20.003,19.8121,17.6993,	
18.7383,19.9265,19.9653,19.8512,19.8539,19.9601,19.9432,19.9283,19.9334,19.2288,18.5398,19.9,20.0032,20.053,20.0807,20.1239,20.1487,20.1789,20.2033,20.2388,19.3428,18.5396,	20,20.0557,20.0776,20.1304,20.0567,20.1666,20.1328,20.2531,20.2531,19.8058,17.2131,19.8005,20.0009,19.804,20.0023,19.9995,19.9052,20.0013,20.0053,20.0054,19.8139,17.2134,	
18.3663,19.9142,19.9262,19.8447,19.8468,19.936,19.9432,19.8719,19.9088,19.1725,18.1845,19.9,20.0032,20.0519,20.0892,20.1383,20.1614,20.203,20.2217,20.2785,19.3154,18.1843,	20,20.0557,20.0881,20.1443,20.0734,20.186,20.161,20.2978,20.2798,19.6897,16.6752,19.8005,19.9009,19.8068,20.003,19.9995,19.9065,20.002,19.9125,20.008,19.8159,16.6752,	
18.3663,19.9142,19.9262,19.8356,19.82,19.8874,19.9044,19.8448,19.8988,19.2304,17.9812,19.9,20.0032,20.0519,20.0892,20.1353,20.1663,20.2285,20.2591,20.3186,19.1668,17.9812,	20,20.0557,20.0881,20.1443,20.0846,20.2154,20.2066,20.3414,20.2971,19.5616,16.4286,19.7015,19.9009,19.8068,20.003,19.9992,19.9123,20.0034,19.9145,20.0094,19.8139,16.4286,	
18.0922,19.906,19.9083,19.8072,19.8104,19.8774,19.8654,19.8254,19.8491,18.9877,17.8238,19.9,20.0032,20.0519,20.0878,20.14,20.1697,20.2362,20.2693,20.3329,19.1263,17.8356,	20,20.0557,20.0881,20.149,20.0903,20.2254,20.2236,20.3651,20.3056,19.4187,16.1103,19.7015,19.8014,19.8068,19.9042,19.9992,19.9138,20.004,19.8198,20.0152,19.8089,16.101,	
17.7331,19.8673,19.8652,19.7661,19.8003,19.8665,19.831,19.7925,19.782,18.9387,17.523,19.9,20.0022,20.059,20.1117,20.1621,20.1971,20.2647,20.3102,20.3663,19.1567,17.522,	20,20.0662,20.1146,20.1727,20.1243,20.2604,20.2748,20.4112,20.3065,19.2119,15.728,19.505,19.8039,19.7115,19.9032,19.9988,19.9155,20.0066,19.8232,20.0196,19.7008,15.7291,	
17.5562,19.8212,19.8652,19.7424,19.7505,19.8304,19.8064,19.7685,19.72,18.7766,17.2985,19.9,20.0022,20.059,20.1099,20.1611,20.2163,20.2812,20.3339,20.3744,18.8731,17.3187,	20,20.0662,20.1146,20.1774,20.1414,20.2808,20.3032,20.4333,20.2977,19.0012,15.3806,19.3104,19.8005,19.6129,19.8055,20.0001,19.9181,20.0079,19.8241,20.0252,19.6826,15.3741,	
17.2077,19.7824,19.8148,19.7284,19.7246,19.776,19.7637,19.7279,19.6667,18.7772,16.9268,19.9,20.0022,20.0578,20.1146,20.1659,20.215,20.2948,20.3536,20.4099,19.0085,16.9806,	20,20.0662,20.12,20.1823,20.1471,20.2963,20.3372,20.4701,20.1786,18.8507,15.1016,19.2139,19.798,19.6154,19.8055,19.9982,19.8232,20.0116,19.8334,19.9293,19.5842,15.0609,	
16.8661,19.7535,19.7577,19.6996,19.6831,19.7614,19.7486,19.6985,19.5549,18.7633,16.7572,19.8005,20.0056,20.066,20.1248,20.187,20.2413,20.3268,20.3865,20.4229,18.6976,16.7661,	20,20.0768,20.136,20.2065,20.1816,20.3322,20.2752,20.4943,20.1564,18.6361,14.597,19.2139,19.7022,19.618,19.8083,19.999,19.8256,19.9138,19.8334,19.934,19.567,14.6218,	
16.6979,19.7242,19.7266,19.6392,19.6681,19.7455,19.7328,19.6985,19.4683,18.6228,16.5984,19.8005,20.0056,20.066,20.1204,20.1938,20.2529,20.3451,20.4053,20.4285,18.5616,16.6742,	20,20.0768,20.136,20.2162,20.1989,20.3511,20.2995,20.5073,20.1358,18.4651,14.3761,19.2139,19.7022,19.618,19.7143,20,19.8282,19.9128,19.8334,19.8391,19.5484,14.3204,	
16.6979,19.6763,19.6954,19.6083,19.6529,19.7291,19.7012,19.6663,19.425,18.6066,16.4825,19.8005,20.0056,20.0625,20.1273,20.2077,20.2671,20.3557,20.4204,20.4382,18.5066,16.4447,	20,20.0768,20.1468,20.231,20.2161,20.3655,20.3236,20.5225,20.1069,18.3049,14.0582,19.2139,19.7022,19.6231,19.7168,19.9981,19.8282,19.9148,19.8368,19.8433,19.5365,14.1545,	
16.6144,19.645,19.6613,19.5401,19.6366,19.6759,19.6498,19.5986,19.3609,18.5423,16.2128,19.8005,20.004,20.0635,20.1331,20.2324,20.2967,20.3922,20.4498,20.4714,18.5749,16.2141,	20,20.0822,20.1577,20.2608,20.2563,20.404,20.3712,20.55,20.0489,18.0588,13.797,19.2139,19.7041,19.6258,19.7273,19.9978,19.8319,19.9148,19.7451,19.8467,19.5243,13.7961,	
16.2846,19.5956,19.646,19.5056,19.601,19.6582,19.6163,19.5638,19.3285,18.4189,16.0803,19.8005,20.0021,20.0682,20.1347,20.2383,20.3108,20.3984,20.4689,20.4893,18.5392,16.0803,	20,20.0875,20.1632,20.2707,20.2735,20.4186,20.3948,20.5643,20.0123,17.8929,13.5331,19.2139,19.706,19.6262,19.6318,19.8983,19.8319,19.917,19.7532,19.7484,19.5012,13.5331,	
16.0415,19.5612,19.5742,19.4698,19.5114,19.6024,19.5613,19.5457,19.2607,18.4092,15.8299,19.8005,20,20.0683,20.1422,20.2508,20.3404,20.4398,20.5197,20.5308,18.6492,15.8299,	20,20.0929,20.1743,20.2911,20.3193,20.4678,20.4581,20.5866,19.9344,17.6518,13.1632,19.2139,19.7079,19.6289,19.6383,19.9047,19.8384,19.9195,19.7536,19.6527,19.4928,13.1632,	
15.8815,19.525,19.5367,19.4698,19.4193,19.5248,19.4846,19.4699,19.2252,18.4273,15.5838,19.8005,20,20.0683,20.1422,20.243,20.3418,20.4486,20.5319,20.562,18.4265,15.8292,	20,20.0929,20.1743,20.2911,20.3298,20.3873,20.4917,20.6005,19.8589,17.374,12.9504,19.1178,19.7054,19.6289,19.6383,19.9088,19.8471,19.9251,19.7666,19.6551,19.3494,12.9505,	
15.8021,19.525,19.5367,19.4508,19.3639,19.4668,19.4655,19.3734,19.1352,18.3348,15.5417,19.8005,20,20.0683,20.1422,20.2346,20.3425,20.4663,20.5283,20.58,18.5955,15.5392,	20,20.0929,20.1743,20.2911,20.3405,20.4094,20.5137,20.6092,19.7745,17.1817,12.721,19.1178,19.7054,19.6289,19.6383,19.9131,19.8528,19.9251,19.7832,19.6576,19.3515,12.7415,	
15.7231,19.4462,19.4753,19.4108,19.3249,19.4668,19.3659,19.3538,19.0795,18.4395,15.4008,19.8005,19.995,20.0693,20.1618,20.2617,20.3693,20.4768,20.5641,20.6129,18.4014,15.4008,	20,20.0983,20.2023,20.3226,20.3726,20.4427,20.5569,20.6151,19.6741,16.9201,12.5202,19.1178,19.7073,19.64,19.6416,19.9131,19.8528,19.9312,19.6948,19.6583,19.3175,12.5201,	
15.3339,19.3681,19.4339,19.3301,19.2284,19.4047,19.3659,19.3136,19.0052,18.3829,15.2261,19.603,19.9968,20.0817,20.1808,20.2828,20.4128,20.5303,20.6127,20.6588,18.5173,15.2257,	20,20.1206,20.2359,20.3597,20.4315,20.5039,20.6187,20.6148,19.5358,16.6246,12.1425,19.1178,19.7153,19.6459,19.5474,19.9209,19.8528,19.9332,19.6994,19.6577,19.104,12.143,	
15.3339,19.3471,19.4128,19.309,19.2084,19.3413,19.2822,19.2725,19.0052,18.4134,15.1601,19.603,19.9936,20.0863,20.1811,20.2866,20.4205,20.5362,20.6336,20.6918,18.4134,15.1277,	20,20.1262,20.2415,20.3705,20.4476,20.5263,20.6482,20.6111,19.4674,16.4485,11.985,19.1178,19.7173,19.6463,19.5515,19.9234,19.8562,19.9397,19.7051,19.6579,19.0656,11.985,	
15.3339,19.3471,19.347,19.2874,19.1456,19.3194,19.2188,19.1642,18.8065,18.3307,14.9579,19.603,19.9936,20.0863,20.1767,20.291,20.4194,20.5385,20.6261,20.6496,18.2697,14.9562,	20,20.1262,20.2415,20.3759,20.453,20.5319,20.6625,20.605,19.32,16.1355,11.7429,18.8325,19.7069,19.6463,19.5556,19.9215,19.8562,19.9468,19.7197,19.6476,19.0139,11.7456,	
15.2573,19.3047,19.3246,19.2651,19.0816,19.2973,19.2188,19.1004,18.7284,18.3718,14.7993,19.505,19.9934,20.0953,20.1814,20.2985,20.4313,20.5603,20.6412,20.6515,18.3775,14.7726,	20,20.1374,20.2529,20.3868,20.4747,20.5601,20.6858,20.5949,19.2206,15.963,11.5672,18.7383,19.7068,19.6463,19.5556,19.9269,19.8599,19.9468,19.7241,19.6423,18.9988,11.5733,	
15.2573,19.3047,19.3016,19.2427,18.9943,19.2744,19.1733,19.0357,18.6475,18.3417,14.6247,19.505,19.9934,20.0915,20.1814,20.2947,20.4485,20.5709,20.6487,20.6561,18.3014,14.6388,	20,20.1374,20.2586,20.3923,20.4964,20.5826,20.7037,20.5807,19.1061,15.7718,11.3273,18.7383,19.7068,19.6493,19.556,19.9352,19.8602,19.9468,19.737,19.6352,18.9899,11.3204,	
15.1051,19.2408,19.3016,19.2427,18.9943,19.2281,19.1054,18.9699,18.5876,18.1886,14.6357,19.505,19.99,20.096,20.1859,20.2991,20.4409,20.5841,20.6462,20.6607,18.2969,14.716,	20,20.143,20.2642,20.3978,20.5018,20.5994,20.7168,20.5681,19.0233,15.6013,11.3282,18.7383,19.6104,19.6493,19.459,19.9352,19.8675,19.9464,19.7459,19.6302,18.9403,11.2784,	
15.1051,19.2408,19.2071,19.1962,18.9943,19.1588,19.0826,18.9481,18.5278,18.1128,14.5739,19.505,19.99,20.0877,20.195,20.308,20.4432,20.5895,20.6648,20.6702,18.0962,14.5471,	20,20.143,20.2756,20.4088,20.5128,20.6162,20.7336,20.5569,18.9736,15.4343,11.1458,18.5514,19.6012,19.6555,19.46,19.9352,19.8712,19.9502,19.7459,19.6302,18.8392,11.1661,	
14.8052,19.1525,19.162,19.1496,18.8846,19.0436,19.0368,18.8821,18.4286,18.0395,14.464,19.505,19.9859,20.0878,20.2039,20.3031,20.4404,20.6115,20.6842,20.6762,17.9711,14.464,	20,20.1486,20.2869,20.4199,20.535,20.6497,20.7654,20.5244,18.7915,15.1398,10.9204,18.5514,19.604,19.6586,19.4609,19.8424,19.6815,19.9582,19.7539,19.6153,18.6798,10.9204,	
14.7312,19.0832,19.1379,19.101,18.8392,18.9728,18.9664,18.8368,18.4083,17.8464,14.3207,19.505,19.9774,20.0967,20.2128,20.3051,20.4462,20.6123,20.6938,20.7048,17.97,14.3387,	20,20.1544,20.2982,20.431,20.5518,20.6665,20.7875,20.4974,18.6708,14.9282,10.6865,18.5514,19.6067,19.6618,19.4609,19.8459,19.6815,19.8721,19.7577,19.6065,18.6122,10.6785,	
14.5113,18.9921,19.09,18.9845,18.8392,18.9035,18.9202,18.8368,18.3474,17.5721,14.337,19.505,19.9682,20.1007,20.2202,20.3231,20.4486,20.637,20.7213,20.7226,17.5816,14.607,	20,20.1658,20.3153,20.4534,20.5742,20.6999,20.8082,20.4718,18.5726,14.6679,10.4881,18.5514,19.6122,19.6647,19.4675,19.844,19.6914,19.8711,19.6589,19.6014,18.4437,10.488,	
14.1522,18.923,19.0429,18.9845,18.7735,18.8151,18.8315,18.8143,18.3274,17.4963,14.4232,19.505,19.9582,20.1043,20.2333,20.3291,20.4502,20.6528,20.7438,20.7506,17.4963,14.3656,	20,20.1716,20.3323,20.4703,20.5967,20.7221,20.8304,20.4339,18.4406,14.4596,10.2114,18.5514,19.6149,19.5741,19.4675,19.8477,19.6914,19.8853,19.663,19.5963,18.3664,10.2114,	
14.011,18.8082,19.0429,18.9615,18.7071,18.7707,18.8315,18.7919,18.2472,17.4291,14.2122,19.505,19.942,20.117,20.2464,20.3268,20.4556,20.6805,20.7659,20.7656,17.4321,14.4125,	20,20.1833,20.3494,20.4872,20.6249,20.7606,20.8507,20.3925,18.2896,14.2315,10.0415,18.4586,19.6152,19.5779,19.4675,19.8553,19.7019,19.7859,19.6667,19.5838,18.2868,10.0467,	
13.8019,18.7368,18.9939,18.9119,18.6386,18.609,18.7161,18.6783,18.185,17.4823,13.9985,19.4075,19.939,20.1198,20.2466,20.3336,20.4685,20.6775,20.8137,20.7972,17.4823,13.9885,	20,20.1949,20.3666,20.5159,20.6649,20.8092,20.8753,20.3097,18.0276,13.9021,9.59813,18.4586,19.6209,19.582,19.3804,19.8611,19.7126,19.7916,19.6806,19.5621,18.2373,9.60221,	
13.8019,18.7368,18.9688,18.8127,18.5686,18.609,18.6925,18.6547,18.1011,17.4709,13.8284,19.4075,19.939,20.1198,20.2326,20.3257,20.4856,20.6934,20.8205,20.7964,17.4709,13.9205,	20,20.1949,20.3666,20.5217,20.6878,20.8305,20.8836,20.2767,17.9177,13.7516,9.47869,18.4586,19.6209,19.582,19.3861,19.8732,19.7134,19.7916,19.6846,19.5471,18.1933,9.47869,	
13.6642,18.7368,18.9432,18.7377,18.4975,18.5376,18.668,18.5822,17.9953,17.3319,13.7499,19.4075,19.939,20.114,20.23,20.3168,20.4835,20.7067,20.8402,20.7966,17.333,14.0161,	20,20.1949,20.3666,20.5334,20.7107,20.8618,20.8963,20.2201,17.7411,13.4782,9.38354,18.4586,19.6209,19.582,19.3974,19.6847,19.7246,19.7971,19.6874,19.5216,18.0657,9.38295,	
13.326,18.6849,18.7903,18.7116,18.4503,18.4676,18.6439,18.5101,17.9538,17.256,13.8312,19.4075,19.933,20.0938,20.2517,20.3305,20.4983,20.7339,20.8594,20.8234,17.2677,13.9035,	20,20.2008,20.3842,20.5629,20.7452,20.8977,20.9065,20.1597,17.5927,13.2783,9.26585,18.4586,19.6237,19.5899,19.2153,19.6899,19.7305,19.7957,19.5916,19.5121,17.9732,9.26816,	
12.9962,18.5545,18.691,18.6628,18.3531,18.3458,18.5702,18.4149,17.852,17.2167,13.6598,19.4075,19.9201,20.0953,20.2644,20.335,20.5148,20.728,20.8385,20.8044,17.2161,13.7722,	20,20.2068,20.4019,20.5807,20.7682,20.9177,20.9128,20.0765,17.3589,12.9927,9.06342,18.1831,19.6141,19.4948,19.2153,19.6942,19.7305,19.8062,19.6022,19.3768,17.8535,9.06341,	
12.9312,18.5061,18.6371,18.6378,18.2832,18.3458,18.5211,18.3444,17.852,17.1303,13.6258,19.4075,19.9131,20.0923,20.2647,20.3386,20.5312,20.7329,20.8365,20.8399,17.3751,13.6258,	20,20.2127,20.4137,20.5985,20.7912,20.9375,20.9162,20.0155,17.2413,12.89,8.98158,18.0922,19.6171,19.4993,19.2221,19.6921,19.7305,19.8118,19.6067,19.378,17.8535,8.98158,	
12.7382,18.426,18.5859,18.5833,18.2359,18.2985,18.4961,18.2737,17.8308,17.1595,13.5161,19.4075,19.9131,20.0851,20.2608,20.3374,20.5215,20.7415,20.8511,20.8598,17.2709,13.5161,	20,20.2127,20.4196,20.6045,20.8085,20.9618,20.9179,19.952,17.1066,12.7445,8.80304,18.0922,19.6171,19.4069,19.2221,19.7031,19.7426,19.8118,19.6106,19.3673,17.7147,8.80304,	
12.7382,18.426,18.5601,18.5325,18.1414,18.2259,18.4207,18.1783,17.8308,17.1633,13.3979,19.4075,19.9131,20.0851,20.2439,20.3358,20.5003,20.731,20.8641,20.9134,17.3487,13.4528,	20,20.2127,20.4196,20.6165,20.8259,20.9901,20.9177,19.8574,16.9212,12.5547,8.71584,18.0922,19.6171,19.4069,19.2359,19.7087,19.761,19.8244,19.6139,19.3558,17.6646,8.75077,	
12.6111,18.3723,18.4541,18.4803,18.0932,18.1768,18.3179,18.1295,17.7863,17.2253,13.2057,19.3104,19.9156,20.058,20.2559,20.3518,20.518,20.7617,20.8851,20.9559,17.1539,13.2668,	20,20.2188,20.4437,20.6528,20.8665,21.0265,20.9139,19.769,16.7698,12.3945,8.42501,18.0922,19.62,19.3251,19.2516,19.7121,19.7672,19.8244,19.6149,19.3571,17.6125,8.39741,	
12.6111,18.3465,18.4541,18.4539,18.0932,18.0771,18.2668,18.0798,17.7631,17.1761,13.1788,19.3104,19.9156,20.058,20.2471,20.3563,20.487,20.7641,20.907,20.9792,17.152,13.1636,	20,20.2188,20.4437,20.6589,20.8724,21.0441,20.9098,19.7187,16.6853,12.2747,8.32324,18.0922,19.62,19.3251,19.2586,19.7121,19.7861,19.8299,19.6164,19.3571,17.5336,8.34501,	
12.5481,18.24,18.3216,18.4272,18.0436,18.052,18.2411,18.0798,17.6024,16.8238,13.216,19.3104,19.9156,20.0495,20.2511,20.3495,20.4836,20.7625,20.924,20.9167,16.9583,13.2188,	20,20.2188,20.4497,20.665,20.8841,21.057,20.9057,19.6769,16.5293,12.0263,8.22958,17.9117,19.6043,19.3307,19.2586,19.7179,19.694,19.8347,19.6175,19.2893,17.341,8.22928,	
12.4229,18.2113,18.2164,18.3746,17.9476,18.0032,18.1649,18.0304,17.5799,16.8647,13.2003,19.3104,19.9156,20.032,20.2407,20.3438,20.5093,20.7589,20.9429,20.9452,16.832,13.2131,	20,20.2188,20.4619,20.6894,20.9192,21.082,20.8963,19.5786,16.3519,11.7767,8.19574,17.9117,19.6043,19.3419,19.2727,19.7279,19.6919,19.7413,19.6182,19.2751,17.2173,8.19047,	
12.0548,18.0965,18.1124,18.2884,17.9239,17.9072,17.9928,17.9333,17.4491,16.9471,13.0579,19.3104,19.8985,20.0039,20.2452,20.3673,20.534,20.756,20.9805,20.9802,16.9862,13.1475,	20,20.2313,20.4989,20.7387,20.9712,21.1214,20.8716,19.4191,16.0676,11.5301,8.00901,17.9117,19.6105,19.3645,19.192,19.7312,19.6009,19.6591,19.6165,19.2458,17.1339,7.98686,	
11.8749,18.0965,18.0308,18.18,17.846,17.8826,17.9684,17.8609,17.4491,16.8645,13.0258,19.3104,19.8985,20.0039,20.2252,20.376,20.5291,20.754,20.9504,21.0141,17.0742,13.0258,	20,20.2313,20.4989,20.7449,20.9827,21.1325,20.8619,19.3362,15.944,11.4275,7.83914,17.9117,19.4149,19.3645,19.1997,19.7374,19.6086,19.6652,19.6131,19.2476,17.1057,7.83914,	
11.8155,18.0654,18.0053,18.1541,17.749,17.8097,17.943,17.8361,17.3601,17.0482,12.9669,19.3104,19.8985,20.0039,20.215,20.3547,20.5286,20.7553,20.9551,20.9706,17.0482,12.9808,	20,20.2313,20.4989,20.7511,21,21.1469,20.8481,19.2635,15.7863,11.2731,7.86497,17.9117,19.4149,19.3645,19.2074,19.7499,19.5193,19.6711,19.6115,19.1969,17.0193,7.86497,	
11.5231,17.9761,17.9798,18.0894,17.6301,17.7554,17.8933,17.7151,17.2721,16.9404,13.0246,19.3104,19.889,19.9984,20.2228,20.3242,20.5351,20.7642,20.9507,20.96,17.1088,13.0246,	20,20.2376,20.5115,20.7637,21.0286,21.1675,20.8298,19.1507,15.5764,11.0929,7.82471,17.9117,19.419,19.3701,19.1114,19.7686,19.5286,19.4741,19.6051,19.1459,16.9321,7.82471,	
11.2943,17.9439,17.8715,18.0385,17.5209,17.683,17.8182,17.7151,17.2059,16.942,12.8276,19.3104,19.889,19.9778,20.2305,20.3056,20.5229,20.7586,20.9824,20.9806,17.3236,12.8531,	20,20.2376,20.524,20.7764,21.0457,21.1867,20.8013,19.0471,15.4207,10.9888,7.65535,17.7331,19.3065,19.3815,19.1114,19.6766,19.5532,19.489,19.6051,19.1274,16.9431,7.64516,	
11.0702,17.7913,17.7094,17.8527,17.4731,17.5843,17.7668,17.5648,17.1149,17.2236,12.5629,19.3104,19.869,19.9538,20.2047,20.3323,20.5196,20.8064,20.9858,21.0206,17.2948,12.5488,	20,20.2505,20.5556,20.8274,21.1024,21.2239,20.7472,18.8453,15.1149,10.7574,7.41399,17.3811,19.2984,19.3898,19.131,19.6904,19.5755,19.489,19.5992,18.9805,16.8936,7.42941,	
11.0148,17.7385,17.7094,17.7395,17.4243,17.5087,17.7405,17.4888,17.0236,17.2332,12.6159,19.3104,19.8585,19.9584,20.1612,20.339,20.5293,20.8163,21.0012,20.9856,17.4161,12.6194,	20,20.2571,20.5621,20.8593,21.1359,21.2413,20.7094,18.7209,14.898,10.5885,7.46587,17.3811,19.3031,19.3898,19.1649,19.6894,19.5838,19.4953,19.5953,18.9013,16.8315,7.46662,	
10.6885,17.5591,17.582,17.5442,17.3523,17.4099,17.6049,17.44,16.87,17.298,12.6284,19.3104,19.8147,19.9526,20.1727,20.3376,20.5213,20.8124,21.0248,20.9912,17.2369,12.6987,	20,20.2832,20.5945,20.8977,21.1852,21.2663,20.6298,18.4772,14.553,10.2984,7.32359,17.3811,19.3223,19.3958,19.0794,19.6144,19.6086,19.5131,19.5846,18.8244,16.5713,7.36227,	
10.4763,17.4495,17.5319,17.4607,17.2622,17.3621,17.4573,17.3914,16.87,17.3052,12.5222,19.3104,19.7804,19.9535,20.1488,20.3516,20.5382,20.8438,21.0419,21.0426,17.2924,12.5222,	20,20.2964,20.6207,20.9428,21.228,21.2813,20.5763,18.3453,14.3912,10.1794,7.17147,17.2077,19.3217,19.4078,19.1068,19.6111,19.6143,19.5135,19.5846,18.7087,16.5081,7.17147,	
10.1151,17.2358,17.4098,17.3493,17.1672,17.3132,17.4073,17.2203,16.7595,17.2487,12.3932,19.3104,19.7565,19.9492,20.147,20.3212,20.5656,20.8515,21.0016,21.0584,17.3351,12.3744,	20,20.3097,20.6406,20.9622,21.2645,21.2907,20.5246,18.1806,14.1674,10.0008,7.03452,16.8661,19.2129,19.4022,19.0984,19.5459,19.6133,19.5188,19.4685,18.6434,16.2992,7.03442,	
9.9641,17.1161,17.3475,17.2251,17.1192,17.2146,17.3823,17.1238,16.715,17.2867,12.3572,19.2139,19.7209,19.9397,20.157,20.3497,20.5274,20.8724,21.0515,21.0718,17.2883,12.4834,	20,20.3298,20.6803,21.0077,21.3,21.3011,20.4412,17.9992,13.9467,9.81779,6.95173,16.7818,19.2177,19.4208,19.0127,19.5432,19.6467,19.5248,19.4685,18.5971,16.1413,6.95219,	
9.76631,17.0202,17.2365,17.0454,17.0247,17.1906,17.3318,17.053,16.6932,17.1743,12.4094,19.1178,19.6974,19.9511,20.1236,20.341,20.5596,20.8815,21.0496,21.124,17.2355,12.4118,	20,20.3501,20.7003,21.0465,21.3395,21.3054,20.374,17.8312,13.7753,9.67766,6.85297,16.5313,19.2099,19.3227,19.0428,19.5462,19.6437,19.4316,19.4534,18.5041,16.0312,6.85622,	
9.66889,16.9246,17.1882,17.022,16.9318,17.1185,17.2579,16.9834,16.5021,17.2323,12.4251,19.1178,19.6839,19.9277,20.1205,20.307,20.5519,20.9119,21.0673,21.0594,17.1965,12.4312,	20,20.3569,20.7205,21.066,21.3728,21.307,20.3027,17.6766,13.5448,9.5102,6.84269,16.5313,19.2156,19.3365,19.0428,19.582,19.6603,19.4316,19.3493,18.3899,15.9285,6.84799,	
9.57244,16.9246,17.1503,16.9761,16.8955,17.1185,17.1613,16.9605,16.401,17.2432,12.435,19.1178,19.6839,19.9277,20.0895,20.3151,20.5594,20.8818,21.0634,21.0382,17.1816,12.436,	20,20.3569,20.7205,21.0791,21.3821,21.3068,20.2699,17.5982,13.439,9.43424,6.82781,16.5313,19.2156,19.3365,19.063,19.5793,19.6603,19.4402,19.3407,18.2498,15.8641,6.83117,	
9.42957,16.8069,17.1503,16.9312,16.7915,17.0953,17.113,16.8707,16.3217,17.1796,12.4799,19.1178,19.6282,19.9423,20.1063,20.3133,20.561,20.8835,21.0299,21.0186,17.2192,12.5084,	20,20.3842,20.7539,21.0002,21.405,21.305,20.2102,17.44,13.2454,9.30503,6.76653,16.5313,19.2384,19.3435,19.0638,19.5884,19.6685,19.4442,19.3132,18.1815,15.7798,6.77223,	
9.28884,16.7477,17.0878,16.8481,16.7256,17.072,17.0179,16.8263,16.2822,17.1811,12.2629,19.1178,19.6139,19.9457,20.0947,20.2859,20.5586,20.8622,21.0388,21.0358,17.4308,12.3143,	20,20.391,20.7602,21.0142,21.4228,21.3021,20.1563,17.3124,13.1284,9.23328,6.6158,16.5313,19.1479,19.2468,19.0735,19.6066,19.6763,19.4486,19.2937,18.0969,15.7474,6.58836,	
9.19618,16.6294,17.0635,16.7795,16.6369,17.072,16.9707,16.758,16.2618,17.2814,12.2872,19.1178,19.5706,19.9412,20.1116,20.2485,20.5833,20.8485,21.075,20.9573,17.3246,12.2875,	20,20.4047,20.779,21.0424,21.4531,21.2959,20.0714,17.1511,12.9218,9.11948,6.53457,16.5313,19.1604,19.2544,19.0833,19.634,19.6756,19.4552,19.2838,18.0714,15.617,6.55632,	
8.96856,16.5918,17.0235,16.7572,16.6369,16.9853,16.7786,16.583,16.2029,17.2261,12.3119,19.1178,19.5706,19.9269,20.1157,20.2528,20.5687,20.7964,20.9648,20.9677,17.2529,12.5559,	20,20.4047,20.7853,21.0495,21.4573,21.2947,20.0224,16.9891,12.7411,8.98164,6.61612,16.5313,19.1604,19.262,19.0841,19.634,19.5772,19.3716,19.2289,17.9106,15.4542,6.6235,	
8.92372,16.5537,16.9778,16.7352,16.5944,16.8945,16.7565,16.541,16.1451,17.142,12.5013,19.1178,19.5706,19.9269,20.1157,20.2166,20.5393,20.7919,20.9418,20.9325,17.1425,12.468,	20,20.4047,20.7853,21.0495,21.4656,21.2888,19.971,16.8912,12.6307,8.88264,6.61796,16.5313,19.1604,19.262,19.0841,19.6522,19.5943,19.3759,19.2201,17.7698,15.2295,6.61806,	
8.79053,16.513,16.8266,16.6283,16.4771,16.806,16.6701,16.4801,16.0541,17.0788,12.4232,19.1178,19.5555,19.8851,20.0973,20.2248,20.5628,20.7382,20.923,20.9277,17.1875,12.4293,	20,20.4116,20.8107,21.0918,21.4938,21.2761,19.8538,16.6785,12.4008,8.74615,6.45261,16.5313,19.0707,19.2844,19.104,19.6585,19.5943,19.3866,19.1962,17.5782,15.1427,6.57695,	
8.65933,16.4541,16.7818,16.5469,16.4354,16.806,16.5424,16.4596,15.9455,17.1035,12.4584,19.1178,19.5403,19.8579,20.0913,20.2234,20.5793,20.6772,20.9582,20.8995,17.0244,12.4585,	20,20.4187,20.8299,21.1198,21.5131,21.2651,19.7765,16.5311,12.2561,8.64791,6.47802,16.4486,19.0774,19.2997,19.102,19.6648,19.5943,19.2947,19.1704,17.5259,14.9831,6.47806,	
8.445,16.2588,16.6748,16.4069,16.396,16.6553,16.5019,16.3992,15.8599,16.7875,12.573,19.0222,19.4797,19.8744,20.022,20.2269,20.5633,20.7202,20.9944,20.8408,17.1411,12.6053,	20,20.4539,20.8625,21.182,21.5558,21.2259,19.5917,16.2382,11.9968,8.45756,6.39908,16.3664,19.0175,19.2981,19.1296,19.6928,19.6079,19.2988,19.1437,17.4715,14.7301,6.38245,	
8.445,16.2588,16.6334,16.3308,16.377,16.6146,16.4623,16.3228,15.7457,16.9146,12.4822,19.0222,19.4797,19.8584,19.9898,20.2197,20.5571,20.7196,20.9703,20.7868,16.9678,12.4822,	20,20.4539,20.8691,21.1958,21.569,21.2097,19.5204,16.1084,11.8585,8.37676,6.31839,16.2846,19.0175,19.3059,19.1268,19.7114,19.616,19.3,19.1172,17.3888,14.6186,6.31839,	
8.27737,16.1616,16.5086,16.311,16.3179,16.5315,16.362,16.3031,15.6151,16.8688,12.4243,19.0222,19.4636,19.8287,19.9846,20.2155,20.5349,20.7061,20.9801,20.7192,17.1193,12.4265,	20,20.4539,20.8891,21.2231,21.5845,21.1843,19.4224,15.9459,11.6753,8.28263,6.25,16.2846,19.0175,19.3294,19.1381,19.7208,19.6318,19.2061,18.9913,17.2491,14.5527,6.25507,	
8.27737,16.1426,16.4879,16.311,16.2598,16.4904,16.3424,16.2639,15.5831,16.9746,12.3679,19.0222,19.4636,19.8121,19.9888,20.1999,20.5016,20.7225,20.9947,20.6936,16.9855,12.3679,	20,20.4539,20.8957,21.2299,21.5905,21.1728,19.3728,15.8804,11.6038,8.24139,6.2123,16.2846,19.0175,19.3372,19.1391,19.7301,19.6396,19.207,18.9913,17.1932,14.4901,6.2123,	
8.07249,16.0635,16.3217,16.1917,16.2203,16.3858,16.2425,16.2242,15.5346,16.7731,12.3724,19.0222,19.4468,19.7485,19.9724,20.2072,20.4888,20.7393,21.0336,20.715,16.9053,12.4347,	20,20.4612,20.9294,21.2772,21.6126,21.1303,19.2346,15.7006,11.4518,8.14154,6.14348,16.2031,19.0111,19.3683,19.1601,19.7364,19.5564,19.1117,18.9913,17.1369,14.2728,6.11145,	
7.99197,16.0256,16.2608,16.0939,16.2005,16.305,16.164,16.1276,15.4712,16.8345,12.2683,18.9271,19.4328,19.738,19.9269,20.2102,20.4528,20.7529,21.0254,20.746,16.8663,12.49,	20,20.4759,20.9497,21.3105,21.6297,21.0833,19.0928,15.4906,11.2812,8.04104,6.05526,16.1221,19.0256,19.3744,19.0724,19.7518,19.5771,19.1143,18.9582,17.0925,14.1335,6.05557,	
7.91225,16.0071,16.1995,16.0565,16.1016,16.2461,16.1254,16.0716,15.4557,16.7753,12.3283,18.9271,19.4157,19.7067,19.9199,20.2044,20.4712,20.7704,21.0194,20.7577,16.7658,12.3298,	20,20.4833,20.9702,21.3368,21.6407,21.0581,19.0273,15.3945,11.2031,7.98951,5.97368,15.9613,19.0184,19.3718,19.0836,19.7612,19.5771,19.1174,18.9429,17.0632,14.0424,5.97322,	
7.79416,15.9478,16.1995,16.0005,16.0007,16.2068,16.0878,16.0157,15.3938,16.6859,12.3572,18.8325,19.3843,19.717,19.9317,20.1944,20.4652,20.7409,20.9964,20.7863,16.6859,12.4644,	20,20.5056,20.9907,21.3563,21.6487,21.032,18.9345,15.2517,11.0932,7.90812,5.93866,15.9613,19.0403,19.3718,18.8933,19.7706,19.5845,19.1158,18.9076,17.0428,13.8617,5.93866,	
7.63944,15.8082,16.1249,15.9825,15.9241,16.1509,16.0331,15.9622,15.3345,16.5632,12.4496,18.8325,19.349,19.6884,19.9468,20.1474,20.4889,20.7203,20.9805,20.7972,16.5643,12.6411,	20,20.5206,21.018,21.3821,21.6614,20.9922,18.8123,15.0787,10.9522,7.81169,5.90056,15.9613,19.055,19.388,18.8048,19.7949,19.5845,19.1135,18.8754,16.9082,13.6844,5.90051,	
7.52542,15.7181,16.0095,15.9302,15.8727,16.1144,15.9105,15.9202,15.2349,16.6492,12.4699,18.8325,19.3134,19.6588,19.9416,20.1048,20.4924,20.7076,20.9949,20.7338,16.6593,12.4348,	20,20.5356,21.0453,21.4139,21.6734,20.9372,18.6613,14.8917,10.784,7.71526,5.75544,15.9613,19.0697,19.4044,18.8206,19.8228,19.5875,19.1098,18.8568,16.7882,13.5666,5.75653,	
7.33916,15.5949,15.827,15.8776,15.8383,16.0775,15.8063,15.816,15.2069,16.5531,12.4735,18.8325,19.2591,19.6129,19.9232,20.0955,20.5008,20.6787,20.9926,20.778,16.7115,12.4747,	20,20.5508,21.0799,21.4636,21.6834,20.8641,18.4802,14.6605,10.601,7.60203,5.60657,15.8815,19.0843,19.4258,18.8452,19.8321,19.6008,19.1046,18.8157,16.697,13.4462,5.6062,	
7.30246,15.5786,15.734,15.8426,15.7527,16.0226,15.7728,15.6646,15.1508,16.5446,12.2854,18.8325,19.2408,19.5783,19.9131,20.048,20.4991,20.6869,20.9457,20.7948,16.5757,12.5097,	20,20.5585,21.1007,21.4879,21.6888,20.8076,18.3525,14.4925,10.4609,7.46537,5.54761,15.7231,19.0593,19.4405,18.8583,19.8548,19.6093,19.1011,18.7733,16.6164,13.2135,5.55027,	
7.26595,15.5372,15.7168,15.825,15.7356,15.9859,15.738,15.6478,15.1092,16.5008,12.3217,18.8325,19.2225,19.5817,19.896,20.0567,20.5046,20.6705,20.9303,20.7617,16.6111,12.3217,	20,20.5662,21.1076,21.4998,21.6899,20.7929,18.3096,14.4318,10.4014,7.43689,5.46656,15.7231,19.0668,19.4386,18.8715,19.8498,19.6093,19.0973,18.7533,16.5548,13.2135,5.46656,	
7.19347,15.4635,15.6996,15.7821,15.6837,15.9859,15.7032,15.5145,15.0108,16.6431,12.2367,18.8325,19.2225,19.5623,19.8792,20.0219,20.5152,20.6383,20.8226,20.7109,16.7579,12.2686,	20,20.5662,21.1146,21.5117,21.6917,20.7627,18.2216,14.2653,10.2566,7.36632,5.47021,15.7231,19.0668,19.3502,18.8846,19.8682,19.6106,19.089,18.645,16.4423,13.2412,5.46248,	
7.1575,15.4057,15.682,15.7821,15.6837,15.9668,15.6336,15.4156,14.9965,16.6903,12.195,18.8325,19.2035,19.5464,19.8859,20.0305,20.4976,20.6025,20.7895,20.7202,16.8263,12.195,	20,20.574,21.1286,21.5235,21.6924,20.7391,18.1471,14.1604,10.1815,7.32641,5.48361,15.6445,19.0743,19.3591,18.8688,19.8682,19.6163,19.0802,18.601,16.4112,13.2118,5.48361,	
6.94544,15.2397,15.639,15.6861,15.6321,15.8928,15.5998,15.352,14.942,16.5854,12.203,18.7383,19.1682,19.5368,19.8782,20.0302,20.4451,20.6168,20.8042,20.7201,16.6794,12.4302,	20,20.5973,21.1565,21.5524,21.6931,20.6662,17.9973,13.998,10.0619,7.24326,5.41936,15.6445,19.0029,19.3661,18.8822,19.8723,19.6323,19.0777,18.5812,16.2669,12.9715,5.44264,	
6.84178,15.1564,15.5955,15.6008,15.5819,15.8396,15.5673,15.3067,14.8765,16.5225,12.4049,18.7383,19.1682,19.5173,19.8183,20.025,20.414,20.6207,20.8361,20.6497,16.6297,12.4109,	20,20.5973,21.1635,21.5751,21.6919,20.6068,17.8773,13.8807,9.95409,7.18079,5.48161,15.5663,18.9861,19.375,18.8304,19.8814,19.6422,19.072,18.5864,16.0625,12.873,5.4801,	
6.84178,15.1286,15.5794,15.6008,15.5657,15.8223,15.5039,15.2484,14.8765,16.4444,12.3576,18.7383,19.148,19.5009,19.8253,20.0329,20.3975,20.607,20.7966,20.6843,16.6119,12.3576,	20,20.6051,21.1776,21.5862,21.691,20.5807,17.832,13.7933,9.90105,7.14815,5.46016,15.5663,18.9941,19.384,18.8304,19.8814,19.647,19.072,18.5157,16.0751,12.8218,5.46023,	
6.84178,15.1,15.5294,15.5344,15.5167,15.8223,15.4394,15.2183,14.8633,16.4684,12.2098,18.7383,19.1279,19.465,19.7933,20.0081,20.4188,20.6089,20.8289,20.6999,16.6527,12.1845,	20,20.613,21.1987,21.6081,21.6862,20.5188,17.7106,13.6783,9.82286,7.10463,5.31981,15.4884,19.0022,19.3829,18.847,19.9003,19.6483,19.0654,18.5157,16.044,12.7369,5.33989,	
6.67244,14.9193,15.4361,15.4169,15.3751,15.7857,15.3751,15.1585,14.7593,16.5647,12.1603,18.6446,19.0497,19.4602,19.7082,20.0053,20.4545,20.6123,20.8318,20.5988,16.74,12.2386,	20,20.6526,21.2413,21.6656,21.6721,20.3971,17.4817,13.4359,9.62274,7.00775,5.33722,15.4884,19.0425,19.3886,18.9173,19.9181,19.55,19.0516,18.4723,15.7491,12.6397,5.37643,	
6.63908,14.9054,15.3871,15.3732,15.3425,15.7317,15.3266,15.1434,14.7206,16.6371,12.1267,18.6446,19.0497,19.4399,19.6906,19.9892,20.4163,20.5801,20.8309,20.619,16.6371,12.2412,	20,20.6526,21.2485,21.6756,21.6677,20.3489,17.3752,13.3376,9.55067,6.96489,5.30956,15.411,19.0247,19.3978,18.931,19.9242,19.5583,19.0351,18.4805,15.6878,12.5275,5.30956,	
6.53999,14.8092,15.3433,15.357,15.3264,15.6787,15.2957,15.1287,14.6952,16.6538,12.2042,18.5514,19.0115,19.4288,19.6841,19.9835,20.4093,20.5832,20.8605,20.6672,16.6538,12.2273,	20,20.6767,21.277,21.7,21.6575,20.279,17.2539,13.227,9.48775,6.93023,5.24054,15.411,19.0491,19.4071,18.9447,19.8288,19.5638,19.0265,18.4805,15.6878,12.4718,5.24054,	
6.44238,14.8092,15.2248,15.2783,15.2666,15.6615,15.2802,15.0856,14.6217,16.5615,12.2888,18.4586,19.0142,19.4111,19.6053,19.9802,20.4291,20.5864,20.8319,20.6083,16.6023,12.3294,	20,20.6847,21.2913,21.7236,21.6434,20.2071,17.133,13.1037,9.37984,6.86444,5.23855,15.411,19.0573,19.4164,18.9883,19.8469,19.5638,19.0177,18.3645,15.4561,12.3499,5.2613,	
6.41017,14.796,15.1795,15.2341,15.2666,15.6441,15.2344,15.014,14.6217,16.4676,12.2199,18.4586,19.0142,19.3691,19.5918,19.9893,20.4373,20.5729,20.8465,20.6327,16.4662,12.2462,	20,20.6847,21.3057,21.7372,21.6367,20.1757,17.0724,13.0494,9.3495,6.83908,5.1679,15.2573,19.0205,19.4352,19.002,19.8469,19.5638,19.0083,18.3645,15.4561,12.2409,5.16791,	
6.31449,14.7538,15.0773,15.2043,15.2211,15.6271,15.2034,14.9432,14.6217,16.4359,12.2432,18.4586,19.0142,19.3691,19.5482,19.9714,20.4219,20.563,20.7782,20.6793,16.3769,12.2432,	20,20.6847,21.3057,21.7462,21.6296,20.1335,16.9966,12.9554,9.28952,6.80174,5.141,15.181,19.0017,19.4352,19.0293,19.8559,19.4682,18.9983,18.3111,15.4399,12.1599,5.141,	
6.28292,14.6988,15.0488,15.2043,15.1171,15.5927,15.1295,14.9154,14.5859,16.4398,12.2392,18.4586,18.9927,19.351,19.5563,19.8821,20.4137,20.5135,20.7863,20.6801,16.3842,12.2392,	20,20.6928,21.3201,21.755,21.6141,20.0679,16.8447,12.8099,9.19403,6.74601,5.12897,15.181,19.0101,19.4445,19.0293,19.8888,19.474,18.863,18.2873,15.3783,12.053,5.12897,	
6.1582,14.6435,15.0044,15.0851,15.0131,15.5752,15.0695,14.8594,14.536,16.4873,12.1241,18.4586,18.9712,19.3328,19.4981,19.8507,20.4296,20.4652,20.7913,20.6787,16.4314,12.1252,	20,20.701,21.3345,21.7719,21.597,19.989,16.6934,12.6676,9.10121,6.69321,5.04675,14.9544,18.9792,19.4539,19.0375,19.9037,19.4767,18.8319,18.2622,15.3158,11.9902,5.0469,	
6.06629,14.5244,14.9165,15.01,14.9687,15.5577,14.9944,14.803,14.463,16.5414,12.015,18.4586,18.9054,19.2994,19.4525,19.852,20.4478,20.4289,20.712,20.6465,16.6394,12.0625,	20,20.7175,21.3703,21.7999,21.5681,19.8843,16.5268,12.4644,8.9634,6.62141,5.06553,14.8052,18.9562,19.4795,19.0649,19.9119,19.4767,18.8098,18.1262,15.2063,11.9272,5.08075,	
5.97575,14.4019,14.857,14.9801,14.8944,15.4865,14.9944,14.789,14.4375,16.5908,11.9567,18.4586,18.8612,19.2615,19.447,19.8667,20.4101,20.4631,20.7078,20.6264,16.5909,11.9855,	20,20.7341,21.3988,21.815,21.5501,19.8014,16.4198,12.3652,8.90358,6.58073,5.00358,14.7312,18.9531,19.4984,18.9693,19.9202,19.4806,18.8098,18.0976,15.0991,11.8112,5.00359,	
5.91614,14.3476,14.8425,14.9651,14.8651,15.4511,14.9792,14.7193,14.3471,16.654,11.9179,18.4586,18.8165,19.2674,19.4551,19.8725,20.3899,20.4503,20.6348,20.5107,16.6582,12.0337,	20,20.7508,21.413,21.8223,21.5426,19.7654,16.3584,12.2792,8.83163,6.54001,5.0205,14.7312,18.9709,19.4984,18.9693,19.9202,19.4821,18.7979,18.015,14.9755,11.7328,5.022,	
5.82784,14.2691,14.7385,14.9499,14.8206,15.3805,14.9184,14.6631,14.3101,16.5934,11.9119,18.4586,18.7713,19.2286,19.4709,19.8343,20.3557,20.4332,20.6447,20.5106,16.7809,11.9119,	20,20.7675,21.4411,21.8364,21.5181,19.668,16.2196,12.1458,8.74895,6.50152,4.98672,14.6575,18.8743,19.5176,18.9687,19.9362,19.487,18.7984,17.9613,14.9138,11.6226,4.98672,	
5.6836,14.1803,14.6656,14.8594,14.7158,15.3119,14.9036,14.6631,14.2864,16.6268,11.995,18.4586,18.7713,19.2062,19.4297,19.7931,20.2936,20.441,20.6801,20.5304,16.5716,11.996,	20,20.7675,21.4411,21.8465,21.4961,19.5696,16.0819,12.0389,8.68706,6.46192,4.90444,14.6575,18.8743,19.5176,19.0116,19.8532,19.392,18.7849,17.9613,14.8828,11.4954,4.90405,	
5.59877,14.1029,14.5655,14.785,14.672,15.2776,14.8123,14.6072,14.25,16.6108,11.8374,18.3663,18.7516,19.1666,19.3989,19.8118,20.2842,20.4166,20.6226,20.5654,16.5783,11.9022,	20,20.7843,21.4691,21.8654,21.4674,19.4812,15.9452,11.8997,8.6083,6.40961,4.78505,14.4388,18.6646,19.4363,19.0399,19.849,19.3686,18.7611,17.8715,14.8514,11.395,4.80199,	
5.54292,14.0179,14.5655,14.6799,14.643,15.2074,14.7968,14.5223,14.2132,16.6444,11.8001,18.3663,18.7516,19.1666,19.2835,19.7997,20.2505,20.4218,20.5989,20.5608,16.6915,11.8001,	20,20.7843,21.4691,21.88,21.4367,19.3793,15.8084,11.7746,8.53147,6.36601,4.8381,14.2947,18.6435,19.4363,19.087,19.8531,19.2714,18.7465,17.8162,14.715,11.3449,4.8381,	
5.46441,13.9157,14.5231,14.6518,14.5885,15.1747,14.6957,14.4319,14.1553,16.6769,11.7323,18.2803,18.7312,19.1721,19.2695,19.7823,20.2133,20.3648,20.5464,20.4996,16.7157,11.786,	20,20.8005,21.4826,21.8879,21.4161,19.3045,15.6774,11.6472,8.44395,6.316,4.81876,14.1579,18.6426,19.4121,19.1007,19.8545,19.272,18.7034,17.4928,14.5992,11.2497,4.82941,	
5.22333,13.7355,14.3227,14.5844,14.5143,15.0841,14.6562,14.3443,14.0819,16.6912,11.8261,18.2803,18.6875,19.0919,19.2513,19.7078,20.1971,20.391,20.547,20.4391,16.9393,11.8393,	20,20.8157,21.5204,21.9056,21.3535,19.1383,15.4747,11.4815,8.33511,6.25768,4.74229,14.0945,18.5586,19.4456,19.1245,19.7922,19.2716,18.6918,17.4501,14.4828,11.1828,4.73999,	
5.17896,13.6911,14.29,14.5203,14.5143,15.0274,14.6192,14.3333,14.0618,16.6954,11.7406,18.2007,18.6477,19.0587,19.2292,19.7238,20.1691,20.3724,20.5859,20.4377,17.1835,11.7406,	20,20.8304,21.55,21.9166,21.316,19.0349,15.3343,11.381,8.27571,6.22766,4.67103,14.0945,18.578,19.4725,19.1377,19.7974,19.2702,18.6637,17.4501,14.4294,11.1828,4.67104,	
5.1365,13.6753,14.2322,14.4363,14.5143,15.0274,14.6192,14.2593,14.015,16.8977,11.8213,18.2007,18.6272,19.0221,19.2005,19.7336,20.1806,20.3888,20.4745,20.4304,16.8481,11.8599,	20,20.8375,21.5668,21.9246,21.2893,18.9791,15.2731,11.2949,8.22422,6.19057,4.67603,14.0945,18.5873,19.4895,19.1609,19.7946,19.1906,18.6637,17.325,14.3787,11.0816,4.68084,	
5.09647,13.6014,14.1938,14.3641,14.4823,15.0274,14.5968,14.2497,13.9973,16.7721,11.8111,18.1298,18.5904,18.9727,19.1629,19.7492,20.2002,20.3944,20.5103,20.4216,17.0519,11.8136,	20,20.858,21.5987,21.9366,21.242,18.8827,15.1563,11.2138,8.17566,6.16124,4.62809,14.0394,18.6138,19.5141,19.1739,19.7946,19.1882,18.5774,17.325,14.3465,11.0426,4.62903,	
5.07712,13.5691,14.1845,14.3641,14.4823,14.9774,14.5858,14.2211,13.9802,16.7921,11.7623,18.1298,18.5904,18.9545,19.166,19.7507,20.1627,20.4035,20.4729,20.4175,17.0661,11.7623,	20,20.858,21.6038,21.9378,21.2368,18.8515,15.1226,11.175,8.15251,6.14628,4.57931,14.0394,18.5431,19.5221,19.1739,19.7946,19.1857,18.5774,17.2856,14.334,11.024,4.57931,	
5.03969,13.5375,14.1575,14.3206,14.4724,14.9532,14.5858,14.2117,13.955,16.8916,11.7915,18.1298,18.5904,18.9545,19.1484,19.7329,20.1478,20.4117,20.46,20.3617,16.8916,11.901,	20,20.858,21.6038,21.9389,21.2265,18.8214,15.09,11.1451,8.12642,6.12445,4.61822,14.0394,18.5431,19.5221,19.1129,19.7999,19.1867,18.5774,17.2699,14.2759,10.9518,4.61822,	
4.98564,13.4641,14.1087,14.2943,14.4252,14.9311,14.5661,14.2117,13.9099,16.8127,11.8651,18.1298,18.5721,18.9397,19.1199,19.6829,20.1613,20.4095,20.4866,20.3024,16.8035,12.0437,	20,20.8642,21.6133,21.9426,21.1911,18.7528,15.0061,11.0876,8.08372,6.09246,4.63363,13.9894,18.5354,19.5295,19.1343,19.7444,19.1865,18.5648,17.2699,14.1887,10.8103,4.65311,	
4.98564,13.4588,14.1009,14.2943,14.3993,14.9204,14.5478,14.1961,13.9031,16.7204,11.9829,18.1298,18.5545,18.9418,19.1227,19.6844,20.1449,20.3744,20.4561,20.3045,16.8311,11.9851,	20,20.8702,21.6179,21.9435,21.1861,18.7337,14.9657,11.0462,8.05984,6.07798,4.64377,13.9894,18.5434,19.5295,19.1343,19.7444,19.185,18.5402,17.2271,14.1676,10.7777,4.64486,	
4.95188,13.3963,14.0712,14.2703,14.3743,14.8799,14.5388,14.1961,13.8896,16.6996,11.9022,18.1298,18.5197,18.8969,19.1036,19.6769,20.1595,20.3952,20.481,20.3357,16.8595,11.9022,	20,20.8822,21.6403,21.9488,21.1462,18.6585,14.8868,10.9926,8.03296,6.04253,4.61914,13.8949,18.5282,19.5508,19.1513,19.6827,19.185,18.5402,17.2271,14.1676,10.7297,4.61914,	
4.85522,13.3636,14.0125,14.1777,14.2963,14.8404,14.5212,14.1885,13.8896,16.7612,11.8687,18.1298,18.5027,18.8357,19.0687,19.6531,20.1757,20.4012,20.5136,20.3769,16.7418,11.8982,	20,20.888,21.6532,21.9527,21.0967,18.5673,14.7828,10.9224,7.9974,6.0205,4.56733,13.8495,18.5209,19.5645,19.1903,19.5673,19.185,18.528,17.2271,14.1676,10.6332,4.55498,	
4.79345,13.2727,13.9988,14.1117,14.273,14.766,14.4958,14.1739,13.8516,16.7243,11.8563,18.1298,18.4532,18.8266,19.0318,19.645,20.1199,20.4113,20.5496,20.3428,16.7607,11.9072,	20,20.905,21.6697,21.9555,21.057,18.4603,14.6648,10.843,7.94482,5.98647,4.53283,13.7617,18.5286,19.5711,19.2166,19.4909,19.1764,18.5159,17.2271,14.089,10.5597,4.52931,	
4.74868,13.2727,13.9699,14.0394,14.2576,14.7478,14.4543,14.1665,13.8516,16.7246,11.7984,18.1298,18.4532,18.8266,19.001,19.6306,20.1082,20.4015,20.5431,20.365,16.8464,11.7984,	20,20.905,21.6697,21.9558,21.0419,18.4253,14.6206,10.8074,7.92686,5.97738,4.48156,13.7617,18.4709,19.5711,19.2252,19.4391,19.1142,18.5037,17.2069,14.0989,10.5597,4.48156,	
4.71943,13.2727,13.9215,14.0324,14.2348,14.7112,14.4163,14.1372,13.8071,16.7541,11.7686,18.1298,18.4532,18.7969,19.0059,19.6003,20.098,20.376,20.4838,20.3247,16.9691,11.7681,	20,20.905,21.6775,21.9563,21.0221,18.3825,14.569,10.7501,7.88368,5.95281,4.47853,13.7617,18.4709,19.5839,19.2252,19.4488,19.0544,18.4936,17.1285,14.0044,10.5771,4.47958,	
4.7052,13.238,13.9085,14.0324,14.2348,14.6936,14.4163,14.1301,13.7767,16.8431,11.7368,18.1298,18.422,18.7717,19.0153,19.6052,20.104,20.3847,20.4945,20.261,16.935,11.7714,	20,20.9156,21.689,21.957,21.0024,18.3487,14.5352,10.7277,7.86145,5.94007,4.49057,13.7617,18.4855,19.5901,19.2312,19.4488,19.0544,18.4936,17.1285,13.9314,10.5631,4.47768,	
4.65067,13.2085,13.8691,13.9918,14.2055,14.6674,14.3411,14.0955,13.7527,16.8617,11.7829,18.1298,18.4068,18.7736,18.9884,19.5775,20.0798,20.3128,20.4875,20.2553,16.8373,11.7954,	20,20.9208,21.6927,21.9573,20.9829,18.291,14.4454,10.6521,7.81612,5.90922,4.46643,13.7214,18.4926,19.5698,19.2471,19.4533,18.9926,18.4472,17.0831,13.901,10.4826,4.46625,	
4.61106,13.1842,13.7937,13.9672,14.1853,14.6591,14.3195,14.0696,13.7088,16.8069,11.8819,18.1298,18.4068,18.7176,18.9829,19.5376,20.0753,20.2984,20.4947,20.2056,16.8178,11.8883,	20,20.9208,21.707,21.9574,20.9438,18.2176,14.3579,10.5893,7.77484,5.88141,4.51872,13.7214,18.4926,19.594,19.2577,19.4663,18.8825,18.4241,17.0645,13.8313,10.3786,4.52325,	
4.59821,13.1771,13.7524,13.9557,14.179,14.6358,14.3061,14.0397,13.6937,16.7522,11.9087,18.1298,18.3778,18.7076,18.961,19.5288,20.0679,20.2968,20.4768,20.2053,16.7852,11.9584,	20,20.9308,21.7175,21.9571,20.9146,18.1615,14.2961,10.5388,7.74498,5.84898,4.56673,13.7214,18.5061,19.5453,19.2652,19.4745,18.8806,18.4156,17.0282,13.8115,10.3033,4.58096,	
4.58548,13.1534,13.7325,13.9503,14.1425,14.6284,14.2869,14.0283,13.6601,16.7429,11.9382,18.1298,18.3634,18.6959,18.9513,19.4883,20.0604,20.2951,20.4771,20.1132,16.8023,11.972,	20,20.9308,21.7243,21.9567,20.8904,18.1063,14.2355,10.4943,7.70596,5.8348,4.60117,13.7214,18.5127,19.5572,19.2726,19.4797,18.8765,18.4071,17.0171,13.6948,10.2761,4.58808,	
4.57299,13.1236,13.7226,13.9283,14.1245,14.6211,14.2739,14.0283,13.6459,16.6998,11.8993,18.1298,18.3352,18.6994,18.9418,19.492,20.0639,20.269,20.4879,20.1142,16.7796,11.8967,	20,20.9404,21.7309,21.9561,20.8759,18.083,14.1985,10.4702,7.69189,5.82863,4.55184,13.6103,18.4932,19.5572,19.2648,19.4797,18.8765,18.3845,16.9784,13.6787,10.2401,4.55394,	
4.53686,13.0784,13.6836,13.9124,14.1184,14.614,14.2416,13.9996,13.6128,16.695,11.9171,18.1298,18.3352,18.6729,18.9458,19.4803,20.053,20.2459,20.4325,20.065,16.6917,11.9554,	20,20.9404,21.7374,21.9557,20.8616,18.0523,14.1552,10.4233,7.65804,5.8137,4.56145,13.5744,18.4932,19.5531,19.2139,19.4833,18.8743,18.3655,16.8653,13.5998,10.1441,4.60345,	
4.52503,13.0561,13.6836,13.9022,14.1126,14.6,14.2416,13.9833,13.5952,16.6832,11.9498,18.1298,18.3352,18.6729,18.9458,19.4662,20.0399,20.2501,20.4032,20.0455,16.6417,11.9497,	20,20.9404,21.7374,21.9557,20.8568,18.0372,14.1409,10.4049,7.64486,5.80885,4.58301,13.5744,18.4932,19.5531,19.2139,19.487,18.8738,18.3655,16.8316,13.5773,10.1214,4.58302,	
4.51349,13.0533,13.6792,13.8972,14.096,14.5675,14.224,13.9729,13.591,16.6592,11.9478,18.1298,18.3218,18.6618,18.9495,19.4414,20.0303,20.2295,20.4179,20.0698,16.6592,11.9448,	20,20.945,21.7436,21.9551,20.8381,18,14.092,10.3735,7.62994,5.80257,4.55766,13.5744,18.4994,19.5587,19.2139,19.494,18.8732,18.3467,16.8316,13.5773,10.1095,4.55766,	
4.50214,13.0471,13.6516,13.8922,14.0738,14.5472,14.2066,13.9574,13.5613,16.6155,11.8396,18.1298,18.3086,18.6385,18.9548,19.4185,20.0352,20.2096,20.3838,20.0382,16.7729,11.8398,	20,20.9495,21.7527,21.9542,20.8242,17.9634,14.0441,10.3298,7.60312,5.79257,4.50758,13.5064,18.5055,19.5696,19.1856,19.494,18.8688,18.3252,16.7828,13.5406,10.0965,4.50755,	
4.49101,13.0471,13.6289,13.887,14.0682,14.5336,14.1887,13.936,13.5569,16.664,11.8567,18.1298,18.3086,18.6262,18.944,19.4211,20.0236,20.2008,20.3601,20.042,16.7156,11.8683,	20,20.9495,21.7557,21.9536,20.815,17.9417,14.0173,10.3042,7.58916,5.78656,4.52615,13.473,18.4932,19.575,19.1924,19.494,18.8665,18.3159,16.7508,13.5259,10.0837,4.52534,	
4.48006,13.0233,13.6289,13.8771,14.0574,14.5206,14.1773,13.9106,13.5569,16.6297,11.8813,18.1298,18.2957,18.6279,18.9211,19.4119,20.0141,20.1962,20.3257,20.07,16.6836,11.8847,	20,20.9539,21.7586,21.9525,20.7967,17.9063,13.9843,10.271,7.57167,5.77846,4.54576,13.4401,18.487,19.575,19.2058,19.4971,18.865,18.3159,16.7036,13.5114,10.0175,4.54708,	
4.42681,12.9825,13.581,13.8402,14.0521,14.5079,14.1607,13.9009,13.5488,16.5938,11.8863,18.1298,18.2831,18.6056,18.902,19.4179,20.0058,20.2078,20.323,20.0752,16.6841,11.8907,	20,20.9583,21.7671,21.9505,20.7741,17.8645,13.9455,10.2427,7.5566,5.77169,4.50971,13.408,18.4808,19.5387,19.2197,19.4501,18.8627,18.3159,16.6882,13.4972,9.98717,4.50954,	
4.40595,12.9773,13.5477,13.8402,14.042,14.4841,14.1607,13.8962,13.541,16.5864,11.887,18.1298,18.258,18.5851,18.9086,19.4225,19.9968,20.2172,20.3184,20.0774,16.686,11.8869,	20,20.9626,21.7783,21.9488,20.756,17.8301,13.9137,10.2189,7.54369,5.76599,4.48425,13.408,18.4867,19.5545,19.2213,19.4501,18.8603,18.3159,16.673,13.4832,9.96725,4.48429,	
4.3753,12.9747,13.4764,13.8402,14.0318,14.4598,14.1341,13.8819,13.5331,16.6279,11.8247,18.1298,18.258,18.5381,18.9147,19.427,19.9752,20.186,20.3366,20.0881,16.6311,11.9452,	20,20.9626,21.7891,21.947,20.7381,17.7894,13.8576,10.1841,7.52575,5.75608,4.45605,13.377,18.4437,19.5608,19.222,19.4501,18.8554,18.2878,16.6767,13.4695,9.92845,4.45768,	
4.34535,12.9666,13.4028,13.8263,14.0216,14.4478,14.1182,13.8581,13.5174,16.632,11.8106,18.047,18.2619,18.5297,18.9074,19.4069,19.9688,20.1709,20.3101,20.0771,16.6653,11.809,	20,20.9709,21.7944,21.945,20.7112,17.7424,13.8027,10.1389,7.50128,5.74366,4.40545,13.3157,18.4436,19.5022,19.2345,19.4114,18.853,18.2675,16.6004,13.4546,9.92684,4.40936,	
4.32573,12.9444,13.4028,13.8048,14.0165,14.4418,14.1078,13.8444,13.5058,16.6411,11.8033,18.047,18.25,18.5314,18.8973,19.4092,19.9707,20.1608,20.2869,20.0615,16.6509,11.8684,	20,20.975,21.797,21.9439,20.7023,17.7291,13.7846,10.1205,7.48936,5.73591,4.39666,13.3157,18.4493,19.4998,19.2406,19.4114,18.853,18.2574,16.5714,13.4279,9.89857,4.4142,	
4.32573,12.9419,13.3957,13.7961,14.0018,14.4359,14.1078,13.8355,13.4945,16.6063,11.835,18.047,18.25,18.52,18.8762,19.3885,19.9754,20.1698,20.2824,20.0343,16.6625,11.8353,	20,20.975,21.7995,21.9422,20.6803,17.6964,13.7551,10.1023,7.47435,5.72775,4.38837,13.3157,18.4493,19.5049,19.2526,19.4171,18.853,18.2574,16.5714,13.3751,9.88005,4.38894,	
4.32573,12.9394,13.3887,13.7831,14.0018,14.4245,14.0877,13.8223,13.4724,16.5874,11.8278,18.047,18.25,18.5088,18.8665,19.3906,19.9651,20.1353,20.2657,19.9704,16.6688,11.8284,	20,20.975,21.802,21.9416,20.6716,17.677,13.7202,10.0773,7.45156,5.71563,4.41669,13.3157,18.4493,19.5099,19.2526,19.4199,18.8504,18.2277,16.5571,13.2849,9.85273,4.41648,	
4.30699,12.9134,13.3589,13.7663,13.9922,14.4019,14.0827,13.7835,13.4618,16.6646,11.8235,18.047,18.227,18.4787,18.8513,19.3862,19.9365,20.0991,20.22,19.9914,16.6696,11.8319,	20,20.979,21.8167,21.938,20.6325,17.5996,13.6225,10.0181,7.42162,5.70154,4.42929,13.3157,18.4548,19.5347,19.2526,19.4278,18.8425,18.2179,16.4871,13.2597,9.85869,4.43212,	
4.27039,12.8697,13.3203,13.7579,13.9829,14.3853,14.0827,13.7415,13.4547,16.6522,11.7951,18.047,18.2043,18.4819,18.8432,19.3662,19.9177,20.1114,20.1921,19.9896,16.6859,11.8721,	20,20.9829,21.8215,21.936,20.6107,17.5553,13.5838,9.9876,7.40484,5.69209,4.42491,13.3157,18.4602,19.4543,19.2173,19.4329,18.8371,18.2192,16.4595,13.2481,9.81459,4.43763,	
4.27039,12.8697,13.317,13.7458,13.9784,14.3691,14.0781,13.7335,13.4442,16.601,11.8706,18.047,18.2043,18.4819,18.8218,19.3569,19.8973,20.1071,20.1902,19.9662,16.6527,11.8696,	20,20.9829,21.8215,21.9353,20.5977,17.5241,13.5564,9.9643,7.38988,5.68475,4.44446,13.3157,18.4602,19.4543,19.223,19.4378,18.8317,18.2192,16.4322,13.2179,9.78708,4.44484,	
4.23493,12.8318,13.2921,13.7146,13.974,14.3586,14.0596,13.7178,13.4313,16.652,11.9044,18.047,18.1931,18.4726,18.7824,19.3515,19.9039,20.0811,20.1689,19.9718,16.632,11.9057,	20,20.9867,21.8261,21.9309,20.5674,17.4808,13.5026,9.92198,7.36808,5.67637,4.46064,13.3157,18.4654,19.4187,19.2454,19.4403,18.8317,18.1899,16.3917,13.1936,9.76157,4.46078,	
4.20017,12.8298,13.2706,13.6838,13.9497,14.3331,14.0506,13.7065,13.3965,16.6647,11.8749,18.047,18.1822,18.4741,18.7838,19.3303,19.8726,20.091,20.1407,19.9537,16.6569,11.8823,	20,20.9905,21.8284,21.9301,20.5546,17.4442,13.4709,9.8932,7.33636,5.66946,4.43012,13.3157,18.4706,19.3789,19.2454,19.4049,18.8233,18.1925,16.3519,13.1525,9.75842,4.4353,	
4.19172,12.8105,13.2677,13.6765,13.9497,14.3182,14.0462,13.6844,13.3812,16.6476,11.8924,18.047,18.1822,18.4741,18.7838,19.3303,19.85,20.0941,20.0926,19.902,16.6344,11.9203,	20,20.9905,21.8284,21.9301,20.5546,17.4322,13.4605,9.87429,7.32157,5.66222,4.43429,13.3157,18.4706,19.3789,19.2454,19.4049,18.8177,18.1925,16.3048,13.1002,9.72535,4.43325,	
4.17501,12.7933,13.2677,13.6576,13.9374,14.2989,14.0462,13.6701,13.3693,16.6167,11.8932,18.047,18.1715,18.4755,18.775,19.3213,19.8308,20.1016,20.0645,19.8949,16.6501,12.0093,	20,20.9942,21.8306,21.9286,20.5418,17.4025,13.4346,9.84957,7.30847,5.65601,4.44489,13.3157,18.4756,19.3789,19.2492,19.4072,18.8121,18.1925,16.2713,13.0835,9.69299,4.44632,	
4.16673,12.7917,13.2444,13.6541,13.9257,14.2989,14.042,13.6701,13.3693,16.6326,11.9384,18.047,18.1715,18.4652,18.7764,19.301,19.8337,20.094,20.0726,19.9041,16.6351,11.9384,	20,20.9942,21.8328,21.9279,20.5291,17.3849,13.4142,9.8374,7.30332,5.65422,4.42366,13.3157,18.4756,19.3838,19.2495,19.4117,18.8133,18.1831,16.2752,13.0835,9.69299,4.4237,	
4.15857,12.7917,13.2368,13.6474,13.9066,14.2896,14.0217,13.6668,13.3498,16.5561,11.9679,18.047,18.1715,18.4448,18.7691,19.2933,19.8265,20.0777,20.0865,19.8694,16.6408,12.0042,	20,20.9942,21.837,21.9255,20.5124,17.3559,13.3791,9.81649,7.28944,5.64649,4.42733,13.3157,18.4756,19.3933,19.2547,19.4139,18.8116,18.1645,16.2752,13.0384,9.65911,4.45583,	
4.13453,12.7718,13.2319,13.5977,13.9027,14.2806,14.0097,13.6567,13.347,16.5516,11.8858,18.047,18.1715,18.4347,18.7506,19.296,19.8292,20.0587,20.0712,19.8731,16.5516,12.0785,	20,20.9942,21.8391,21.9231,20.4999,17.3386,13.3544,9.79593,7.28077,5.64101,4.43431,13.2388,18.4756,19.3628,19.265,19.4135,18.8125,18.146,16.2502,13.0384,9.61281,4.43432,	
4.11882,12.7343,13.2245,13.5977,13.8914,14.2715,13.9821,13.6436,13.3388,16.5538,11.9361,18.047,18.1303,18.4402,18.7558,19.279,19.824,20.0344,20.0415,19.867,16.6259,11.9623,	20,21.0047,21.8474,21.9198,20.475,17.2988,13.3105,9.75854,7.26023,5.63401,4.42614,13.2135,18.49,19.3541,19.265,19.4176,18.8108,18.1277,16.2009,13.0006,9.60523,4.42698,	
4.1033,12.7018,13.2152,13.5885,13.877,14.2322,13.9596,13.6212,13.3206,16.5311,11.9772,18.047,18.1201,18.4219,18.7403,19.2834,19.7969,20.012,20.0141,19.8265,16.5364,11.991,	20,21.0082,21.8534,21.9155,20.4544,17.2537,13.2576,9.71635,7.23566,5.62278,4.4382,13.1389,18.4848,19.3403,19.2752,19.417,18.768,18.1017,16.1559,12.9357,9.56293,4.44383,	
4.09565,12.7004,13.1914,13.5794,13.877,14.228,13.9596,13.606,13.3181,16.4811,11.969,18.047,18.1201,18.4122,18.7319,19.2851,19.7987,20.015,19.9822,19.8253,16.4808,12.0453,	20,21.0082,21.8554,21.9138,20.4462,17.2425,13.2481,9.70257,7.22881,5.61865,4.42224,13.1389,18.4848,19.3089,19.2801,19.417,18.768,18.1017,16.1199,12.931,9.5326,4.42245,	
4.08053,12.6832,13.1892,13.5737,13.8665,14.2075,13.9306,13.597,13.2962,16.3791,11.9895,18.047,18.1001,18.4148,18.7344,19.2768,19.8014,20.0081,19.978,19.7407,16.444,11.995,	20,21.015,21.8593,21.9121,20.434,17.2259,13.2294,9.68896,7.21425,5.61128,4.39939,13.0186,18.4742,19.2975,19.2573,19.4189,18.768,18.0927,16.1081,12.8473,9.50181,4.40174,	
4.07311,12.6676,13.1892,13.5619,13.8631,14.1953,13.927,13.5911,13.2889,16.4125,11.9339,18.047,18.1001,18.4148,18.725,19.2784,19.793,20.0124,19.972,19.7263,16.3685,11.9553,	20,21.015,21.8593,21.9103,20.4259,17.2095,13.2155,9.67822,7.20876,5.60744,4.36153,12.9713,18.4643,19.2861,19.267,19.3836,18.7652,18.0939,16.0963,12.8371,9.47355,4.38621,	
4.02173,12.5849,13.166,13.5418,13.8527,14.1831,13.9162,13.5821,13.2841,16.387,11.9508,18.047,18.0311,18.3949,18.7185,19.2775,19.8033,20.0183,19.9736,19.748,16.401,11.9436,	20,21.035,21.8781,21.9003,20.3776,17.1446,13.156,9.63863,7.19253,5.59832,4.32348,12.9713,18.4919,19.3033,19.2718,19.3838,18.7652,18.0851,16.0439,12.8429,9.43867,4.32825,	
3.98602,12.5816,13.1129,13.4993,13.8427,14.167,13.8953,13.5675,13.2701,16.3139,11.9627,18.047,18.0118,18.3878,18.7037,19.2621,19.7694,20.0115,19.975,19.7345,16.417,12.0248,	20,21.0416,21.8835,21.8956,20.3495,17.0859,13.0978,9.60014,7.17351,5.58621,4.34018,12.9482,18.4583,19.2721,19.2812,19.3871,18.7535,18.0674,16.0294,12.8184,9.36727,4.363,	
3.97897,12.5664,13.1048,13.4939,13.8361,14.1632,13.8919,13.5619,13.2632,16.3623,11.9684,18.047,18.0022,18.3703,18.7073,19.2453,19.7736,20.0182,19.9728,19.7249,16.3724,11.9665,	20,21.0449,21.8889,21.8926,20.3294,17.0595,13.0757,9.58503,7.16523,5.58187,4.33655,12.9025,18.4434,19.2799,19.2812,19.3903,18.7535,18.0697,16.0181,12.81,9.36564,4.33796,	
3.95114,12.5181,13.1028,13.4745,13.8294,14.1515,13.8919,13.5562,13.2586,16.3623,11.9301,18.047,17.9735,18.3735,18.7108,19.2383,19.7769,20.0234,19.9578,19.7267,16.4254,11.9254,	20,21.0546,21.8942,21.8896,20.3135,17.0386,13.0582,9.57016,7.15811,5.57862,4.30676,12.8798,18.4474,19.2784,19.2473,19.3902,18.7535,18.0697,15.9956,12.8002,9.34921,4.33357,	
3.94432,12.5171,13.0987,13.4745,13.8228,14.1437,13.8919,13.5505,13.2356,16.4137,11.9103,18.047,17.9735,18.3644,18.7119,19.2204,19.7599,20.0298,19.967,19.715,16.4258,11.9186,	20,21.0546,21.8959,21.8886,20.3016,17.0128,13.0367,9.55794,7.1511,5.57487,4.31885,12.8798,18.4474,19.2829,19.2473,19.3934,18.7487,18.0697,16.0004,12.7586,9.34269,4.32215,	
3.93755,12.5024,13.0945,13.469,13.8129,14.1321,13.8817,13.5448,13.2286,16.3837,11.9044,18.047,17.9735,18.3554,18.6951,19.1952,19.7548,20.028,19.9705,19.701,16.4589,11.9059,	20,21.0546,21.8959,21.8856,20.278,16.977,13.0027,9.53627,7.13928,5.56866,4.3275,12.8578,18.4379,19.2829,19.2609,19.3981,18.7135,18.0633,15.994,12.7298,9.32975,4.32804,	
3.93085,12.5003,13.0749,13.4584,13.8064,14.117,13.8715,13.5336,13.2286,16.3783,11.9198,18.047,17.9735,18.3375,18.6885,19.1978,19.738,20.0028,19.9521,19.7244,16.3772,11.9785,	20,21.0546,21.8992,21.8824,20.2662,16.9517,12.9692,9.51028,7.12864,5.56139,4.32932,12.8578,18.4379,19.2918,19.2653,19.3981,18.7076,18.0375,15.9682,12.7137,9.28518,4.3318,	
3.91104,12.4705,13.0711,13.4373,13.8001,14.1024,13.8682,13.5282,13.2264,16.2972,11.9478,18.047,17.9735,18.3375,18.6797,19.1895,19.7206,19.9975,19.9393,19.7278,16.2974,12.0083,	20,21.0546,21.8992,21.8814,20.2584,16.9366,12.9485,9.49405,7.12101,5.55548,4.31055,12.8578,18.4379,19.2918,19.2697,19.3993,18.7046,18.0204,15.9243,12.683,9.24771,4.31094,	
3.89152,12.4412,13.0467,13.4276,13.7941,14.0881,13.8587,13.5204,13.2243,16.2743,11.9746,18.047,17.946,18.3143,18.6687,19.187,19.6998,20.0115,19.9288,19.7575,16.296,11.9727,	20,21.0638,21.9074,21.873,20.2234,16.8819,12.8996,9.45996,7.10694,5.54767,4.29699,12.8363,18.4509,19.3005,19.2721,19.4005,18.6987,18.0119,15.8921,12.6884,9.22309,4.29785,	
3.88512,12.4404,13.043,13.4094,13.788,14.081,13.8587,13.5178,13.2159,16.257,11.9442,18.047,17.937,18.3154,18.6611,19.1797,19.6837,20.0171,19.9377,19.7457,16.2844,11.9641,	20,21.0668,21.9089,21.8708,20.2157,16.8622,12.8795,9.4488,7.10049,5.54294,4.27574,12.8152,18.4552,19.3005,19.2764,19.3897,18.6927,18.0034,15.8921,12.6699,9.20457,4.27982,	
3.86608,12.4124,13.0261,13.4094,13.7758,14.0599,13.8556,13.5073,13.2033,16.2198,11.9395,18.047,17.9189,18.3002,18.6654,19.1565,19.671,20.0168,19.924,19.76,16.2646,11.9526,	20,21.0668,21.9137,21.8665,20.1887,16.8183,12.8397,9.42027,7.08776,5.53443,4.25543,12.7942,18.446,19.3133,19.2806,19.3936,18.6866,17.995,15.8605,12.6661,9.17469,4.25414,	
3.85351,12.3846,13.0261,13.407,13.7669,14.0565,13.8493,13.5048,13.1929,16.2449,11.9293,18.047,17.901,18.3022,18.6675,19.1494,19.6643,20.0111,19.9224,19.7501,16.2712,11.9248,	20,21.0728,21.9168,21.8643,20.1771,16.7989,12.8201,9.4073,7.08059,5.5301,4.23722,12.7942,18.4545,19.3133,19.2806,19.3949,18.6843,17.9866,15.85,12.6479,9.17962,4.23207,	
3.8411,12.3708,13.0113,13.407,13.7639,14.053,13.8339,13.4997,13.1888,16.2201,11.9266,18.047,17.901,18.2936,18.6685,19.1416,19.6659,19.9933,19.919,19.749,16.2609,11.9194,	20,21.0728,21.9183,21.8632,20.1694,16.7893,12.8046,9.39876,7.07527,5.52563,4.21312,12.7942,18.4545,19.3175,19.2806,19.3962,18.6843,17.9722,15.8534,12.6386,9.14725,4.21771,	
3.83498,12.3708,12.9896,13.4022,13.752,14.0496,13.8339,13.4868,13.1827,16.2517,11.8753,18.047,17.901,18.2852,18.6695,19.1082,19.6607,19.9997,19.9088,19.7535,16.2421,11.875,	20,21.0728,21.9198,21.8621,20.1504,16.7608,12.7816,9.38193,7.0674,5.51992,4.18577,12.7535,18.4364,19.3217,19.2806,19.4009,18.6813,17.9734,15.8329,12.6204,9.15192,4.18601,	
3.83498,12.3701,12.9861,13.3998,13.7461,14.0427,13.8246,13.4817,13.1722,16.2311,11.8682,18.047,17.901,18.2768,18.6621,19.0931,19.6458,19.9864,19.9023,19.7303,16.3104,11.8705,	20,21.0728,21.9213,21.8598,20.139,16.7372,12.7513,9.36121,7.05532,5.51175,4.21081,12.7535,18.4364,19.3258,19.2847,19.4021,18.6752,17.9487,15.8125,12.5853,9.14043,4.21109,	
3.81703,12.3434,12.9791,13.3902,13.7247,14.0359,13.8185,13.4817,13.1641,16.2575,11.8773,18.047,17.901,18.2685,18.6384,19.0799,19.6412,19.9936,19.9141,19.7125,16.2516,11.8871,	20,21.0728,21.9228,21.8553,20.1165,16.7045,12.7252,9.34694,7.04683,5.50499,4.20314,12.7535,18.4364,19.3298,19.2667,19.4043,18.6742,17.9487,15.7878,12.5594,9.11773,4.20236,	
3.81108,12.3419,12.9648,13.3878,13.7218,14.0325,13.8123,13.4741,13.1519,16.2768,11.8334,18.047,17.901,18.2685,18.6384,19.0716,19.6419,19.985,19.8876,19.6812,16.2689,11.8413,	20,21.0728,21.9228,21.8553,20.1127,16.6999,12.7178,9.33885,7.03926,5.50028,4.19522,12.7139,18.4276,19.3196,19.2367,19.4054,18.6742,17.9406,15.7677,12.5167,9.11744,4.19673,	
3.79353,12.328,12.9332,13.3806,13.7102,14.0156,13.8062,13.469,13.1458,16.2438,11.8599,18.047,17.8925,18.2532,18.6252,19.0595,19.6464,19.9826,19.8813,19.6697,16.2896,11.8665,	20,21.0757,21.927,21.8495,20.0867,16.6678,12.6886,9.31893,7.02852,5.49231,4.19948,12.6943,18.4229,19.3276,19.2448,19.4076,18.6762,17.9326,15.7479,12.4914,9.09666,4.20163,	
3.78776,12.3127,12.9315,13.3783,13.6987,14.0055,13.8031,13.4615,13.1438,16.2464,11.8132,18.0195,17.8858,18.247,18.62,19.0629,19.649,19.9773,19.8702,19.6726,16.2909,11.8165,	20,21.0813,21.9312,21.8448,20.0719,16.6496,12.6705,9.30519,7.02198,5.48745,4.1901,12.6363,18.4048,19.3316,19.2488,19.4076,18.6762,17.8972,15.7283,12.4913,9.0802,4.19764,	
3.78203,12.299,12.9264,13.3735,13.69,13.9989,13.8001,13.459,13.1397,16.2418,11.8166,18.0195,17.8773,18.2319,18.6149,19.0582,19.635,19.9844,19.8722,19.6771,16.2817,11.8145,	20,21.0841,21.9354,21.8401,20.0536,16.6181,12.6455,9.28971,7.01472,5.48243,4.17707,12.6363,18.4088,19.3394,19.2527,19.4086,18.6701,17.8994,15.7186,12.483,9.06933,4.18113,	
3.75944,12.2863,12.8819,13.3664,13.6757,13.979,13.788,13.4388,13.1274,16.2802,11.7358,17.9656,17.8807,18.21,18.6116,19.0391,19.6237,19.9949,19.8332,19.6778,16.2774,11.7958,	20,21.0897,21.9421,21.8329,20.0207,16.578,12.6067,9.25718,6.98846,5.47136,4.1493,12.6173,18.4082,19.3511,19.2568,19.4114,18.6722,17.8836,15.6718,12.4363,9.04929,4.15195,	
3.75384,12.2711,12.8819,13.3639,13.6642,13.969,13.7849,13.4337,13.1274,16.2619,11.7504,17.9656,17.864,18.212,18.6056,19.0177,19.6106,20.0024,19.8375,19.6933,16.282,11.7505,	20,21.0924,21.9448,21.8304,19.9988,16.5426,12.5787,9.24022,6.98153,5.46585,4.13509,12.6173,18.4122,19.355,19.2568,19.415,18.6659,17.887,15.6622,12.4456,9.02517,4.13516,	
3.73727,12.2311,12.8785,13.3543,13.6528,13.9657,13.7758,13.4312,13.1274,16.2595,11.7168,17.9656,17.831,18.2079,18.5946,19.0157,19.6154,20.0004,19.8435,19.7101,16.2776,11.7692,	20,21.1033,21.9512,21.8218,19.9734,16.5076,12.5477,9.22171,6.97392,5.45876,4.11039,12.6173,18.428,19.3289,19.2644,19.415,18.6627,17.8792,15.6527,12.4504,9.00419,4.10852,	
3.72087,12.218,12.8601,13.3379,13.6528,13.9493,13.7579,13.4263,13.1192,16.2649,11.7207,17.9392,17.8326,18.1932,18.5973,19.0183,19.6006,19.9776,19.8569,19.685,16.2785,11.6994,	20,21.1061,21.9551,21.818,19.9625,16.4859,12.5239,9.20712,6.96488,5.45073,4.07287,12.6173,18.4319,19.3366,19.2644,19.415,18.6573,17.8635,15.6204,12.4003,8.98861,4.0899,	
3.72087,12.2157,12.8584,13.3355,13.6528,13.9493,13.7579,13.4187,13.1172,16.25,11.7088,17.9392,17.8163,18.195,18.5914,19.0208,19.6024,19.9803,19.8432,19.6839,16.2844,11.7091,	20,21.1114,21.9576,21.8155,19.9517,16.473,12.5138,9.19809,6.96039,5.44704,4.08752,12.5989,18.4397,19.3353,19.2547,19.4158,18.6573,17.8635,15.6017,12.3923,8.98346,4.08749,	
3.71014,12.2135,12.8452,13.3284,13.65,13.9493,13.743,13.4113,13.0996,16.2643,11.7048,17.9392,17.8001,18.1891,18.5788,19.0249,19.6054,19.958,19.8561,19.6879,16.2571,11.7082,	20,21.1168,21.9613,21.8093,19.9338,16.4516,12.4871,9.18383,6.95372,5.44075,4.08019,12.5807,18.4124,19.3391,19.2621,19.4156,18.6573,17.8424,15.605,12.3924,8.96815,4.0829,	
3.69954,12.2013,12.8289,13.3214,13.6416,13.9429,13.7196,13.4015,13.0836,16.2586,11.673,17.9136,17.7938,18.1832,18.574,19.0204,19.5923,19.9203,19.847,19.6754,16.2889,11.7412,	20,21.122,21.9649,21.8042,19.916,16.4218,12.4476,9.15754,6.93982,5.42997,4.10067,12.5628,18.4201,19.3332,19.2657,19.4161,18.6521,17.804,15.5978,12.3528,8.95302,4.09884,	
3.69428,12.1998,12.8272,13.3167,13.6304,13.9332,13.7023,13.378,13.0736,16.2644,11.6766,17.9136,17.7779,18.1849,18.5682,19.0075,19.5953,19.8987,19.8226,19.667,16.3074,11.6982,	20,21.1273,21.9673,21.8004,19.8983,16.4006,12.4216,9.13685,6.92897,5.42113,4.07944,12.5628,18.4278,19.3332,19.2693,19.4175,18.6532,17.7812,15.5684,12.339,8.93799,4.08459,	
3.68907,12.1976,12.8127,13.3075,13.6304,13.9268,13.6965,13.3731,13.0716,16.2861,11.6735,17.9136,17.77,18.1707,18.5634,19.0106,19.5976,19.8939,19.8121,19.669,16.3121,11.674,	20,21.1299,21.9708,21.7953,19.8842,16.3838,12.4055,9.12495,6.92324,5.4168,4.0706,12.5628,18.4316,19.3393,19.2729,19.4175,18.6532,17.7736,15.5533,12.3313,8.93302,4.07049,	
3.68907,12.1968,12.8111,13.3006,13.6304,13.9268,13.688,13.3707,13.0696,16.2978,11.6639,17.9136,17.7622,18.164,18.5651,19.0122,19.5988,19.8786,19.8091,19.6677,16.2914,11.6656,	20,21.1325,21.9719,21.7927,19.8772,16.3755,12.3959,9.11655,6.91899,5.41289,4.06518,12.5628,18.4354,19.3393,19.2764,19.4175,18.6532,17.7661,15.5354,12.3237,8.92317,4.06468,	
3.67884,12.1961,12.781,13.2915,13.6304,13.9236,13.6796,13.366,13.0619,16.2757,11.6824,17.9136,17.7622,18.1417,18.5603,19.0152,19.5932,19.8578,19.803,19.6653,16.2732,11.7233,	20,21.1325,21.9753,21.7876,19.8633,16.3548,12.3706,9.09995,6.91055,5.40466,4.08996,12.5628,18.4354,19.3503,19.28,19.4172,18.65,17.7437,15.496,12.3131,8.89399,4.09025,	
3.66367,12.1707,12.781,13.2827,13.6114,13.8962,13.6578,13.3546,13.0525,16.2238,11.7072,17.9136,17.7392,18.1193,18.5418,19.013,19.5589,19.8286,19.8196,19.6591,16.2183,11.7753,	20,21.135,21.9798,21.7787,19.8389,16.3094,12.3146,9.06896,6.89454,5.39071,4.09693,12.5282,18.431,19.3611,19.2811,19.417,18.6382,17.6943,15.4902,12.2983,8.82917,4.10645,	
3.65867,12.1707,12.7797,13.272,13.6063,13.8676,13.6473,13.3501,13.0417,16.1445,11.7589,17.9136,17.7392,18.1193,18.5274,18.9997,19.5305,19.8196,19.8245,19.6496,16.1836,11.8399,	20,21.135,21.9798,21.7761,19.825,16.2808,12.284,9.05135,6.8849,5.38171,4.11247,12.5282,18.431,19.3611,19.2879,19.4181,18.6307,17.6722,15.4857,12.2761,8.78703,4.13728,	
3.64875,12.1586,12.7728,13.2569,13.5964,13.8647,13.6396,13.3459,13.0364,16.1583,11.782,17.9136,17.7241,18.1065,18.5163,19.0039,19.5343,19.817,19.8251,19.6356,16.1703,11.8004,	20,21.14,21.9841,21.7683,19.8043,16.2563,12.2628,9.0387,6.87807,5.3768,4.11524,12.5282,18.4383,19.367,19.2947,19.4168,18.6307,17.6649,15.477,12.2615,8.76853,4.11425,	
3.64382,12.1581,12.7715,13.255,13.5709,13.8619,13.6396,13.3375,13.0331,16.1412,11.8301,17.9136,17.7166,18.1073,18.51,18.9834,19.5374,19.8218,19.8056,19.6395,16.1112,11.8304,	20,21.1425,21.9851,21.7657,19.7871,16.2361,12.2477,9.02619,6.87265,5.37181,4.12353,12.5282,18.442,19.367,19.298,19.417,18.6328,17.6649,15.4509,12.2615,8.74112,4.1236,	
3.63895,12.1563,12.758,13.2511,13.5662,13.8592,13.6371,13.3334,13.0216,16.1133,11.7973,17.8896,17.6958,18.1105,18.5062,18.9797,19.541,19.8276,19.7965,19.6167,16.1679,11.8137,	20,21.1499,21.9893,21.7591,19.7666,16.2121,12.2299,9.01383,6.86462,5.3666,4.10264,12.5115,18.4449,19.3693,19.3013,19.4175,18.6326,17.6694,15.4336,12.2162,8.73227,4.1134,	
3.63413,12.1431,12.7517,13.2472,13.5638,13.8564,13.6322,13.3294,13.02,16.1314,11.7912,17.8896,17.6811,18.0979,18.5024,18.9832,19.5439,19.8241,19.7875,19.6204,16.1178,11.8263,	20,21.1548,21.9934,21.7525,19.7496,16.1923,12.2122,9.00165,6.85868,5.36236,4.10707,12.5115,18.4521,19.3762,19.3047,19.416,18.6079,17.6622,15.4166,12.2091,8.71886,4.10422,	
3.6245,12.1318,12.7344,13.2453,13.5494,13.8536,13.6273,13.3252,13.0183,16.1223,11.7162,17.8896,17.6811,18.0908,18.4962,18.956,19.5473,19.8216,19.7971,19.6312,16.1259,11.7942,	20,21.1548,21.9944,21.7498,19.7293,16.1687,12.1947,8.99109,6.85408,5.35887,4.08804,12.4453,18.4284,19.3797,19.3079,19.4086,18.5843,17.6622,15.4081,12.2091,8.69405,4.08663,	
3.61027,12.1086,12.733,13.2249,13.5399,13.8536,13.6197,13.3128,13.0118,16.0826,11.7982,17.8896,17.6593,18.0931,18.4848,18.9524,19.5505,19.8192,19.7727,19.6132,16.1275,11.8072,	20,21.162,21.9973,21.743,19.7091,16.1453,12.1745,8.97473,6.84436,5.35187,4.10735,12.4453,18.415,19.3797,19.3131,19.4088,18.5843,17.655,15.3744,12.1965,8.6722,4.10998,	
3.60085,12.0856,12.7293,13.2193,13.5375,13.8429,13.6078,13.3108,13.007,16.0856,11.7957,17.8896,17.6593,18.0931,18.478,18.946,19.5367,19.7907,19.7835,19.5995,16.0845,11.806,	20,21.162,21.9973,21.7417,19.7024,16.1298,12.1516,8.96296,6.83731,5.34695,4.10334,12.4292,18.415,19.3797,19.3163,19.4001,18.5537,17.6264,15.3774,12.1839,8.64361,4.10581,	
3.60085,12.0852,12.7281,13.2193,13.5353,13.8429,13.6031,13.3068,13.0007,16.0909,11.7905,17.8896,17.6593,18.0931,18.478,18.939,19.5372,19.7837,19.7777,19.5785,16.0932,11.8051,	20,21.162,21.9973,21.7417,19.6991,16.1259,12.1459,8.95859,6.8335,5.34448,4.10659,12.4292,18.415,19.3797,19.3163,19.4005,18.5548,17.6193,15.3691,12.1631,8.63967,4.10695,	
3.58233,12.0629,12.7196,13.1995,13.5241,13.8218,13.5937,13.303,12.9928,16.0504,11.78,17.8896,17.6521,18.0869,18.4593,18.9285,19.5262,19.7765,19.7835,19.5633,16.1019,11.7855,	20,21.1644,21.9992,21.7349,19.6759,16.0952,12.115,8.94127,6.82346,5.33781,4.08702,12.3972,18.4185,19.3403,19.3009,19.4012,18.5516,17.5981,15.3637,12.1357,8.63615,4.0869,	
3.57319,12.051,12.7054,13.1959,13.5107,13.8191,13.5914,13.2971,12.9897,16.0585,11.7639,17.8896,17.645,18.0739,18.4617,18.903,19.5225,19.7841,19.7771,19.5703,16.0544,11.8199,	20,21.1667,22.0011,21.7309,19.6527,16.0648,12.0929,8.92704,6.81665,5.33235,4.08004,12.3814,18.4144,19.3437,19.3029,19.4026,18.5485,17.5994,15.3473,12.1176,8.59997,4.10113,	
3.5641,12.0392,12.6938,13.1886,13.5085,13.801,13.5822,13.2855,12.9866,16.051,11.7668,17.8896,17.6307,18.0753,18.4498,18.9058,19.5027,19.7671,19.7489,19.5762,16.0776,11.7669,	20,21.1714,22.003,21.7268,19.6396,16.0383,12.0681,8.90735,6.80622,5.3258,4.06718,12.3814,18.398,19.3437,19.306,19.4029,18.5399,17.5866,15.3065,12.0974,8.58751,4.0672,	
3.55962,12.0282,12.6903,13.185,13.504,13.7907,13.5799,13.2778,12.9834,16.0566,11.7413,17.8896,17.6307,18.0617,18.4448,18.9011,19.4904,19.7726,19.7241,19.5825,16.0534,11.7826,	20,21.1714,22.0048,21.7226,19.6297,16.0159,12.0518,8.8935,6.79957,5.32087,4.06264,12.3814,18.398,19.3505,19.309,19.4029,18.5315,17.5644,15.2742,12.0948,8.57106,4.05682,	
3.53741,11.9961,12.6651,13.1814,13.5018,13.7907,13.5775,13.2758,12.9772,16.0396,11.745,17.8896,17.6237,18.0557,18.4397,18.8964,19.4925,19.7685,19.7226,19.5828,16.0898,11.7441,	20,21.1737,22.0066,21.7185,19.6166,16.001,12.0383,8.88529,6.79538,5.31819,4.04461,12.3504,18.3863,19.3538,19.3121,19.3547,18.5315,17.5598,15.2662,12.073,8.56698,4.04499,	
3.53741,11.9958,12.6639,13.1778,13.4908,13.7804,13.5752,13.2701,12.9725,16.0592,11.6962,17.8896,17.6237,18.0557,18.4397,18.8695,19.4732,19.767,19.717,19.5805,16.0776,11.7548,	20,21.1737,22.0066,21.7185,19.6068,15.9752,12.0169,8.87176,6.78885,5.31261,4.03124,12.3504,18.3863,19.3538,19.3121,19.3556,18.5209,17.5541,15.2503,12.0664,8.54679,4.02894,	
3.52866,11.995,12.6514,13.1741,13.4774,13.7574,13.5636,13.2603,12.9614,16.0672,11.6958,17.8896,17.6167,18.0498,18.4347,18.8451,19.4485,19.7688,19.7166,19.5514,16.1004,11.7514,	20,21.176,22.0084,21.7157,19.5839,15.935,11.9851,8.85304,6.77768,5.30476,4.03517,12.3351,18.3898,19.3484,19.3121,19.3571,18.5093,17.5519,15.2386,12.0467,8.52025,4.03825,	
3.52432,11.9842,12.6514,13.1686,13.4709,13.7549,13.559,13.2546,12.9583,16.0902,11.7137,17.8896,17.6098,18.0505,18.4226,18.834,19.4509,19.7654,19.7085,19.5467,16.1123,11.7135,	20,21.1782,22.0092,21.7129,19.5676,15.9168,11.9693,8.84247,6.77187,5.30111,4.04308,12.3351,18.3932,19.3484,19.3151,19.3579,18.5093,17.545,15.2229,12.0377,8.52888,4.04374,	
3.51142,11.9736,12.628,13.1633,13.4666,13.7499,13.5523,13.2509,12.9538,16.069,11.7275,17.8896,17.6098,18.0439,18.4105,18.8296,19.4389,19.7628,19.7097,19.542,16.0893,11.7347,	20,21.1782,22.0101,21.7087,19.5546,15.8952,11.9512,8.83332,6.76612,5.29637,4.04022,12.32,18.3858,19.3516,19.321,19.3581,18.5039,17.518,15.2042,12.0251,8.50917,4.03934,	
3.51142,11.9733,12.6258,13.1564,13.4645,13.7474,13.5501,13.2435,12.9493,16.0648,11.7474,17.8896,17.603,18.038,18.3929,18.8331,19.4412,19.7669,19.6926,19.5293,16.0554,11.7553,	20,21.1804,22.0118,21.7031,19.5385,15.8774,11.9383,8.82296,6.75985,5.29147,4.05014,12.32,18.3892,19.3549,19.3268,19.3583,18.5039,17.518,15.181,12.0059,8.48968,4.05348,	
3.51142,11.973,12.6226,13.1547,13.4583,13.7329,13.5414,13.238,12.942,16.0245,11.7554,17.8896,17.603,18.0184,18.3952,18.8222,19.423,19.7583,19.6977,19.513,16.0601,11.7768,	20,21.1804,22.0143,21.6989,19.5256,15.849,11.9128,8.80888,6.75139,5.2853,4.05182,12.32,18.3892,19.3645,19.3268,19.3585,18.4912,17.5068,15.1801,11.9806,8.47502,4.05835,	
