k=0_act,k=1_act,k=2_act,k=3_act,k=4_act,k=5_act,k=6_act,k=7_act,k=8_act,k=9_act,k=10_act,k=0_wait,k=1_wait,k=2_wait,k=3_wait,k=4_wait,k=5_wait,k=6_wait,k=7_wait,k=8_wait,k=9_wait,k=10_wait,	k=0_act,k=1_act,k=2_act,k=3_act,k=4_act,k=5_act,k=6_act,k=7_act,k=8_act,k=9_act,k=10_act,k=0_wait,k=1_wait,k=2_wait,k=3_wait,k=4_wait,k=5_wait,k=6_wait,k=7_wait,k=8_wait,k=9_wait,k=10_wait,	
39.8874,37.3023,5.12498,39.9616,9.44356,15.8311,15.5164,26.7898,37.4216,33.8524,12.5309,20.9819,17.7381,9.18309,21.3766,36.5585,18.2882,17.2279,37.5651,31.1356,28.6388,32.1103,	3.71203,20.7261,34.6008,33.1659,33.1841,10.922,2.36973,26.8211,23.7226,26.8662,16.4715,7.90204,11.5852,5.68481,31.3326,16.5016,1.36685,24.9612,26.4254,11.9398,17.8454,8.92978,	
36.6292,26.0657,20.4627,23.269,23.4632,23.9061,23.964,24.3609,24.5556,24.568,24.181,8.25921,20.8328,19.0747,21.7161,22.8037,23.5738,24.0123,24.4753,24.7506,25.0251,24.8327,	1.17198,17.6868,19.9368,20.5692,21.0891,21.7007,21.5443,21.2559,20.5774,20.1283,19.3323,2.12513,10.453,17.5984,19.538,20.4882,21.0312,21.4842,21.0926,20.6202,19.9288,19.4511,	
32.6407,24.6855,24.8047,24.6645,25.1353,25.969,26.5251,26.9191,27.1187,27.2453,27.4829,3.77867,17.2727,21.2744,22.9099,24.0895,25.3466,26.1744,26.8538,27.3277,27.5904,27.9603,	0.816925,20.7145,22.4417,22.9363,23.3937,24.3207,24.4165,24.1345,23.5776,22.7152,21.8507,1.51132,11.0689,18.8493,21.3306,22.5099,23.224,23.7686,23.7135,23.5066,22.799,21.8311,	
30.4286,26.4138,27.7249,27.8299,28.1669,28.8439,29.5876,29.5989,30.0873,30.0946,30.1409,2.3471,15.7498,21.9404,24.756,26.2785,27.6591,28.8848,29.4667,30.0644,30.47,30.8138,	0.727969,22.4191,25.0513,26.1766,26.7431,27.7116,27.5915,27.3693,26.9505,26.1099,25.2601,1.31341,12.4154,20.2749,23.9212,25.4437,26.7865,26.9501,27.0556,26.4498,26.0965,25.3352,	
28.509,28.181,29.8088,30.1023,30.4352,31.2226,31.309,31.8197,31.8526,32.1754,32.1258,1.55605,14.417,22.5127,26.3331,28.3545,29.8842,30.8974,31.6523,32.1149,32.4794,32.6181,	0.65196,24.0644,27.4633,28.7669,29.6867,30.3115,30.4644,30.1097,29.8899,29.4208,28.5192,1.17628,12.5803,21.284,25.3752,27.5604,28.645,29.6293,29.8268,29.2865,28.8957,28.6526,	
26.7105,30.1953,31.8378,32.3902,32.9045,33.2561,33.56,33.8396,33.89,33.9538,33.9039,1.06845,13.893,22.2348,26.924,29.8627,31.6574,33.06,33.863,34.2554,34.5118,34.3926,	0.595712,25.551,29.2896,30.8855,32.5989,33.442,33.8387,33.3769,32.5546,31.7005,30.8182,1.06942,13.2812,22.2828,26.3396,29.2624,31.5447,32.8176,32.7094,32.2754,31.8928,30.6704,	
25.4046,32.0463,33.5165,34.2551,34.4705,34.8586,35.2213,35.2426,35.5211,35.6151,35.6417,0.759845,14.215,22.6074,28.1349,31.3043,33.0115,34.5288,35.2713,35.4218,35.9326,35.7391,	0.572296,26.9995,31.5903,34.1019,35.4855,35.9438,35.3759,34.9877,34.2173,34.1878,33.3199,0.943464,13.4629,23.6607,27.8108,31.3426,33.3217,34.753,34.8862,34.38,34.0055,33.4656,	
23.9216,33.6803,35.1374,35.7383,36.2032,36.6667,36.992,36.7686,36.8341,37.2878,37.5758,0.537672,14.4403,23.137,28.4727,32.1268,34.4598,35.8865,36.6147,37.1367,37.1999,37.7674,	0.525549,28.9916,33.8687,36.2762,37.3134,38.1291,38.0146,37.6184,37.0429,35.9444,34.8432,0.870752,14.856,24.5916,29.0817,32.8681,35.1582,36.8468,37.1844,36.8166,36.0132,35.078,	
22.3004,35.0215,36.0222,36.864,37.1541,37.6932,37.5934,37.8682,37.6725,37.9543,38.296,0.354677,14.5005,22.9334,29.1909,33.1592,35.7098,36.8698,37.6406,38.1374,38.4444,38.6585,	0.487483,31.2693,36.3299,38.8369,39.7697,39.6379,38.9999,38.5842,37.9768,37.3025,36.124,0.787691,15.9581,26.4543,30.7016,33.8394,36.7436,38.4393,38.1022,37.744,37.1716,36.3231,	
20.5818,35.7151,37.3551,38.159,38.3191,38.2703,38.6396,38.5441,38.9812,38.7712,39.2805,0.24599,14.3829,23.1064,29.8709,33.961,36.4295,37.9283,38.5214,39.0501,39.2843,39.3847,	0.454446,32.9762,38.3803,40.4518,41.0465,40.7951,40.404,39.9506,39.1449,38.395,37.3036,0.716135,16.122,28.334,32.097,35.7622,38.1642,39.6312,39.1251,39.0708,38.5022,37.4488,	
18.712,35.9112,38.4286,39.1278,39.5115,39.6105,39.6723,39.5493,39.5025,39.8865,39.8966,0.156673,12.9543,23.3219,29.5418,34.1353,37.0938,38.843,39.3915,40.0075,40.3096,40.4108,	0.42153,35.0271,40.2447,41.7517,42.445,42.5533,42.1177,40.6193,39.7756,39.0201,38.1636,0.641361,17.4637,29.5925,33.8629,37.1119,39.3389,40.7605,40.7322,39.5185,38.6164,38.1798,	
16.9271,36.2064,39.1831,39.7639,40.0321,40.6011,40.6491,40.6121,40.6491,40.8075,41.1369,0.112543,13.9992,23.6537,29.7528,34.9274,37.958,39.4835,40.2165,40.5501,41.0438,41.2428,	0.385163,36.6141,41.6652,43.2103,43.5546,42.8393,42.5376,41.7311,40.9611,40.6957,39.7876,0.591932,18.1228,31.0242,35.3341,38.3674,40.4489,41.3577,41.0956,40.6654,40.5183,39.7654,	
16.1804,37.5249,39.7949,40.0789,40.2495,40.5749,40.4107,40.5615,40.059,40.6882,41.0847,0.0702568,13.9977,23.8011,29.9361,34.5904,37.5894,39.5258,39.9229,40.2935,40.7057,41.3237,	0.353701,38.582,43.5152,44.3741,43.5336,43.1067,42.0221,41.2746,40.7585,39.9631,38.8807,0.557377,19.6742,33.0447,37.4639,39.7106,41.2728,41.6325,41.2265,40.6768,39.7931,39.0091,	
15.3124,38.272,40.5132,40.8569,41.1615,41.388,41.674,41.1868,41.3217,41.4057,41.517,0.044972,14.5046,23.1459,29.9331,34.9024,38.5419,40.3306,41.2407,41.6374,41.8801,41.8461,	0.319962,40.4547,44.4096,44.9551,44.5335,43.7412,43.5733,42.5707,41.9794,40.8822,40.1409,0.524838,21.318,33.8957,38.6491,40.7547,41.852,42.3152,42.3254,41.7017,40.7182,40.0689,	
14.491,39.1644,41.2368,41.7922,41.614,42.3625,42.2125,41.6139,42.1103,42.535,42.8737,0.0304188,15.2454,23.4037,30.9084,35.6121,39.0848,41.0008,41.8713,42.2444,42.3406,43.0935,	0.295303,41.5487,45.4515,45.7026,45.0459,44.4905,44.5164,43.8393,42.6568,42.202,40.9381,0.506742,22.0312,35.8197,39.9429,41.5993,42.4209,43.416,43.4373,42.5815,42.1231,41.1001,	
13.645,39.5785,41.8158,41.9993,41.8619,42.5547,42.665,42.3726,42.4904,42.6419,42.8176,0.0186125,14.9354,23.7716,30.3722,35.844,39.3491,41.4108,42.0824,42.7371,42.5176,43.1913,	0.268476,43.1028,46.1668,46.2517,45.7107,45.2754,44.5125,43.4279,43.4927,42.1086,41.3633,0.460708,22.2625,37.1431,41.3545,42.3574,43.0047,43.9374,44.007,43.2893,42.0398,41.7852,	
12.7842,39.6001,41.8331,42.6826,42.9138,42.9477,42.804,43.0701,43.1182,42.7123,43.3642,0.0117362,13.3099,22.7424,30.6271,36.3569,39.7219,41.4004,42.6615,43.0983,42.9943,43.4238,	0.254074,44.0078,46.6402,46.5881,46.2749,45.6084,45.1619,44.2906,43.2324,42.9118,41.5707,0.414677,23.0607,38.0526,42.1398,42.966,43.4428,43.7943,44.1498,43.2201,42.6468,41.9549,	
12.0379,39.5263,42.1065,42.4967,42.6834,42.704,42.4348,42.1438,42.1408,42.4579,42.6606,0.00758815,14.095,23.9497,30.6852,36.2589,39.4599,41.273,42.2129,42.4813,42.7664,42.9553,	0.236855,44.9161,47.0805,47.0547,46.2946,45.5208,44.677,43.6329,43.2172,42.3033,41.0912,0.37138,23.614,39.5448,42.4746,43.3834,43.5867,44.239,43.6086,42.8944,42.255,41.237,	
11.2785,39.5354,42.3563,42.7932,42.688,42.8382,42.987,42.9474,42.7957,43.0761,42.9964,0.00464299,13.5696,23.0056,30.4647,36.0587,39.9134,41.84,42.348,42.9289,43.4392,43.6741,	0.220804,45.6601,47.7739,47.6851,46.7226,45.3598,44.3044,43.6046,43.2785,42.725,41.9224,0.341044,24.2113,40.2264,43.5313,44.1832,44.0759,44.4647,43.623,42.7896,42.4716,41.8704,	
10.781,39.8896,42.6376,43.0087,42.9383,42.9386,42.9085,42.5934,42.9673,43.1917,43.0914,0.00288397,12.7518,22.3753,29.8177,35.5822,39.6432,41.5791,42.3951,42.8806,43.4813,43.1881,	0.200745,46.6297,48.3412,47.6849,46.7239,45.6873,44.76,43.8393,43.0434,41.8371,40.7324,0.313186,24.4798,40.3546,44.018,44.628,44.5776,44.5993,43.688,42.9332,42.1513,41.0674,	
10.1517,40.0475,42.5889,42.9716,42.9705,43.0739,42.8783,42.8307,42.7872,43.2655,43.3075,0.00172095,13.0878,22.3737,29.6254,34.7048,39.2842,41.1865,42.4627,42.8823,43.2859,43.5941,	0.189026,47.2078,48.2718,47.4841,46.4175,45.264,44.5848,43.7603,42.9799,42.0734,40.9514,0.284735,25.1692,41.5742,44.6271,45.0733,44.713,44.5011,43.935,42.6537,42.148,41.2208,	
9.46368,39.5553,42.8346,43.258,43.404,43.5223,43.6136,43.4562,43.578,43.6868,43.6913,0.0011016,12.6721,22.9795,30.0458,35.7943,39.7806,42.0159,43.1781,43.6228,43.9927,43.6788,	0.178886,47.7871,48.311,47.5734,46.5297,45.3773,44.909,44.8648,43.9149,43.2315,41.8311,0.261477,26.3327,41.1392,45.3415,45.4877,45.0315,44.7175,44.0897,43.9197,43.1526,42.173,	
8.82232,39.7838,43.1666,43.2741,43.744,43.8738,43.8714,44.1369,43.981,44.0194,44.2595,0.000680829,13.0326,22.4653,29.5491,35.4307,39.5365,42.1908,42.9993,44.0033,44.1352,44.4622,	0.172718,48.3025,48.1947,47.1249,46.6398,45.6873,44.7625,44.8093,44.3595,43.1469,42.0759,0.244982,28.563,42.3796,45.0656,45.4738,44.7395,44.6088,44.5213,44.2207,43.3998,42.5391,	
8.391,40.4534,43.2903,43.5926,43.8241,43.7976,43.7995,43.6815,43.6493,43.8417,44.0373,0.000418675,12.3576,22.4962,29.9054,35.8403,39.8572,42.4308,43.3389,43.4646,43.5432,44.0742,	0.15861,48.6177,48.0405,47.5252,46.627,45.797,45.134,45.3683,44.0568,43.2854,41.9146,0.222727,28.0272,42.6758,45.3746,45.5342,44.6028,44.6793,44.6588,44.4062,43.4887,42.5378,	
7.82234,39.9671,43.206,43.4411,43.5322,43.5966,43.4119,43.1502,43.4638,43.2407,43.7714,0.000258757,12.279,22.5789,30.0312,35.4789,39.3345,41.737,42.9478,43.4285,43.0651,43.8514,	0.150855,48.633,48.5048,47.9176,47.0352,45.5437,44.3396,43.9045,43.5914,42.6389,41.7263,0.203511,27.8156,43.0636,45.3852,45.6389,45.088,44.874,43.6253,43.5347,42.6323,41.9482,	
7.43991,40.0984,42.7973,43.1127,43.0373,42.4505,42.7544,42.6549,42.906,42.8488,42.9864,0.000149833,12.7205,21.4701,28.867,35.4892,39.1002,41.2014,42.3032,42.9602,43.0118,43.0742,	0.133088,48.6721,48.4622,47.2786,46.1627,45.4047,44.1083,43.3481,42.8124,41.9336,40.6364,0.187827,26.8349,43.3726,45.94,45.6967,45.2766,44.5443,43.3054,42.3735,41.8875,41.0027,	
7.25576,40.7731,42.678,43.0392,42.9603,42.7592,42.8042,42.6399,42.9229,43.1354,43.4536,8.04767e-05,11.2632,21.2679,27.9625,33.8782,38.0745,41.1338,42.3599,42.8959,43.2377,43.688,	0.122216,48.818,48.3075,47.1765,46.1193,44.7129,43.5081,43.2314,42.5696,41.986,41.1073,0.171622,27.8453,43.1429,46.1854,45.7309,45.1638,43.9845,42.9572,42.5344,41.6388,41.1874,	
6.76404,40.1455,42.509,42.8367,42.7894,42.7993,42.6995,42.7536,42.6627,42.6187,42.7442,4.87504e-05,12.3641,21.1153,29.0234,34.1725,38.2898,40.721,41.9468,42.5612,42.8814,43.3365,	0.110558,49.0711,48.3546,47.1003,45.9538,44.5885,43.3273,43.513,42.9737,41.9703,41.0579,0.155251,27.1889,43.5335,45.9602,45.8825,44.6584,43.9119,43.3428,42.8296,41.6516,40.9391,	
6.46568,40.0725,42.4079,42.8279,42.6547,42.7494,42.6937,42.1915,42.5767,42.7022,42.6586,2.80878e-05,12.6446,21.4049,28.6254,33.8815,38.3175,40.9445,42.0329,42.1426,43.0493,43.1019,	0.102038,49.273,48.2984,46.7677,45.8484,44.8683,44.2505,43.3012,42.7338,41.5078,40.7191,0.140442,28.0782,43.3035,45.7318,45.9438,44.6274,43.38,43.4879,42.7164,41.9427,40.8889,	
6.11882,39.5009,42.3429,42.3928,42.637,42.55,42.72,42.2967,42.7893,42.662,42.8535,1.65106e-05,14.0679,21.3946,28.2583,33.7034,37.5203,40.5844,42.1833,42.9004,43.1182,43.1556,	0.0937029,49.2828,48.0289,46.8561,45.556,44.6666,43.8181,43.7353,43.5007,41.9006,41.141,0.128325,27.0965,43.8093,46.0829,45.9867,44.4206,43.482,42.8197,42.9867,42.0002,41.157,	
5.76162,39.2264,42.696,42.8386,42.7589,42.6656,43.1588,43.041,42.8262,43.3128,43.394,1.03588e-05,13.2643,22.8929,28.2664,33.7909,38.0934,40.9693,42.4658,42.8727,43.5961,43.7107,	0.0886762,49.239,47.842,46.6149,45.4495,45.3038,44.5379,44.2827,43.0021,42.976,42.0481,0.117254,28.4426,43.3986,45.9133,45.7139,44.2413,44.001,44.1185,43.1607,42.7576,42.0873,	
5.37116,39.0105,42.2077,42.6324,42.4323,42.3924,42.1373,42.0022,42.1743,41.8092,42.4145,5.70502e-06,12.4753,22.1784,29.2961,34.073,37.6971,40.4116,41.3065,41.9043,42.0691,42.4378,	0.0826666,49.1663,47.7856,46.645,45.4978,45.0929,43.8481,43.1125,41.8036,40.9257,39.8582,0.105539,28.1434,43.4195,46.0269,45.5195,44.6112,44.2379,43.1541,42.0967,40.8614,40.1053,	
4.95721,38.1796,41.9288,42.2054,42.1717,42.1763,42.138,41.6107,41.6739,42.1821,42.0904,3.42146e-06,12.6489,21.2615,28.9534,33.6102,37.7891,40.006,41.3122,41.8276,42.2058,42.3942,	0.0770643,49.0511,47.3228,46.4945,45.3521,44.7567,43.6446,42.4242,41.2797,40.4192,39.769,0.0978944,28.1327,44.197,46.0742,45.2481,44.4197,43.3317,42.5716,41.8024,40.5099,39.8091,	
4.69128,38.7257,41.2989,42.1202,41.767,42.189,41.7538,41.8758,41.8912,41.5652,42.0691,1.81936e-06,12.7714,20.4773,26.8328,32.6132,37.2628,40.179,41.0492,41.9102,41.9003,42.3398,	0.0679877,49.0407,47.5636,46.386,44.567,43.8891,42.3874,41.9218,41.7948,40.9089,39.7189,0.0872346,26.8163,43.5853,46.1459,45.3819,44.0837,43.2354,41.9893,41.7226,40.8981,39.5812,	
4.41741,38.6109,41.3056,41.4542,41.6359,41.5574,41.5681,41.1562,41.332,41.3988,42.0024,9.53008e-07,12.3386,19.6862,27.2103,32.2863,36.5105,39.6501,40.8798,41.1821,41.5571,42.1566,	0.0636987,48.9744,47.3109,46.2383,44.5839,43.0959,42.0972,41.463,40.9417,39.8424,38.7875,0.0801089,28.5214,43.5215,45.9476,45.0891,44.0599,42.6868,41.6335,41.0099,40.0343,38.8157,	
4.11805,38.1711,41.1291,41.4997,41.5607,41.5139,41.3133,41.4262,41.4923,41.5046,41.8264,5.40885e-07,12.2974,20.5238,26.8374,32.6425,37.0758,39.5901,40.8528,41.339,41.7724,41.9112,	0.0590849,48.8058,46.9036,45.7258,44.0658,42.4468,41.6647,41.5995,41.5673,40.7109,39.5482,0.0754324,27.9977,43.5887,45.4441,45.0755,43.6998,41.9302,41.6172,41.1753,40.8696,39.8134,	
3.80067,37.2518,41.1454,41.6035,41.3317,41.4928,41.6236,41.6217,41.5875,41.7412,41.8614,3.13199e-07,11.8383,20.4937,26.4353,32.2571,36.7289,39.1362,40.8004,41.2804,41.8877,42.2411,	0.0537174,48.5777,46.6463,45.1842,43.8249,43.181,42.831,41.2744,41.0335,40.6518,39.7813,0.0692708,28.0105,42.9333,45.1519,44.4876,43.418,41.9612,42.0721,41.1354,40.304,39.8138,	
3.5788,37.779,40.8094,41.2346,41.2111,41.2298,41.1024,41.0051,40.9013,40.8504,41.2882,1.69917e-07,12.2679,20.3237,27.2547,31.695,36.2985,39.1511,40.5186,40.9872,41.1045,41.5031,	0.0503286,48.3802,46.5567,44.9073,44.151,42.8273,41.7174,41.516,40.7966,40.0142,38.9772,0.0632945,28.8656,43.0863,44.8056,44.3123,43.4825,41.7185,40.6986,40.6408,39.8899,39.0041,	
3.27004,36.7588,40.1405,40.309,40.0688,39.8757,39.5216,39.0921,39.348,39.0989,39.4561,8.68019e-08,12.3693,20.0774,26.9741,32.0829,35.8325,38.0632,39.1892,39.517,39.4607,39.4636,	0.044624,48.1381,46.3481,44.9353,43.6673,42.2027,40.2884,39.1709,38.323,37.3625,36.2933,0.0584164,29.8844,42.2243,43.8202,44.1308,43.1628,41.3708,39.9349,38.6163,37.4971,36.4459,	
3.07914,36.4366,39.9264,40.1148,39.7927,39.9845,40.1598,40.0959,40.0002,40.1953,40.5893,4.4121e-08,10.1339,19.0783,26.1654,31.2961,34.9876,37.92,39.1386,39.8999,40.0918,40.664,	0.0413919,47.958,46.11,44.3114,42.8614,41.2732,39.6098,39.1504,39.1277,38.1233,37.2275,0.0533765,29.9772,42.414,43.8557,43.9838,42.5849,40.9001,39.3465,38.6335,38.1973,37.5231,	
2.87047,36.6096,40.012,40.2236,40.0581,40.4529,40.3813,40.8641,40.8878,40.5641,40.7725,2.27663e-08,9.89231,18.1936,24.8408,30.6297,34.6252,37.6252,39.5713,40.0115,40.7876,41.003,	0.0367003,47.794,45.4727,43.8639,42.5136,41.4414,40.4981,40.2369,38.976,38.5024,37.8754,0.0502606,29.1382,42.0164,43.6044,43.707,42.2974,40.8433,39.6864,39.4823,38.7001,37.6701,	
2.71648,36.7059,40.1201,40.3845,40.3359,40.1763,40.3554,40.2127,39.9776,40.2,40.3239,1.35174e-08,11.9279,18.7879,25.1835,31.2056,35.3043,38.3021,39.5738,40.2849,40.4387,40.5507,	0.034042,47.351,45.0325,43.629,42.6053,41.9211,41.2794,40.6187,39.5972,39.0926,38.1562,0.0463871,29.2971,42.1242,43.6898,43.0797,42.0988,40.9998,40.3198,39.6521,38.9458,38.1618,	
2.53239,36.609,39.9757,40.5391,40.5571,40.6951,40.7289,40.7336,40.6684,40.3902,41.1694,7.6335e-09,10.5742,18.9872,26.1386,30.5817,35.5919,38.1761,39.686,40.5385,40.4354,41.2834,	0.0312613,46.9946,44.6665,43.5835,42.2454,42.4635,41.2767,41.4696,40.808,39.8305,38.9353,0.042385,28.3661,41.6933,43.3916,42.6888,41.8666,40.8958,40.5739,40.7428,40.0789,38.9156,	
2.40858,37.0446,40.2682,40.6925,40.5517,40.8763,41.0157,41.0352,40.8382,40.6732,40.9354,4.3542e-09,11.4622,18.4785,25.5339,31.1187,35.4826,38.392,40.0314,40.8433,41.0062,40.9227,	0.029733,46.7724,44.8002,43.5342,43.0568,42.7596,42.111,41.571,40.5876,40.0993,39.3714,0.0385346,28.0575,41.2865,43.3904,42.7973,41.9792,41.277,41.2203,40.943,40.2888,39.1779,	
2.24535,36.924,40.3977,40.766,40.7961,40.4679,40.4365,40.6761,40.5558,40.6625,41.1197,2.37411e-09,10.8512,19.5801,25.4345,30.6197,35.3501,38.3387,39.9008,40.5076,40.9748,41.4334,	0.0263629,46.4005,44.8833,44.3345,43.6729,43.0891,42.1686,41.5244,40.7547,39.8123,39.1125,0.0357435,27.6186,41.3125,43.3405,42.7352,42.0223,41.6929,41.0782,40.7177,39.9837,38.7987,	
2.1037,36.8663,40.3518,40.6179,40.3586,40.142,40.1392,39.8327,39.9375,40.1953,40.2651,1.16514e-09,10.7137,18.1592,25.0574,30.079,35.0032,38.1106,39.5015,39.9721,40.2159,40.5106,	0.0243311,46.2705,45.4411,44.5722,43.5103,41.8129,40.4852,40.3448,39.6578,39.1327,38.1253,0.0329888,28.4554,41.2104,43.688,42.7527,42.245,41.5002,40.6547,39.6885,38.9731,37.9712,	
1.97099,36.7383,40.218,40.2683,40.3167,40.2343,40.2395,40.0017,39.9796,39.5831,39.9034,5.95212e-10,9.79335,18.4585,24.544,30.3754,34.651,37.5031,39.2967,40.0334,39.9936,39.7231,	0.0221208,46.3662,45.3227,44.0554,42.5871,41.8439,41.2474,40.485,39.7416,38.6634,37.4122,0.029842,26.5684,40.7411,43.7294,42.958,42.2396,41.2745,40.3321,39.7058,38.795,37.7057,	
1.9222,38.0788,40.3937,40.4177,40.4711,40.6227,40.8118,40.9578,40.8328,40.9007,41.4005,3.37816e-10,10.7599,19.0366,24.3764,29.9103,34.9699,38.0584,39.8016,40.5337,40.6912,41.5374,	0.0204159,46.4687,45.3703,43.8775,42.8381,41.8303,41.1662,41.581,40.9843,40.5047,39.8212,0.0280999,27.3814,41.2575,43.2435,42.8259,42.1206,41.3212,40.9475,41.1127,40.2515,39.8521,	
1.79194,37.2724,39.9774,40.1355,40.3259,40.159,39.7662,39.8692,39.9893,40.0227,40.2272,1.56111e-10,10.8054,18.8576,24.1011,29.2193,34.1787,37.6797,39.3153,39.9141,40.2019,40.6065,	0.0190324,46.3647,45.3719,44.1019,42.9283,41.8161,40.4967,40.5712,39.4916,39.0932,38.1652,0.0247903,28.0136,41.3137,43.2472,42.7244,42.065,41.2041,40.7105,39.6799,39.0941,38.1274,	
1.68733,37.0399,39.9003,40.1394,40.1246,40.3228,40.3548,40.021,40.2544,39.9921,40.1296,7.25046e-11,9.48973,18.1394,24.4436,29.9581,33.8113,37.2293,39.0437,39.9049,40.173,40.0416,	0.0172169,46.2788,45.3541,43.9001,42.5583,42.0034,41.0062,40.6919,39.1873,38.7673,38.1725,0.0225383,27.8137,41.5078,43.2215,42.6177,41.7525,40.6566,40.5378,39.989,39.1988,38.317,	
1.58883,36.9458,39.905,40.152,40.0215,39.8951,39.8992,39.7887,39.7582,39.8569,40.3943,3.87481e-11,11.0221,17.5673,23.5855,29.5722,34.2565,37.8141,39.1701,39.6716,40.1059,40.5815,	0.0156528,46.2442,44.6334,43.9796,42.7297,41.9284,41.2833,40.5268,40.2291,39.4023,38.4857,0.0210108,27.9066,41.1528,42.8133,42.6245,41.4908,40.8942,40.3314,39.4583,39.3978,38.4682,	
1.45187,35.8297,39.6103,39.988,39.92,39.8687,39.761,39.8633,39.6905,39.6982,40.1652,2.0692e-11,11.3721,17.2994,22.9951,28.8639,33.8953,36.9792,38.851,39.0787,39.4488,40.2932,	0.0142557,46.1765,44.9117,44.1518,42.9449,42.0827,40.9,39.9075,39.079,38.9647,37.5983,0.0189864,26.5138,41.3513,42.9179,42.6585,41.3232,40.8661,39.9776,39.278,38.7365,37.9981,	
1.39655,36.0798,39.52,39.8173,39.633,39.7095,39.7338,39.7004,39.8063,39.8423,40.1186,1.36679e-11,11.0875,18.4079,24.2209,29.0161,33.6293,37.0036,38.534,39.6721,39.8484,40.3055,	0.0132937,46.1974,44.9694,44.2211,43.0652,41.9683,40.9757,40.5142,39.6181,38.926,38.0486,0.0181286,26.4586,41.2352,43.099,42.5307,41.438,40.9644,40.0157,39.6284,39.0159,37.8852,	
1.34125,36.0938,39.3101,39.5324,39.5133,39.4053,39.1153,39.1542,39.3695,39.2039,39.4957,8.30077e-12,10.1721,17.5779,23.4133,28.9368,33.8139,36.5316,38.2793,39.2372,39.113,39.7093,	0.0124021,46.2412,45.1706,44.1673,42.8956,41.835,40.4202,39.1743,38.6413,37.9021,36.7341,0.0172495,27.1402,41.0753,42.8139,42.601,41.559,40.797,39.8121,38.5406,37.668,37.2219,	
1.30116,36.1189,39.12,39.4117,39.4903,39.3223,39.1457,39.105,38.9711,38.7371,39.4475,5.48058e-12,10.6875,17.3794,23.3693,28.5123,33.0186,36.4338,38.2367,38.9344,39.0697,39.5788,	0.0119358,46.1654,45.2779,43.9665,42.6865,41.1792,40.0872,39.3487,38.3059,37.3714,36.292,0.016551,27.9975,41.0009,42.7463,42.5128,41.5533,40.7531,39.4343,38.528,37.6398,36.5716,	
1.26272,36.0632,39.1135,39.443,39.2911,39.4867,39.4266,39.4891,39.61,39.6507,39.6271,3.89728e-12,10.3602,17.3136,23.4913,28.5962,33.5757,36.7018,38.6322,39.1715,39.857,39.9039,	0.0115152,46.2205,45.2651,43.7783,42.5932,41.0178,39.8666,39.3581,39.2037,38.4408,37.6616,0.0157414,27.6504,41.1328,42.7659,42.5796,41.4799,40.6862,39.2737,38.9313,38.3324,37.7568,	
1.21133,35.431,39.2437,39.5679,39.5062,39.6707,39.7711,39.8353,40.0257,39.8548,40.3912,2.95123e-12,10.3753,17.9493,23.3125,28.9498,33.9404,36.9958,38.8034,39.8282,40.0204,40.6351,	0.011048,46.2594,45.1169,43.5885,42.2899,40.767,39.9219,40.1635,40.26,39.4479,38.5271,0.0153837,27.8209,41.2119,42.7744,42.5022,41.4677,40.3374,39.2348,39.5878,39.3856,38.5969,	
1.1784,35.467,39.1819,39.6035,39.7865,39.7994,40.1235,40.0093,40.1729,40.1098,40.4962,2.23893e-12,10.2271,17.9981,23.45,28.8447,33.7453,37.2811,39.017,40.0437,40.2462,40.5231,	0.0106108,46.2767,44.8383,43.3031,42.0852,40.9938,40.6504,40.9401,40.6108,39.7073,38.6503,0.0147702,27.155,41.2191,42.8304,42.4165,41.3071,40.3822,39.3979,40.0739,39.6962,38.8854,	
1.13656,35.5726,39.3189,39.7702,39.9869,40.0696,40.0801,39.9662,39.9054,39.8616,40.1783,1.63673e-12,9.90068,17.7484,23.3801,28.6542,33.601,37.0377,39.0764,39.7767,40.1092,40.2915,	0.0102983,46.2763,44.7789,43.2781,42.1928,41.4309,41.2165,40.8081,39.7772,39.3182,38.1683,0.0142805,27.2174,41.4462,42.6661,42.2731,41.3369,40.2576,39.6811,40.0269,39.2321,38.3886,	
1.10693,35.7751,39.3339,39.8463,39.9449,40.0356,39.8407,39.8771,39.7881,39.7331,39.892,1.24068e-12,9.89012,17.1944,23.2223,28.3544,33.4262,37.0862,38.7861,39.5171,39.8674,40.1138,	0.00995643,46.1745,44.6831,43.3335,42.4594,41.8026,41.0133,40.42,39.4706,38.7538,37.914,0.0138587,27.2506,41.4538,42.5928,42.2557,41.4115,40.2112,39.8681,39.7666,38.8997,37.814,	
1.07989,35.7435,39.2808,39.8473,39.8952,39.9884,40.0732,40.164,40.1042,40.1542,40.5146,9.84374e-13,9.98993,17.1983,23.2519,28.6983,33.4492,37.0346,38.9705,39.8012,40.2322,40.7453,	0.0097981,46.084,44.7006,43.3412,42.6636,41.6687,40.8762,40.2819,40.3308,39.5387,38.6623,0.0135429,27.6444,41.4517,42.6626,42.0301,41.3546,40.144,39.8355,39.8169,39.5358,38.6775,	
1.05994,35.91,39.3338,39.8238,39.9812,40.0907,40.1426,40.3711,40.3525,40.3576,40.5252,7.74895e-13,9.87159,17.3082,22.9358,28.4424,33.4564,37.0805,39.1523,40.029,40.5177,40.8938,	0.00943996,46.0728,44.6279,43.3901,42.6413,41.5549,41.1091,40.8657,40.5497,39.9524,39.0768,0.0129599,27.198,41.4144,42.757,42.1175,41.4313,40.1386,39.8964,40.0164,39.8577,38.9624,	
1.03805,35.9155,39.4606,39.7794,40.1262,40.1778,40.2986,40.41,40.2231,40.2877,40.6968,6.28835e-13,9.95393,17.55,23.2141,28.6369,33.3295,36.9541,39.1387,39.9326,40.3502,40.9275,	0.00916967,46.0729,44.4666,43.4816,42.6738,41.7667,41.295,40.7211,40.5794,40.1709,39.2266,0.0125717,27.3337,41.0431,42.6834,42.1986,41.3278,40.1606,40.1103,40.3303,39.989,39.2332,	
1.01763,36.0385,39.5898,39.8712,40.0592,40.1471,40.2021,40.2249,40.231,40.0873,40.4119,4.87661e-13,9.56744,17.0408,23.0924,28.8167,33.4216,37.0291,39.0737,39.9612,40.317,40.5755,	0.00893496,46.042,44.5025,43.6628,42.7835,41.8318,40.9071,40.6337,40.5975,39.6953,38.7715,0.0123235,27.7487,40.9245,42.766,42.216,41.4258,39.9488,40.2756,40.2416,39.7024,38.9295,	
0.988208,35.7114,39.5799,39.8626,39.9305,40.0719,39.9469,39.9282,39.8059,39.7208,39.99,3.902e-13,9.38969,17.2607,23.0955,28.5051,33.3868,36.9378,38.819,39.6549,39.7795,40.2302,	0.00866281,46.0328,44.5488,43.693,42.5839,41.6268,40.8902,40.3582,40.0471,39.1236,38.2748,0.0119331,27.455,40.7549,42.7655,42.1353,41.5064,40.0546,40.2623,40.0178,39.179,38.3814,	
0.971595,35.9178,39.5451,39.8787,39.9517,40.0431,39.8794,39.9013,40.0951,39.9073,40.1535,3.22423e-13,9.32519,17.3511,23.071,28.4612,33.6211,37.0131,38.9092,39.874,40.0077,40.4221,	0.00844533,46.0302,44.6306,43.7535,42.6197,41.6395,40.6754,40.4567,40.393,39.4568,38.8013,0.0116498,26.9935,40.8018,42.7871,42.1612,41.5613,40.068,40.137,40.0697,39.4804,38.8635,	
0.959835,36.2053,39.5562,39.9505,39.945,40.0821,40.1234,40.2025,40.0436,39.911,40.1121,2.58862e-13,9.23605,17.0158,22.8205,28.4009,33.2431,37.0185,39.0655,39.9186,40.2407,40.4589,	0.00824071,45.9757,44.6611,43.7532,42.7418,41.6452,41.1329,40.6951,40.2373,39.4292,38.3565,0.0114782,27.1853,40.9262,42.8238,42.1264,41.4426,40.1775,40.2344,40.2683,39.4375,38.4557,	
0.953529,36.5515,39.5857,39.9693,40.0474,39.9354,40.2004,40.1504,40.1563,40.3185,40.5946,2.15566e-13,9.40892,16.5974,22.9212,28.3539,33.2703,37.0985,39.1447,39.9957,40.3408,40.8287,	0.00812348,45.9164,44.6769,43.7407,42.796,41.7955,41.0889,40.5739,40.6907,39.6232,38.7834,0.0112837,27.5334,41.0603,42.8248,42.1577,41.4978,40.1862,40.3074,40.2481,39.5214,38.8277,	
0.939248,36.6437,39.6235,40.0192,40.0123,39.9792,40.1689,40.037,40.0371,40.0937,40.2518,1.73024e-13,9.32276,16.6929,23.0078,28.1684,32.8271,36.5052,38.9094,39.884,40.1832,40.4925,	0.00797108,45.876,44.7474,43.791,42.6706,42.0162,41.2302,40.4622,39.8173,39.1027,38.0982,0.0110573,27.5487,41.112,42.9059,42.1636,41.5717,40.33,40.2826,40.1266,39.08,38.2804,	
0.922224,36.4066,39.5517,40.0612,40.0827,39.9924,40.1192,40.1202,40.012,39.9601,40.1695,1.48038e-13,9.69533,16.6345,23.1362,28.382,33.1875,36.7187,38.7611,39.7491,40.0398,40.3496,	0.00787432,45.8421,44.7868,43.847,42.7993,42.0225,41.1543,40.3,39.8301,38.9051,38.1713,0.01095,27.989,41.0636,42.881,42.134,41.5826,40.392,40.3532,40.0692,39.1516,38.2525,	
0.912445,36.6031,39.5778,40.0457,40.0559,40.0018,40.1286,40.232,40.2241,40.1543,40.47,1.27529e-13,10.0744,16.795,23.0152,28.3958,33.2602,37.0768,39.0695,39.9471,40.2551,40.6918,	0.00777239,45.8053,44.8526,43.8461,42.8295,42.0979,41.2087,40.3439,40.3172,39.618,38.7356,0.0107829,28.308,41.0679,42.8968,42.07,41.6418,40.4284,40.2843,40.0574,39.5212,38.7542,	
0.899995,36.5864,39.6455,40.0882,39.9724,40.1056,40.0392,40.0412,40.1589,40.2036,40.3832,1.09971e-13,10.2896,17.5065,23.0156,28.3521,33.0316,36.9687,39.075,39.8631,40.3168,40.6701,	0.00761374,45.821,44.9022,43.876,43.0143,42.1837,41.0226,40.7444,40.2785,39.6579,38.5958,0.0106111,28.2591,41.1681,42.91,42.0389,41.6117,40.4246,40.1726,40.1853,39.5164,38.6858,	
0.889988,36.5845,39.6876,40.0798,40.0562,40.0751,40.1347,40.1266,40.3068,40.2492,40.6874,9.42938e-14,10.2047,17.4487,22.8593,28.4704,33.4336,37.0219,39.028,39.9383,40.2616,40.7892,	0.00747945,45.7936,44.8732,43.9784,42.9972,41.9863,40.9899,40.5731,40.4288,39.8909,38.9215,0.0104584,28.2826,41.1215,42.9051,42.0946,41.658,40.4893,40.1702,40.1854,39.846,39.061,	
0.876604,36.5211,39.7106,40.1071,39.9966,40.1548,40.0836,40.08,40.1187,40.0492,40.3338,8.15579e-14,10.3879,17.8183,22.9334,28.1177,33.3564,37.1574,39.1663,39.8551,40.2895,40.5883,	0.007391,45.7696,44.8851,43.917,42.9168,42.0118,41.1905,40.5531,40.6128,39.5913,38.8002,0.0102785,28.2724,41.154,42.9367,42.1539,41.4945,40.5237,40.156,40.1845,39.5277,38.878,	
0.857407,36.236,39.7206,40.1113,40.0905,40.2626,40.2239,40.3362,40.3556,40.4396,40.7426,7.0888e-14,10.4179,17.7947,23.321,28.1772,33.2011,37.0228,39.0751,40.077,40.4465,40.9274,	0.00726796,45.7932,44.8854,43.965,42.9132,41.9407,41.1524,40.8665,40.789,40.0525,39.1254,0.0101925,28.3748,41.2375,42.9616,42.1042,41.4639,40.4372,40.1657,40.3004,40.0173,39.1555,	
0.847824,36.3665,39.7307,40.1699,40.1489,40.3348,40.2919,40.3169,40.2134,40.1456,40.3627,6.11597e-14,10.5575,17.7382,23.3094,28.3989,33.1206,36.959,39.1092,40.0858,40.3594,40.4441,	0.00717161,45.7376,44.8735,43.9363,42.8733,42.0761,41.3597,41.1547,40.4323,39.6601,38.747,0.0100264,28.5549,41.3869,42.962,42.1888,41.4343,40.5334,40.2211,40.4799,39.7978,38.7632,	
0.83441,36.2103,39.7704,40.2007,40.0901,40.3039,40.2481,40.3009,40.1681,39.9876,40.2308,5.16149e-14,10.4104,17.6678,23.0934,28.3018,33.1161,37.0015,39.0723,39.9778,40.1758,40.5076,	0.00712874,45.7776,44.9311,43.9866,42.9159,42.1715,41.4552,40.9165,40.1621,39.3405,38.3762,0.00985748,28.8727,41.357,43.0245,42.2196,41.4221,40.5371,40.3062,40.3971,39.4222,38.3219,	
0.829556,36.4221,39.7714,40.1374,40.0617,40.2646,40.1239,40.1952,40.0789,39.9761,40.2436,4.52969e-14,10.4898,17.4574,23.2726,28.499,33.2292,37.0772,39.1072,39.866,40.1799,40.4769,	0.00701169,45.812,44.9686,43.9457,43.0042,42.1113,41.3242,40.6018,40.2823,39.4882,38.5295,0.0097241,28.7478,41.3607,43.0698,42.2482,41.4502,40.5438,40.3476,40.1794,39.4555,38.596,	
0.818557,36.3629,39.6853,40.1669,40.1253,40.238,40.1984,40.1389,40.3183,40.2435,40.5815,4.04049e-14,10.464,17.7204,23.4017,28.5994,33.3252,37.0845,38.9841,40.0159,40.4518,40.8015,	0.00695867,45.8356,44.9167,43.9669,43.0293,42.0912,41.3128,40.7548,40.4881,39.8338,38.9254,0.00963222,28.8605,41.3571,43.02,42.3232,41.5085,40.5151,40.3235,40.1282,39.7912,38.8845,	
0.811733,36.5938,39.7575,40.1766,40.2095,40.2555,40.2942,40.2307,40.3501,40.307,40.5649,3.54012e-14,10.4698,17.7574,23.3803,28.5214,33.4605,37.139,39.1789,40.1624,40.5293,40.7375,	0.00683676,45.8557,44.9745,44.0349,43.0801,42.137,41.3795,40.9651,40.6596,39.9209,38.9959,0.00952503,28.8466,41.4251,43.0684,42.2319,41.4866,40.5463,40.3914,40.3932,39.7135,39.0254,	
0.800734,36.5007,39.7517,40.2336,40.2372,40.2701,40.3613,40.4222,40.4531,40.2797,40.6285,3.13084e-14,10.4055,17.6251,23.5434,28.465,33.4328,37.1915,39.2511,40.206,40.5127,40.8516,	0.00673813,45.7948,44.9802,44.0807,43.1518,42.1873,41.4795,40.9824,40.7787,39.949,39.0325,0.00940448,28.621,41.4096,43.1262,42.3072,41.5208,40.5567,40.3989,40.3087,39.938,38.966,	
0.79362,36.6426,39.7823,40.1961,40.2548,40.3243,40.3824,40.3261,40.4104,40.2833,40.5294,2.72245e-14,10.2829,17.5196,23.2874,28.4318,33.2064,37.2412,39.1697,40.1213,40.372,40.7788,	0.00663687,45.8218,44.9875,44.1183,43.148,42.2535,41.4922,40.9712,40.4023,39.6996,38.8049,0.00925504,28.5623,41.3215,43.076,42.349,41.58,40.5681,40.4369,40.3697,39.6775,38.9189,	
0.786022,36.7422,39.7842,40.1937,40.2733,40.3475,40.3105,40.4006,40.4933,40.3485,40.6676,2.45812e-14,10.5079,17.942,23.1829,28.6368,33.1991,37.0724,39.1904,40.0611,40.4536,40.7738,	0.00654485,45.8482,45.0281,44.1052,43.1857,42.1587,41.5285,40.9931,40.5729,39.9861,38.9761,0.00912688,28.2963,41.3514,43.1098,42.3573,41.6213,40.5835,40.4773,40.3829,39.9602,39.104,	
0.776029,36.7097,39.8312,40.2219,40.2081,40.3206,40.3541,40.2967,40.1628,40.2128,40.2539,2.19972e-14,10.9938,18.1287,23.3049,28.4616,33.2706,37.1115,39.0218,40.0118,40.3059,40.516,	0.0064562,45.8677,45.0429,44.126,43.2028,42.2775,41.4921,40.8177,40.486,39.742,38.795,0.00901859,28.1872,41.5137,43.0952,42.4404,41.6884,40.6688,40.5339,40.2587,39.6888,38.8432,	
0.768905,36.7664,39.8142,40.2091,40.1721,40.3117,40.2616,40.1869,40.1559,40.29,40.5337,1.9846e-14,10.7057,18.3104,23.5591,28.4946,33.421,37.099,39.1645,39.9723,40.421,40.7181,	0.00639172,45.8909,45.0703,44.1592,43.2891,42.3434,41.4132,40.7507,40.6832,39.8798,38.8837,0.00890584,28.1016,41.5751,43.0317,42.4223,41.7235,40.6971,40.5372,40.4159,39.8758,38.8992,	
0.758911,36.6751,39.8311,40.2057,40.1496,40.2582,40.2671,40.1526,40.3445,40.2888,40.4524,1.7549e-14,10.682,18.2838,23.5009,28.6906,33.2516,37.0951,39.1305,40.0173,40.3584,40.691,	0.00631348,45.9199,45.0804,44.184,43.3214,42.3977,41.3165,40.8637,40.6017,39.7297,38.8594,0.00876786,27.9728,41.626,43.0133,42.3898,41.79,40.7644,40.5703,40.4162,39.74,38.8178,	
0.752208,36.6906,39.8908,40.2135,40.1833,40.243,40.3581,40.4068,40.3392,40.2996,40.5836,1.60623e-14,10.8112,18.5107,23.6836,28.6276,33.5303,37.0475,39.051,39.9855,40.3449,40.8671,	0.00624776,45.9441,45.1157,44.2071,43.3533,42.3336,41.3518,41.1336,40.6127,40.0481,38.9409,0.00865584,28.0492,41.5829,43.0236,42.4549,41.7695,40.7614,40.6142,40.5545,39.9684,39.027,	
0.747466,36.8161,39.9225,40.2406,40.203,40.3119,40.3269,40.259,40.3474,40.3073,40.6865,1.43678e-14,10.6909,18.3758,23.8169,28.6049,33.4587,37.2003,39.1446,40.0935,40.2944,40.8445,	0.006169,45.8664,45.0302,44.1742,43.3663,42.2262,41.3175,41.1298,40.6019,39.9993,39.0447,0.00860809,28.2828,41.6035,43.0952,42.5129,41.7798,40.8214,40.6639,40.5556,39.9867,39.0875,	
0.739378,36.7998,39.909,40.2401,40.1954,40.1689,40.3425,40.2798,40.0986,40.0731,40.3885,1.25351e-14,10.4848,18.1363,23.6712,28.5788,33.2228,37.1077,39.2101,39.9656,40.281,40.5952,	0.00605531,45.8954,45.0538,44.2289,43.3915,42.2404,41.4128,41.0209,40.4236,39.5421,38.6161,0.0084429,28.0146,41.5652,43.089,42.5804,41.804,40.8357,40.6554,40.4716,39.5851,38.6936,	
0.734877,36.9141,39.9099,40.2256,40.1467,40.1416,40.2721,40.2912,40.1615,40.1133,40.2938,1.11396e-14,10.5089,18.0222,23.6214,28.6236,33.1327,36.9424,39.0852,40.0383,40.3235,40.6248,	0.00597728,45.9241,45.079,44.3005,43.3882,42.1836,41.3847,40.8509,40.2296,39.6199,38.5913,0.00835343,28.0597,41.5902,43.1265,42.6405,41.8212,40.8891,40.6373,40.3073,39.5556,38.6819,	
0.72341,36.671,39.9008,40.2326,40.1442,40.1624,40.2236,40.1529,40.1755,40.0449,40.2988,9.94856e-15,10.4917,18.1227,23.4558,28.5165,33.1997,36.887,38.9178,39.8803,40.2412,40.5448,	0.00587536,45.9512,45.1051,44.3401,43.3914,42.2028,41.3619,40.5613,40.074,39.4915,38.5973,0.00826026,27.9902,41.524,43.1662,42.6615,41.8251,40.9344,40.6012,40.0252,39.3686,38.6311,	
0.719696,36.7954,39.8791,40.211,40.1451,40.1037,40.166,40.1945,40.1387,40.0453,40.3779,8.90197e-15,10.4456,18.1149,23.4389,28.4979,33.1852,36.9166,38.9326,39.8489,40.1365,40.6547,	0.00580658,45.9707,45.0562,44.3896,43.3764,42.166,41.3422,40.5115,40.103,39.5247,38.3908,0.00820567,28.0934,41.5474,43.1456,42.7279,41.8812,40.986,40.5923,39.9839,39.3027,38.5331,	
0.71503,36.83,39.8787,40.2281,40.1883,40.1339,40.1415,40.3714,40.2789,40.2514,40.6386,8.05026e-15,10.3934,17.9837,23.28,28.5733,33.2198,36.9988,39.1147,40.015,40.3869,40.7524,	0.00573564,45.9826,45.1136,44.3996,43.3762,42.204,41.2761,40.7443,40.3263,39.553,38.7169,0.00812288,27.9384,41.5931,43.1763,42.7479,41.9141,40.9617,40.6121,40.0635,39.6337,38.7585,	
0.708441,36.8317,39.9132,40.1759,40.2087,40.2396,40.2931,40.3122,40.3708,40.2584,40.4874,7.24977e-15,10.3714,17.8588,23.3828,28.4044,33.2604,37.0509,39.2058,40.1386,40.5033,40.764,	0.00567467,45.9458,45.1602,44.3755,43.3897,42.2462,41.2958,40.7506,40.3675,39.7266,38.7762,0.00803657,28.0323,41.6165,43.1323,42.7331,41.8963,40.9668,40.4989,40.2125,39.712,38.7613,	
0.703001,36.9034,39.9061,40.209,40.2175,40.2538,40.2167,40.2445,40.139,40.038,40.436,6.54472e-15,10.5006,17.7617,23.5411,28.2439,33.2466,36.9564,39.0971,39.9317,40.2573,40.6086,	0.0056036,45.9177,45.1816,44.3919,43.331,42.2532,41.2178,40.7913,40.1859,39.4369,38.5094,0.00794144,28.0747,41.628,43.1778,42.7773,41.9175,41.0056,40.5393,40.1384,39.4756,38.4545,	
0.701062,37.0533,39.9356,40.2263,40.2163,40.2407,40.1958,40.2674,40.2891,40.2119,40.5815,6.01644e-15,10.3709,17.9188,23.513,28.3577,33.2764,36.9664,39.0889,39.9552,40.3972,40.7467,	0.00553439,45.9118,45.1892,44.3827,43.3067,42.1873,41.2858,40.5692,40.4194,39.806,38.8309,0.00783254,27.9722,41.6162,43.1852,42.7871,41.9482,40.9515,40.5654,40.183,39.667,38.8973,	
0.692528,36.89,39.9202,40.2459,40.2049,40.2555,40.2437,40.365,40.3734,40.3783,40.7378,5.4594e-15,10.1868,17.9969,23.552,28.2976,33.206,37.0155,39.0441,39.8446,40.4744,40.8999,	0.00546702,45.9401,45.1996,44.4159,43.2873,42.2646,41.1846,40.6602,40.5151,39.7293,38.8293,0.00776885,27.9219,41.5493,43.2121,42.7974,41.9829,40.9551,40.56,40.2101,39.7752,38.9499,	
0.687449,36.8701,39.9563,40.2821,40.1764,40.2933,40.3477,40.4374,40.4603,40.3906,40.7158,4.95742e-15,10.0149,17.7808,23.742,28.3865,33.2543,37.0118,39.169,40.2234,40.5555,40.9534,	0.00541601,45.9604,45.2435,44.4513,43.307,42.2629,41.179,40.6571,40.6705,39.9933,39.0522,0.00767067,27.7301,41.5434,43.2312,42.8051,42.0132,40.9834,40.5545,40.2535,39.8988,39.1168,	
0.681139,36.8094,39.9864,40.3109,40.2392,40.3425,40.3222,40.3887,40.3206,40.3307,40.6823,4.50828e-15,9.8764,17.8248,23.6971,28.4296,33.4288,37.1055,39.1948,40.1239,40.4731,40.7906,	0.00533808,45.9686,45.2842,44.4309,43.1829,42.2042,41.3009,40.7862,40.6914,39.794,38.9654,0.00757012,27.5283,41.5472,43.1964,42.8175,42.0413,40.9932,40.5339,40.371,39.9412,39.0597,	
0.671899,36.6155,39.9653,40.3383,40.2883,40.3259,40.3467,40.3614,40.3616,40.2848,40.7463,4.03944e-15,9.69997,17.5546,23.5172,28.384,33.417,37.0894,39.1545,40.0855,40.4601,40.8803,	0.00528633,45.9979,45.3288,44.4111,43.1362,42.1854,41.447,40.7943,40.4484,39.7037,38.7622,0.00752098,27.8058,41.5269,43.2497,42.7786,41.9829,40.9504,40.5224,40.3488,39.6582,38.8052,	
0.663772,36.4617,39.9957,40.3575,40.3018,40.3054,40.4046,40.3245,40.299,40.3418,40.594,3.65744e-15,9.84065,17.5138,23.3374,28.3732,33.1474,37.1083,39.2601,40.0939,40.4339,40.7784,	0.005219,46.0264,45.3361,44.4295,43.1662,42.1903,41.462,40.6008,40.3856,39.6799,38.692,0.00746324,27.8339,41.4825,43.2612,42.7916,41.9523,40.9817,40.5485,40.2081,39.5749,38.7444,	
