gather,share,	gather,share,	gather,share,	gather,share,	gather,share,	gather,share,	gather,share,	gather,share,	gather,share,	gather,share,	gather,share,	wait,	wait,	wait,	wait,	wait,	wait,	wait,	wait,	wait,	wait,	wait,	
0.5,0.5,	0.5,0.5,	0.5,0.5,	0.5,0.5,	0.5,0.5,	0.5,0.5,	0.5,0.5,	0.5,0.5,	0.5,0.5,	0.5,0.5,	0.5,0.5,	1,	1,	1,	1,	1,	1,	1,	1,	1,	1,	1,	
0.5,0.5,	0.358926,0.641074,	0.371716,0.628284,	0.365085,0.634915,	0.366703,0.633297,	0.357153,0.642847,	0.355915,0.644085,	0.350064,0.649936,	0.342185,0.657815,	0.3166,0.6834,	0.17623,0.82377,	1,	1,	1,	1,	1,	1,	1,	1,	1,	1,	1,	
0.5,0.5,	0.35327,0.64673,	0.358409,0.641591,	0.367348,0.632652,	0.343643,0.656357,	0.32458,0.67542,	0.319915,0.680085,	0.300984,0.699016,	0.282149,0.717851,	0.276618,0.723382,	0.104326,0.895674,	1,	1,	1,	1,	1,	1,	1,	1,	1,	1,	1,	
0.5,0.5,	0.365882,0.634118,	0.358603,0.641397,	0.355986,0.644014,	0.354321,0.645679,	0.307829,0.692171,	0.300072,0.699928,	0.28481,0.71519,	0.251845,0.748155,	0.23449,0.76551,	0.0685343,0.931466,	1,	1,	1,	1,	1,	1,	1,	1,	1,	1,	1,	
0.5,0.5,	0.390901,0.609099,	0.370315,0.629685,	0.360849,0.639151,	0.346103,0.653897,	0.296449,0.703551,	0.277804,0.722196,	0.259297,0.740703,	0.22713,0.77287,	0.199912,0.800088,	0.0497007,0.950299,	1,	1,	1,	1,	1,	1,	1,	1,	1,	1,	1,	
0.5,0.5,	0.411698,0.588302,	0.388496,0.611504,	0.370776,0.629224,	0.340567,0.659433,	0.274002,0.725998,	0.264947,0.735053,	0.233991,0.766009,	0.199065,0.800935,	0.166516,0.833484,	0.0389664,0.961034,	1,	1,	1,	1,	1,	1,	1,	1,	1,	1,	1,	
0.5,0.5,	0.431936,0.568064,	0.397564,0.602436,	0.379919,0.620081,	0.327717,0.672283,	0.269273,0.730727,	0.242996,0.757004,	0.219421,0.780579,	0.170092,0.829908,	0.147015,0.852985,	0.0338272,0.966173,	1,	1,	1,	1,	1,	1,	1,	1,	1,	1,	1,	
0.5,0.5,	0.446797,0.553203,	0.418886,0.581114,	0.388515,0.611485,	0.334723,0.665277,	0.266873,0.733127,	0.223231,0.776769,	0.201943,0.798057,	0.15403,0.84597,	0.127515,0.872485,	0.0295842,0.970416,	1,	1,	1,	1,	1,	1,	1,	1,	1,	1,	1,	
0.5,0.5,	0.477174,0.522826,	0.437354,0.562646,	0.407288,0.592712,	0.328043,0.671957,	0.260022,0.739978,	0.209531,0.790469,	0.180942,0.819058,	0.142614,0.857386,	0.118553,0.881447,	0.0245652,0.975435,	1,	1,	1,	1,	1,	1,	1,	1,	1,	1,	1,	
0.5,0.5,	0.495409,0.504591,	0.454866,0.545134,	0.424048,0.575952,	0.322166,0.677834,	0.249192,0.750808,	0.193783,0.806217,	0.165197,0.834803,	0.123018,0.876982,	0.103575,0.896425,	0.0212271,0.978773,	1,	1,	1,	1,	1,	1,	1,	1,	1,	1,	1,	
0.5,0.5,	0.519307,0.480693,	0.467623,0.532377,	0.436343,0.563657,	0.319192,0.680808,	0.246316,0.753684,	0.186029,0.813971,	0.150481,0.849519,	0.114509,0.885491,	0.0898084,0.910192,	0.0200448,0.979955,	1,	1,	1,	1,	1,	1,	1,	1,	1,	1,	1,	
0.5,0.5,	0.540006,0.459994,	0.485756,0.514244,	0.442848,0.557152,	0.321082,0.678918,	0.230973,0.769027,	0.174814,0.825186,	0.138918,0.861082,	0.102301,0.897699,	0.0811292,0.918871,	0.0180523,0.981948,	1,	1,	1,	1,	1,	1,	1,	1,	1,	1,	1,	
0.5,0.5,	0.55439,0.44561,	0.506121,0.493879,	0.454065,0.545935,	0.336888,0.663112,	0.240786,0.759214,	0.169802,0.830198,	0.131195,0.868805,	0.0952079,0.904792,	0.0737875,0.926213,	0.0163481,0.983652,	1,	1,	1,	1,	1,	1,	1,	1,	1,	1,	1,	
0.5,0.5,	0.577406,0.422594,	0.524032,0.475968,	0.48663,0.51337,	0.34063,0.65937,	0.225968,0.774032,	0.156199,0.843801,	0.127391,0.872609,	0.0878159,0.912184,	0.0683137,0.931686,	0.0153659,0.984634,	1,	1,	1,	1,	1,	1,	1,	1,	1,	1,	1,	
0.5,0.5,	0.590788,0.409212,	0.540895,0.459105,	0.482334,0.517666,	0.342458,0.657542,	0.226672,0.773328,	0.149851,0.850149,	0.112543,0.887457,	0.0785922,0.921408,	0.0609764,0.939024,	0.0142906,0.985709,	1,	1,	1,	1,	1,	1,	1,	1,	1,	1,	1,	
0.5,0.5,	0.611143,0.388857,	0.554104,0.445896,	0.496189,0.503811,	0.358876,0.641124,	0.22686,0.77314,	0.138999,0.861001,	0.10608,0.89392,	0.0762585,0.923742,	0.0558497,0.94415,	0.0126907,0.987309,	1,	1,	1,	1,	1,	1,	1,	1,	1,	1,	1,	
0.5,0.5,	0.625765,0.374235,	0.575903,0.424097,	0.503677,0.496323,	0.362139,0.637861,	0.217652,0.782348,	0.129077,0.870923,	0.100607,0.899393,	0.0679519,0.932048,	0.050045,0.949955,	0.0121467,0.987853,	1,	1,	1,	1,	1,	1,	1,	1,	1,	1,	1,	
0.5,0.5,	0.633562,0.366438,	0.582351,0.417649,	0.515292,0.484708,	0.37059,0.62941,	0.205561,0.794439,	0.124959,0.875041,	0.0952336,0.904766,	0.0653176,0.934682,	0.0463964,0.953604,	0.0111127,0.988887,	1,	1,	1,	1,	1,	1,	1,	1,	1,	1,	1,	
0.5,0.5,	0.652795,0.347205,	0.608693,0.391307,	0.529769,0.470231,	0.367543,0.632457,	0.198822,0.801178,	0.122056,0.877944,	0.0944607,0.905539,	0.0602798,0.93972,	0.0432654,0.956735,	0.0103939,0.989606,	1,	1,	1,	1,	1,	1,	1,	1,	1,	1,	1,	
0.5,0.5,	0.665407,0.334593,	0.6181,0.3819,	0.539206,0.460794,	0.379394,0.620606,	0.194569,0.805431,	0.116282,0.883718,	0.0884933,0.911507,	0.0542202,0.94578,	0.0417449,0.958255,	0.00980002,0.9902,	1,	1,	1,	1,	1,	1,	1,	1,	1,	1,	1,	
0.5,0.5,	0.68203,0.31797,	0.631796,0.368204,	0.553065,0.446935,	0.398025,0.601975,	0.186858,0.813142,	0.111013,0.888987,	0.0850394,0.914961,	0.0512266,0.948773,	0.037646,0.962354,	0.0094205,0.99058,	1,	1,	1,	1,	1,	1,	1,	1,	1,	1,	1,	
0.5,0.5,	0.692673,0.307327,	0.645952,0.354048,	0.560261,0.439739,	0.396424,0.603576,	0.194355,0.805645,	0.107799,0.892201,	0.0801733,0.919827,	0.0469681,0.953032,	0.0370402,0.96296,	0.00910504,0.990895,	1,	1,	1,	1,	1,	1,	1,	1,	1,	1,	1,	
0.5,0.5,	0.702929,0.297071,	0.66172,0.33828,	0.575942,0.424058,	0.403179,0.596821,	0.187206,0.812794,	0.102464,0.897536,	0.0778059,0.922194,	0.0448009,0.955199,	0.0346813,0.965319,	0.00852791,0.991472,	1,	1,	1,	1,	1,	1,	1,	1,	1,	1,	1,	
0.5,0.5,	0.713558,0.286442,	0.672243,0.327757,	0.594758,0.405242,	0.397666,0.602334,	0.186301,0.813699,	0.103586,0.896414,	0.074348,0.925652,	0.0417761,0.958224,	0.0339854,0.966015,	0.00815915,0.991841,	1,	1,	1,	1,	1,	1,	1,	1,	1,	1,	1,	
0.5,0.5,	0.726973,0.273027,	0.686963,0.313037,	0.597346,0.402654,	0.414165,0.585835,	0.178831,0.821169,	0.0937514,0.906249,	0.071539,0.928461,	0.0391781,0.960822,	0.033721,0.966279,	0.00796042,0.99204,	1,	1,	1,	1,	1,	1,	1,	1,	1,	1,	1,	
0.5,0.5,	0.73055,0.26945,	0.698223,0.301777,	0.613409,0.386591,	0.423436,0.576564,	0.178755,0.821245,	0.0920298,0.90797,	0.0663685,0.933631,	0.0376855,0.962315,	0.0317261,0.968274,	0.00770058,0.992299,	1,	1,	1,	1,	1,	1,	1,	1,	1,	1,	1,	
0.5,0.5,	0.744437,0.255563,	0.704302,0.295698,	0.622586,0.377414,	0.421312,0.578688,	0.167739,0.832261,	0.0892291,0.910771,	0.0667147,0.933285,	0.0362939,0.963706,	0.0300291,0.969971,	0.00732317,0.992677,	1,	1,	1,	1,	1,	1,	1,	1,	1,	1,	1,	
0.5,0.5,	0.754157,0.245843,	0.717327,0.282673,	0.626683,0.373317,	0.42907,0.57093,	0.163562,0.836438,	0.0825614,0.917439,	0.0621289,0.937871,	0.0347267,0.965273,	0.0281279,0.971872,	0.00711131,0.992889,	1,	1,	1,	1,	1,	1,	1,	1,	1,	1,	1,	
0.5,0.5,	0.757508,0.242492,	0.726163,0.273837,	0.639841,0.360159,	0.44363,0.55637,	0.168453,0.831547,	0.0784409,0.921559,	0.0575219,0.942478,	0.0337745,0.966226,	0.026515,0.973485,	0.00704489,0.992955,	1,	1,	1,	1,	1,	1,	1,	1,	1,	1,	1,	
0.5,0.5,	0.763161,0.236839,	0.736688,0.263312,	0.656286,0.343714,	0.433631,0.566369,	0.164016,0.835984,	0.0756462,0.924354,	0.0550681,0.944932,	0.0328714,0.967129,	0.0257041,0.974296,	0.00679106,0.993209,	1,	1,	1,	1,	1,	1,	1,	1,	1,	1,	1,	
0.5,0.5,	0.771018,0.228982,	0.744809,0.255191,	0.669726,0.330274,	0.447019,0.552981,	0.156551,0.843449,	0.0756735,0.924326,	0.0559034,0.944097,	0.032881,0.967119,	0.0250726,0.974927,	0.00675516,0.993245,	1,	1,	1,	1,	1,	1,	1,	1,	1,	1,	1,	
0.5,0.5,	0.776349,0.223651,	0.754258,0.245742,	0.674839,0.325161,	0.454048,0.545952,	0.155092,0.844908,	0.0762426,0.923757,	0.052007,0.947993,	0.0304819,0.969518,	0.0229173,0.977083,	0.00648371,0.993516,	1,	1,	1,	1,	1,	1,	1,	1,	1,	1,	1,	
0.5,0.5,	0.783636,0.216364,	0.759577,0.240423,	0.680579,0.319421,	0.463809,0.536191,	0.156884,0.843116,	0.0781009,0.921899,	0.0500948,0.949905,	0.0295624,0.970438,	0.0222144,0.977786,	0.00623729,0.993763,	1,	1,	1,	1,	1,	1,	1,	1,	1,	1,	1,	
0.5,0.5,	0.791503,0.208497,	0.766232,0.233768,	0.687595,0.312405,	0.466052,0.533948,	0.150947,0.849053,	0.0763894,0.923611,	0.0498494,0.950151,	0.028214,0.971786,	0.0213554,0.978645,	0.00606823,0.993932,	1,	1,	1,	1,	1,	1,	1,	1,	1,	1,	1,	
0.5,0.5,	0.798608,0.201392,	0.773382,0.226618,	0.700216,0.299784,	0.485348,0.514652,	0.150057,0.849943,	0.0742776,0.925722,	0.0480004,0.952,	0.0266429,0.973357,	0.0201611,0.979839,	0.00593851,0.994061,	1,	1,	1,	1,	1,	1,	1,	1,	1,	1,	1,	
0.5,0.5,	0.803873,0.196127,	0.779723,0.220277,	0.714328,0.285672,	0.474072,0.525928,	0.145578,0.854422,	0.0690387,0.930961,	0.0458575,0.954142,	0.0261621,0.973838,	0.0199774,0.980023,	0.0056758,0.994324,	1,	1,	1,	1,	1,	1,	1,	1,	1,	1,	1,	
0.5,0.5,	0.809104,0.190896,	0.786137,0.213863,	0.720266,0.279734,	0.479987,0.520013,	0.141267,0.858733,	0.0686421,0.931358,	0.0449376,0.955062,	0.0250351,0.974965,	0.0197142,0.980286,	0.0055622,0.994438,	1,	1,	1,	1,	1,	1,	1,	1,	1,	1,	1,	
0.5,0.5,	0.814115,0.185885,	0.792039,0.207961,	0.72941,0.27059,	0.491817,0.508183,	0.13135,0.86865,	0.0648157,0.935184,	0.0468509,0.953149,	0.0241893,0.975811,	0.0189368,0.981063,	0.00550138,0.994499,	1,	1,	1,	1,	1,	1,	1,	1,	1,	1,	1,	
0.5,0.5,	0.819499,0.180501,	0.798359,0.201641,	0.74003,0.25997,	0.493338,0.506662,	0.130603,0.869397,	0.0640967,0.935903,	0.0449168,0.955083,	0.0245058,0.975494,	0.0184605,0.981539,	0.00534834,0.994652,	1,	1,	1,	1,	1,	1,	1,	1,	1,	1,	1,	
0.5,0.5,	0.826882,0.173118,	0.806362,0.193638,	0.744693,0.255307,	0.503123,0.496877,	0.129392,0.870608,	0.0619985,0.938002,	0.0419874,0.958013,	0.0236697,0.97633,	0.0181404,0.98186,	0.00524744,0.994753,	1,	1,	1,	1,	1,	1,	1,	1,	1,	1,	1,	
0.5,0.5,	0.82975,0.17025,	0.810197,0.189803,	0.756847,0.243153,	0.505847,0.494153,	0.126271,0.873729,	0.0586352,0.941365,	0.0402399,0.95976,	0.0231836,0.976816,	0.0177226,0.982277,	0.00487326,0.995127,	1,	1,	1,	1,	1,	1,	1,	1,	1,	1,	1,	
0.5,0.5,	0.835219,0.164781,	0.817848,0.182152,	0.759247,0.240753,	0.50904,0.49096,	0.121142,0.878858,	0.0576039,0.942396,	0.0399327,0.960067,	0.0230374,0.976963,	0.0167357,0.983264,	0.00474015,0.99526,	1,	1,	1,	1,	1,	1,	1,	1,	1,	1,	1,	
0.5,0.5,	0.839007,0.160993,	0.82262,0.17738,	0.764246,0.235754,	0.51237,0.48763,	0.117836,0.882164,	0.0583914,0.941609,	0.0370034,0.962997,	0.0225208,0.977479,	0.0161674,0.983833,	0.00455919,0.995441,	1,	1,	1,	1,	1,	1,	1,	1,	1,	1,	1,	
0.5,0.5,	0.843244,0.156756,	0.830583,0.169417,	0.775407,0.224593,	0.522478,0.477522,	0.112145,0.887855,	0.056441,0.943559,	0.0351389,0.964861,	0.0222787,0.977721,	0.0155347,0.984465,	0.00442458,0.995575,	1,	1,	1,	1,	1,	1,	1,	1,	1,	1,	1,	
0.5,0.5,	0.847477,0.152523,	0.835268,0.164732,	0.776891,0.223109,	0.5236,0.4764,	0.108883,0.891117,	0.055196,0.944804,	0.0335419,0.966458,	0.022129,0.977871,	0.0150074,0.984993,	0.00426714,0.995733,	1,	1,	1,	1,	1,	1,	1,	1,	1,	1,	1,	
0.5,0.5,	0.852088,0.147912,	0.837565,0.162435,	0.783874,0.216126,	0.536966,0.463034,	0.112639,0.887361,	0.053039,0.946961,	0.032295,0.967705,	0.0218485,0.978151,	0.0144578,0.985542,	0.00423584,0.995764,	1,	1,	1,	1,	1,	1,	1,	1,	1,	1,	1,	
0.5,0.5,	0.855802,0.144198,	0.842665,0.157335,	0.791041,0.208959,	0.554081,0.445919,	0.108355,0.891645,	0.0500647,0.949935,	0.0320949,0.967905,	0.0209023,0.979098,	0.0139968,0.986003,	0.00419111,0.995809,	1,	1,	1,	1,	1,	1,	1,	1,	1,	1,	1,	
0.5,0.5,	0.859395,0.140605,	0.84371,0.15629,	0.79343,0.20657,	0.536642,0.463358,	0.108044,0.891956,	0.0477746,0.952225,	0.0307657,0.969234,	0.0208621,0.979138,	0.0136228,0.986377,	0.00415866,0.995841,	1,	1,	1,	1,	1,	1,	1,	1,	1,	1,	1,	
0.5,0.5,	0.862929,0.137071,	0.847935,0.152065,	0.795443,0.204557,	0.546901,0.453099,	0.106038,0.893962,	0.0463281,0.953672,	0.0307608,0.969239,	0.0201278,0.979872,	0.0133357,0.986664,	0.00406071,0.995939,	1,	1,	1,	1,	1,	1,	1,	1,	1,	1,	1,	
0.5,0.5,	0.865643,0.134357,	0.849873,0.150127,	0.800051,0.199949,	0.557708,0.442292,	0.114352,0.885648,	0.0462116,0.953788,	0.0305314,0.969469,	0.0193732,0.980627,	0.0129308,0.987069,	0.00395536,0.996045,	1,	1,	1,	1,	1,	1,	1,	1,	1,	1,	1,	
0.5,0.5,	0.870424,0.129576,	0.853165,0.146835,	0.804801,0.195199,	0.554575,0.445425,	0.113978,0.886022,	0.0460667,0.953933,	0.0291317,0.970868,	0.018802,0.981198,	0.0126944,0.987306,	0.00380203,0.996198,	1,	1,	1,	1,	1,	1,	1,	1,	1,	1,	1,	
0.5,0.5,	0.872196,0.127804,	0.857299,0.142701,	0.810164,0.189836,	0.571852,0.428148,	0.10537,0.89463,	0.0429606,0.957039,	0.0284796,0.97152,	0.0189675,0.981032,	0.0124823,0.987518,	0.003836,0.996164,	1,	1,	1,	1,	1,	1,	1,	1,	1,	1,	1,	
0.5,0.5,	0.876044,0.123956,	0.862787,0.137213,	0.814059,0.185941,	0.584794,0.415206,	0.107793,0.892207,	0.0412593,0.958741,	0.0283069,0.971693,	0.0184413,0.981559,	0.0119659,0.988034,	0.00359136,0.996409,	1,	1,	1,	1,	1,	1,	1,	1,	1,	1,	1,	
0.5,0.5,	0.878515,0.121485,	0.866208,0.133792,	0.815734,0.184266,	0.586287,0.413713,	0.109482,0.890518,	0.0429308,0.957069,	0.0272958,0.972704,	0.0177308,0.982269,	0.0117505,0.98825,	0.00354901,0.996451,	1,	1,	1,	1,	1,	1,	1,	1,	1,	1,	1,	
0.5,0.5,	0.880428,0.119572,	0.867829,0.132171,	0.818278,0.181722,	0.593066,0.406934,	0.10811,0.89189,	0.0418722,0.958128,	0.0267247,0.973275,	0.017293,0.982707,	0.0113812,0.988619,	0.00350988,0.99649,	1,	1,	1,	1,	1,	1,	1,	1,	1,	1,	1,	
0.5,0.5,	0.883585,0.116415,	0.868398,0.131602,	0.822512,0.177488,	0.600282,0.399718,	0.103914,0.896086,	0.0414941,0.958506,	0.0265289,0.973471,	0.016789,0.983211,	0.011297,0.988703,	0.00341558,0.996584,	1,	1,	1,	1,	1,	1,	1,	1,	1,	1,	1,	
0.5,0.5,	0.885059,0.114941,	0.873839,0.126161,	0.825426,0.174574,	0.607086,0.392914,	0.105404,0.894596,	0.0394645,0.960535,	0.0249199,0.97508,	0.0167179,0.983282,	0.011177,0.988823,	0.00326332,0.996737,	1,	1,	1,	1,	1,	1,	1,	1,	1,	1,	1,	
0.5,0.5,	0.887742,0.112258,	0.876296,0.123704,	0.829888,0.170112,	0.614797,0.385203,	0.103993,0.896007,	0.0410181,0.958982,	0.0245896,0.97541,	0.0166011,0.983399,	0.0111632,0.988837,	0.0032053,0.996795,	1,	1,	1,	1,	1,	1,	1,	1,	1,	1,	1,	
0.5,0.5,	0.890027,0.109973,	0.878195,0.121805,	0.836574,0.163426,	0.621111,0.378889,	0.101669,0.898331,	0.0412254,0.958775,	0.0255975,0.974403,	0.0161326,0.983867,	0.0110337,0.988966,	0.00312789,0.996872,	1,	1,	1,	1,	1,	1,	1,	1,	1,	1,	1,	
0.5,0.5,	0.890888,0.109112,	0.880159,0.119841,	0.837357,0.162643,	0.626066,0.373934,	0.100004,0.899996,	0.0408317,0.959168,	0.0248516,0.975148,	0.0161631,0.983837,	0.0107799,0.98922,	0.00313496,0.996865,	1,	1,	1,	1,	1,	1,	1,	1,	1,	1,	1,	
0.5,0.5,	0.893627,0.106373,	0.882131,0.117869,	0.842458,0.157542,	0.622342,0.377658,	0.0967982,0.903202,	0.0418095,0.958191,	0.0249466,0.975053,	0.0156357,0.984364,	0.0107164,0.989284,	0.00312224,0.996878,	1,	1,	1,	1,	1,	1,	1,	1,	1,	1,	1,	
0.5,0.5,	0.89585,0.10415,	0.884797,0.115203,	0.844397,0.155603,	0.632075,0.367925,	0.0994933,0.900507,	0.0411867,0.958813,	0.0239151,0.976085,	0.0156009,0.984399,	0.0107267,0.989273,	0.00309272,0.996907,	1,	1,	1,	1,	1,	1,	1,	1,	1,	1,	1,	
0.5,0.5,	0.898168,0.101832,	0.886274,0.113726,	0.846915,0.153085,	0.638815,0.361185,	0.0974303,0.90257,	0.0388451,0.961155,	0.0231957,0.976804,	0.0152854,0.984715,	0.0106693,0.989331,	0.0029964,0.997004,	1,	1,	1,	1,	1,	1,	1,	1,	1,	1,	1,	
0.5,0.5,	0.899999,0.100001,	0.88774,0.11226,	0.84833,0.15167,	0.638802,0.361198,	0.101333,0.898667,	0.0370515,0.962949,	0.0225165,0.977484,	0.0154423,0.984558,	0.0104217,0.989578,	0.00289538,0.997105,	1,	1,	1,	1,	1,	1,	1,	1,	1,	1,	1,	
0.5,0.5,	0.901933,0.0980674,	0.889857,0.110143,	0.849852,0.150148,	0.631933,0.368067,	0.0983117,0.901688,	0.0364229,0.963577,	0.0218369,0.978163,	0.0149708,0.985029,	0.0103729,0.989627,	0.00288133,0.997119,	1,	1,	1,	1,	1,	1,	1,	1,	1,	1,	1,	
0.5,0.5,	0.903756,0.096244,	0.892137,0.107863,	0.853631,0.146369,	0.642219,0.357781,	0.0946702,0.90533,	0.0349878,0.965012,	0.0211846,0.978815,	0.0146884,0.985312,	0.0102488,0.989751,	0.00285183,0.997148,	1,	1,	1,	1,	1,	1,	1,	1,	1,	1,	1,	
0.5,0.5,	0.905591,0.0944088,	0.893793,0.106207,	0.854336,0.145664,	0.645915,0.354085,	0.0918908,0.908109,	0.036396,0.963604,	0.0205404,0.97946,	0.0146745,0.985326,	0.0101497,0.98985,	0.00279053,0.997209,	1,	1,	1,	1,	1,	1,	1,	1,	1,	1,	1,	
0.5,0.5,	0.906244,0.0937562,	0.895871,0.104129,	0.857833,0.142167,	0.659143,0.340857,	0.0914029,0.908597,	0.0371394,0.962861,	0.0197425,0.980257,	0.0143703,0.98563,	0.0100739,0.989926,	0.00278762,0.997212,	1,	1,	1,	1,	1,	1,	1,	1,	1,	1,	1,	
0.5,0.5,	0.907858,0.0921418,	0.897679,0.102321,	0.859152,0.140848,	0.660233,0.339767,	0.0896568,0.910343,	0.0351486,0.964851,	0.019852,0.980148,	0.0138542,0.986146,	0.00993009,0.99007,	0.0027045,0.997295,	1,	1,	1,	1,	1,	1,	1,	1,	1,	1,	1,	
0.5,0.5,	0.908967,0.0910334,	0.899051,0.100949,	0.862183,0.137817,	0.66577,0.33423,	0.09128,0.90872,	0.0345929,0.965407,	0.019167,0.980833,	0.0135864,0.986414,	0.00957419,0.990426,	0.0026698,0.99733,	1,	1,	1,	1,	1,	1,	1,	1,	1,	1,	1,	
0.5,0.5,	0.910764,0.0892355,	0.901372,0.0986281,	0.863281,0.136719,	0.671112,0.328888,	0.0891651,0.910835,	0.0338152,0.966185,	0.0188501,0.98115,	0.0131856,0.986814,	0.00945519,0.990545,	0.00254072,0.997459,	1,	1,	1,	1,	1,	1,	1,	1,	1,	1,	1,	
0.5,0.5,	0.911595,0.088405,	0.902847,0.0971527,	0.866866,0.133134,	0.665845,0.334155,	0.0887333,0.911267,	0.0332693,0.966731,	0.0175532,0.982447,	0.0130092,0.986991,	0.00917625,0.990824,	0.00251098,0.997489,	1,	1,	1,	1,	1,	1,	1,	1,	1,	1,	1,	
0.5,0.5,	0.913562,0.0864382,	0.904153,0.0958469,	0.869137,0.130863,	0.672199,0.327801,	0.0908639,0.909136,	0.0338235,0.966177,	0.0176887,0.982311,	0.0124586,0.987541,	0.00898245,0.991018,	0.00248339,0.997517,	1,	1,	1,	1,	1,	1,	1,	1,	1,	1,	1,	
0.5,0.5,	0.91426,0.0857396,	0.905994,0.0940057,	0.869653,0.130347,	0.680669,0.319331,	0.0926334,0.907367,	0.0333315,0.966669,	0.0173225,0.982678,	0.0121936,0.987806,	0.00875223,0.991248,	0.00249326,0.997507,	1,	1,	1,	1,	1,	1,	1,	1,	1,	1,	1,	
0.5,0.5,	0.915593,0.0844065,	0.90729,0.0927098,	0.873111,0.126889,	0.686694,0.313306,	0.0917332,0.908267,	0.0326588,0.967341,	0.0170641,0.982936,	0.0119037,0.988096,	0.00868324,0.991317,	0.00245757,0.997542,	1,	1,	1,	1,	1,	1,	1,	1,	1,	1,	1,	
0.5,0.5,	0.916866,0.0831338,	0.908951,0.0910492,	0.875959,0.124041,	0.686182,0.313818,	0.0889803,0.91102,	0.032377,0.967623,	0.0169848,0.983015,	0.0116037,0.988396,	0.00860762,0.991392,	0.00244527,0.997555,	1,	1,	1,	1,	1,	1,	1,	1,	1,	1,	1,	
0.5,0.5,	0.918715,0.0812855,	0.910553,0.0894469,	0.878168,0.121832,	0.698246,0.301754,	0.0892951,0.910705,	0.0316635,0.968337,	0.0167933,0.983207,	0.0113683,0.988632,	0.0087678,0.991232,	0.00241154,0.997588,	1,	1,	1,	1,	1,	1,	1,	1,	1,	1,	1,	
0.5,0.5,	0.920413,0.0795865,	0.911505,0.0884953,	0.881894,0.118106,	0.691822,0.308178,	0.0851707,0.914829,	0.0316912,0.968309,	0.0167755,0.983224,	0.0110899,0.98891,	0.00861079,0.991389,	0.00240441,0.997596,	1,	1,	1,	1,	1,	1,	1,	1,	1,	1,	1,	
0.5,0.5,	0.920947,0.0790534,	0.914055,0.0859452,	0.884196,0.115804,	0.706893,0.293107,	0.0842176,0.915782,	0.0317217,0.968278,	0.016211,0.983789,	0.0110893,0.988911,	0.00872014,0.99128,	0.00239252,0.997607,	1,	1,	1,	1,	1,	1,	1,	1,	1,	1,	1,	
0.5,0.5,	0.922595,0.0774045,	0.914046,0.0859543,	0.884604,0.115396,	0.704996,0.295004,	0.0803288,0.919671,	0.0309831,0.969017,	0.0161181,0.983882,	0.0110293,0.988971,	0.00850028,0.9915,	0.00230377,0.997696,	1,	1,	1,	1,	1,	1,	1,	1,	1,	1,	1,	
0.5,0.5,	0.922827,0.0771729,	0.915442,0.084558,	0.886255,0.113745,	0.717781,0.282219,	0.0793747,0.920625,	0.0312388,0.968761,	0.0160594,0.983941,	0.0108807,0.989119,	0.00829216,0.991708,	0.00228392,0.997716,	1,	1,	1,	1,	1,	1,	1,	1,	1,	1,	1,	
0.5,0.5,	0.923997,0.0760026,	0.917425,0.0825751,	0.887185,0.112815,	0.714776,0.285224,	0.0768851,0.923115,	0.0313982,0.968602,	0.0160528,0.983947,	0.0108544,0.989146,	0.00821422,0.991786,	0.00220106,0.997799,	1,	1,	1,	1,	1,	1,	1,	1,	1,	1,	1,	
0.5,0.5,	0.925123,0.0748767,	0.918144,0.0818562,	0.889411,0.110589,	0.716608,0.283392,	0.0736046,0.926395,	0.0318446,0.968155,	0.0157178,0.984282,	0.0111881,0.988812,	0.00796894,0.992031,	0.00217572,0.997824,	1,	1,	1,	1,	1,	1,	1,	1,	1,	1,	1,	
0.5,0.5,	0.926855,0.0731445,	0.919293,0.0807075,	0.890568,0.109432,	0.7207,0.2793,	0.0757031,0.924297,	0.0306841,0.969316,	0.0158194,0.984181,	0.0109054,0.989095,	0.00795141,0.992049,	0.00215916,0.997841,	1,	1,	1,	1,	1,	1,	1,	1,	1,	1,	1,	
0.5,0.5,	0.927977,0.072023,	0.919666,0.080334,	0.892376,0.107624,	0.725635,0.274365,	0.0743818,0.925618,	0.0300994,0.969901,	0.0154135,0.984587,	0.0108108,0.989189,	0.007812,0.992188,	0.00216737,0.997833,	1,	1,	1,	1,	1,	1,	1,	1,	1,	1,	1,	
0.5,0.5,	0.92901,0.0709903,	0.922197,0.0778027,	0.893163,0.106837,	0.735024,0.264976,	0.0725599,0.92744,	0.0305988,0.969401,	0.0154051,0.984595,	0.0108268,0.989173,	0.00773114,0.992269,	0.00218476,0.997815,	1,	1,	1,	1,	1,	1,	1,	1,	1,	1,	1,	
0.5,0.5,	0.930133,0.0698667,	0.9234,0.0766,	0.894351,0.105649,	0.735118,0.264882,	0.0708887,0.929111,	0.0297223,0.970278,	0.0152936,0.984706,	0.0107052,0.989295,	0.00752334,0.992477,	0.00216985,0.99783,	1,	1,	1,	1,	1,	1,	1,	1,	1,	1,	1,	
0.5,0.5,	0.931004,0.0689961,	0.925063,0.0749374,	0.89733,0.10267,	0.73719,0.26281,	0.0737352,0.926265,	0.0287563,0.971244,	0.0149537,0.985046,	0.0106013,0.989399,	0.00739185,0.992608,	0.00215769,0.997842,	1,	1,	1,	1,	1,	1,	1,	1,	1,	1,	1,	
0.5,0.5,	0.931466,0.0685335,	0.925978,0.0740218,	0.897233,0.102767,	0.751763,0.248237,	0.0767568,0.923243,	0.0276155,0.972384,	0.0147053,0.985295,	0.0107044,0.989296,	0.00721389,0.992786,	0.00213563,0.997864,	1,	1,	1,	1,	1,	1,	1,	1,	1,	1,	1,	
0.5,0.5,	0.93237,0.0676298,	0.926764,0.0732357,	0.898646,0.101354,	0.750962,0.249038,	0.0809136,0.919086,	0.0272916,0.972708,	0.0146609,0.985339,	0.0105234,0.989477,	0.00701136,0.992989,	0.00210554,0.997894,	1,	1,	1,	1,	1,	1,	1,	1,	1,	1,	1,	
0.5,0.5,	0.933411,0.0665891,	0.927071,0.0729289,	0.899903,0.100097,	0.751519,0.248481,	0.0796478,0.920352,	0.0257339,0.974266,	0.0148087,0.985191,	0.010228,0.989772,	0.00696028,0.99304,	0.00208022,0.99792,	1,	1,	1,	1,	1,	1,	1,	1,	1,	1,	1,	
0.5,0.5,	0.934292,0.0657081,	0.928675,0.0713251,	0.901302,0.0986985,	0.758234,0.241766,	0.0765322,0.923468,	0.0248059,0.975194,	0.0144267,0.985573,	0.0101347,0.989865,	0.00696323,0.993037,	0.00206017,0.99794,	1,	1,	1,	1,	1,	1,	1,	1,	1,	1,	1,	
0.5,0.5,	0.934807,0.0651931,	0.929187,0.070813,	0.902682,0.0973185,	0.762463,0.237537,	0.0757609,0.924239,	0.0244273,0.975573,	0.0142116,0.985788,	0.0101139,0.989886,	0.00688801,0.993112,	0.00204521,0.997955,	1,	1,	1,	1,	1,	1,	1,	1,	1,	1,	1,	
0.5,0.5,	0.936106,0.0638941,	0.929796,0.0702043,	0.904331,0.095669,	0.770059,0.229941,	0.0728264,0.927174,	0.0233047,0.976695,	0.0140724,0.985928,	0.00987968,0.99012,	0.00679576,0.993204,	0.00202393,0.997976,	1,	1,	1,	1,	1,	1,	1,	1,	1,	1,	1,	
0.5,0.5,	0.937361,0.0626391,	0.930477,0.0695226,	0.906364,0.0936362,	0.771995,0.228005,	0.0722519,0.927748,	0.0228531,0.977147,	0.0138783,0.986122,	0.00965975,0.99034,	0.00673008,0.99327,	0.00201188,0.997988,	1,	1,	1,	1,	1,	1,	1,	1,	1,	1,	1,	
0.5,0.5,	0.938364,0.0616355,	0.931359,0.0686414,	0.906712,0.0932883,	0.772505,0.227495,	0.068676,0.931324,	0.0221485,0.977851,	0.0135185,0.986481,	0.00964088,0.990359,	0.00665636,0.993344,	0.00198556,0.998014,	1,	1,	1,	1,	1,	1,	1,	1,	1,	1,	1,	
0.5,0.5,	0.938793,0.0612066,	0.932734,0.0672659,	0.908591,0.0914095,	0.769853,0.230147,	0.0677574,0.932243,	0.0220412,0.977959,	0.0136331,0.986367,	0.00955821,0.990442,	0.00659982,0.9934,	0.00195083,0.998049,	1,	1,	1,	1,	1,	1,	1,	1,	1,	1,	1,	
0.5,0.5,	0.939637,0.0603632,	0.933229,0.0667708,	0.908803,0.0911965,	0.77501,0.22499,	0.0680498,0.93195,	0.0220374,0.977963,	0.0133496,0.98665,	0.00946414,0.990536,	0.0065837,0.993416,	0.00195816,0.998042,	1,	1,	1,	1,	1,	1,	1,	1,	1,	1,	1,	
0.5,0.5,	0.940723,0.0592766,	0.933715,0.0662849,	0.909583,0.090417,	0.775436,0.224564,	0.0715334,0.928467,	0.0221358,0.977864,	0.0133673,0.986633,	0.00932209,0.990678,	0.00661077,0.993389,	0.0019268,0.998073,	1,	1,	1,	1,	1,	1,	1,	1,	1,	1,	1,	
0.5,0.5,	0.941392,0.0586079,	0.934145,0.0658546,	0.911094,0.0889056,	0.779437,0.220563,	0.0674153,0.932585,	0.0215238,0.978476,	0.0130843,0.986916,	0.00926607,0.990734,	0.00660584,0.993394,	0.00191014,0.99809,	1,	1,	1,	1,	1,	1,	1,	1,	1,	1,	1,	
0.5,0.5,	0.94193,0.05807,	0.934968,0.0650317,	0.911471,0.0885286,	0.78627,0.21373,	0.0687148,0.931285,	0.0219423,0.978058,	0.0132051,0.986795,	0.00919498,0.990805,	0.0065269,0.993473,	0.00188665,0.998113,	1,	1,	1,	1,	1,	1,	1,	1,	1,	1,	1,	
0.5,0.5,	0.942765,0.0572355,	0.935842,0.0641583,	0.912609,0.087391,	0.788364,0.211636,	0.0697323,0.930268,	0.0215005,0.978499,	0.0130237,0.986976,	0.0092171,0.990783,	0.00641656,0.993583,	0.00186632,0.998134,	1,	1,	1,	1,	1,	1,	1,	1,	1,	1,	1,	
0.5,0.5,	0.943338,0.0566619,	0.936499,0.063501,	0.914518,0.0854821,	0.79742,0.20258,	0.0681054,0.931895,	0.0212189,0.978781,	0.0128024,0.987198,	0.00931241,0.990688,	0.00636227,0.993638,	0.00182976,0.99817,	1,	1,	1,	1,	1,	1,	1,	1,	1,	1,	1,	
0.5,0.5,	0.944064,0.0559358,	0.937287,0.0627131,	0.916505,0.0834946,	0.793368,0.206632,	0.0670276,0.932972,	0.0205747,0.979425,	0.0126393,0.987361,	0.00916573,0.990834,	0.00630298,0.993697,	0.00180966,0.99819,	1,	1,	1,	1,	1,	1,	1,	1,	1,	1,	1,	
0.5,0.5,	0.944747,0.0552531,	0.938466,0.0615341,	0.916196,0.0838042,	0.798463,0.201537,	0.0697309,0.930269,	0.0200176,0.979982,	0.0128536,0.987146,	0.00897009,0.99103,	0.00619147,0.993809,	0.00176107,0.998239,	1,	1,	1,	1,	1,	1,	1,	1,	1,	1,	1,	
0.5,0.5,	0.944968,0.0550319,	0.939197,0.0608031,	0.91692,0.0830803,	0.80322,0.19678,	0.0660172,0.933983,	0.0194014,0.980599,	0.0125596,0.98744,	0.0087375,0.991262,	0.00618722,0.993813,	0.00173816,0.998262,	1,	1,	1,	1,	1,	1,	1,	1,	1,	1,	1,	
0.5,0.5,	0.945454,0.0545463,	0.939485,0.0605146,	0.917255,0.0827451,	0.806299,0.193701,	0.0672566,0.932743,	0.0188862,0.981114,	0.0126293,0.987371,	0.00837024,0.99163,	0.006012,0.993988,	0.00175737,0.998243,	1,	1,	1,	1,	1,	1,	1,	1,	1,	1,	1,	
0.5,0.5,	0.945999,0.0540007,	0.940811,0.0591886,	0.918661,0.081339,	0.808602,0.191398,	0.0665174,0.933483,	0.018805,0.981195,	0.0124545,0.987545,	0.00833892,0.991661,	0.00586763,0.994132,	0.00175946,0.998241,	1,	1,	1,	1,	1,	1,	1,	1,	1,	1,	1,	
0.5,0.5,	0.9466,0.0534003,	0.941398,0.058602,	0.920212,0.079788,	0.806159,0.193841,	0.0634635,0.936536,	0.0186217,0.981378,	0.0121301,0.98787,	0.00839302,0.991607,	0.00572076,0.994279,	0.00175176,0.998248,	1,	1,	1,	1,	1,	1,	1,	1,	1,	1,	1,	
0.5,0.5,	0.946952,0.0530483,	0.941934,0.0580664,	0.921661,0.0783389,	0.804413,0.195587,	0.0665075,0.933492,	0.0183929,0.981607,	0.0119057,0.988094,	0.00817234,0.991828,	0.00566353,0.994336,	0.0017308,0.998269,	1,	1,	1,	1,	1,	1,	1,	1,	1,	1,	1,	
0.5,0.5,	0.947547,0.0524533,	0.942657,0.0573433,	0.922472,0.0775282,	0.800982,0.199018,	0.0709739,0.929026,	0.0182724,0.981728,	0.0117116,0.988288,	0.00821862,0.991781,	0.00558309,0.994417,	0.00171884,0.998281,	1,	1,	1,	1,	1,	1,	1,	1,	1,	1,	1,	
0.5,0.5,	0.948007,0.0519934,	0.943073,0.0569267,	0.922484,0.0775157,	0.811254,0.188746,	0.0671684,0.932832,	0.017834,0.982166,	0.011834,0.988166,	0.00824005,0.99176,	0.00558514,0.994415,	0.00170835,0.998292,	1,	1,	1,	1,	1,	1,	1,	1,	1,	1,	1,	
0.5,0.5,	0.94878,0.0512204,	0.943601,0.0563987,	0.922844,0.0771561,	0.813992,0.186008,	0.0678589,0.932141,	0.0180707,0.981929,	0.0118297,0.98817,	0.00813735,0.991863,	0.00549884,0.994501,	0.00169017,0.99831,	1,	1,	1,	1,	1,	1,	1,	1,	1,	1,	1,	
0.5,0.5,	0.949149,0.0508506,	0.943968,0.056032,	0.923582,0.0764183,	0.820154,0.179846,	0.0698569,0.930143,	0.0179672,0.982033,	0.0119114,0.988089,	0.00798628,0.992014,	0.00549667,0.994503,	0.00170973,0.99829,	1,	1,	1,	1,	1,	1,	1,	1,	1,	1,	1,	
0.5,0.5,	0.949905,0.0500951,	0.944249,0.0557512,	0.924191,0.0758089,	0.817586,0.182414,	0.0708273,0.929173,	0.0178449,0.982155,	0.011625,0.988375,	0.0079114,0.992089,	0.00532801,0.994672,	0.00169688,0.998303,	1,	1,	1,	1,	1,	1,	1,	1,	1,	1,	1,	
0.5,0.5,	0.950254,0.0497456,	0.945191,0.0548086,	0.926038,0.0739625,	0.819195,0.180805,	0.0694013,0.930599,	0.0176348,0.982365,	0.0115138,0.988486,	0.00779199,0.992208,	0.00524554,0.994754,	0.00171755,0.998282,	1,	1,	1,	1,	1,	1,	1,	1,	1,	1,	1,	
0.5,0.5,	0.950717,0.049283,	0.945612,0.0543876,	0.926562,0.0734376,	0.820775,0.179225,	0.0662107,0.933789,	0.0179541,0.982046,	0.0113671,0.988633,	0.00775522,0.992245,	0.0052441,0.994756,	0.00171791,0.998282,	1,	1,	1,	1,	1,	1,	1,	1,	1,	1,	1,	
0.5,0.5,	0.951415,0.0485846,	0.945908,0.054092,	0.928174,0.0718258,	0.823811,0.176189,	0.067355,0.932645,	0.0182124,0.981788,	0.0111334,0.988867,	0.00764541,0.992355,	0.00523489,0.994765,	0.00170319,0.998297,	1,	1,	1,	1,	1,	1,	1,	1,	1,	1,	1,	
0.5,0.5,	0.952178,0.047822,	0.946444,0.0535563,	0.928123,0.0718766,	0.827061,0.172939,	0.0668617,0.933138,	0.0186259,0.981374,	0.010928,0.989072,	0.00748568,0.992514,	0.00518151,0.994818,	0.00170636,0.998294,	1,	1,	1,	1,	1,	1,	1,	1,	1,	1,	1,	
0.5,0.5,	0.952759,0.0472414,	0.94675,0.0532498,	0.928602,0.0713979,	0.826649,0.173351,	0.0649776,0.935022,	0.0185874,0.981413,	0.0109146,0.989085,	0.00733879,0.992661,	0.00519753,0.994802,	0.00169342,0.998307,	1,	1,	1,	1,	1,	1,	1,	1,	1,	1,	1,	
0.5,0.5,	0.952923,0.0470774,	0.947301,0.0526988,	0.928686,0.0713141,	0.828021,0.171979,	0.0615866,0.938413,	0.0184281,0.981572,	0.0107252,0.989275,	0.00734665,0.992653,	0.00519067,0.994809,	0.00165665,0.998343,	1,	1,	1,	1,	1,	1,	1,	1,	1,	1,	1,	
0.5,0.5,	0.953247,0.0467529,	0.948223,0.0517768,	0.929601,0.0703986,	0.8316,0.1684,	0.0616705,0.938329,	0.0182474,0.981753,	0.0106519,0.989348,	0.00730526,0.992695,	0.00514395,0.994856,	0.00160541,0.998395,	1,	1,	1,	1,	1,	1,	1,	1,	1,	1,	1,	
0.5,0.5,	0.953375,0.0466255,	0.948551,0.0514489,	0.930508,0.0694923,	0.835631,0.164369,	0.0630513,0.936949,	0.0180514,0.981949,	0.0102957,0.989704,	0.0072008,0.992799,	0.0051551,0.994845,	0.00160855,0.998391,	1,	1,	1,	1,	1,	1,	1,	1,	1,	1,	1,	
0.5,0.5,	0.95381,0.0461905,	0.94945,0.05055,	0.931697,0.068303,	0.839123,0.160877,	0.064573,0.935427,	0.0175487,0.982451,	0.0103301,0.98967,	0.0071235,0.992876,	0.0050711,0.994929,	0.0015495,0.998451,	1,	1,	1,	1,	1,	1,	1,	1,	1,	1,	1,	
0.5,0.5,	0.954365,0.045635,	0.949996,0.0500043,	0.932319,0.0676811,	0.843236,0.156764,	0.0607362,0.939264,	0.0178238,0.982176,	0.0102828,0.989717,	0.00710449,0.992896,	0.0050251,0.994975,	0.00155407,0.998446,	1,	1,	1,	1,	1,	1,	1,	1,	1,	1,	1,	
0.5,0.5,	0.954807,0.045193,	0.949737,0.0502628,	0.933151,0.0668489,	0.843861,0.156139,	0.0591391,0.940861,	0.0177952,0.982205,	0.0105628,0.989437,	0.00702277,0.992977,	0.00498125,0.995019,	0.00154328,0.998457,	1,	1,	1,	1,	1,	1,	1,	1,	1,	1,	1,	
0.5,0.5,	0.955089,0.0449107,	0.950442,0.0495582,	0.934039,0.0659608,	0.845909,0.154091,	0.057503,0.942497,	0.0174534,0.982547,	0.0103935,0.989607,	0.00696102,0.993039,	0.00496772,0.995032,	0.00150138,0.998499,	1,	1,	1,	1,	1,	1,	1,	1,	1,	1,	1,	
0.5,0.5,	0.95545,0.0445498,	0.951069,0.0489306,	0.934202,0.0657976,	0.845845,0.154155,	0.0576995,0.942301,	0.0169088,0.983091,	0.0103834,0.989617,	0.00687942,0.993121,	0.00495856,0.995041,	0.0014749,0.998525,	1,	1,	1,	1,	1,	1,	1,	1,	1,	1,	1,	
0.5,0.5,	0.955637,0.0443627,	0.951344,0.0486562,	0.934374,0.0656257,	0.845153,0.154847,	0.0563067,0.943693,	0.0165007,0.983499,	0.0101976,0.989802,	0.00685587,0.993144,	0.00478179,0.995218,	0.00147072,0.998529,	1,	1,	1,	1,	1,	1,	1,	1,	1,	1,	1,	
0.5,0.5,	0.956343,0.0436571,	0.951937,0.0480627,	0.934892,0.0651078,	0.845356,0.154644,	0.0572197,0.94278,	0.0166273,0.983373,	0.0101464,0.989854,	0.00682838,0.993172,	0.00466087,0.995339,	0.00146839,0.998532,	1,	1,	1,	1,	1,	1,	1,	1,	1,	1,	1,	
0.5,0.5,	0.956545,0.0434551,	0.95262,0.0473798,	0.934993,0.0650067,	0.844759,0.155241,	0.055956,0.944044,	0.0163605,0.98364,	0.00977173,0.990228,	0.00670199,0.993298,	0.00465717,0.995343,	0.00145959,0.99854,	1,	1,	1,	1,	1,	1,	1,	1,	1,	1,	1,	
0.5,0.5,	0.956905,0.0430947,	0.953133,0.0468666,	0.935716,0.0642838,	0.846133,0.153867,	0.0568447,0.943155,	0.0162162,0.983784,	0.00959121,0.990409,	0.00652266,0.993477,	0.00463363,0.995366,	0.0014592,0.998541,	1,	1,	1,	1,	1,	1,	1,	1,	1,	1,	1,	
0.5,0.5,	0.957282,0.0427184,	0.954189,0.0458113,	0.936291,0.0637089,	0.850752,0.149248,	0.0570723,0.942928,	0.0160815,0.983919,	0.00940136,0.990599,	0.00658933,0.993411,	0.00461981,0.99538,	0.001453,0.998547,	1,	1,	1,	1,	1,	1,	1,	1,	1,	1,	1,	
0.5,0.5,	0.95761,0.0423901,	0.954479,0.0455212,	0.937228,0.062772,	0.84962,0.15038,	0.0566566,0.943343,	0.0156751,0.984325,	0.00927681,0.990723,	0.00650908,0.993491,	0.0045661,0.995434,	0.00142796,0.998572,	1,	1,	1,	1,	1,	1,	1,	1,	1,	1,	1,	
0.5,0.5,	0.957973,0.0420269,	0.955106,0.0448941,	0.938011,0.0619894,	0.853029,0.146971,	0.056892,0.943108,	0.015611,0.984389,	0.00919812,0.990802,	0.0063576,0.993642,	0.00453565,0.995464,	0.00140781,0.998592,	1,	1,	1,	1,	1,	1,	1,	1,	1,	1,	1,	
0.5,0.5,	0.958433,0.0415668,	0.955333,0.0446667,	0.938538,0.0614619,	0.851799,0.148201,	0.0588765,0.941124,	0.0156139,0.984386,	0.00929896,0.990701,	0.00629771,0.993702,	0.00454312,0.995457,	0.00138848,0.998612,	1,	1,	1,	1,	1,	1,	1,	1,	1,	1,	1,	
0.5,0.5,	0.958577,0.0414227,	0.95566,0.0443397,	0.93935,0.0606497,	0.85522,0.14478,	0.0576198,0.94238,	0.015535,0.984465,	0.0091286,0.990871,	0.00629201,0.993708,	0.00451526,0.995485,	0.0013639,0.998636,	1,	1,	1,	1,	1,	1,	1,	1,	1,	1,	1,	
0.5,0.5,	0.95903,0.04097,	0.95633,0.0436696,	0.939982,0.060018,	0.852898,0.147102,	0.0590942,0.940906,	0.0161884,0.983812,	0.00922312,0.990777,	0.00612082,0.993879,	0.00451491,0.995485,	0.00136219,0.998638,	1,	1,	1,	1,	1,	1,	1,	1,	1,	1,	1,	
0.5,0.5,	0.959288,0.0407119,	0.956442,0.0435575,	0.941137,0.058863,	0.856314,0.143686,	0.0553645,0.944636,	0.0159639,0.984036,	0.00928459,0.990715,	0.00602555,0.993974,	0.00440826,0.995592,	0.00134808,0.998652,	1,	1,	1,	1,	1,	1,	1,	1,	1,	1,	1,	
0.5,0.5,	0.959862,0.0401383,	0.956704,0.0432959,	0.941213,0.058787,	0.857606,0.142394,	0.0564674,0.943533,	0.0159495,0.98405,	0.0092122,0.990788,	0.00601018,0.99399,	0.00437202,0.995628,	0.00133693,0.998663,	1,	1,	1,	1,	1,	1,	1,	1,	1,	1,	1,	
0.5,0.5,	0.960047,0.0399531,	0.957062,0.0429379,	0.941069,0.0589307,	0.857385,0.142615,	0.0557753,0.944225,	0.015913,0.984087,	0.00921124,0.990789,	0.00588745,0.994113,	0.00433489,0.995665,	0.00132101,0.998679,	1,	1,	1,	1,	1,	1,	1,	1,	1,	1,	1,	
0.5,0.5,	0.960378,0.0396222,	0.957331,0.0426686,	0.942123,0.057877,	0.855049,0.144951,	0.0573063,0.942694,	0.0158265,0.984173,	0.00913757,0.990862,	0.00585437,0.994146,	0.00432836,0.995672,	0.00130829,0.998692,	1,	1,	1,	1,	1,	1,	1,	1,	1,	1,	1,	
0.5,0.5,	0.960735,0.0392652,	0.957233,0.0427672,	0.941971,0.0580294,	0.85725,0.14275,	0.0568744,0.943126,	0.016178,0.983822,	0.00918877,0.990811,	0.00585113,0.994149,	0.00435196,0.995648,	0.00131633,0.998684,	1,	1,	1,	1,	1,	1,	1,	1,	1,	1,	1,	
0.5,0.5,	0.961045,0.0389548,	0.957939,0.0420607,	0.94293,0.05707,	0.856482,0.143518,	0.0562444,0.943756,	0.0162213,0.983779,	0.00908435,0.990916,	0.00586413,0.994136,	0.0044132,0.995587,	0.00132328,0.998677,	1,	1,	1,	1,	1,	1,	1,	1,	1,	1,	1,	
0.5,0.5,	0.961279,0.0387208,	0.958379,0.0416213,	0.943414,0.0565856,	0.860293,0.139707,	0.0574362,0.942564,	0.0159611,0.984039,	0.00927026,0.99073,	0.00587035,0.99413,	0.00438152,0.995618,	0.00130107,0.998699,	1,	1,	1,	1,	1,	1,	1,	1,	1,	1,	1,	
0.5,0.5,	0.961614,0.0383865,	0.958426,0.041574,	0.943499,0.0565014,	0.861522,0.138478,	0.0567807,0.943219,	0.0154345,0.984565,	0.00922733,0.990773,	0.00578605,0.994214,	0.00438168,0.995618,	0.00128882,0.998711,	1,	1,	1,	1,	1,	1,	1,	1,	1,	1,	1,	
0.5,0.5,	0.96196,0.0380399,	0.958522,0.0414776,	0.943768,0.0562317,	0.866366,0.133634,	0.0574853,0.942515,	0.0149282,0.985072,	0.00909887,0.990901,	0.00588153,0.994118,	0.00439547,0.995605,	0.00126663,0.998733,	1,	1,	1,	1,	1,	1,	1,	1,	1,	1,	1,	
0.5,0.5,	0.962161,0.0378388,	0.95892,0.04108,	0.944353,0.0556466,	0.868511,0.131489,	0.0595135,0.940487,	0.0145305,0.98547,	0.00910004,0.9909,	0.005869,0.994131,	0.00437669,0.995623,	0.00125968,0.99874,	1,	1,	1,	1,	1,	1,	1,	1,	1,	1,	1,	
0.5,0.5,	0.96253,0.0374695,	0.959052,0.0409485,	0.944977,0.0550229,	0.868665,0.131335,	0.0580787,0.941921,	0.0144152,0.985585,	0.00897481,0.991025,	0.00583107,0.994169,	0.00438059,0.995619,	0.00125964,0.99874,	1,	1,	1,	1,	1,	1,	1,	1,	1,	1,	1,	
0.5,0.5,	0.962845,0.0371554,	0.959518,0.0404816,	0.945468,0.0545318,	0.869228,0.130772,	0.0577751,0.942225,	0.0142566,0.985743,	0.00884289,0.991157,	0.00583753,0.994162,	0.0043625,0.995638,	0.00125556,0.998744,	1,	1,	1,	1,	1,	1,	1,	1,	1,	1,	1,	
0.5,0.5,	0.963032,0.036968,	0.959891,0.0401086,	0.94558,0.0544197,	0.872534,0.127466,	0.05831,0.94169,	0.0145746,0.985425,	0.00884194,0.991158,	0.00574522,0.994255,	0.00437993,0.99562,	0.00124407,0.998756,	1,	1,	1,	1,	1,	1,	1,	1,	1,	1,	1,	
0.5,0.5,	0.963342,0.0366583,	0.960219,0.0397813,	0.945605,0.0543953,	0.873718,0.126282,	0.0547462,0.945254,	0.0144963,0.985504,	0.00868967,0.99131,	0.00566916,0.994331,	0.00436024,0.99564,	0.00123404,0.998766,	1,	1,	1,	1,	1,	1,	1,	1,	1,	1,	1,	
0.5,0.5,	0.963696,0.0363042,	0.960682,0.0393177,	0.947196,0.0528037,	0.877178,0.122822,	0.0550884,0.944912,	0.0146811,0.985319,	0.00871677,0.991283,	0.0054981,0.994502,	0.00433181,0.995668,	0.00123468,0.998765,	1,	1,	1,	1,	1,	1,	1,	1,	1,	1,	1,	
0.5,0.5,	0.964067,0.0359328,	0.960838,0.0391622,	0.947937,0.0520632,	0.876104,0.123896,	0.0559335,0.944067,	0.0147156,0.985284,	0.00880667,0.991193,	0.00540011,0.9946,	0.00428351,0.995716,	0.00122968,0.99877,	1,	1,	1,	1,	1,	1,	1,	1,	1,	1,	1,	
0.5,0.5,	0.964075,0.0359245,	0.96133,0.0386701,	0.94816,0.05184,	0.877848,0.122152,	0.0549955,0.945005,	0.0140357,0.985964,	0.00863412,0.991366,	0.00533276,0.994667,	0.00424669,0.995753,	0.00123358,0.998766,	1,	1,	1,	1,	1,	1,	1,	1,	1,	1,	1,	
0.5,0.5,	0.964315,0.0356854,	0.961819,0.0381806,	0.948308,0.0516921,	0.876876,0.123124,	0.0561052,0.943895,	0.0140553,0.985945,	0.00862687,0.991373,	0.00529705,0.994703,	0.00422861,0.995771,	0.00122598,0.998774,	1,	1,	1,	1,	1,	1,	1,	1,	1,	1,	1,	
0.5,0.5,	0.964654,0.0353457,	0.961981,0.0380192,	0.948834,0.0511658,	0.876899,0.123101,	0.0581408,0.941859,	0.0141221,0.985878,	0.00847395,0.991526,	0.00528226,0.994718,	0.00423582,0.995764,	0.00122233,0.998778,	1,	1,	1,	1,	1,	1,	1,	1,	1,	1,	1,	
0.5,0.5,	0.965044,0.0349561,	0.962089,0.0379113,	0.949359,0.0506406,	0.876058,0.123942,	0.0549122,0.945088,	0.0138888,0.986111,	0.00860384,0.991396,	0.00523937,0.994761,	0.0042342,0.995766,	0.00121017,0.99879,	1,	1,	1,	1,	1,	1,	1,	1,	1,	1,	1,	
0.5,0.5,	0.965233,0.0347672,	0.962282,0.0377177,	0.949672,0.0503281,	0.876552,0.123448,	0.0537512,0.946249,	0.0135834,0.986417,	0.00830166,0.991698,	0.00513501,0.994865,	0.0042226,0.995777,	0.00121171,0.998788,	1,	1,	1,	1,	1,	1,	1,	1,	1,	1,	1,	
0.5,0.5,	0.965363,0.0346366,	0.962538,0.0374622,	0.950126,0.0498738,	0.876118,0.123882,	0.0533375,0.946663,	0.0137657,0.986234,	0.0081521,0.991848,	0.00505511,0.994945,	0.00422622,0.995774,	0.00119621,0.998804,	1,	1,	1,	1,	1,	1,	1,	1,	1,	1,	1,	
0.5,0.5,	0.965684,0.0343156,	0.962939,0.0370614,	0.949678,0.050322,	0.87711,0.12289,	0.0510049,0.948995,	0.0136858,0.986314,	0.00804063,0.991959,	0.00506692,0.994933,	0.00420692,0.995793,	0.00118264,0.998817,	1,	1,	1,	1,	1,	1,	1,	1,	1,	1,	1,	
0.5,0.5,	0.966062,0.0339375,	0.963395,0.0366052,	0.949729,0.0502705,	0.879728,0.120272,	0.0504985,0.949502,	0.0138132,0.986187,	0.00795823,0.992042,	0.00500362,0.994996,	0.00418731,0.995813,	0.00116598,0.998834,	1,	1,	1,	1,	1,	1,	1,	1,	1,	1,	1,	
0.5,0.5,	0.966335,0.0336654,	0.963588,0.0364118,	0.94981,0.0501902,	0.881167,0.118833,	0.0523038,0.947696,	0.0135866,0.986413,	0.0078638,0.992136,	0.00499565,0.995004,	0.00416168,0.995838,	0.00116556,0.998834,	1,	1,	1,	1,	1,	1,	1,	1,	1,	1,	1,	
0.5,0.5,	0.966577,0.0334228,	0.964044,0.0359562,	0.950519,0.0494813,	0.881132,0.118868,	0.0509777,0.949022,	0.0135522,0.986448,	0.00780606,0.992194,	0.00499094,0.995009,	0.00415859,0.995841,	0.00115689,0.998843,	1,	1,	1,	1,	1,	1,	1,	1,	1,	1,	1,	
0.5,0.5,	0.966902,0.0330982,	0.964469,0.0355313,	0.95128,0.0487201,	0.882621,0.117379,	0.0500234,0.949977,	0.0134225,0.986578,	0.00756703,0.992433,	0.00502006,0.99498,	0.00413664,0.995863,	0.00116323,0.998837,	1,	1,	1,	1,	1,	1,	1,	1,	1,	1,	1,	
0.5,0.5,	0.967133,0.032867,	0.964815,0.0351852,	0.951478,0.0485217,	0.884784,0.115216,	0.048238,0.951762,	0.0132258,0.986774,	0.00751106,0.992489,	0.00498728,0.995013,	0.00413887,0.995861,	0.00117494,0.998825,	1,	1,	1,	1,	1,	1,	1,	1,	1,	1,	1,	
0.5,0.5,	0.967287,0.0327128,	0.965085,0.034915,	0.952176,0.0478244,	0.886851,0.113149,	0.0474318,0.952568,	0.0128784,0.987122,	0.00748738,0.992513,	0.00504094,0.994959,	0.00406883,0.995931,	0.00117014,0.99883,	1,	1,	1,	1,	1,	1,	1,	1,	1,	1,	1,	
0.5,0.5,	0.967534,0.0324662,	0.965435,0.0345647,	0.952296,0.0477045,	0.888642,0.111358,	0.0477062,0.952294,	0.0126709,0.987329,	0.00746865,0.992531,	0.00502157,0.994978,	0.00405694,0.995943,	0.00117118,0.998829,	1,	1,	1,	1,	1,	1,	1,	1,	1,	1,	1,	
0.5,0.5,	0.96769,0.0323099,	0.965727,0.0342726,	0.952447,0.0475525,	0.886641,0.113359,	0.0477933,0.952207,	0.0127899,0.98721,	0.00734873,0.992651,	0.0049766,0.995023,	0.00408479,0.995915,	0.00117075,0.998829,	1,	1,	1,	1,	1,	1,	1,	1,	1,	1,	1,	
0.5,0.5,	0.967965,0.0320346,	0.965953,0.0340474,	0.952881,0.0471185,	0.886669,0.113331,	0.0476843,0.952316,	0.0127492,0.987251,	0.00734382,0.992656,	0.00497333,0.995027,	0.00405969,0.99594,	0.0011711,0.998829,	1,	1,	1,	1,	1,	1,	1,	1,	1,	1,	1,	
0.5,0.5,	0.968333,0.031667,	0.96629,0.0337104,	0.953136,0.0468643,	0.886105,0.113895,	0.047951,0.952049,	0.0124878,0.987512,	0.00726492,0.992735,	0.00496446,0.995036,	0.0040189,0.995981,	0.00117006,0.99883,	1,	1,	1,	1,	1,	1,	1,	1,	1,	1,	1,	
0.5,0.5,	0.96848,0.0315203,	0.966579,0.0334206,	0.953448,0.0465524,	0.886807,0.113193,	0.0467924,0.953208,	0.0124635,0.987536,	0.00721147,0.992789,	0.00491496,0.995085,	0.00408154,0.995918,	0.00116802,0.998832,	1,	1,	1,	1,	1,	1,	1,	1,	1,	1,	1,	
0.5,0.5,	0.968659,0.0313407,	0.966666,0.0333345,	0.953631,0.0463689,	0.887113,0.112887,	0.0485007,0.951499,	0.0124248,0.987575,	0.0071968,0.992803,	0.00490717,0.995093,	0.00406395,0.995936,	0.00113956,0.99886,	1,	1,	1,	1,	1,	1,	1,	1,	1,	1,	1,	
0.5,0.5,	0.968879,0.0311206,	0.966797,0.0332029,	0.954164,0.0458359,	0.890809,0.109191,	0.0483577,0.951642,	0.0122644,0.987736,	0.00718237,0.992818,	0.00491561,0.995084,	0.00404982,0.99595,	0.00112001,0.99888,	1,	1,	1,	1,	1,	1,	1,	1,	1,	1,	1,	
0.5,0.5,	0.968991,0.0310094,	0.967057,0.0329429,	0.954501,0.0454992,	0.892809,0.107191,	0.0490239,0.950976,	0.0120792,0.987921,	0.00715841,0.992842,	0.00485091,0.995149,	0.00406426,0.995936,	0.00110959,0.99889,	1,	1,	1,	1,	1,	1,	1,	1,	1,	1,	1,	
0.5,0.5,	0.969121,0.0308787,	0.967263,0.0327371,	0.954911,0.0450889,	0.893661,0.106339,	0.0488355,0.951164,	0.0119335,0.988067,	0.00695961,0.99304,	0.00480627,0.995194,	0.00404966,0.99595,	0.00110646,0.998894,	1,	1,	1,	1,	1,	1,	1,	1,	1,	1,	1,	
0.5,0.5,	0.969322,0.0306776,	0.967664,0.0323365,	0.955213,0.0447869,	0.895417,0.104583,	0.0494884,0.950512,	0.0120203,0.98798,	0.0069444,0.993056,	0.004838,0.995162,	0.00402269,0.995977,	0.00109218,0.998908,	1,	1,	1,	1,	1,	1,	1,	1,	1,	1,	1,	
0.5,0.5,	0.969597,0.030403,	0.967824,0.0321763,	0.955688,0.0443122,	0.896464,0.103536,	0.0513296,0.94867,	0.0120231,0.987977,	0.00699913,0.993001,	0.00487621,0.995124,	0.00395348,0.996047,	0.0010801,0.99892,	1,	1,	1,	1,	1,	1,	1,	1,	1,	1,	1,	
0.5,0.5,	0.969657,0.0303433,	0.967845,0.0321545,	0.955642,0.0443583,	0.895516,0.104484,	0.0503649,0.949635,	0.0122387,0.987761,	0.00689887,0.993101,	0.00491448,0.995086,	0.00392507,0.996075,	0.00107979,0.99892,	1,	1,	1,	1,	1,	1,	1,	1,	1,	1,	1,	
0.5,0.5,	0.969729,0.0302714,	0.967869,0.0321306,	0.955952,0.0440484,	0.895239,0.104761,	0.0481559,0.951844,	0.0120309,0.987969,	0.00684898,0.993151,	0.00485103,0.995149,	0.00392538,0.996075,	0.00107931,0.998921,	1,	1,	1,	1,	1,	1,	1,	1,	1,	1,	1,	
0.5,0.5,	0.969991,0.0300092,	0.968006,0.0319939,	0.956372,0.0436279,	0.896115,0.103885,	0.0488731,0.951127,	0.0120743,0.987926,	0.00665551,0.993344,	0.00481883,0.995181,	0.00391745,0.996083,	0.00106831,0.998932,	1,	1,	1,	1,	1,	1,	1,	1,	1,	1,	1,	
0.5,0.5,	0.97015,0.0298503,	0.968319,0.0316812,	0.956626,0.0433737,	0.896384,0.103616,	0.0499262,0.950074,	0.0118961,0.988104,	0.0066639,0.993336,	0.00476204,0.995238,	0.00391421,0.996086,	0.0010597,0.99894,	1,	1,	1,	1,	1,	1,	1,	1,	1,	1,	1,	
0.5,0.5,	0.970364,0.0296365,	0.968561,0.0314389,	0.956961,0.0430394,	0.897133,0.102867,	0.0482586,0.951741,	0.0118805,0.988119,	0.00666608,0.993334,	0.00483072,0.995169,	0.00393925,0.996061,	0.00105224,0.998948,	1,	1,	1,	1,	1,	1,	1,	1,	1,	1,	1,	
0.5,0.5,	0.970619,0.0293812,	0.968787,0.0312127,	0.957214,0.042786,	0.898819,0.101181,	0.0481459,0.951854,	0.0119209,0.988079,	0.00662961,0.99337,	0.00474736,0.995253,	0.00393328,0.996067,	0.00105053,0.998949,	1,	1,	1,	1,	1,	1,	1,	1,	1,	1,	1,	
0.5,0.5,	0.970815,0.0291847,	0.968903,0.0310972,	0.957359,0.0426409,	0.899199,0.100801,	0.050452,0.949548,	0.0117646,0.988235,	0.0065812,0.993419,	0.00473525,0.995265,	0.00384596,0.996154,	0.00105199,0.998948,	1,	1,	1,	1,	1,	1,	1,	1,	1,	1,	1,	
0.5,0.5,	0.971115,0.0288847,	0.968982,0.0310177,	0.957552,0.0424479,	0.901399,0.0986011,	0.0509691,0.949031,	0.0117076,0.988292,	0.00662523,0.993375,	0.00471333,0.995287,	0.00383266,0.996167,	0.00103661,0.998963,	1,	1,	1,	1,	1,	1,	1,	1,	1,	1,	1,	
0.5,0.5,	0.971378,0.0286216,	0.969297,0.0307029,	0.958038,0.0419619,	0.900807,0.0991926,	0.0492752,0.950725,	0.0116072,0.988393,	0.00661956,0.99338,	0.00476656,0.995233,	0.00381249,0.996188,	0.00102549,0.998975,	1,	1,	1,	1,	1,	1,	1,	1,	1,	1,	1,	
0.5,0.5,	0.971731,0.0282695,	0.96943,0.0305701,	0.958355,0.0416454,	0.901692,0.0983081,	0.0501601,0.94984,	0.0113773,0.988623,	0.00662485,0.993375,	0.00473598,0.995264,	0.00380374,0.996196,	0.00102546,0.998975,	1,	1,	1,	1,	1,	1,	1,	1,	1,	1,	1,	
0.5,0.5,	0.971952,0.028048,	0.969609,0.0303914,	0.958468,0.0415318,	0.90246,0.0975396,	0.046957,0.953043,	0.0116118,0.988388,	0.00663721,0.993363,	0.00464085,0.995359,	0.00375897,0.996241,	0.00100696,0.998993,	1,	1,	1,	1,	1,	1,	1,	1,	1,	1,	1,	
0.5,0.5,	0.972115,0.0278855,	0.969803,0.0301969,	0.958974,0.0410255,	0.903243,0.0967565,	0.0463592,0.953641,	0.0111524,0.988848,	0.00655284,0.993447,	0.00459423,0.995406,	0.00371823,0.996282,	0.00098818,0.999012,	1,	1,	1,	1,	1,	1,	1,	1,	1,	1,	1,	
0.5,0.5,	0.97228,0.0277196,	0.970068,0.0299317,	0.959192,0.0408079,	0.901418,0.098582,	0.0472519,0.952748,	0.0109854,0.989015,	0.00650678,0.993493,	0.0045768,0.995423,	0.00363962,0.99636,	0.000985595,0.999014,	1,	1,	1,	1,	1,	1,	1,	1,	1,	1,	1,	
0.5,0.5,	0.97237,0.0276298,	0.97018,0.0298203,	0.959221,0.0407789,	0.902479,0.0975208,	0.0455814,0.954419,	0.0106965,0.989303,	0.00641341,0.993587,	0.00453363,0.995466,	0.00362026,0.99638,	0.000985655,0.999014,	1,	1,	1,	1,	1,	1,	1,	1,	1,	1,	1,	
0.5,0.5,	0.972452,0.0275475,	0.970445,0.0295552,	0.959288,0.0407117,	0.902433,0.0975671,	0.0458146,0.954185,	0.010792,0.989208,	0.00639679,0.993603,	0.00450605,0.995494,	0.00359214,0.996408,	0.000977475,0.999023,	1,	1,	1,	1,	1,	1,	1,	1,	1,	1,	1,	
0.5,0.5,	0.972523,0.0274768,	0.970468,0.0295322,	0.959881,0.0401192,	0.903744,0.0962559,	0.0459589,0.954041,	0.010655,0.989345,	0.00636379,0.993636,	0.00449568,0.995504,	0.00362541,0.996375,	0.000976305,0.999024,	1,	1,	1,	1,	1,	1,	1,	1,	1,	1,	1,	
0.5,0.5,	0.97261,0.0273898,	0.970691,0.0293088,	0.960401,0.0395994,	0.904887,0.0951128,	0.0450139,0.954986,	0.0107672,0.989233,	0.00627314,0.993727,	0.00444006,0.99556,	0.00358342,0.996417,	0.000973654,0.999026,	1,	1,	1,	1,	1,	1,	1,	1,	1,	1,	1,	
0.5,0.5,	0.972822,0.0271781,	0.970842,0.0291575,	0.960224,0.0397758,	0.906396,0.0936044,	0.0457823,0.954218,	0.0106185,0.989382,	0.00627341,0.993727,	0.00442072,0.995579,	0.00360101,0.996399,	0.000972656,0.999027,	1,	1,	1,	1,	1,	1,	1,	1,	1,	1,	1,	
0.5,0.5,	0.972931,0.0270686,	0.971052,0.0289481,	0.960557,0.0394427,	0.905953,0.094047,	0.0428203,0.95718,	0.0105044,0.989496,	0.00623411,0.993766,	0.00447047,0.99553,	0.00356906,0.996431,	0.00096858,0.999031,	1,	1,	1,	1,	1,	1,	1,	1,	1,	1,	1,	
0.5,0.5,	0.973157,0.0268428,	0.971348,0.0286524,	0.960572,0.0394277,	0.907261,0.0927394,	0.0451516,0.954848,	0.0103573,0.989643,	0.00616048,0.99384,	0.00444172,0.995558,	0.0035686,0.996431,	0.000965586,0.999034,	1,	1,	1,	1,	1,	1,	1,	1,	1,	1,	1,	
0.5,0.5,	0.973284,0.0267161,	0.97142,0.0285804,	0.96063,0.0393702,	0.906867,0.0931335,	0.0465641,0.953436,	0.0104068,0.989593,	0.00613045,0.99387,	0.00446519,0.995535,	0.00352075,0.996479,	0.0009642,0.999036,	1,	1,	1,	1,	1,	1,	1,	1,	1,	1,	1,	
0.5,0.5,	0.97337,0.02663,	0.971743,0.0282572,	0.961058,0.0389417,	0.905624,0.0943762,	0.0472823,0.952718,	0.0103708,0.989629,	0.00614616,0.993854,	0.00446785,0.995532,	0.00344904,0.996551,	0.000961203,0.999039,	1,	1,	1,	1,	1,	1,	1,	1,	1,	1,	1,	
0.5,0.5,	0.973447,0.026553,	0.971947,0.0280525,	0.961129,0.0388712,	0.90783,0.0921701,	0.0471159,0.952884,	0.0102851,0.989715,	0.00602233,0.993978,	0.00446313,0.995537,	0.00342287,0.996577,	0.00095719,0.999043,	1,	1,	1,	1,	1,	1,	1,	1,	1,	1,	1,	
