accept,reject,	accept,reject,	accept,reject,	accept,reject,	accept,reject,	accept,reject,	accept,reject,	accept,reject,	accept,reject,	accept,reject,	accept,reject,	wait,	wait,	wait,	wait,	wait,	wait,	wait,	wait,	wait,	wait,	wait,	
0.5,0.5,	0.5,0.5,	0.5,0.5,	0.5,0.5,	0.5,0.5,	0.5,0.5,	0.5,0.5,	0.5,0.5,	0.5,0.5,	0.5,0.5,	0.5,0.5,	1,	1,	1,	1,	1,	1,	1,	1,	1,	1,	1,	
0.5,0.5,	0.518074,0.481926,	0.523362,0.476638,	0.526464,0.473536,	0.532426,0.467574,	0.536307,0.463693,	0.531633,0.468367,	0.528324,0.471676,	0.519367,0.480633,	0.511994,0.488006,	0.521047,0.478953,	1,	1,	1,	1,	1,	1,	1,	1,	1,	1,	1,	
0.5,0.5,	0.53097,0.46903,	0.544521,0.455479,	0.55199,0.44801,	0.561382,0.438618,	0.571639,0.428361,	0.563193,0.436807,	0.552382,0.447618,	0.541739,0.458261,	0.532672,0.467328,	0.534538,0.465462,	1,	1,	1,	1,	1,	1,	1,	1,	1,	1,	1,	
0.5,0.5,	0.543305,0.456695,	0.566021,0.433979,	0.579137,0.420863,	0.586424,0.413576,	0.600423,0.399577,	0.591727,0.408273,	0.576337,0.423663,	0.565033,0.434967,	0.555391,0.444609,	0.538127,0.461873,	1,	1,	1,	1,	1,	1,	1,	1,	1,	1,	1,	
0.5,0.5,	0.558671,0.441329,	0.583063,0.416937,	0.605718,0.394282,	0.609043,0.390957,	0.62227,0.37773,	0.613284,0.386716,	0.598704,0.401296,	0.58488,0.41512,	0.573697,0.426303,	0.531853,0.468147,	1,	1,	1,	1,	1,	1,	1,	1,	1,	1,	1,	
0.5,0.5,	0.574575,0.425425,	0.601983,0.398017,	0.625268,0.374732,	0.628954,0.371046,	0.64067,0.35933,	0.634265,0.365735,	0.616904,0.383096,	0.606321,0.393679,	0.592086,0.407914,	0.515236,0.484764,	1,	1,	1,	1,	1,	1,	1,	1,	1,	1,	1,	
0.5,0.5,	0.588025,0.411975,	0.616923,0.383077,	0.640882,0.359118,	0.650138,0.349862,	0.659664,0.340336,	0.652125,0.347875,	0.635594,0.364406,	0.625335,0.374665,	0.60821,0.39179,	0.5242,0.4758,	1,	1,	1,	1,	1,	1,	1,	1,	1,	1,	1,	
0.5,0.5,	0.601365,0.398635,	0.633163,0.366837,	0.660332,0.339668,	0.669043,0.330957,	0.678677,0.321323,	0.671783,0.328217,	0.654804,0.345196,	0.641634,0.358366,	0.626972,0.373028,	0.523985,0.476015,	1,	1,	1,	1,	1,	1,	1,	1,	1,	1,	1,	
0.5,0.5,	0.614597,0.385403,	0.648956,0.351044,	0.67508,0.32492,	0.688238,0.311762,	0.694274,0.305726,	0.685719,0.314281,	0.669858,0.330142,	0.652503,0.347497,	0.643288,0.356712,	0.516384,0.483616,	1,	1,	1,	1,	1,	1,	1,	1,	1,	1,	1,	
0.5,0.5,	0.624707,0.375293,	0.665885,0.334115,	0.686731,0.313269,	0.702949,0.297051,	0.70736,0.29264,	0.699692,0.300308,	0.685137,0.314863,	0.668091,0.331909,	0.661518,0.338482,	0.503398,0.496602,	1,	1,	1,	1,	1,	1,	1,	1,	1,	1,	1,	
0.5,0.5,	0.636382,0.363618,	0.680603,0.319397,	0.698506,0.301494,	0.713494,0.286506,	0.720334,0.279666,	0.711545,0.288455,	0.700737,0.299263,	0.682242,0.317758,	0.674321,0.325679,	0.510668,0.489332,	1,	1,	1,	1,	1,	1,	1,	1,	1,	1,	1,	
0.5,0.5,	0.649673,0.350327,	0.689884,0.310116,	0.709381,0.290619,	0.721002,0.278998,	0.733684,0.266316,	0.719056,0.280944,	0.71358,0.28642,	0.692266,0.307734,	0.687644,0.312356,	0.50664,0.49336,	1,	1,	1,	1,	1,	1,	1,	1,	1,	1,	1,	
0.5,0.5,	0.661879,0.338121,	0.702876,0.297124,	0.718064,0.281936,	0.728395,0.271605,	0.746075,0.253925,	0.728484,0.271516,	0.722736,0.277264,	0.702135,0.297865,	0.69794,0.30206,	0.495317,0.504683,	1,	1,	1,	1,	1,	1,	1,	1,	1,	1,	1,	
0.5,0.5,	0.669196,0.330804,	0.71065,0.28935,	0.72805,0.27195,	0.735629,0.264371,	0.757772,0.242228,	0.741327,0.258673,	0.734777,0.265223,	0.711581,0.288419,	0.71058,0.28942,	0.48389,0.51611,	1,	1,	1,	1,	1,	1,	1,	1,	1,	1,	1,	
0.5,0.5,	0.680953,0.319047,	0.719038,0.280962,	0.739316,0.260684,	0.746292,0.253708,	0.766423,0.233577,	0.754352,0.245648,	0.74488,0.25512,	0.717717,0.282283,	0.720321,0.279679,	0.48072,0.51928,	1,	1,	1,	1,	1,	1,	1,	1,	1,	1,	1,	
0.5,0.5,	0.691695,0.308305,	0.726943,0.273057,	0.749189,0.250811,	0.753916,0.246084,	0.77329,0.22671,	0.761403,0.238597,	0.755018,0.244982,	0.72451,0.27549,	0.732573,0.267427,	0.471,0.529,	1,	1,	1,	1,	1,	1,	1,	1,	1,	1,	1,	
0.5,0.5,	0.698763,0.301237,	0.735833,0.264167,	0.759414,0.240586,	0.760265,0.239735,	0.780674,0.219326,	0.767448,0.232552,	0.76289,0.23711,	0.73469,0.26531,	0.741576,0.258424,	0.480274,0.519726,	1,	1,	1,	1,	1,	1,	1,	1,	1,	1,	1,	
0.5,0.5,	0.706094,0.293906,	0.742868,0.257132,	0.768424,0.231576,	0.769104,0.230896,	0.787159,0.212841,	0.774812,0.225188,	0.77097,0.22903,	0.74471,0.25529,	0.750436,0.249564,	0.485829,0.514171,	1,	1,	1,	1,	1,	1,	1,	1,	1,	1,	1,	
0.5,0.5,	0.716874,0.283126,	0.752161,0.247839,	0.777896,0.222104,	0.776137,0.223863,	0.792536,0.207464,	0.781559,0.218441,	0.775154,0.224846,	0.751072,0.248928,	0.761397,0.238603,	0.495396,0.504604,	1,	1,	1,	1,	1,	1,	1,	1,	1,	1,	1,	
0.5,0.5,	0.726345,0.273655,	0.760284,0.239716,	0.783247,0.216753,	0.781422,0.218578,	0.798664,0.201336,	0.787222,0.212778,	0.780962,0.219038,	0.758595,0.241405,	0.769428,0.230572,	0.495328,0.504672,	1,	1,	1,	1,	1,	1,	1,	1,	1,	1,	1,	
0.5,0.5,	0.732311,0.267689,	0.768625,0.231375,	0.788957,0.211043,	0.787204,0.212796,	0.803807,0.196193,	0.793673,0.206327,	0.78685,0.21315,	0.765628,0.234372,	0.774137,0.225863,	0.496319,0.503681,	1,	1,	1,	1,	1,	1,	1,	1,	1,	1,	1,	
0.5,0.5,	0.740534,0.259466,	0.772953,0.227047,	0.794961,0.205039,	0.791847,0.208153,	0.80758,0.19242,	0.799568,0.200432,	0.792843,0.207157,	0.771194,0.228806,	0.780591,0.219409,	0.498656,0.501344,	1,	1,	1,	1,	1,	1,	1,	1,	1,	1,	1,	
0.5,0.5,	0.747388,0.252612,	0.777885,0.222115,	0.799663,0.200337,	0.795841,0.204159,	0.812365,0.187635,	0.806187,0.193813,	0.796661,0.203339,	0.77851,0.22149,	0.785837,0.214163,	0.473193,0.526807,	1,	1,	1,	1,	1,	1,	1,	1,	1,	1,	1,	
0.5,0.5,	0.755549,0.244451,	0.781352,0.218648,	0.804796,0.195204,	0.803704,0.196296,	0.818227,0.181773,	0.810687,0.189313,	0.802974,0.197026,	0.783449,0.216551,	0.791412,0.208588,	0.484032,0.515968,	1,	1,	1,	1,	1,	1,	1,	1,	1,	1,	1,	
0.5,0.5,	0.76079,0.23921,	0.786611,0.213389,	0.812633,0.187367,	0.810208,0.189792,	0.823695,0.176305,	0.815412,0.184588,	0.806687,0.193313,	0.789699,0.210301,	0.798101,0.201899,	0.496838,0.503162,	1,	1,	1,	1,	1,	1,	1,	1,	1,	1,	1,	
0.5,0.5,	0.76564,0.23436,	0.794034,0.205966,	0.817982,0.182018,	0.818178,0.181822,	0.828097,0.171903,	0.819775,0.180225,	0.814494,0.185506,	0.797227,0.202773,	0.802067,0.197933,	0.514101,0.485899,	1,	1,	1,	1,	1,	1,	1,	1,	1,	1,	1,	
0.5,0.5,	0.770268,0.229732,	0.799865,0.200135,	0.821841,0.178159,	0.822818,0.177182,	0.83084,0.16916,	0.821794,0.178206,	0.817467,0.182533,	0.802618,0.197382,	0.807977,0.192023,	0.529006,0.470994,	1,	1,	1,	1,	1,	1,	1,	1,	1,	1,	1,	
0.5,0.5,	0.774882,0.225118,	0.805788,0.194212,	0.826532,0.173468,	0.827516,0.172484,	0.834789,0.165211,	0.826968,0.173032,	0.820507,0.179493,	0.805398,0.194602,	0.814067,0.185933,	0.503816,0.496184,	1,	1,	1,	1,	1,	1,	1,	1,	1,	1,	1,	
0.5,0.5,	0.780288,0.219712,	0.814088,0.185912,	0.829843,0.170157,	0.833655,0.166345,	0.840746,0.159254,	0.829596,0.170404,	0.824898,0.175102,	0.808515,0.191485,	0.819509,0.180491,	0.490855,0.509145,	1,	1,	1,	1,	1,	1,	1,	1,	1,	1,	1,	
0.5,0.5,	0.785994,0.214006,	0.818746,0.181254,	0.833763,0.166237,	0.837979,0.162021,	0.844655,0.155345,	0.835214,0.164786,	0.827241,0.172759,	0.812244,0.187756,	0.823104,0.176896,	0.500304,0.499696,	1,	1,	1,	1,	1,	1,	1,	1,	1,	1,	1,	
0.5,0.5,	0.792995,0.207005,	0.822067,0.177933,	0.837073,0.162927,	0.841339,0.158661,	0.847489,0.152511,	0.837495,0.162505,	0.828971,0.171029,	0.817447,0.182553,	0.825488,0.174512,	0.510314,0.489686,	1,	1,	1,	1,	1,	1,	1,	1,	1,	1,	1,	
0.5,0.5,	0.797683,0.202317,	0.826318,0.173682,	0.842414,0.157586,	0.843984,0.156016,	0.851404,0.148596,	0.841264,0.158736,	0.834041,0.165959,	0.823292,0.176708,	0.829535,0.170465,	0.514754,0.485246,	1,	1,	1,	1,	1,	1,	1,	1,	1,	1,	1,	
0.5,0.5,	0.801128,0.198872,	0.830327,0.169673,	0.846023,0.153977,	0.848406,0.151594,	0.856519,0.143481,	0.843996,0.156004,	0.836943,0.163057,	0.826187,0.173813,	0.832698,0.167302,	0.50327,0.49673,	1,	1,	1,	1,	1,	1,	1,	1,	1,	1,	1,	
0.5,0.5,	0.805733,0.194267,	0.833228,0.166772,	0.84922,0.15078,	0.850685,0.149315,	0.860622,0.139378,	0.845392,0.154608,	0.839886,0.160114,	0.829471,0.170529,	0.836489,0.163511,	0.496291,0.503709,	1,	1,	1,	1,	1,	1,	1,	1,	1,	1,	1,	
0.5,0.5,	0.810253,0.189747,	0.836721,0.163279,	0.851147,0.148853,	0.854259,0.145741,	0.863466,0.136534,	0.847891,0.152109,	0.841291,0.158709,	0.833067,0.166933,	0.839554,0.160446,	0.506635,0.493365,	1,	1,	1,	1,	1,	1,	1,	1,	1,	1,	1,	
0.5,0.5,	0.817891,0.182109,	0.84121,0.15879,	0.854004,0.145996,	0.857934,0.142066,	0.86758,0.13242,	0.849443,0.150557,	0.84522,0.15478,	0.835885,0.164115,	0.842994,0.157006,	0.510447,0.489553,	1,	1,	1,	1,	1,	1,	1,	1,	1,	1,	1,	
0.5,0.5,	0.82218,0.17782,	0.845925,0.154075,	0.856085,0.143915,	0.86125,0.13875,	0.872504,0.127496,	0.852949,0.147051,	0.846449,0.153551,	0.839849,0.160151,	0.846285,0.153715,	0.515403,0.484597,	1,	1,	1,	1,	1,	1,	1,	1,	1,	1,	1,	
0.5,0.5,	0.824034,0.175966,	0.849831,0.150169,	0.859668,0.140332,	0.864176,0.135824,	0.875137,0.124863,	0.856628,0.143372,	0.848934,0.151066,	0.842654,0.157346,	0.850234,0.149766,	0.529174,0.470826,	1,	1,	1,	1,	1,	1,	1,	1,	1,	1,	1,	
0.5,0.5,	0.828048,0.171952,	0.85189,0.14811,	0.862345,0.137655,	0.866309,0.133691,	0.876592,0.123408,	0.859807,0.140193,	0.851379,0.148621,	0.845723,0.154277,	0.853816,0.146184,	0.513899,0.486101,	1,	1,	1,	1,	1,	1,	1,	1,	1,	1,	1,	
0.5,0.5,	0.831862,0.168138,	0.853717,0.146283,	0.865165,0.134835,	0.868676,0.131324,	0.87843,0.12157,	0.861181,0.138819,	0.855235,0.144765,	0.848666,0.151334,	0.857317,0.142683,	0.486813,0.513187,	1,	1,	1,	1,	1,	1,	1,	1,	1,	1,	1,	
0.5,0.5,	0.835103,0.164897,	0.855436,0.144564,	0.867098,0.132902,	0.870745,0.129255,	0.880682,0.119318,	0.864049,0.135951,	0.857439,0.142561,	0.852139,0.147861,	0.86102,0.13898,	0.470774,0.529226,	1,	1,	1,	1,	1,	1,	1,	1,	1,	1,	1,	
0.5,0.5,	0.837245,0.162755,	0.857924,0.142076,	0.869656,0.130344,	0.873004,0.126996,	0.881613,0.118387,	0.864674,0.135326,	0.859793,0.140207,	0.854788,0.145212,	0.864245,0.135755,	0.49281,0.50719,	1,	1,	1,	1,	1,	1,	1,	1,	1,	1,	1,	
0.5,0.5,	0.838883,0.161117,	0.859745,0.140255,	0.871672,0.128328,	0.875497,0.124503,	0.883035,0.116965,	0.867054,0.132946,	0.861769,0.138231,	0.85892,0.14108,	0.86668,0.13332,	0.528587,0.471413,	1,	1,	1,	1,	1,	1,	1,	1,	1,	1,	1,	
0.5,0.5,	0.841953,0.158047,	0.863784,0.136216,	0.87425,0.12575,	0.877822,0.122178,	0.884316,0.115684,	0.869014,0.130986,	0.864121,0.135879,	0.860176,0.139824,	0.869776,0.130224,	0.511125,0.488875,	1,	1,	1,	1,	1,	1,	1,	1,	1,	1,	1,	
0.5,0.5,	0.842653,0.157347,	0.866685,0.133315,	0.875903,0.124097,	0.880511,0.119489,	0.886422,0.113578,	0.870322,0.129678,	0.865572,0.134428,	0.862179,0.137821,	0.874224,0.125776,	0.521242,0.478758,	1,	1,	1,	1,	1,	1,	1,	1,	1,	1,	1,	
0.5,0.5,	0.844975,0.155025,	0.868541,0.131459,	0.877595,0.122405,	0.882458,0.117542,	0.887759,0.112241,	0.871006,0.128994,	0.868512,0.131488,	0.86291,0.13709,	0.876085,0.123915,	0.536644,0.463356,	1,	1,	1,	1,	1,	1,	1,	1,	1,	1,	1,	
0.5,0.5,	0.847652,0.152348,	0.870572,0.129428,	0.877683,0.122317,	0.883118,0.116882,	0.889322,0.110678,	0.873156,0.126844,	0.870611,0.129389,	0.864564,0.135436,	0.878108,0.121892,	0.561753,0.438247,	1,	1,	1,	1,	1,	1,	1,	1,	1,	1,	1,	
0.5,0.5,	0.850732,0.149268,	0.872793,0.127207,	0.881333,0.118667,	0.885484,0.114516,	0.890133,0.109867,	0.874482,0.125518,	0.874128,0.125872,	0.866349,0.133651,	0.880519,0.119481,	0.576628,0.423372,	1,	1,	1,	1,	1,	1,	1,	1,	1,	1,	1,	
0.5,0.5,	0.85313,0.14687,	0.874357,0.125643,	0.881861,0.118139,	0.887567,0.112433,	0.892369,0.107631,	0.874603,0.125397,	0.875736,0.124264,	0.868508,0.131492,	0.88384,0.11616,	0.582054,0.417946,	1,	1,	1,	1,	1,	1,	1,	1,	1,	1,	1,	
0.5,0.5,	0.855,0.145,	0.87643,0.12357,	0.882682,0.117318,	0.890922,0.109078,	0.892847,0.107153,	0.87544,0.12456,	0.875795,0.124205,	0.87074,0.12926,	0.886748,0.113252,	0.581848,0.418152,	1,	1,	1,	1,	1,	1,	1,	1,	1,	1,	1,	
0.5,0.5,	0.857698,0.142302,	0.878073,0.121927,	0.88563,0.11437,	0.893059,0.106941,	0.894486,0.105514,	0.876219,0.123781,	0.875949,0.124051,	0.87227,0.12773,	0.888775,0.111225,	0.586071,0.413929,	1,	1,	1,	1,	1,	1,	1,	1,	1,	1,	1,	
0.5,0.5,	0.860287,0.139713,	0.879442,0.120558,	0.886565,0.113435,	0.893972,0.106028,	0.895085,0.104915,	0.87819,0.12181,	0.877331,0.122669,	0.872794,0.127206,	0.890783,0.109217,	0.589765,0.410235,	1,	1,	1,	1,	1,	1,	1,	1,	1,	1,	1,	
0.5,0.5,	0.862671,0.137329,	0.881115,0.118885,	0.888885,0.111115,	0.896039,0.103961,	0.897734,0.102266,	0.878981,0.121019,	0.878121,0.121879,	0.87503,0.12497,	0.892131,0.107869,	0.564017,0.435983,	1,	1,	1,	1,	1,	1,	1,	1,	1,	1,	1,	
0.5,0.5,	0.864938,0.135062,	0.882955,0.117045,	0.890355,0.109645,	0.897735,0.102265,	0.899549,0.100451,	0.881893,0.118107,	0.87987,0.12013,	0.877571,0.122429,	0.89409,0.10591,	0.575058,0.424942,	1,	1,	1,	1,	1,	1,	1,	1,	1,	1,	1,	
0.5,0.5,	0.86742,0.13258,	0.884369,0.115631,	0.891407,0.108593,	0.898247,0.101753,	0.900562,0.0994383,	0.884058,0.115942,	0.881467,0.118533,	0.878621,0.121379,	0.895454,0.104546,	0.571483,0.428517,	1,	1,	1,	1,	1,	1,	1,	1,	1,	1,	1,	
0.5,0.5,	0.869689,0.130311,	0.887349,0.112651,	0.894287,0.105713,	0.898452,0.101548,	0.901998,0.0980017,	0.88567,0.11433,	0.883322,0.116678,	0.880682,0.119318,	0.898539,0.101461,	0.554876,0.445124,	1,	1,	1,	1,	1,	1,	1,	1,	1,	1,	1,	
0.5,0.5,	0.87251,0.12749,	0.888663,0.111337,	0.895295,0.104705,	0.899532,0.100468,	0.903311,0.0966891,	0.888579,0.111421,	0.885562,0.114438,	0.88224,0.11776,	0.900712,0.0992879,	0.556245,0.443755,	1,	1,	1,	1,	1,	1,	1,	1,	1,	1,	1,	
0.5,0.5,	0.873685,0.126315,	0.891476,0.108524,	0.896717,0.103283,	0.900806,0.0991944,	0.905308,0.0946916,	0.889709,0.110291,	0.887853,0.112147,	0.883783,0.116217,	0.902479,0.0975214,	0.54899,0.45101,	1,	1,	1,	1,	1,	1,	1,	1,	1,	1,	1,	
0.5,0.5,	0.875138,0.124862,	0.894718,0.105282,	0.899143,0.100857,	0.900957,0.0990431,	0.906736,0.0932641,	0.890377,0.109623,	0.888953,0.111047,	0.886264,0.113736,	0.90395,0.0960498,	0.566137,0.433863,	1,	1,	1,	1,	1,	1,	1,	1,	1,	1,	1,	
0.5,0.5,	0.876435,0.123565,	0.896067,0.103933,	0.901122,0.0988778,	0.901746,0.0982539,	0.908027,0.0919735,	0.891624,0.108376,	0.890378,0.109622,	0.887709,0.112291,	0.906125,0.093875,	0.575618,0.424382,	1,	1,	1,	1,	1,	1,	1,	1,	1,	1,	1,	
0.5,0.5,	0.877005,0.122995,	0.897361,0.102639,	0.901766,0.0982343,	0.904089,0.095911,	0.908799,0.0912006,	0.893217,0.106783,	0.892466,0.107534,	0.890386,0.109614,	0.908698,0.0913021,	0.5725,0.4275,	1,	1,	1,	1,	1,	1,	1,	1,	1,	1,	1,	
0.5,0.5,	0.879548,0.120452,	0.898736,0.101264,	0.903488,0.0965116,	0.905279,0.0947211,	0.909433,0.0905673,	0.893886,0.106114,	0.893323,0.106677,	0.89203,0.10797,	0.910788,0.0892119,	0.571306,0.428694,	1,	1,	1,	1,	1,	1,	1,	1,	1,	1,	1,	
0.5,0.5,	0.880752,0.119248,	0.900138,0.0998617,	0.904877,0.095123,	0.906887,0.0931133,	0.910478,0.0895219,	0.895637,0.104363,	0.894353,0.105647,	0.894431,0.105569,	0.912574,0.0874264,	0.575769,0.424231,	1,	1,	1,	1,	1,	1,	1,	1,	1,	1,	1,	
0.5,0.5,	0.882386,0.117614,	0.901519,0.0984815,	0.907076,0.0929245,	0.90825,0.0917503,	0.911582,0.0884182,	0.898791,0.101209,	0.896514,0.103486,	0.895732,0.104268,	0.914024,0.0859761,	0.561449,0.438551,	1,	1,	1,	1,	1,	1,	1,	1,	1,	1,	1,	
0.5,0.5,	0.884228,0.115772,	0.903263,0.0967369,	0.908321,0.091679,	0.909681,0.090319,	0.913608,0.0863917,	0.900282,0.0997179,	0.898123,0.101877,	0.89659,0.10341,	0.915449,0.0845509,	0.553157,0.446843,	1,	1,	1,	1,	1,	1,	1,	1,	1,	1,	1,	
0.5,0.5,	0.885675,0.114325,	0.9043,0.0956996,	0.908785,0.0912155,	0.911702,0.0882977,	0.914447,0.0855531,	0.899627,0.100373,	0.899516,0.100484,	0.897454,0.102546,	0.917118,0.0828824,	0.563695,0.436305,	1,	1,	1,	1,	1,	1,	1,	1,	1,	1,	1,	
0.5,0.5,	0.887611,0.112389,	0.905506,0.0944939,	0.909263,0.090737,	0.913068,0.0869317,	0.915099,0.0849005,	0.901499,0.0985011,	0.901318,0.0986817,	0.899091,0.100909,	0.918977,0.0810233,	0.578214,0.421786,	1,	1,	1,	1,	1,	1,	1,	1,	1,	1,	1,	
0.5,0.5,	0.888231,0.111769,	0.906917,0.0930827,	0.910397,0.0896027,	0.913594,0.0864063,	0.915859,0.0841407,	0.901335,0.0986653,	0.901556,0.0984443,	0.900928,0.0990721,	0.920363,0.0796365,	0.564808,0.435192,	1,	1,	1,	1,	1,	1,	1,	1,	1,	1,	1,	
0.5,0.5,	0.889589,0.110411,	0.907942,0.0920583,	0.911199,0.0888008,	0.915712,0.0842881,	0.916581,0.0834187,	0.902692,0.0973084,	0.902482,0.0975177,	0.901506,0.0984936,	0.922227,0.0777726,	0.547497,0.452503,	1,	1,	1,	1,	1,	1,	1,	1,	1,	1,	1,	
0.5,0.5,	0.891107,0.108893,	0.909162,0.0908383,	0.911787,0.0882135,	0.917595,0.0824045,	0.9173,0.0827004,	0.90419,0.0958099,	0.904823,0.0951772,	0.902631,0.0973692,	0.92376,0.0762395,	0.540904,0.459096,	1,	1,	1,	1,	1,	1,	1,	1,	1,	1,	1,	
0.5,0.5,	0.892099,0.107901,	0.910401,0.0895991,	0.91294,0.0870598,	0.918346,0.0816536,	0.918411,0.0815892,	0.904779,0.0952208,	0.905714,0.0942858,	0.904546,0.0954544,	0.924327,0.0756733,	0.575167,0.424833,	1,	1,	1,	1,	1,	1,	1,	1,	1,	1,	1,	
0.5,0.5,	0.893143,0.106857,	0.911067,0.0889335,	0.914026,0.0859738,	0.920041,0.0799594,	0.91928,0.0807197,	0.906773,0.0932265,	0.907545,0.0924553,	0.905459,0.0945406,	0.925449,0.0745507,	0.552218,0.447782,	1,	1,	1,	1,	1,	1,	1,	1,	1,	1,	1,	
0.5,0.5,	0.895006,0.104994,	0.912503,0.0874966,	0.914743,0.0852573,	0.920942,0.0790583,	0.921479,0.0785205,	0.907816,0.0921845,	0.90801,0.0919895,	0.905961,0.0940393,	0.92552,0.0744799,	0.556244,0.443756,	1,	1,	1,	1,	1,	1,	1,	1,	1,	1,	1,	
0.5,0.5,	0.895756,0.104244,	0.912583,0.0874168,	0.915249,0.0847507,	0.921782,0.0782185,	0.922395,0.0776047,	0.908745,0.0912545,	0.909627,0.0903726,	0.906452,0.0935484,	0.926832,0.0731676,	0.548597,0.451403,	1,	1,	1,	1,	1,	1,	1,	1,	1,	1,	1,	
0.5,0.5,	0.897004,0.102996,	0.91318,0.0868199,	0.916532,0.0834678,	0.922012,0.0779877,	0.9224,0.0775996,	0.909377,0.0906235,	0.910015,0.0899846,	0.906971,0.0930286,	0.926892,0.0731083,	0.535001,0.464999,	1,	1,	1,	1,	1,	1,	1,	1,	1,	1,	1,	
0.5,0.5,	0.898801,0.101199,	0.913773,0.0862267,	0.917709,0.0822907,	0.923009,0.0769913,	0.92334,0.0766599,	0.909395,0.0906049,	0.910289,0.0897109,	0.90807,0.0919295,	0.927521,0.0724793,	0.524851,0.475149,	1,	1,	1,	1,	1,	1,	1,	1,	1,	1,	1,	
0.5,0.5,	0.900293,0.0997074,	0.915002,0.0849977,	0.918431,0.0815693,	0.923948,0.0760524,	0.924086,0.0759137,	0.909858,0.0901419,	0.910733,0.0892672,	0.908797,0.0912035,	0.928804,0.0711955,	0.528208,0.471792,	1,	1,	1,	1,	1,	1,	1,	1,	1,	1,	1,	
0.5,0.5,	0.901375,0.0986248,	0.916155,0.0838453,	0.920528,0.0794722,	0.925386,0.0746136,	0.924597,0.0754028,	0.910442,0.0895576,	0.911962,0.0880377,	0.908886,0.0911144,	0.929875,0.0701249,	0.526956,0.473044,	1,	1,	1,	1,	1,	1,	1,	1,	1,	1,	1,	
0.5,0.5,	0.902171,0.0978287,	0.917474,0.0825265,	0.920906,0.0790944,	0.926358,0.0736419,	0.924866,0.0751339,	0.910985,0.0890154,	0.913571,0.0864295,	0.909965,0.0900354,	0.930273,0.0697268,	0.513581,0.486419,	1,	1,	1,	1,	1,	1,	1,	1,	1,	1,	1,	
0.5,0.5,	0.902932,0.0970679,	0.918422,0.0815776,	0.922182,0.0778185,	0.925625,0.0743752,	0.925644,0.0743565,	0.911669,0.0883308,	0.914553,0.0854471,	0.910426,0.0895735,	0.931096,0.0689042,	0.489047,0.510953,	1,	1,	1,	1,	1,	1,	1,	1,	1,	1,	1,	
0.5,0.5,	0.903841,0.0961586,	0.919856,0.0801443,	0.923343,0.076657,	0.926877,0.0731227,	0.926005,0.0739953,	0.912206,0.0877943,	0.915267,0.0847332,	0.911473,0.0885269,	0.932441,0.0675588,	0.47193,0.52807,	1,	1,	1,	1,	1,	1,	1,	1,	1,	1,	1,	
0.5,0.5,	0.904578,0.0954224,	0.920921,0.0790791,	0.923223,0.0767774,	0.928627,0.0713726,	0.925947,0.0740532,	0.912592,0.0874076,	0.916382,0.0836176,	0.912477,0.0875226,	0.933574,0.0664255,	0.456113,0.543887,	1,	1,	1,	1,	1,	1,	1,	1,	1,	1,	1,	
0.5,0.5,	0.904834,0.0951659,	0.921616,0.0783839,	0.923436,0.0765635,	0.929088,0.0709119,	0.926513,0.0734866,	0.913191,0.0868087,	0.91728,0.0827195,	0.913534,0.0864659,	0.935092,0.0649083,	0.456998,0.543002,	1,	1,	1,	1,	1,	1,	1,	1,	1,	1,	1,	
0.5,0.5,	0.906724,0.0932756,	0.922515,0.0774849,	0.924626,0.0753738,	0.930004,0.0699956,	0.926685,0.0733146,	0.914331,0.085669,	0.917465,0.0825348,	0.91398,0.0860202,	0.9352,0.0648003,	0.463179,0.536821,	1,	1,	1,	1,	1,	1,	1,	1,	1,	1,	1,	
0.5,0.5,	0.908068,0.0919321,	0.922707,0.0772931,	0.925251,0.0747487,	0.930863,0.0691373,	0.927344,0.0726559,	0.915484,0.0845164,	0.918045,0.0819547,	0.915253,0.0847466,	0.935825,0.0641746,	0.466281,0.533719,	1,	1,	1,	1,	1,	1,	1,	1,	1,	1,	1,	
0.5,0.5,	0.909562,0.090438,	0.923699,0.0763006,	0.92552,0.0744802,	0.932236,0.0677645,	0.927646,0.0723536,	0.916434,0.0835661,	0.918485,0.0815152,	0.916235,0.0837649,	0.936658,0.0633417,	0.450437,0.549563,	1,	1,	1,	1,	1,	1,	1,	1,	1,	1,	1,	
0.5,0.5,	0.911264,0.0887356,	0.924403,0.0755974,	0.925399,0.0746008,	0.932682,0.0673182,	0.928008,0.0719917,	0.917085,0.0829145,	0.920211,0.0797893,	0.917258,0.0827423,	0.936999,0.063001,	0.441114,0.558886,	1,	1,	1,	1,	1,	1,	1,	1,	1,	1,	1,	
0.5,0.5,	0.912646,0.0873541,	0.925277,0.0747227,	0.926361,0.0736386,	0.933488,0.0665122,	0.928786,0.0712142,	0.916999,0.0830008,	0.921449,0.0785511,	0.918222,0.0817782,	0.93723,0.0627695,	0.447091,0.552909,	1,	1,	1,	1,	1,	1,	1,	1,	1,	1,	1,	
0.5,0.5,	0.913649,0.0863509,	0.925925,0.0740748,	0.92713,0.0728696,	0.93367,0.0663303,	0.928985,0.0710151,	0.917902,0.0820982,	0.921714,0.0782858,	0.919522,0.080478,	0.937914,0.0620858,	0.445752,0.554248,	1,	1,	1,	1,	1,	1,	1,	1,	1,	1,	1,	
0.5,0.5,	0.91486,0.0851404,	0.927382,0.0726177,	0.927667,0.0723327,	0.934359,0.0656408,	0.929875,0.0701251,	0.918401,0.0815995,	0.922422,0.0775776,	0.920017,0.079983,	0.938808,0.0611915,	0.474491,0.525509,	1,	1,	1,	1,	1,	1,	1,	1,	1,	1,	1,	
0.5,0.5,	0.915736,0.0842641,	0.928369,0.071631,	0.928648,0.0713516,	0.935421,0.0645795,	0.930422,0.0695775,	0.918822,0.0811781,	0.923185,0.0768152,	0.920607,0.0793933,	0.93952,0.0604802,	0.473466,0.526534,	1,	1,	1,	1,	1,	1,	1,	1,	1,	1,	1,	
0.5,0.5,	0.916332,0.0836683,	0.928911,0.0710893,	0.929175,0.0708248,	0.9361,0.0638996,	0.930835,0.0691655,	0.91978,0.0802198,	0.923709,0.0762908,	0.920668,0.0793321,	0.940083,0.0599168,	0.477571,0.522429,	1,	1,	1,	1,	1,	1,	1,	1,	1,	1,	1,	
0.5,0.5,	0.916819,0.0831814,	0.929378,0.0706224,	0.929702,0.070298,	0.9367,0.0633004,	0.931217,0.0687831,	0.920202,0.0797983,	0.924172,0.0758279,	0.921099,0.0789009,	0.940907,0.0590928,	0.472892,0.527108,	1,	1,	1,	1,	1,	1,	1,	1,	1,	1,	1,	
0.5,0.5,	0.917104,0.0828964,	0.930161,0.0698389,	0.930683,0.069317,	0.93692,0.0630805,	0.931749,0.0682506,	0.92028,0.0797197,	0.924723,0.0752767,	0.921164,0.0788362,	0.942043,0.0579568,	0.48159,0.51841,	1,	1,	1,	1,	1,	1,	1,	1,	1,	1,	1,	
0.5,0.5,	0.917756,0.0822436,	0.930931,0.0690688,	0.931921,0.0680788,	0.936578,0.0634221,	0.932509,0.0674908,	0.920831,0.0791694,	0.925622,0.0743784,	0.92219,0.0778097,	0.942851,0.0571494,	0.506625,0.493375,	1,	1,	1,	1,	1,	1,	1,	1,	1,	1,	1,	
0.5,0.5,	0.919151,0.0808491,	0.931243,0.0687575,	0.933313,0.0666866,	0.937755,0.0622448,	0.93281,0.0671898,	0.922036,0.0779642,	0.926012,0.0739877,	0.923037,0.0769633,	0.943569,0.0564306,	0.482417,0.517583,	1,	1,	1,	1,	1,	1,	1,	1,	1,	1,	1,	
0.5,0.5,	0.919926,0.080074,	0.931753,0.0682468,	0.933774,0.0662264,	0.937912,0.0620876,	0.93216,0.0678401,	0.922523,0.0774767,	0.926493,0.0735072,	0.92343,0.0765704,	0.943938,0.0560619,	0.469813,0.530187,	1,	1,	1,	1,	1,	1,	1,	1,	1,	1,	1,	
0.5,0.5,	0.920445,0.0795554,	0.932497,0.0675031,	0.93395,0.0660495,	0.938816,0.0611841,	0.932987,0.067013,	0.924195,0.0758051,	0.926846,0.073154,	0.923229,0.0767708,	0.945089,0.0549114,	0.467779,0.532221,	1,	1,	1,	1,	1,	1,	1,	1,	1,	1,	1,	
0.5,0.5,	0.921052,0.078948,	0.93345,0.0665501,	0.935203,0.0647967,	0.939791,0.0602089,	0.934072,0.0659276,	0.924867,0.0751333,	0.927985,0.0720151,	0.924229,0.0757714,	0.945929,0.0540712,	0.479482,0.520518,	1,	1,	1,	1,	1,	1,	1,	1,	1,	1,	1,	
0.5,0.5,	0.921334,0.0786664,	0.934181,0.0658192,	0.935685,0.0643147,	0.939594,0.0604064,	0.934478,0.0655217,	0.924867,0.0751328,	0.928701,0.0712991,	0.924532,0.0754675,	0.945993,0.0540068,	0.482679,0.517321,	1,	1,	1,	1,	1,	1,	1,	1,	1,	1,	1,	
0.5,0.5,	0.922233,0.0777673,	0.935113,0.0648867,	0.935995,0.0640051,	0.939926,0.0600743,	0.934931,0.0650691,	0.92468,0.0753196,	0.928366,0.0716341,	0.925442,0.0745581,	0.946769,0.0532309,	0.479777,0.520223,	1,	1,	1,	1,	1,	1,	1,	1,	1,	1,	1,	
0.5,0.5,	0.922987,0.0770131,	0.936003,0.0639973,	0.936165,0.0638354,	0.941153,0.0588475,	0.935217,0.0647832,	0.924601,0.0753987,	0.928594,0.0714055,	0.926308,0.0736917,	0.947513,0.052487,	0.499212,0.500788,	1,	1,	1,	1,	1,	1,	1,	1,	1,	1,	1,	
0.5,0.5,	0.922896,0.0771039,	0.936309,0.0636913,	0.937,0.0629998,	0.94143,0.0585701,	0.936222,0.0637777,	0.925093,0.0749073,	0.929514,0.0704863,	0.926347,0.0736535,	0.948081,0.0519194,	0.516271,0.483729,	1,	1,	1,	1,	1,	1,	1,	1,	1,	1,	1,	
0.5,0.5,	0.923983,0.0760165,	0.937132,0.0628678,	0.937412,0.0625883,	0.941467,0.0585327,	0.936118,0.0638819,	0.925727,0.0742727,	0.929608,0.0703925,	0.927086,0.0729137,	0.948672,0.0513283,	0.539866,0.460134,	1,	1,	1,	1,	1,	1,	1,	1,	1,	1,	1,	
0.5,0.5,	0.924454,0.075546,	0.937654,0.0623463,	0.937843,0.0621565,	0.941418,0.0585816,	0.936852,0.0631482,	0.926567,0.0734332,	0.930177,0.069823,	0.927667,0.0723334,	0.949228,0.0507722,	0.564611,0.435389,	1,	1,	1,	1,	1,	1,	1,	1,	1,	1,	1,	
0.5,0.5,	0.925214,0.0747856,	0.938006,0.0619939,	0.938795,0.0612052,	0.942049,0.0579512,	0.936829,0.0631708,	0.926703,0.0732971,	0.930173,0.0698268,	0.927807,0.0721934,	0.949857,0.0501431,	0.558088,0.441912,	1,	1,	1,	1,	1,	1,	1,	1,	1,	1,	1,	
0.5,0.5,	0.92572,0.0742796,	0.938526,0.0614745,	0.93987,0.0601301,	0.942485,0.057515,	0.937458,0.0625423,	0.927745,0.0722551,	0.930913,0.0690866,	0.928426,0.0715739,	0.950675,0.0493248,	0.571047,0.428953,	1,	1,	1,	1,	1,	1,	1,	1,	1,	1,	1,	
0.5,0.5,	0.926627,0.0733731,	0.939157,0.0608434,	0.940646,0.0593538,	0.9426,0.0573998,	0.937971,0.0620294,	0.928061,0.0719385,	0.931678,0.0683225,	0.928556,0.0714436,	0.95122,0.0487804,	0.548997,0.451003,	1,	1,	1,	1,	1,	1,	1,	1,	1,	1,	1,	
0.5,0.5,	0.928164,0.0718361,	0.939973,0.0600269,	0.941292,0.0587081,	0.943017,0.0569832,	0.938066,0.0619337,	0.928948,0.0710525,	0.931907,0.0680932,	0.928997,0.0710033,	0.951841,0.0481593,	0.548184,0.451816,	1,	1,	1,	1,	1,	1,	1,	1,	1,	1,	1,	
0.5,0.5,	0.928953,0.0710473,	0.940603,0.0593966,	0.941819,0.0581812,	0.943633,0.0563673,	0.938602,0.0613977,	0.929693,0.0703067,	0.931832,0.0681676,	0.92947,0.0705299,	0.952424,0.047576,	0.533384,0.466616,	1,	1,	1,	1,	1,	1,	1,	1,	1,	1,	1,	
0.5,0.5,	0.929821,0.0701791,	0.941437,0.058563,	0.942152,0.0578478,	0.944382,0.0556182,	0.939026,0.0609737,	0.929481,0.0705188,	0.932243,0.0677574,	0.929855,0.0701451,	0.953145,0.0468551,	0.554576,0.445424,	1,	1,	1,	1,	1,	1,	1,	1,	1,	1,	1,	
0.5,0.5,	0.931235,0.068765,	0.942687,0.0573132,	0.94303,0.0569701,	0.944696,0.0553042,	0.939654,0.0603463,	0.930287,0.0697132,	0.932719,0.0672808,	0.930906,0.0690939,	0.953542,0.0464582,	0.564341,0.435659,	1,	1,	1,	1,	1,	1,	1,	1,	1,	1,	1,	
0.5,0.5,	0.931459,0.0685412,	0.942964,0.0570362,	0.943182,0.0568178,	0.945302,0.0546976,	0.94017,0.0598304,	0.930658,0.0693425,	0.9331,0.0669001,	0.930922,0.0690776,	0.953822,0.0461784,	0.556311,0.443689,	1,	1,	1,	1,	1,	1,	1,	1,	1,	1,	1,	
0.5,0.5,	0.932085,0.0679153,	0.943679,0.0563209,	0.943887,0.0561134,	0.945529,0.0544713,	0.940864,0.0591362,	0.930735,0.0692651,	0.933784,0.0662165,	0.931548,0.0684516,	0.954204,0.0457959,	0.556935,0.443065,	1,	1,	1,	1,	1,	1,	1,	1,	1,	1,	1,	
0.5,0.5,	0.933021,0.0669789,	0.944144,0.0558558,	0.944166,0.0558337,	0.946053,0.0539473,	0.941601,0.058399,	0.931178,0.0688225,	0.934609,0.0653906,	0.932095,0.0679049,	0.95466,0.0453395,	0.553501,0.446499,	1,	1,	1,	1,	1,	1,	1,	1,	1,	1,	1,	
0.5,0.5,	0.933321,0.0666787,	0.944773,0.0552267,	0.945144,0.0548562,	0.947122,0.0528784,	0.941926,0.0580743,	0.931779,0.068221,	0.935478,0.0645224,	0.932425,0.0675753,	0.954872,0.0451278,	0.573502,0.426498,	1,	1,	1,	1,	1,	1,	1,	1,	1,	1,	1,	
0.5,0.5,	0.934336,0.0656643,	0.945208,0.0547923,	0.945596,0.0544038,	0.947709,0.0522909,	0.942306,0.0576941,	0.932345,0.0676549,	0.9358,0.0642003,	0.932801,0.0671992,	0.955456,0.0445444,	0.579563,0.420437,	1,	1,	1,	1,	1,	1,	1,	1,	1,	1,	1,	
0.5,0.5,	0.934628,0.0653716,	0.945813,0.0541872,	0.946054,0.0539462,	0.948201,0.0517994,	0.942665,0.0573349,	0.932683,0.0673171,	0.936479,0.0635212,	0.93253,0.0674703,	0.955836,0.0441635,	0.59542,0.40458,	1,	1,	1,	1,	1,	1,	1,	1,	1,	1,	1,	
0.5,0.5,	0.935653,0.0643474,	0.945983,0.0540175,	0.946698,0.0533021,	0.948416,0.0515844,	0.943297,0.0567028,	0.932968,0.0670322,	0.936496,0.0635035,	0.932405,0.067595,	0.956346,0.043654,	0.601164,0.398836,	1,	1,	1,	1,	1,	1,	1,	1,	1,	1,	1,	
0.5,0.5,	0.936098,0.0639023,	0.947022,0.0529783,	0.947153,0.0528469,	0.949384,0.0506159,	0.943231,0.0567688,	0.93311,0.0668901,	0.936613,0.0633868,	0.932195,0.0678052,	0.956794,0.0432056,	0.615614,0.384386,	1,	1,	1,	1,	1,	1,	1,	1,	1,	1,	1,	
0.5,0.5,	0.936682,0.0633181,	0.947658,0.0523422,	0.947808,0.0521918,	0.950261,0.0497394,	0.943806,0.0561938,	0.933225,0.0667753,	0.937004,0.0629957,	0.93288,0.0671199,	0.957272,0.0427282,	0.624967,0.375033,	1,	1,	1,	1,	1,	1,	1,	1,	1,	1,	1,	
0.5,0.5,	0.936829,0.0631713,	0.948329,0.0516712,	0.947895,0.0521045,	0.950382,0.0496178,	0.944071,0.0559295,	0.933662,0.0663378,	0.937458,0.0625416,	0.9336,0.0664001,	0.957492,0.042508,	0.619193,0.380807,	1,	1,	1,	1,	1,	1,	1,	1,	1,	1,	1,	
0.5,0.5,	0.937471,0.0625289,	0.948936,0.0510638,	0.948351,0.0516485,	0.950465,0.0495353,	0.94408,0.0559205,	0.934803,0.0651974,	0.938104,0.0618961,	0.933624,0.0663757,	0.957873,0.0421271,	0.62794,0.37206,	1,	1,	1,	1,	1,	1,	1,	1,	1,	1,	1,	
0.5,0.5,	0.93819,0.0618102,	0.949363,0.0506368,	0.948561,0.0514391,	0.950904,0.0490956,	0.944219,0.0557808,	0.93485,0.0651497,	0.937769,0.0622307,	0.934471,0.0655292,	0.958144,0.0418558,	0.626706,0.373294,	1,	1,	1,	1,	1,	1,	1,	1,	1,	1,	1,	
0.5,0.5,	0.938558,0.0614421,	0.949395,0.0506049,	0.948896,0.0511041,	0.951204,0.0487956,	0.944448,0.0555519,	0.93493,0.0650698,	0.938175,0.0618247,	0.934867,0.065133,	0.958547,0.0414531,	0.639262,0.360738,	1,	1,	1,	1,	1,	1,	1,	1,	1,	1,	1,	
0.5,0.5,	0.939256,0.060744,	0.949547,0.0504531,	0.949258,0.0507422,	0.951725,0.0482747,	0.944716,0.0552836,	0.935207,0.0647926,	0.938911,0.0610894,	0.935407,0.0645928,	0.95892,0.0410802,	0.627429,0.372571,	1,	1,	1,	1,	1,	1,	1,	1,	1,	1,	1,	
0.5,0.5,	0.939814,0.0601859,	0.950009,0.049991,	0.949617,0.0503826,	0.95181,0.0481896,	0.944823,0.0551772,	0.93537,0.0646298,	0.938925,0.0610753,	0.935967,0.0640333,	0.959082,0.0409175,	0.622095,0.377905,	1,	1,	1,	1,	1,	1,	1,	1,	1,	1,	1,	
0.5,0.5,	0.940148,0.0598517,	0.950234,0.0497663,	0.949856,0.0501444,	0.952459,0.0475409,	0.945664,0.0543359,	0.935756,0.0642442,	0.939161,0.0608389,	0.936277,0.0637231,	0.959416,0.0405836,	0.634813,0.365187,	1,	1,	1,	1,	1,	1,	1,	1,	1,	1,	1,	
0.5,0.5,	0.94085,0.0591505,	0.950619,0.0493808,	0.950087,0.0499126,	0.952312,0.0476878,	0.945513,0.0544867,	0.935852,0.0641479,	0.939491,0.0605091,	0.93649,0.0635102,	0.95957,0.0404305,	0.633585,0.366415,	1,	1,	1,	1,	1,	1,	1,	1,	1,	1,	1,	
0.5,0.5,	0.940947,0.0590532,	0.951003,0.0489966,	0.950689,0.049311,	0.952566,0.047434,	0.946067,0.0539334,	0.936463,0.0635372,	0.939647,0.0603527,	0.936785,0.0632146,	0.960024,0.0399761,	0.63964,0.36036,	1,	1,	1,	1,	1,	1,	1,	1,	1,	1,	1,	
0.5,0.5,	0.941334,0.0586665,	0.951097,0.0489025,	0.951636,0.0483636,	0.952766,0.047234,	0.946542,0.0534577,	0.936898,0.0631016,	0.940388,0.0596122,	0.937467,0.0625335,	0.960356,0.0396435,	0.620871,0.379129,	1,	1,	1,	1,	1,	1,	1,	1,	1,	1,	1,	
0.5,0.5,	0.941968,0.0580324,	0.951403,0.0485967,	0.951765,0.0482351,	0.953251,0.0467493,	0.946927,0.0530728,	0.93741,0.0625902,	0.940528,0.0594715,	0.937869,0.0621314,	0.960695,0.0393045,	0.612768,0.387232,	1,	1,	1,	1,	1,	1,	1,	1,	1,	1,	1,	
0.5,0.5,	0.942367,0.0576326,	0.951609,0.0483909,	0.95191,0.0480899,	0.953516,0.0464843,	0.94728,0.0527203,	0.937784,0.0622156,	0.941141,0.0588594,	0.938225,0.0617753,	0.960946,0.0390544,	0.604313,0.395687,	1,	1,	1,	1,	1,	1,	1,	1,	1,	1,	1,	
0.5,0.5,	0.942955,0.0570449,	0.9521,0.0478999,	0.952468,0.0475319,	0.953578,0.0464219,	0.947974,0.0520258,	0.938408,0.0615915,	0.941131,0.0588689,	0.938604,0.0613957,	0.96134,0.0386604,	0.611837,0.388163,	1,	1,	1,	1,	1,	1,	1,	1,	1,	1,	1,	
0.5,0.5,	0.943104,0.0568961,	0.952527,0.0474726,	0.952758,0.0472419,	0.953901,0.0460988,	0.948496,0.0515037,	0.939146,0.0608542,	0.941136,0.0588636,	0.938703,0.0612974,	0.961772,0.0382278,	0.591768,0.408232,	1,	1,	1,	1,	1,	1,	1,	1,	1,	1,	1,	
0.5,0.5,	0.943554,0.0564459,	0.95296,0.0470398,	0.95343,0.0465699,	0.953861,0.0461394,	0.949152,0.0508478,	0.939579,0.0604207,	0.941714,0.0582858,	0.939137,0.0608635,	0.962011,0.0379888,	0.573602,0.426398,	1,	1,	1,	1,	1,	1,	1,	1,	1,	1,	1,	
0.5,0.5,	0.944345,0.0556548,	0.953724,0.046276,	0.953765,0.0462351,	0.953973,0.0460271,	0.949635,0.050365,	0.93969,0.0603096,	0.942054,0.0579461,	0.939012,0.0609881,	0.962154,0.037846,	0.579002,0.420998,	1,	1,	1,	1,	1,	1,	1,	1,	1,	1,	1,	
0.5,0.5,	0.944719,0.0552812,	0.953819,0.0461807,	0.95417,0.0458304,	0.954135,0.0458651,	0.949847,0.0501535,	0.93993,0.0600697,	0.941971,0.0580294,	0.93949,0.0605102,	0.962152,0.037848,	0.574396,0.425604,	1,	1,	1,	1,	1,	1,	1,	1,	1,	1,	1,	
0.5,0.5,	0.944871,0.0551291,	0.954162,0.0458376,	0.954394,0.0456061,	0.9544,0.0456003,	0.949849,0.0501515,	0.940187,0.0598131,	0.942698,0.0573022,	0.939837,0.0601633,	0.96225,0.0377502,	0.585958,0.414042,	1,	1,	1,	1,	1,	1,	1,	1,	1,	1,	1,	
0.5,0.5,	0.945032,0.0549681,	0.954753,0.0452466,	0.954452,0.0455477,	0.954765,0.0452355,	0.95045,0.04955,	0.940042,0.0599579,	0.943391,0.0566092,	0.940081,0.0599188,	0.962591,0.0374087,	0.574554,0.425446,	1,	1,	1,	1,	1,	1,	1,	1,	1,	1,	1,	
0.5,0.5,	0.945312,0.0546884,	0.955152,0.0448485,	0.954639,0.0453608,	0.954691,0.0453088,	0.951036,0.0489642,	0.939866,0.0601341,	0.943593,0.0564075,	0.940364,0.0596357,	0.962807,0.0371927,	0.56409,0.43591,	1,	1,	1,	1,	1,	1,	1,	1,	1,	1,	1,	
0.5,0.5,	0.945713,0.0542873,	0.955819,0.0441811,	0.954692,0.0453077,	0.955214,0.0447862,	0.951422,0.0485781,	0.9401,0.0599004,	0.943945,0.0560552,	0.940746,0.0592541,	0.963287,0.0367133,	0.565759,0.434241,	1,	1,	1,	1,	1,	1,	1,	1,	1,	1,	1,	
0.5,0.5,	0.945697,0.0543026,	0.956174,0.0438258,	0.954919,0.0450814,	0.955382,0.0446183,	0.951596,0.0484038,	0.940678,0.0593218,	0.944322,0.0556784,	0.941292,0.0587084,	0.963329,0.0366706,	0.579536,0.420464,	1,	1,	1,	1,	1,	1,	1,	1,	1,	1,	1,	
0.5,0.5,	0.945993,0.0540072,	0.956527,0.0434728,	0.95548,0.0445198,	0.955494,0.0445063,	0.952085,0.0479146,	0.941444,0.0585558,	0.944695,0.0553053,	0.941388,0.0586118,	0.963601,0.0363987,	0.571488,0.428512,	1,	1,	1,	1,	1,	1,	1,	1,	1,	1,	1,	
0.5,0.5,	0.946466,0.0535341,	0.957074,0.0429257,	0.955825,0.044175,	0.955841,0.0441586,	0.952364,0.047636,	0.942342,0.0576577,	0.945084,0.0549163,	0.941504,0.0584959,	0.96393,0.0360701,	0.54335,0.45665,	1,	1,	1,	1,	1,	1,	1,	1,	1,	1,	1,	
0.5,0.5,	0.946498,0.0535016,	0.957404,0.0425956,	0.955915,0.0440854,	0.956066,0.0439345,	0.952696,0.0473043,	0.942958,0.0570418,	0.945892,0.0541079,	0.941215,0.0587847,	0.964196,0.0358037,	0.533581,0.466419,	1,	1,	1,	1,	1,	1,	1,	1,	1,	1,	1,	
0.5,0.5,	0.947046,0.0529542,	0.957557,0.0424429,	0.956464,0.0435359,	0.956053,0.0439468,	0.952812,0.0471881,	0.943403,0.0565966,	0.94657,0.0534303,	0.941298,0.0587015,	0.964465,0.0355349,	0.517687,0.482313,	1,	1,	1,	1,	1,	1,	1,	1,	1,	1,	1,	
0.5,0.5,	0.947468,0.0525319,	0.95799,0.04201,	0.956524,0.0434759,	0.956611,0.0433888,	0.952887,0.047113,	0.94398,0.0560199,	0.946842,0.0531584,	0.941489,0.0585113,	0.964436,0.0355636,	0.523271,0.476729,	1,	1,	1,	1,	1,	1,	1,	1,	1,	1,	1,	
0.5,0.5,	0.947786,0.0522139,	0.958135,0.0418649,	0.956457,0.0435435,	0.957011,0.0429886,	0.953067,0.0469326,	0.944131,0.0558695,	0.947315,0.052685,	0.941936,0.0580636,	0.96482,0.0351803,	0.534589,0.465411,	1,	1,	1,	1,	1,	1,	1,	1,	1,	1,	1,	
0.5,0.5,	0.948232,0.051768,	0.958613,0.0413867,	0.956489,0.0435111,	0.957616,0.0423841,	0.95305,0.0469501,	0.944117,0.0558834,	0.947599,0.0524012,	0.942258,0.0577417,	0.965002,0.0349981,	0.550895,0.449105,	1,	1,	1,	1,	1,	1,	1,	1,	1,	1,	1,	
0.5,0.5,	0.94899,0.0510097,	0.958951,0.0410493,	0.957004,0.0429958,	0.957978,0.0420223,	0.953142,0.0468579,	0.94417,0.0558301,	0.94826,0.0517398,	0.942372,0.0576279,	0.965485,0.0345152,	0.548986,0.451014,	1,	1,	1,	1,	1,	1,	1,	1,	1,	1,	1,	
0.5,0.5,	0.949383,0.0506169,	0.959315,0.040685,	0.957396,0.0426037,	0.958413,0.0415871,	0.953238,0.0467625,	0.944486,0.055514,	0.948418,0.0515817,	0.94277,0.0572303,	0.965698,0.0343017,	0.535517,0.464483,	1,	1,	1,	1,	1,	1,	1,	1,	1,	1,	1,	
0.5,0.5,	0.949304,0.0506957,	0.959701,0.0402985,	0.957614,0.0423859,	0.958513,0.0414872,	0.953087,0.0469135,	0.944705,0.0552946,	0.948399,0.0516014,	0.942802,0.0571976,	0.965728,0.034272,	0.548176,0.451824,	1,	1,	1,	1,	1,	1,	1,	1,	1,	1,	1,	
0.5,0.5,	0.949633,0.0503673,	0.960042,0.0399582,	0.958092,0.0419076,	0.958606,0.0413936,	0.953491,0.0465086,	0.944995,0.0550048,	0.948801,0.0511986,	0.943364,0.0566364,	0.965758,0.0342416,	0.557673,0.442327,	1,	1,	1,	1,	1,	1,	1,	1,	1,	1,	1,	
0.5,0.5,	0.950021,0.0499788,	0.960481,0.0395193,	0.958385,0.0416149,	0.958606,0.041394,	0.953525,0.0464753,	0.945336,0.0546638,	0.949501,0.0504986,	0.943364,0.056636,	0.965984,0.0340162,	0.598172,0.401828,	1,	1,	1,	1,	1,	1,	1,	1,	1,	1,	1,	
0.5,0.5,	0.950154,0.049846,	0.960634,0.039366,	0.958475,0.0415253,	0.958752,0.0412481,	0.95409,0.0459099,	0.945749,0.0542506,	0.949673,0.0503269,	0.943873,0.0561272,	0.966276,0.0337241,	0.592611,0.407389,	1,	1,	1,	1,	1,	1,	1,	1,	1,	1,	1,	
0.5,0.5,	0.95048,0.0495198,	0.960699,0.0393011,	0.958917,0.0410835,	0.958993,0.0410075,	0.954199,0.0458005,	0.945681,0.0543189,	0.949681,0.050319,	0.944239,0.0557606,	0.966522,0.0334783,	0.599406,0.400594,	1,	1,	1,	1,	1,	1,	1,	1,	1,	1,	1,	
0.5,0.5,	0.950959,0.0490413,	0.961184,0.0388162,	0.958945,0.0410552,	0.959534,0.040466,	0.954131,0.0458692,	0.945819,0.0541813,	0.949586,0.0504145,	0.944574,0.055426,	0.96688,0.0331203,	0.617415,0.382585,	1,	1,	1,	1,	1,	1,	1,	1,	1,	1,	1,	
0.5,0.5,	0.951154,0.0488461,	0.961623,0.0383775,	0.959368,0.040632,	0.959546,0.0404545,	0.954216,0.0457843,	0.945871,0.0541293,	0.949395,0.0506045,	0.944811,0.0551888,	0.966985,0.0330145,	0.605172,0.394828,	1,	1,	1,	1,	1,	1,	1,	1,	1,	1,	1,	
0.5,0.5,	0.951646,0.0483536,	0.961666,0.0383344,	0.959821,0.0401787,	0.959726,0.0402743,	0.954093,0.0459067,	0.946411,0.0535889,	0.949492,0.0505079,	0.945243,0.0547572,	0.967271,0.0327288,	0.602877,0.397123,	1,	1,	1,	1,	1,	1,	1,	1,	1,	1,	1,	
0.5,0.5,	0.951877,0.0481235,	0.961841,0.0381591,	0.960423,0.0395765,	0.959986,0.040014,	0.953994,0.0460057,	0.946063,0.0539366,	0.950013,0.0499865,	0.945403,0.0545973,	0.967465,0.0325347,	0.617178,0.382822,	1,	1,	1,	1,	1,	1,	1,	1,	1,	1,	1,	
0.5,0.5,	0.952403,0.0475972,	0.961926,0.0380743,	0.960715,0.0392853,	0.960138,0.039862,	0.954056,0.045944,	0.946052,0.053948,	0.950226,0.0497739,	0.945824,0.0541763,	0.96756,0.0324404,	0.628163,0.371837,	1,	1,	1,	1,	1,	1,	1,	1,	1,	1,	1,	
0.5,0.5,	0.952518,0.0474825,	0.962103,0.0378975,	0.960953,0.0390474,	0.960688,0.0393119,	0.954253,0.0457475,	0.946318,0.0536818,	0.95063,0.0493697,	0.946003,0.0539966,	0.96755,0.0324496,	0.636884,0.363116,	1,	1,	1,	1,	1,	1,	1,	1,	1,	1,	1,	
0.5,0.5,	0.953105,0.0468947,	0.962441,0.0375585,	0.961145,0.0388555,	0.960893,0.0391073,	0.954341,0.0456586,	0.946594,0.0534058,	0.950861,0.0491387,	0.946695,0.0533054,	0.967724,0.0322757,	0.636303,0.363697,	1,	1,	1,	1,	1,	1,	1,	1,	1,	1,	1,	
0.5,0.5,	0.953217,0.0467833,	0.962655,0.0373453,	0.961373,0.0386267,	0.961307,0.0386932,	0.95445,0.0455502,	0.946778,0.0532216,	0.951074,0.0489262,	0.946736,0.053264,	0.967889,0.0321115,	0.66623,0.33377,	1,	1,	1,	1,	1,	1,	1,	1,	1,	1,	1,	
0.5,0.5,	0.953622,0.0463784,	0.962997,0.0370026,	0.961421,0.0385788,	0.961281,0.0387191,	0.954704,0.0452962,	0.947006,0.0529935,	0.951175,0.0488253,	0.946858,0.0531416,	0.96826,0.0317404,	0.683527,0.316473,	1,	1,	1,	1,	1,	1,	1,	1,	1,	1,	1,	
0.5,0.5,	0.954031,0.0459693,	0.963047,0.0369527,	0.961592,0.038408,	0.961238,0.0387622,	0.954727,0.0452729,	0.947294,0.0527062,	0.951892,0.0481077,	0.946847,0.0531532,	0.968371,0.0316291,	0.701321,0.298679,	1,	1,	1,	1,	1,	1,	1,	1,	1,	1,	1,	
0.5,0.5,	0.954118,0.0458816,	0.962929,0.0370709,	0.962047,0.0379529,	0.96164,0.0383603,	0.954715,0.0452848,	0.947561,0.0524392,	0.952491,0.0475095,	0.947344,0.0526557,	0.968642,0.0313576,	0.69712,0.30288,	1,	1,	1,	1,	1,	1,	1,	1,	1,	1,	1,	
0.5,0.5,	0.954466,0.0455344,	0.963212,0.0367881,	0.96236,0.0376397,	0.961796,0.0382045,	0.955113,0.0448872,	0.947603,0.0523969,	0.952918,0.0470822,	0.94758,0.0524199,	0.968652,0.0313484,	0.713143,0.286857,	1,	1,	1,	1,	1,	1,	1,	1,	1,	1,	1,	
0.5,0.5,	0.95469,0.0453098,	0.963395,0.0366053,	0.962806,0.037194,	0.961796,0.0382045,	0.955202,0.0447985,	0.947618,0.0523823,	0.953021,0.0469792,	0.947836,0.052164,	0.968941,0.031059,	0.697619,0.302381,	1,	1,	1,	1,	1,	1,	1,	1,	1,	1,	1,	
0.5,0.5,	0.954929,0.045071,	0.963347,0.0366535,	0.963026,0.0369742,	0.962104,0.0378964,	0.955292,0.0447079,	0.947186,0.0528139,	0.953298,0.0467018,	0.947979,0.0520209,	0.969344,0.0306555,	0.699867,0.300133,	1,	1,	1,	1,	1,	1,	1,	1,	1,	1,	1,	
0.5,0.5,	0.95539,0.0446096,	0.963366,0.0366339,	0.963447,0.036553,	0.962333,0.0376673,	0.955618,0.0443825,	0.947526,0.0524742,	0.953598,0.0464021,	0.948545,0.0514546,	0.969512,0.0304881,	0.698272,0.301728,	1,	1,	1,	1,	1,	1,	1,	1,	1,	1,	1,	
0.5,0.5,	0.955369,0.0446312,	0.963772,0.0362283,	0.963581,0.0364187,	0.962812,0.0371877,	0.955827,0.0441734,	0.94729,0.0527096,	0.954243,0.045757,	0.948828,0.0511718,	0.969663,0.0303365,	0.711335,0.288665,	1,	1,	1,	1,	1,	1,	1,	1,	1,	1,	1,	
0.5,0.5,	0.955543,0.0444574,	0.963772,0.0362275,	0.963511,0.0364889,	0.962875,0.0371254,	0.955824,0.0441761,	0.947508,0.0524919,	0.954338,0.045662,	0.949035,0.050965,	0.96986,0.0301403,	0.719969,0.280031,	1,	1,	1,	1,	1,	1,	1,	1,	1,	1,	1,	
0.5,0.5,	0.955841,0.0441594,	0.964085,0.0359151,	0.963548,0.036452,	0.963111,0.0368893,	0.956054,0.0439465,	0.947983,0.052017,	0.954636,0.0453637,	0.94952,0.0504805,	0.970033,0.0299673,	0.730875,0.269125,	1,	1,	1,	1,	1,	1,	1,	1,	1,	1,	1,	
0.5,0.5,	0.955946,0.044054,	0.964197,0.035803,	0.963678,0.0363219,	0.963223,0.0367771,	0.956163,0.0438372,	0.948161,0.0518386,	0.955098,0.0449016,	0.949652,0.0503485,	0.970086,0.0299143,	0.725565,0.274435,	1,	1,	1,	1,	1,	1,	1,	1,	1,	1,	1,	
0.5,0.5,	0.956366,0.0436342,	0.964422,0.0355782,	0.963834,0.0361664,	0.963419,0.036581,	0.955683,0.0443167,	0.948686,0.0513142,	0.955437,0.0445632,	0.949932,0.0500682,	0.970515,0.029485,	0.73165,0.26835,	1,	1,	1,	1,	1,	1,	1,	1,	1,	1,	1,	
0.5,0.5,	0.956738,0.043262,	0.964295,0.0357048,	0.963904,0.0360958,	0.963553,0.0364474,	0.956229,0.0437712,	0.948687,0.0513131,	0.955844,0.044156,	0.950104,0.049896,	0.970821,0.0291788,	0.719666,0.280334,	1,	1,	1,	1,	1,	1,	1,	1,	1,	1,	1,	
0.5,0.5,	0.956977,0.0430232,	0.964509,0.0354905,	0.963984,0.0360156,	0.963516,0.036484,	0.956377,0.0436226,	0.949019,0.0509809,	0.956234,0.0437664,	0.950071,0.0499292,	0.970769,0.0292314,	0.714877,0.285123,	1,	1,	1,	1,	1,	1,	1,	1,	1,	1,	1,	
0.5,0.5,	0.957115,0.0428846,	0.964819,0.0351812,	0.964093,0.0359071,	0.96379,0.0362105,	0.956405,0.0435947,	0.949548,0.0504515,	0.956094,0.043906,	0.950138,0.0498625,	0.97111,0.0288904,	0.708412,0.291588,	1,	1,	1,	1,	1,	1,	1,	1,	1,	1,	1,	
0.5,0.5,	0.957563,0.0424371,	0.965346,0.0346539,	0.96438,0.0356201,	0.964358,0.0356422,	0.956659,0.0433415,	0.949659,0.0503407,	0.956043,0.0439567,	0.950728,0.0492715,	0.971223,0.0287768,	0.710046,0.289954,	1,	1,	1,	1,	1,	1,	1,	1,	1,	1,	1,	
0.5,0.5,	0.957924,0.0420763,	0.965647,0.0343527,	0.964383,0.0356166,	0.964485,0.0355153,	0.956786,0.0432144,	0.950072,0.0499276,	0.956551,0.0434494,	0.950957,0.0490426,	0.971472,0.0285278,	0.715513,0.284487,	1,	1,	1,	1,	1,	1,	1,	1,	1,	1,	1,	
0.5,0.5,	0.958305,0.0416952,	0.965833,0.0341671,	0.964439,0.0355608,	0.96475,0.03525,	0.956841,0.0431593,	0.950433,0.0495667,	0.956788,0.0432122,	0.951158,0.048842,	0.971657,0.0283431,	0.714069,0.285931,	1,	1,	1,	1,	1,	1,	1,	1,	1,	1,	1,	
0.5,0.5,	0.958521,0.0414794,	0.966039,0.0339614,	0.964334,0.0356655,	0.964962,0.0350381,	0.956948,0.0430523,	0.950728,0.0492719,	0.956547,0.0434529,	0.951407,0.0485925,	0.971821,0.028179,	0.701491,0.298509,	1,	1,	1,	1,	1,	1,	1,	1,	1,	1,	1,	
0.5,0.5,	0.958639,0.0413609,	0.966117,0.0338834,	0.964344,0.0356562,	0.965102,0.0348984,	0.956939,0.0430613,	0.950976,0.0490243,	0.956774,0.0432258,	0.951532,0.0484678,	0.971958,0.0280417,	0.697421,0.302579,	1,	1,	1,	1,	1,	1,	1,	1,	1,	1,	1,	
0.5,0.5,	0.959078,0.0409221,	0.966237,0.0337625,	0.964465,0.0355352,	0.965313,0.0346873,	0.957058,0.0429423,	0.951161,0.048839,	0.956397,0.043603,	0.951677,0.0483229,	0.97208,0.02792,	0.694566,0.305434,	1,	1,	1,	1,	1,	1,	1,	1,	1,	1,	1,	
0.5,0.5,	0.959273,0.0407267,	0.966372,0.0336284,	0.964702,0.0352981,	0.965722,0.0342781,	0.957211,0.0427887,	0.951168,0.0488321,	0.956685,0.0433146,	0.952105,0.047895,	0.972245,0.0277548,	0.717395,0.282605,	1,	1,	1,	1,	1,	1,	1,	1,	1,	1,	1,	
0.5,0.5,	0.959453,0.0405472,	0.966661,0.0333392,	0.96495,0.03505,	0.965473,0.0345266,	0.957482,0.0425179,	0.951161,0.048839,	0.956718,0.0432823,	0.952407,0.0475929,	0.972354,0.0276457,	0.731202,0.268798,	1,	1,	1,	1,	1,	1,	1,	1,	1,	1,	1,	
0.5,0.5,	0.959765,0.0402354,	0.966851,0.0331486,	0.965173,0.0348274,	0.965462,0.0345383,	0.957499,0.0425006,	0.951462,0.0485383,	0.957063,0.0429374,	0.95272,0.0472798,	0.972284,0.0277158,	0.736389,0.263611,	1,	1,	1,	1,	1,	1,	1,	1,	1,	1,	1,	
0.5,0.5,	0.960072,0.0399283,	0.96697,0.0330301,	0.965146,0.0348542,	0.965751,0.0342487,	0.957725,0.042275,	0.951843,0.0481572,	0.957145,0.0428547,	0.953072,0.0469276,	0.972433,0.0275667,	0.736283,0.263717,	1,	1,	1,	1,	1,	1,	1,	1,	1,	1,	1,	
0.5,0.5,	0.960357,0.0396427,	0.967135,0.0328653,	0.965307,0.0346928,	0.965811,0.034189,	0.958113,0.0418868,	0.951753,0.0482468,	0.957342,0.0426578,	0.953217,0.0467831,	0.972426,0.0275739,	0.743484,0.256516,	1,	1,	1,	1,	1,	1,	1,	1,	1,	1,	1,	
0.5,0.5,	0.960761,0.0392391,	0.967146,0.0328543,	0.965377,0.0346234,	0.966006,0.0339939,	0.958145,0.0418554,	0.952206,0.0477944,	0.957388,0.0426118,	0.95336,0.0466397,	0.972438,0.0275621,	0.726074,0.273926,	1,	1,	1,	1,	1,	1,	1,	1,	1,	1,	1,	
0.5,0.5,	0.961076,0.0389239,	0.967313,0.0326868,	0.965779,0.0342212,	0.966247,0.0337535,	0.958337,0.0416632,	0.952282,0.0477176,	0.95748,0.0425202,	0.953874,0.0461264,	0.972685,0.0273148,	0.712209,0.287791,	1,	1,	1,	1,	1,	1,	1,	1,	1,	1,	1,	
0.5,0.5,	0.961232,0.0387679,	0.967466,0.0325344,	0.965919,0.034081,	0.966552,0.0334478,	0.958624,0.041376,	0.952658,0.0473419,	0.957743,0.042257,	0.954069,0.045931,	0.972865,0.027135,	0.7264,0.2736,	1,	1,	1,	1,	1,	1,	1,	1,	1,	1,	1,	
0.5,0.5,	0.961535,0.0384649,	0.96753,0.0324702,	0.965885,0.0341152,	0.966619,0.0333805,	0.958667,0.0413332,	0.952992,0.0470076,	0.957833,0.0421673,	0.954244,0.0457562,	0.973019,0.026981,	0.722152,0.277848,	1,	1,	1,	1,	1,	1,	1,	1,	1,	1,	1,	
0.5,0.5,	0.961646,0.0383542,	0.967692,0.0323076,	0.966161,0.0338386,	0.96667,0.0333297,	0.958765,0.0412351,	0.953484,0.0465159,	0.958017,0.0419828,	0.954174,0.0458256,	0.973348,0.026652,	0.722121,0.277879,	1,	1,	1,	1,	1,	1,	1,	1,	1,	1,	1,	
0.5,0.5,	0.961846,0.0381535,	0.967697,0.0323028,	0.966358,0.0336418,	0.966759,0.0332413,	0.958928,0.0410722,	0.953903,0.0460969,	0.958239,0.0417613,	0.954556,0.0454436,	0.97347,0.0265305,	0.725308,0.274692,	1,	1,	1,	1,	1,	1,	1,	1,	1,	1,	1,	
0.5,0.5,	0.962085,0.0379148,	0.968007,0.0319931,	0.966694,0.0333065,	0.967087,0.0329131,	0.959044,0.0409564,	0.953866,0.0461335,	0.958553,0.041447,	0.954892,0.0451077,	0.973496,0.0265044,	0.718534,0.281466,	1,	1,	1,	1,	1,	1,	1,	1,	1,	1,	1,	
0.5,0.5,	0.962323,0.0376775,	0.968186,0.0318142,	0.966653,0.0333472,	0.967199,0.0328014,	0.959278,0.0407216,	0.954243,0.0457569,	0.958824,0.0411759,	0.955527,0.0444732,	0.973762,0.0262377,	0.706927,0.293073,	1,	1,	1,	1,	1,	1,	1,	1,	1,	1,	1,	
0.5,0.5,	0.962414,0.0375861,	0.968409,0.0315912,	0.967005,0.0329951,	0.967271,0.0327293,	0.959249,0.0407506,	0.954447,0.0455533,	0.959057,0.0409426,	0.955673,0.0443267,	0.97382,0.0261797,	0.687747,0.312253,	1,	1,	1,	1,	1,	1,	1,	1,	1,	1,	1,	
0.5,0.5,	0.962442,0.0375581,	0.968429,0.0315713,	0.967347,0.0326535,	0.967468,0.0325316,	0.959125,0.040875,	0.954181,0.0458188,	0.959447,0.0405531,	0.956228,0.0437717,	0.974,0.0260002,	0.70159,0.29841,	1,	1,	1,	1,	1,	1,	1,	1,	1,	1,	1,	
