gather,share,	gather,share,	gather,share,	gather,share,	gather,share,	gather,share,	gather,share,	gather,share,	gather,share,	gather,share,	gather,share,	wait,	wait,	wait,	wait,	wait,	wait,	wait,	wait,	wait,	wait,	wait,	
0.5,0.5,	0.5,0.5,	0.5,0.5,	0.5,0.5,	0.5,0.5,	0.5,0.5,	0.5,0.5,	0.5,0.5,	0.5,0.5,	0.5,0.5,	0.5,0.5,	1,	1,	1,	1,	1,	1,	1,	1,	1,	1,	1,	
0.5,0.5,	0.489915,0.510085,	0.487444,0.512556,	0.485512,0.514488,	0.484245,0.515755,	0.481603,0.518397,	0.478662,0.521338,	0.473894,0.526106,	0.466385,0.533615,	0.461352,0.538648,	0.454065,0.545935,	1,	1,	1,	1,	1,	1,	1,	1,	1,	1,	1,	
0.5,0.5,	0.480666,0.519334,	0.453527,0.546473,	0.442362,0.557638,	0.43836,0.56164,	0.430204,0.569796,	0.423962,0.576038,	0.416729,0.583271,	0.409353,0.590647,	0.408992,0.591008,	0.398724,0.601276,	1,	1,	1,	1,	1,	1,	1,	1,	1,	1,	1,	
0.5,0.5,	0.548822,0.451178,	0.450697,0.549303,	0.408617,0.591383,	0.391433,0.608567,	0.379965,0.620035,	0.367144,0.632856,	0.358468,0.641532,	0.35144,0.64856,	0.355638,0.644362,	0.343664,0.656336,	1,	1,	1,	1,	1,	1,	1,	1,	1,	1,	1,	
0.5,0.5,	0.739405,0.260595,	0.550936,0.449064,	0.439089,0.560911,	0.383021,0.616979,	0.352655,0.647345,	0.320849,0.679151,	0.303795,0.696205,	0.292689,0.707311,	0.298773,0.701227,	0.292748,0.707252,	1,	1,	1,	1,	1,	1,	1,	1,	1,	1,	1,	
0.5,0.5,	0.909509,0.0904909,	0.739586,0.260414,	0.553126,0.446874,	0.427976,0.572024,	0.359366,0.640634,	0.29708,0.70292,	0.266316,0.733684,	0.245212,0.754788,	0.254891,0.745109,	0.251345,0.748655,	1,	1,	1,	1,	1,	1,	1,	1,	1,	1,	1,	
0.5,0.5,	0.976299,0.0237007,	0.892547,0.107453,	0.718601,0.281399,	0.523392,0.476608,	0.404843,0.595157,	0.299772,0.700228,	0.24629,0.75371,	0.210853,0.789147,	0.217591,0.782409,	0.213824,0.786176,	1,	1,	1,	1,	1,	1,	1,	1,	1,	1,	1,	
0.5,0.5,	0.994307,0.00569253,	0.963412,0.0365875,	0.854786,0.145214,	0.643111,0.356889,	0.469321,0.530679,	0.3143,0.6857,	0.23171,0.76829,	0.180696,0.819304,	0.184001,0.815999,	0.179493,0.820507,	1,	1,	1,	1,	1,	1,	1,	1,	1,	1,	1,	
0.5,0.5,	0.998659,0.00134133,	0.988483,0.0115172,	0.934338,0.0656619,	0.755774,0.244226,	0.546548,0.453452,	0.33349,0.66651,	0.221625,0.778375,	0.158302,0.841698,	0.156875,0.843125,	0.151319,0.848681,	1,	1,	1,	1,	1,	1,	1,	1,	1,	1,	1,	
0.5,0.5,	0.999686,0.000314303,	0.996472,0.00352823,	0.972063,0.027937,	0.844032,0.155968,	0.621423,0.378577,	0.355115,0.644885,	0.215884,0.784116,	0.140125,0.859875,	0.134069,0.865931,	0.127756,0.872244,	1,	1,	1,	1,	1,	1,	1,	1,	1,	1,	1,	
0.5,0.5,	0.999926,7.35829e-05,	0.998928,0.0010722,	0.988416,0.0115843,	0.905034,0.0949657,	0.687415,0.312585,	0.373113,0.626887,	0.206517,0.793483,	0.121759,0.878241,	0.113667,0.886333,	0.106947,0.893053,	1,	1,	1,	1,	1,	1,	1,	1,	1,	1,	1,	
0.5,0.5,	0.999983,1.72233e-05,	0.999675,0.000325115,	0.995231,0.00476902,	0.943905,0.0560947,	0.744371,0.255629,	0.392113,0.607887,	0.199081,0.800919,	0.106221,0.893779,	0.0954854,0.904515,	0.0904106,0.909589,	1,	1,	1,	1,	1,	1,	1,	1,	1,	1,	1,	
0.5,0.5,	0.999996,4.03119e-06,	0.999901,9.85186e-05,	0.998045,0.00195474,	0.96732,0.0326796,	0.791478,0.208522,	0.404372,0.595628,	0.189732,0.810268,	0.091928,0.908072,	0.0800323,0.919968,	0.0746604,0.92534,	1,	1,	1,	1,	1,	1,	1,	1,	1,	1,	1,	
0.5,0.5,	0.999999,9.4351e-07,	0.99997,2.98482e-05,	0.999201,0.000799472,	0.981028,0.0189723,	0.833693,0.166307,	0.4207,0.5793,	0.181983,0.818017,	0.0806884,0.919312,	0.0668509,0.933149,	0.0619459,0.938054,	1,	1,	1,	1,	1,	1,	1,	1,	1,	1,	1,	
0.5,0.5,	1,2.2083e-07,	0.999991,9.0426e-06,	0.999673,0.000326701,	0.989012,0.0109878,	0.866384,0.133616,	0.43294,0.56706,	0.172497,0.827503,	0.0704246,0.929575,	0.0555652,0.944435,	0.051336,0.948664,	1,	1,	1,	1,	1,	1,	1,	1,	1,	1,	1,	
0.5,0.5,	1,5.16856e-08,	0.999997,2.73943e-06,	0.999867,0.000133469,	0.993657,0.00634285,	0.892845,0.107155,	0.44702,0.55298,	0.16128,0.83872,	0.0614404,0.93856,	0.0462957,0.953704,	0.0426833,0.957317,	1,	1,	1,	1,	1,	1,	1,	1,	1,	1,	1,	
0.5,0.5,	1,1.20971e-08,	0.999999,8.29899e-07,	0.999945,5.45178e-05,	0.996344,0.00365573,	0.914664,0.0853362,	0.461258,0.538742,	0.150944,0.849056,	0.0534015,0.946598,	0.0383757,0.961624,	0.0353167,0.964683,	1,	1,	1,	1,	1,	1,	1,	1,	1,	1,	1,	
0.5,0.5,	1,2.83134e-09,	1,2.51414e-07,	0.999978,2.22672e-05,	0.997895,0.00210474,	0.932977,0.0670227,	0.484023,0.515977,	0.143923,0.856077,	0.0464711,0.953529,	0.0322667,0.967733,	0.0295331,0.970467,	1,	1,	1,	1,	1,	1,	1,	1,	1,	1,	1,	
0.5,0.5,	1,6.62679e-10,	1,7.61647e-08,	0.999991,9.09461e-06,	0.998789,0.00121079,	0.947253,0.052747,	0.494586,0.505414,	0.134647,0.865353,	0.0402084,0.959792,	0.0270807,0.972919,	0.0246764,0.975324,	1,	1,	1,	1,	1,	1,	1,	1,	1,	1,	1,	
0.5,0.5,	1,1.55101e-10,	1,2.30737e-08,	0.999996,3.71447e-06,	0.999304,0.000695917,	0.958354,0.0416462,	0.50293,0.49707,	0.125729,0.874271,	0.0347319,0.965268,	0.0225649,0.977435,	0.0205968,0.979403,	1,	1,	1,	1,	1,	1,	1,	1,	1,	1,	1,	
0.5,0.5,	1,3.63016e-11,	1,6.99007e-09,	0.999998,1.51708e-06,	0.9996,0.00039979,	0.967103,0.0328972,	0.517095,0.482905,	0.119488,0.880512,	0.030134,0.969866,	0.0188468,0.981153,	0.0174997,0.9825,	1,	1,	1,	1,	1,	1,	1,	1,	1,	1,	1,	
0.5,0.5,	1,8.49644e-12,	1,2.11761e-09,	0.999999,6.19611e-07,	0.99977,0.000229612,	0.97399,0.0260102,	0.53136,0.46864,	0.111993,0.888007,	0.0263619,0.973638,	0.0158002,0.9842,	0.0147797,0.98522,	1,	1,	1,	1,	1,	1,	1,	1,	1,	1,	1,	
0.5,0.5,	1,1.9886e-12,	1,6.41519e-10,	1,2.53063e-07,	0.999868,0.000131853,	0.979446,0.0205542,	0.540488,0.459512,	0.104805,0.895195,	0.0229546,0.977045,	0.0132408,0.986759,	0.012347,0.987653,	1,	1,	1,	1,	1,	1,	1,	1,	1,	1,	1,	
0.5,0.5,	1,4.65435e-13,	1,1.94345e-10,	1,1.03357e-07,	0.999924,7.57088e-05,	0.983741,0.0162589,	0.547828,0.452172,	0.098396,0.901604,	0.0198798,0.98012,	0.0110889,0.988911,	0.0102402,0.98976,	1,	1,	1,	1,	1,	1,	1,	1,	1,	1,	1,	
0.5,0.5,	1,1.08936e-13,	1,5.88759e-11,	1,4.22133e-08,	0.999957,4.34691e-05,	0.987173,0.0128275,	0.563707,0.436293,	0.0940438,0.905956,	0.0172286,0.982771,	0.00925601,0.990744,	0.00855699,0.991443,	1,	1,	1,	1,	1,	1,	1,	1,	1,	1,	1,	
0.5,0.5,	1,2.54966e-14,	1,1.78362e-11,	1,1.72409e-08,	0.999975,2.49576e-05,	0.98987,0.0101298,	0.576251,0.423749,	0.0899606,0.910039,	0.0149711,0.985029,	0.00770252,0.992297,	0.00714809,0.992852,	1,	1,	1,	1,	1,	1,	1,	1,	1,	1,	1,	
0.5,0.5,	1,5.96751e-15,	1,5.40338e-12,	1,7.04156e-09,	0.999986,1.43291e-05,	0.991983,0.00801728,	0.584742,0.415258,	0.0853032,0.914697,	0.0129779,0.987022,	0.00640841,0.993592,	0.00593759,0.994062,	1,	1,	1,	1,	1,	1,	1,	1,	1,	1,	1,	
0.5,0.5,	1,1.3967e-15,	1,1.63693e-12,	1,2.87594e-09,	0.999992,8.22678e-06,	0.993646,0.00635439,	0.589804,0.410196,	0.0799138,0.920086,	0.0112033,0.988797,	0.00534153,0.994658,	0.00493142,0.995069,	1,	1,	1,	1,	1,	1,	1,	1,	1,	1,	1,	
0.5,0.5,	1,3.26901e-16,	1,4.95899e-13,	1,1.1746e-09,	0.999995,4.72323e-06,	0.994957,0.00504291,	0.596051,0.403949,	0.0751599,0.92484,	0.00965149,0.990349,	0.00445544,0.995545,	0.00409013,0.99591,	1,	1,	1,	1,	1,	1,	1,	1,	1,	1,	1,	
0.5,0.5,	1,7.65115e-17,	1,1.5023e-13,	1,4.79733e-10,	0.999997,2.71173e-06,	0.995999,0.00400082,	0.602332,0.397668,	0.0711055,0.928894,	0.00829069,0.991709,	0.00371556,0.996284,	0.00339612,0.996604,	1,	1,	1,	1,	1,	1,	1,	1,	1,	1,	1,	
0.5,0.5,	1,1.79076e-17,	1,4.55115e-14,	1,1.95934e-10,	0.999998,1.55688e-06,	0.996828,0.00317227,	0.608841,0.391159,	0.0676635,0.932337,	0.00712761,0.992872,	0.00309982,0.9969,	0.00282669,0.997173,	1,	1,	1,	1,	1,	1,	1,	1,	1,	1,	1,	
0.5,0.5,	1,4.19131e-18,	1,1.37875e-14,	1,8.00238e-11,	0.999999,8.93842e-07,	0.997485,0.00251455,	0.616935,0.383065,	0.0648531,0.935147,	0.0061681,0.993832,	0.00258847,0.997412,	0.00235486,0.997645,	1,	1,	1,	1,	1,	1,	1,	1,	1,	1,	1,	
0.5,0.5,	1,9.80981e-19,	1,4.17685e-15,	1,3.26835e-11,	0.999999,5.13177e-07,	0.998009,0.00199102,	0.61883,0.38117,	0.0616229,0.938377,	0.00533106,0.994669,	0.00216479,0.997835,	0.00196277,0.998037,	1,	1,	1,	1,	1,	1,	1,	1,	1,	1,	1,	
0.5,0.5,	1,2.296e-19,	1,1.26536e-15,	1,1.33487e-11,	1,2.94628e-07,	0.998425,0.0015752,	0.631606,0.368394,	0.0589056,0.941094,	0.00462301,0.995377,	0.00181495,0.998185,	0.00162865,0.998371,	1,	1,	1,	1,	1,	1,	1,	1,	1,	1,	1,	
0.5,0.5,	1,5.37382e-20,	1,3.83333e-16,	1,5.45192e-12,	1,1.69153e-07,	0.998754,0.00124572,	0.638982,0.361018,	0.0569026,0.943097,	0.00401795,0.995982,	0.00152208,0.998478,	0.00134873,0.998651,	1,	1,	1,	1,	1,	1,	1,	1,	1,	1,	1,	
0.5,0.5,	1,1.25775e-20,	1,1.16129e-16,	1,2.22669e-12,	1,9.71149e-08,	0.999015,0.000984856,	0.649074,0.350926,	0.0543747,0.945625,	0.00349276,0.996507,	0.00127598,0.998724,	0.00111761,0.998882,	1,	1,	1,	1,	1,	1,	1,	1,	1,	1,	1,	
0.5,0.5,	1,2.94378e-21,	1,3.51807e-17,	1,9.0943e-13,	1,5.57561e-08,	0.999221,0.000778888,	0.661127,0.338873,	0.0524941,0.947506,	0.00303867,0.996961,	0.00106857,0.998931,	0.000925898,0.999074,	1,	1,	1,	1,	1,	1,	1,	1,	1,	1,	1,	
0.5,0.5,	1,6.88996e-22,	1,1.06578e-17,	1,3.71432e-13,	1,3.20109e-08,	0.999384,0.000616136,	0.670548,0.329452,	0.0504665,0.949534,	0.00264064,0.997359,	0.000894385,0.999106,	0.000767263,0.999233,	1,	1,	1,	1,	1,	1,	1,	1,	1,	1,	1,	
0.5,0.5,	1,1.61261e-22,	1,3.22874e-18,	1,1.51701e-13,	1,1.83783e-08,	0.999513,0.00048725,	0.683522,0.316478,	0.0484522,0.951548,	0.00229317,0.997707,	0.000748871,0.999251,	0.000636626,0.999363,	1,	1,	1,	1,	1,	1,	1,	1,	1,	1,	1,	
0.5,0.5,	1,3.77433e-23,	1,9.7813e-19,	1,6.19582e-14,	1,1.05514e-08,	0.999615,0.000385238,	0.699775,0.300225,	0.0469881,0.953012,	0.00199509,0.998005,	0.00062702,0.999373,	0.000528615,0.999471,	1,	1,	1,	1,	1,	1,	1,	1,	1,	1,	1,	
0.5,0.5,	1,8.83386e-24,	1,2.9632e-19,	1,2.53052e-14,	1,6.05782e-09,	0.999695,0.000304633,	0.710387,0.289613,	0.0454903,0.95451,	0.0017348,0.998265,	0.000525498,0.999475,	0.000439555,0.99956,	1,	1,	1,	1,	1,	1,	1,	1,	1,	1,	1,	
0.5,0.5,	1,2.06758e-24,	1,8.97686e-20,	1,1.03352e-14,	1,3.47795e-09,	0.999759,0.000241102,	0.713798,0.286202,	0.0435093,0.956491,	0.00150795,0.998492,	0.000440315,0.99956,	0.000365421,0.999635,	1,	1,	1,	1,	1,	1,	1,	1,	1,	1,	1,	
0.5,0.5,	1,4.8392e-25,	1,2.71949e-20,	1,4.22113e-15,	1,1.99677e-09,	0.999809,0.000190799,	0.717753,0.282247,	0.0413798,0.95862,	0.00130914,0.998691,	0.000368924,0.999631,	0.000304128,0.999696,	1,	1,	1,	1,	1,	1,	1,	1,	1,	1,	1,	
0.5,0.5,	1,1.13262e-25,	1,8.23858e-21,	1,1.72401e-15,	1,1.1464e-09,	0.999849,0.000150978,	0.724323,0.275677,	0.0393579,0.960642,	0.00113597,0.998864,	0.000309063,0.999691,	0.000253529,0.999746,	1,	1,	1,	1,	1,	1,	1,	1,	1,	1,	1,	
0.5,0.5,	1,2.65091e-26,	1,2.49584e-21,	1,7.04124e-16,	1,6.58175e-10,	0.999881,0.000119461,	0.729803,0.270197,	0.0369803,0.96302,	0.000984168,0.999016,	0.000258834,0.999741,	0.000211255,0.999789,	1,	1,	1,	1,	1,	1,	1,	1,	1,	1,	1,	
0.5,0.5,	1,6.2045e-27,	1,7.56101e-22,	1,2.8758e-16,	1,3.77874e-10,	0.999905,9.45172e-05,	0.735173,0.264827,	0.0348612,0.965139,	0.000853295,0.999147,	0.000216794,0.999783,	0.000176004,0.999824,	1,	1,	1,	1,	1,	1,	1,	1,	1,	1,	1,	
0.5,0.5,	1,1.45217e-27,	1,2.29057e-22,	1,1.17454e-16,	1,2.16947e-10,	0.999925,7.47778e-05,	0.751661,0.248339,	0.0331537,0.966846,	0.000740114,0.99926,	0.000181568,0.999818,	0.000146699,0.999853,	1,	1,	1,	1,	1,	1,	1,	1,	1,	1,	1,	
0.5,0.5,	1,3.39883e-28,	1,6.93918e-23,	1,4.7971e-17,	1,1.24555e-10,	0.999941,5.9159e-05,	0.766038,0.233962,	0.0317409,0.968259,	0.00064225,0.999358,	0.000152017,0.999848,	0.000122331,0.999878,	1,	1,	1,	1,	1,	1,	1,	1,	1,	1,	1,	
0.5,0.5,	1,7.95501e-29,	1,2.10219e-23,	1,1.95925e-17,	1,7.15099e-11,	0.999953,4.68013e-05,	0.771444,0.228556,	0.0301544,0.969846,	0.000557248,0.999443,	0.00012724,0.999873,	0.000101987,0.999898,	1,	1,	1,	1,	1,	1,	1,	1,	1,	1,	1,	
0.5,0.5,	1,1.86188e-29,	1,6.36848e-24,	1,8.00201e-18,	1,4.10556e-11,	0.999963,3.70243e-05,	0.774389,0.225611,	0.0284185,0.971581,	0.000483531,0.999516,	0.000106477,0.999894,	8.50106e-05,0.999915,	1,	1,	1,	1,	1,	1,	1,	1,	1,	1,	1,	
0.5,0.5,	1,4.35776e-30,	1,1.9293e-24,	1,3.2682e-18,	1,2.3571e-11,	0.999971,2.92892e-05,	0.778906,0.221094,	0.0269658,0.973034,	0.000419462,0.999581,	8.90865e-05,0.999911,	7.08568e-05,0.999929,	1,	1,	1,	1,	1,	1,	1,	1,	1,	1,	1,	
0.5,0.5,	1,1.01994e-30,	1,5.84472e-25,	1,1.33481e-18,	1,1.35327e-11,	0.999977,2.31698e-05,	0.785244,0.214756,	0.0256486,0.974351,	0.000364036,0.999636,	7.4527e-05,0.999925,	5.90409e-05,0.999941,	1,	1,	1,	1,	1,	1,	1,	1,	1,	1,	1,	
0.5,0.5,	1,2.38718e-31,	1,1.77063e-25,	1,5.45166e-19,	1,7.76945e-12,	0.999982,1.83288e-05,	0.790435,0.209565,	0.0243527,0.975647,	0.00031594,0.999684,	6.23407e-05,0.999938,	4.91891e-05,0.999951,	1,	1,	1,	1,	1,	1,	1,	1,	1,	1,	1,	
0.5,0.5,	1,5.58724e-32,	1,5.36403e-26,	1,2.22658e-19,	1,4.46064e-12,	0.999986,1.44991e-05,	0.795577,0.204423,	0.0230772,0.976923,	0.000274106,0.999726,	5.21433e-05,0.999948,	4.10014e-05,0.999959,	1,	1,	1,	1,	1,	1,	1,	1,	1,	1,	1,	
0.5,0.5,	1,1.3077e-32,	1,1.62501e-26,	1,9.09387e-20,	1,2.56096e-12,	0.999989,1.14696e-05,	0.800122,0.199878,	0.0218357,0.978164,	0.000237747,0.999762,	4.36201e-05,0.999956,	3.41762e-05,0.999966,	1,	1,	1,	1,	1,	1,	1,	1,	1,	1,	1,	
0.5,0.5,	1,3.06069e-33,	1,4.92288e-27,	1,3.71415e-20,	1,1.47031e-12,	0.999991,9.07307e-06,	0.80298,0.19702,	0.0205186,0.979481,	0.000206173,0.999794,	3.64962e-05,0.999964,	2.84847e-05,0.999972,	1,	1,	1,	1,	1,	1,	1,	1,	1,	1,	1,	
0.5,0.5,	1,7.16359e-34,	1,1.49136e-27,	1,1.51694e-20,	1,8.44141e-13,	0.999993,7.17725e-06,	0.806881,0.193119,	0.0192357,0.980764,	0.000178783,0.999821,	3.05348e-05,0.999969,	2.37406e-05,0.999976,	1,	1,	1,	1,	1,	1,	1,	1,	1,	1,	1,	
0.5,0.5,	1,1.67665e-34,	1,4.51801e-28,	1,6.19554e-21,	1,4.84642e-13,	0.999994,5.67756e-06,	0.811867,0.188133,	0.0180636,0.981936,	0.000155058,0.999845,	2.55467e-05,0.999974,	1.97912e-05,0.99998,	1,	1,	1,	1,	1,	1,	1,	1,	1,	1,	1,	
0.5,0.5,	1,3.92422e-35,	1,1.36871e-28,	1,2.5304e-21,	1,2.78245e-13,	0.999996,4.49123e-06,	0.818242,0.181758,	0.016974,0.983026,	0.000134469,0.999866,	2.1373e-05,0.999979,	1.64983e-05,0.999984,	1,	1,	1,	1,	1,	1,	1,	1,	1,	1,	1,	
0.5,0.5,	1,9.18469e-36,	1,4.14644e-29,	1,1.03347e-21,	1,1.59747e-13,	0.999996,3.55278e-06,	0.823359,0.176641,	0.0159504,0.98405,	0.000116605,0.999883,	1.7881e-05,0.999982,	1.37528e-05,0.999986,	1,	1,	1,	1,	1,	1,	1,	1,	1,	1,	1,	
0.5,0.5,	1,2.14969e-36,	1,1.25614e-29,	1,4.22094e-22,	1,9.17149e-14,	0.999997,2.81041e-06,	0.827697,0.172303,	0.0149729,0.985027,	0.000101121,0.999899,	1.49593e-05,0.999985,	1.1464e-05,0.999989,	1,	1,	1,	1,	1,	1,	1,	1,	1,	1,	1,	
0.5,0.5,	1,5.03138e-37,	1,3.80542e-30,	1,1.72393e-22,	1,5.26558e-14,	0.999998,2.22317e-06,	0.832254,0.167746,	0.0140525,0.985948,	8.76952e-05,0.999912,	1.2515e-05,0.999987,	9.55598e-06,0.99999,	1,	1,	1,	1,	1,	1,	1,	1,	1,	1,	1,	
0.5,0.5,	1,1.1776e-37,	1,1.15283e-30,	1,7.04091e-23,	1,3.0231e-14,	0.999998,1.75863e-06,	0.835917,0.164083,	0.0131674,0.986833,	7.60575e-05,0.999924,	1.04699e-05,0.99999,	7.96539e-06,0.999992,	1,	1,	1,	1,	1,	1,	1,	1,	1,	1,	1,	
0.5,0.5,	1,2.75619e-38,	1,3.49246e-31,	1,2.87567e-23,	1,1.73563e-14,	0.999999,1.39116e-06,	0.83848,0.16152,	0.0123261,0.987674,	6.59634e-05,0.999934,	8.75901e-06,0.999991,	6.63948e-06,0.999993,	1,	1,	1,	1,	1,	1,	1,	1,	1,	1,	1,	
0.5,0.5,	1,6.45091e-39,	1,1.05802e-31,	1,1.17449e-23,	1,9.9647e-15,	0.999999,1.10047e-06,	0.840825,0.159175,	0.0115293,0.988471,	5.72099e-05,0.999943,	7.32765e-06,0.999993,	5.53423e-06,0.999994,	1,	1,	1,	1,	1,	1,	1,	1,	1,	1,	1,	
0.5,0.5,	1,1.50984e-39,	1,3.20523e-32,	1,4.79688e-24,	1,5.72098e-15,	0.999999,8.70523e-07,	0.843184,0.156816,	0.0107869,0.989213,	4.96255e-05,0.99995,	6.13017e-06,0.999994,	4.61293e-06,0.999995,	1,	1,	1,	1,	1,	1,	1,	1,	1,	1,	1,	
0.5,0.5,	1,3.53381e-40,	1,9.71008e-33,	1,1.95916e-24,	1,3.28456e-15,	0.999999,6.88623e-07,	0.845735,0.154265,	0.0100949,0.989905,	4.30458e-05,0.999957,	5.12838e-06,0.999995,	3.84498e-06,0.999996,	1,	1,	1,	1,	1,	1,	1,	1,	1,	1,	1,	
0.5,0.5,	1,8.27093e-41,	1,2.94162e-33,	1,8.00164e-25,	1,1.88574e-15,	0.999999,5.44733e-07,	0.848926,0.151074,	0.00945269,0.990547,	3.73378e-05,0.999963,	4.29028e-06,0.999996,	3.20487e-06,0.999997,	1,	1,	1,	1,	1,	1,	1,	1,	1,	1,	1,	
0.5,0.5,	1,1.93582e-41,	1,8.9115e-34,	1,3.26805e-25,	1,1.08265e-15,	1,4.30908e-07,	0.852669,0.147331,	0.00885503,0.991145,	3.23863e-05,0.999968,	3.58915e-06,0.999996,	2.67131e-06,0.999997,	1,	1,	1,	1,	1,	1,	1,	1,	1,	1,	1,	
0.5,0.5,	1,4.53082e-42,	1,2.69969e-34,	1,1.33475e-25,	1,6.21577e-16,	1,3.40868e-07,	0.856684,0.143316,	0.00830026,0.9917,	2.80911e-05,0.999972,	3.00259e-06,0.999997,	2.22658e-06,0.999998,	1,	1,	1,	1,	1,	1,	1,	1,	1,	1,	1,	
0.5,0.5,	1,1.06045e-42,	1,8.17859e-35,	1,5.45141e-26,	1,3.56863e-16,	1,2.69642e-07,	0.860714,0.139286,	0.0077787,0.992221,	2.43653e-05,0.999976,	2.51189e-06,0.999997,	1.85588e-06,0.999998,	1,	1,	1,	1,	1,	1,	1,	1,	1,	1,	1,	
0.5,0.5,	1,2.48199e-43,	1,2.47766e-35,	1,2.22648e-26,	1,2.04884e-16,	1,2.13299e-07,	0.864501,0.135499,	0.00729506,0.992705,	2.11335e-05,0.999979,	2.10138e-06,0.999998,	1.5469e-06,0.999998,	1,	1,	1,	1,	1,	1,	1,	1,	1,	1,	1,	
0.5,0.5,	1,5.80913e-44,	1,7.50596e-36,	1,9.09345e-27,	1,1.17629e-16,	1,1.6873e-07,	0.867921,0.132079,	0.00683835,0.993162,	1.83303e-05,0.999982,	1.75796e-06,0.999998,	1.28935e-06,0.999999,	1,	1,	1,	1,	1,	1,	1,	1,	1,	1,	1,	
0.5,0.5,	1,1.35963e-44,	1,2.2739e-36,	1,3.71397e-27,	1,6.75336e-17,	1,1.33473e-07,	0.871133,0.128867,	0.00641297,0.993587,	1.58988e-05,0.999984,	1.47066e-06,0.999999,	1.07469e-06,0.999999,	1,	1,	1,	1,	1,	1,	1,	1,	1,	1,	1,	
0.5,0.5,	1,3.18224e-45,	1,6.88865e-37,	1,1.51687e-27,	1,3.87727e-17,	1,1.05583e-07,	0.874055,0.125945,	0.00601536,0.993985,	1.37897e-05,0.999986,	1.23031e-06,0.999999,	8.9576e-07,0.999999,	1,	1,	1,	1,	1,	1,	1,	1,	1,	1,	1,	
0.5,0.5,	1,7.44808e-46,	1,2.08688e-37,	1,6.19525e-28,	1,2.22604e-17,	1,8.3521e-08,	0.87688,0.12312,	0.00564044,0.99436,	1.19604e-05,0.999988,	1.02924e-06,0.999999,	7.46622e-07,0.999999,	1,	1,	1,	1,	1,	1,	1,	1,	1,	1,	1,	
0.5,0.5,	1,1.74323e-46,	1,6.32211e-38,	1,2.53028e-28,	1,1.27802e-17,	1,6.60689e-08,	0.879516,0.120484,	0.0052874,0.994713,	1.03737e-05,0.99999,	8.61035e-07,0.999999,	6.22314e-07,0.999999,	1,	1,	1,	1,	1,	1,	1,	1,	1,	1,	1,	
0.5,0.5,	1,4.08006e-47,	1,1.91525e-38,	1,1.03342e-28,	1,7.33744e-18,	1,5.22635e-08,	0.881844,0.118156,	0.00495581,0.995044,	8.99746e-06,0.999991,	7.20317e-07,0.999999,	5.18703e-07,0.999999,	1,	1,	1,	1,	1,	1,	1,	1,	1,	1,	1,	
0.5,0.5,	1,9.54945e-48,	1,5.80217e-39,	1,4.22074e-29,	1,4.2126e-18,	1,4.13428e-08,	0.884131,0.115869,	0.00464418,0.995356,	7.8038e-06,0.999992,	6.02596e-07,0.999999,	4.32342e-07,1,	1,	1,	1,	1,	1,	1,	1,	1,	1,	1,	1,	
0.5,0.5,	1,2.23506e-48,	1,1.75774e-39,	1,1.72385e-29,	1,2.41856e-18,	1,3.27041e-08,	0.886243,0.113757,	0.00435195,0.995648,	6.76848e-06,0.999993,	5.04114e-07,0.999999,	3.60359e-07,1,	1,	1,	1,	1,	1,	1,	1,	1,	1,	1,	1,	
0.5,0.5,	1,5.23119e-49,	1,5.32498e-40,	1,7.04059e-30,	1,1.38855e-18,	1,2.58704e-08,	0.888264,0.111736,	0.00407665,0.995923,	5.8705e-06,0.999994,	4.21727e-07,1,	3.00361e-07,1,	1,	1,	1,	1,	1,	1,	1,	1,	1,	1,	1,	
0.5,0.5,	1,1.22437e-49,	1,1.61318e-40,	1,2.87554e-30,	1,7.97203e-19,	1,2.04647e-08,	0.890346,0.109654,	0.00381767,0.996182,	5.09166e-06,0.999995,	3.52804e-07,1,	2.50353e-07,1,	1,	1,	1,	1,	1,	1,	1,	1,	1,	1,	1,	
0.5,0.5,	1,2.86565e-50,	1,4.88704e-41,	1,1.17443e-30,	1,4.57694e-19,	1,1.61885e-08,	0.892631,0.107369,	0.0035751,0.996425,	4.41614e-06,0.999996,	2.95145e-07,1,	2.0867e-07,1,	1,	1,	1,	1,	1,	1,	1,	1,	1,	1,	1,	
0.5,0.5,	1,6.7071e-51,	1,1.4805e-41,	1,4.79666e-31,	1,2.62773e-19,	1,1.28058e-08,	0.895075,0.104925,	0.00334864,0.996651,	3.83024e-06,0.999996,	2.4691e-07,1,	1.73928e-07,1,	1,	1,	1,	1,	1,	1,	1,	1,	1,	1,	1,	
0.5,0.5,	1,1.56981e-51,	1,4.48512e-42,	1,1.95906e-31,	1,1.50865e-19,	1,1.013e-08,	0.897525,0.102475,	0.00313598,0.996864,	3.3224e-06,0.999997,	2.06557e-07,1,	1.44969e-07,1,	1,	1,	1,	1,	1,	1,	1,	1,	1,	1,	1,	
0.5,0.5,	1,3.67415e-52,	1,1.35874e-42,	1,8.00127e-32,	1,8.66151e-20,	1,8.01329e-09,	0.89978,0.10022,	0.00293736,0.997063,	2.88189e-06,0.999997,	1.728e-07,1,	1.20833e-07,1,	1,	1,	1,	1,	1,	1,	1,	1,	1,	1,	1,	
0.5,0.5,	1,8.5994e-53,	1,4.11625e-43,	1,3.2679e-32,	1,4.97279e-20,	1,6.33887e-09,	0.901888,0.098112,	0.00275095,0.997249,	2.49979e-06,0.999998,	1.44559e-07,1,	1.00715e-07,1,	1,	1,	1,	1,	1,	1,	1,	1,	1,	1,	1,	
0.5,0.5,	1,2.0127e-53,	1,1.247e-43,	1,1.33468e-32,	1,2.855e-20,	1,5.01434e-09,	0.904014,0.0959865,	0.00257547,0.997425,	2.16835e-06,0.999998,	1.20934e-07,1,	8.3946e-08,1,	1,	1,	1,	1,	1,	1,	1,	1,	1,	1,	1,	
0.5,0.5,	1,4.71076e-54,	1,3.77772e-44,	1,5.45116e-33,	1,1.63912e-20,	1,3.96657e-09,	0.906021,0.093979,	0.0024103,0.99759,	1.88085e-06,0.999998,	1.01169e-07,1,	6.99694e-08,1,	1,	1,	1,	1,	1,	1,	1,	1,	1,	1,	1,	
0.5,0.5,	1,1.10256e-54,	1,1.14444e-44,	1,2.22638e-33,	1,9.41062e-21,	1,3.13774e-09,	0.907815,0.0921847,	0.00225555,0.997744,	1.63147e-06,0.999998,	8.46353e-08,1,	5.83198e-08,1,	1,	1,	1,	1,	1,	1,	1,	1,	1,	1,	1,	
0.5,0.5,	1,2.58056e-55,	1,3.46703e-45,	1,9.09303e-34,	1,5.40287e-21,	1,2.48209e-09,	0.909477,0.0905234,	0.00211043,0.99789,	1.41516e-06,0.999999,	7.08033e-08,1,	4.86098e-08,1,	1,	1,	1,	1,	1,	1,	1,	1,	1,	1,	1,	
0.5,0.5,	1,6.03983e-56,	1,1.05032e-45,	1,3.7138e-34,	1,3.10192e-21,	1,1.96345e-09,	0.910956,0.0890444,	0.00197419,0.998026,	1.22752e-06,0.999999,	5.92319e-08,1,	4.05165e-08,1,	1,	1,	1,	1,	1,	1,	1,	1,	1,	1,	1,	
0.5,0.5,	1,1.41363e-56,	1,3.18189e-46,	1,1.5168e-34,	1,1.78089e-21,	1,1.55318e-09,	0.912347,0.0876526,	0.00184637,0.998154,	1.06477e-06,0.999999,	4.95516e-08,1,	3.37706e-08,1,	1,	1,	1,	1,	1,	1,	1,	1,	1,	1,	1,	
0.5,0.5,	1,3.30862e-57,	1,9.63938e-47,	1,6.19496e-35,	1,1.02245e-21,	1,1.22863e-09,	0.91372,0.0862799,	0.00172724,0.998273,	9.23591e-07,0.999999,	4.14534e-08,1,	2.8148e-08,1,	1,	1,	1,	1,	1,	1,	1,	1,	1,	1,	1,	
0.5,0.5,	1,7.74388e-58,	1,2.9202e-47,	1,2.53016e-35,	1,5.87015e-22,	1,9.71906e-10,	0.915123,0.084877,	0.00161565,0.998384,	8.01132e-07,0.999999,	3.46786e-08,1,	2.34615e-08,1,	1,	1,	1,	1,	1,	1,	1,	1,	1,	1,	1,	
0.5,0.5,	1,1.81246e-58,	1,8.84662e-48,	1,1.03338e-35,	1,3.3702e-22,	1,7.68822e-10,	0.916637,0.0833629,	0.00151131,0.998489,	6.94911e-07,0.999999,	2.90111e-08,1,	1.95552e-08,1,	1,	1,	1,	1,	1,	1,	1,	1,	1,	1,	1,	
0.5,0.5,	1,4.2421e-59,	1,2.68004e-48,	1,4.22055e-36,	1,1.93491e-22,	1,6.08173e-10,	0.918143,0.0818571,	0.00141377,0.998586,	6.02772e-07,0.999999,	2.42698e-08,1,	1.62994e-08,1,	1,	1,	1,	1,	1,	1,	1,	1,	1,	1,	1,	
0.5,0.5,	1,9.92869e-60,	1,8.11905e-49,	1,1.72377e-36,	1,1.11088e-22,	1,4.81092e-10,	0.919664,0.0803358,	0.00132245,0.998678,	5.22851e-07,0.999999,	2.03034e-08,1,	1.35856e-08,1,	1,	1,	1,	1,	1,	1,	1,	1,	1,	1,	1,	
0.5,0.5,	1,2.32382e-60,	1,2.45963e-49,	1,7.04026e-37,	1,6.37784e-23,	1,3.80566e-10,	0.921211,0.0787886,	0.001237,0.998763,	4.53526e-07,1,	1.69852e-08,1,	1.13236e-08,1,	1,	1,	1,	1,	1,	1,	1,	1,	1,	1,	1,	
0.5,0.5,	1,5.43894e-61,	1,7.45131e-50,	1,2.8754e-37,	1,3.66167e-23,	1,3.01045e-10,	0.922798,0.0772021,	0.00115709,0.998843,	3.93393e-07,1,	1.42093e-08,1,	9.4383e-09,1,	1,	1,	1,	1,	1,	1,	1,	1,	1,	1,	1,	
0.5,0.5,	1,1.27303e-61,	1,2.25739e-50,	1,1.1744e-37,	1,2.10228e-23,	1,2.38141e-10,	0.924472,0.0755282,	0.00108232,0.998918,	3.41234e-07,1,	1.18871e-08,1,	7.86689e-09,1,	1,	1,	1,	1,	1,	1,	1,	1,	1,	1,	1,	
