accept,reject,	accept,reject,	accept,reject,	accept,reject,	accept,reject,	accept,reject,	accept,reject,	accept,reject,	accept,reject,	accept,reject,	accept,reject,	wait,	wait,	wait,	wait,	wait,	wait,	wait,	wait,	wait,	wait,	wait,	
0.5,0.5,	0.5,0.5,	0.5,0.5,	0.5,0.5,	0.5,0.5,	0.5,0.5,	0.5,0.5,	0.5,0.5,	0.5,0.5,	0.5,0.5,	0.5,0.5,	1,	1,	1,	1,	1,	1,	1,	1,	1,	1,	1,	
0.500176,0.499824,	0.52955,0.47045,	0.546742,0.453258,	0.556331,0.443669,	0.566523,0.433477,	0.57084,0.42916,	0.57168,0.42832,	0.577343,0.422657,	0.578909,0.421091,	0.559816,0.440184,	0.499441,0.500559,	1,	1,	1,	1,	1,	1,	1,	1,	1,	1,	1,	
0.501856,0.498144,	0.625933,0.374067,	0.668127,0.331873,	0.692206,0.307794,	0.716714,0.283286,	0.718243,0.281757,	0.720132,0.279868,	0.723187,0.276813,	0.703143,0.296857,	0.636988,0.363012,	0.498407,0.501593,	1,	1,	1,	1,	1,	1,	1,	1,	1,	1,	1,	
0.500692,0.499308,	0.756113,0.243887,	0.80565,0.19435,	0.83229,0.16771,	0.850832,0.149168,	0.84797,0.15203,	0.847771,0.152229,	0.839625,0.160375,	0.791436,0.208564,	0.688145,0.311855,	0.498497,0.501503,	1,	1,	1,	1,	1,	1,	1,	1,	1,	1,	1,	
0.496938,0.503062,	0.870263,0.129737,	0.906653,0.0933466,	0.924879,0.0751208,	0.93258,0.0674204,	0.927865,0.0721348,	0.923173,0.0768273,	0.909377,0.090623,	0.847632,0.152368,	0.729282,0.270718,	0.499066,0.500934,	1,	1,	1,	1,	1,	1,	1,	1,	1,	1,	1,	
0.494556,0.505444,	0.942113,0.0578873,	0.961307,0.0386928,	0.970078,0.0299222,	0.971994,0.028006,	0.96732,0.0326804,	0.961801,0.0381991,	0.94819,0.0518102,	0.887555,0.112445,	0.762806,0.237194,	0.499312,0.500688,	1,	1,	1,	1,	1,	1,	1,	1,	1,	1,	1,	
0.492435,0.507565,	0.976742,0.0232579,	0.985138,0.0148619,	0.988636,0.0113645,	0.988728,0.0112716,	0.985359,0.0146412,	0.980816,0.0191842,	0.970018,0.0299825,	0.917778,0.0822223,	0.797483,0.202517,	0.498838,0.501162,	1,	1,	1,	1,	1,	1,	1,	1,	1,	1,	1,	
0.488991,0.511009,	0.991075,0.00892499,	0.994466,0.00553381,	0.99576,0.00423986,	0.995513,0.00448677,	0.993474,0.00652632,	0.99032,0.00968035,	0.982667,0.0173327,	0.940442,0.0595583,	0.829481,0.170519,	0.49856,0.50144,	1,	1,	1,	1,	1,	1,	1,	1,	1,	1,	1,	
0.481751,0.518249,	0.996662,0.00333778,	0.997966,0.00203395,	0.99843,0.00157035,	0.998224,0.00177593,	0.997112,0.00288821,	0.995115,0.00488541,	0.989905,0.0100946,	0.957292,0.0427078,	0.855082,0.144918,	0.498452,0.501548,	1,	1,	1,	1,	1,	1,	1,	1,	1,	1,	1,	
0.474277,0.525723,	0.998761,0.00123928,	0.999256,0.000744254,	0.99942,0.000580075,	0.999297,0.000702521,	0.998726,0.00127437,	0.997533,0.00246717,	0.994099,0.00590138,	0.969595,0.0304048,	0.876938,0.123062,	0.498104,0.501896,	1,	1,	1,	1,	1,	1,	1,	1,	1,	1,	1,	
0.4659,0.5341,	0.999542,0.000458483,	0.999728,0.000272005,	0.999786,0.000214096,	0.999722,0.000277795,	0.999439,0.000561386,	0.998753,0.00124712,	0.996543,0.00345689,	0.978536,0.0214636,	0.896356,0.103644,	0.498123,0.501877,	1,	1,	1,	1,	1,	1,	1,	1,	1,	1,	1,	
0.457697,0.542303,	0.99983,0.000169501,	0.999901,9.93669e-05,	0.999921,7.89975e-05,	0.99989,0.0001098,	0.999753,0.000247277,	0.999369,0.00063074,	0.99798,0.00201993,	0.984922,0.0150777,	0.912647,0.0873531,	0.497878,0.502122,	1,	1,	1,	1,	1,	1,	1,	1,	1,	1,	1,	
0.444549,0.555451,	0.999937,6.26493e-05,	0.999964,3.62941e-05,	0.999971,2.9145e-05,	0.999957,4.34283e-05,	0.999891,0.00010889,	0.999681,0.000318918,	0.998819,0.00118057,	0.989439,0.0105612,	0.927589,0.0724114,	0.497527,0.502473,	1,	1,	1,	1,	1,	1,	1,	1,	1,	1,	1,	
0.432242,0.567758,	0.999977,2.31537e-05,	0.999987,1.32558e-05,	0.999989,1.07522e-05,	0.999983,1.71761e-05,	0.999952,4.7943e-05,	0.999839,0.000161188,	0.99931,0.000689904,	0.992618,0.00738242,	0.939968,0.0600321,	0.497197,0.502803,	1,	1,	1,	1,	1,	1,	1,	1,	1,	1,	1,	
0.420916,0.579084,	0.999991,8.55678e-06,	0.999995,4.84137e-06,	0.999996,3.96661e-06,	0.999993,6.79301e-06,	0.999979,2.11072e-05,	0.999919,8.1452e-05,	0.999597,0.000402976,	0.994831,0.00516889,	0.949886,0.0501139,	0.496719,0.503281,	1,	1,	1,	1,	1,	1,	1,	1,	1,	1,	1,	
0.410601,0.589399,	0.999997,3.16224e-06,	0.999998,1.76818e-06,	0.999999,1.46332e-06,	0.999997,2.68656e-06,	0.999991,9.29226e-06,	0.999959,4.11557e-05,	0.999765,0.000235373,	0.996385,0.00361488,	0.958348,0.041652,	0.496398,0.503602,	1,	1,	1,	1,	1,	1,	1,	1,	1,	1,	1,	
0.403281,0.596719,	0.999999,1.16863e-06,	0.999999,6.4578e-07,	0.999999,5.39833e-07,	0.999999,1.0625e-06,	0.999996,4.09079e-06,	0.999979,2.08024e-05,	0.999863,0.000137466,	0.997474,0.00252605,	0.965427,0.034573,	0.496078,0.503922,	1,	1,	1,	1,	1,	1,	1,	1,	1,	1,	1,	
0.396004,0.603996,	1,4.31878e-07,	1,2.35853e-07,	1,1.99149e-07,	1,4.20205e-07,	0.999998,1.80091e-06,	0.999989,1.05188e-05,	0.99992,8.02728e-05,	0.998237,0.00176251,	0.971446,0.0285538,	0.494948,0.505052,	1,	1,	1,	1,	1,	1,	1,	1,	1,	1,	1,	
0.387716,0.612284,	1,1.59604e-07,	1,8.61386e-08,	1,7.34679e-08,	1,1.66185e-07,	0.999999,7.92819e-07,	0.999995,5.31876e-06,	0.999953,4.68708e-05,	0.998771,0.00122924,	0.976382,0.0236181,	0.49533,0.50467,	1,	1,	1,	1,	1,	1,	1,	1,	1,	1,	1,	
0.377371,0.622629,	1,5.89828e-08,	1,3.14597e-08,	1,2.7103e-08,	1,6.5724e-08,	1,3.49025e-07,	0.999997,2.68939e-06,	0.999973,2.73662e-05,	0.999143,0.000857201,	0.980334,0.0196657,	0.494818,0.505182,	1,	1,	1,	1,	1,	1,	1,	1,	1,	1,	1,	
0.366779,0.633221,	1,2.17975e-08,	1,1.14898e-08,	1,9.99852e-09,	1,2.59929e-08,	1,1.53652e-07,	0.999999,1.35986e-06,	0.999984,1.59777e-05,	0.999403,0.000597481,	0.983493,0.0165073,	0.495572,0.504428,	1,	1,	1,	1,	1,	1,	1,	1,	1,	1,	1,	
0.355715,0.644285,	1,8.05544e-09,	1,4.19631e-09,	1,3.68854e-09,	1,1.02799e-08,	1,6.76426e-08,	0.999999,6.87601e-07,	0.999991,9.32841e-06,	0.999584,0.000416222,	0.986148,0.0138518,	0.496399,0.503601,	1,	1,	1,	1,	1,	1,	1,	1,	1,	1,	1,	
0.34421,0.65579,	1,2.97695e-09,	1,1.53258e-09,	1,1.36074e-09,	1,4.06554e-09,	1,2.97785e-08,	1,3.47678e-07,	0.999995,5.44951e-06,	0.99971,0.000289938,	0.988413,0.0115865,	0.496971,0.503029,	1,	1,	1,	1,	1,	1,	1,	1,	1,	1,	1,	
0.332185,0.667815,	1,1.10015e-09,	1,5.59733e-10,	1,5.01988e-10,	1,1.60787e-09,	1,1.31094e-08,	1,1.758e-07,	0.999997,3.18403e-06,	0.999798,0.000201983,	0.990336,0.00966364,	0.497279,0.502721,	1,	1,	1,	1,	1,	1,	1,	1,	1,	1,	1,	
0.321088,0.678912,	1,4.0657e-10,	1,2.04427e-10,	1,1.85188e-10,	1,6.35889e-10,	1,5.7712e-09,	1,8.88911e-08,	0.999998,1.86035e-06,	0.999859,0.000140706,	0.991952,0.00804826,	0.49709,0.50291,	1,	1,	1,	1,	1,	1,	1,	1,	1,	1,	1,	
0.311774,0.688226,	1,1.50251e-10,	1,7.4661e-11,	1,6.83174e-11,	1,2.51485e-10,	1,2.54067e-09,	1,4.49468e-08,	0.999999,1.08696e-06,	0.999902,9.80066e-05,	0.993311,0.00668894,	0.496777,0.503223,	1,	1,	1,	1,	1,	1,	1,	1,	1,	1,	1,	
0.302239,0.697761,	1,5.55264e-11,	1,2.72678e-11,	1,2.52029e-11,	1,9.94589e-11,	1,1.11848e-09,	1,2.27268e-08,	0.999999,6.3508e-07,	0.999932,6.8258e-05,	0.994447,0.00555267,	0.497174,0.502826,	1,	1,	1,	1,	1,	1,	1,	1,	1,	1,	1,	
0.294871,0.705129,	1,2.05202e-11,	1,9.9588e-12,	1,9.29757e-12,	1,3.93346e-11,	1,4.92393e-10,	1,1.14916e-08,	1,3.7106e-07,	0.999952,4.75362e-05,	0.995392,0.00460764,	0.497688,0.502312,	1,	1,	1,	1,	1,	1,	1,	1,	1,	1,	1,	
0.288074,0.711926,	1,7.58339e-12,	1,3.63717e-12,	1,3.42995e-12,	1,1.55563e-11,	1,2.16767e-10,	1,5.81059e-09,	1,2.16801e-07,	0.999967,3.31037e-05,	0.996178,0.00382185,	0.497995,0.502005,	1,	1,	1,	1,	1,	1,	1,	1,	1,	1,	1,	
0.281521,0.718479,	1,2.8025e-12,	1,1.32837e-12,	1,1.26534e-12,	1,6.15231e-12,	1,9.5428e-11,	1,2.93806e-09,	1,1.26671e-07,	0.999977,2.30523e-05,	0.99683,0.00316997,	0.498384,0.501616,	1,	1,	1,	1,	1,	1,	1,	1,	1,	1,	1,	
0.274922,0.725078,	1,1.03568e-12,	1,4.85151e-13,	1,4.66795e-13,	1,2.43315e-12,	1,4.20105e-11,	1,1.4856e-09,	1,7.40104e-08,	0.999984,1.60525e-05,	0.99737,0.00263022,	0.49904,0.50096,	1,	1,	1,	1,	1,	1,	1,	1,	1,	1,	1,	
0.268473,0.731527,	1,3.82745e-13,	1,1.77188e-13,	1,1.72205e-13,	1,9.62278e-13,	1,1.84944e-11,	1,7.51175e-10,	1,4.32423e-08,	0.999989,1.1178e-05,	0.997814,0.00218611,	0.498354,0.501646,	1,	1,	1,	1,	1,	1,	1,	1,	1,	1,	1,	
0.260869,0.739131,	1,1.41446e-13,	1,6.47128e-14,	1,6.35279e-14,	1,3.80568e-13,	1,8.14182e-12,	1,3.79823e-10,	1,2.52653e-08,	0.999992,7.78363e-06,	0.99818,0.00181958,	0.499567,0.500433,	1,	1,	1,	1,	1,	1,	1,	1,	1,	1,	1,	
0.253011,0.746989,	1,5.22726e-14,	1,2.36345e-14,	1,2.3436e-14,	1,1.50509e-13,	1,3.58429e-12,	1,1.92053e-10,	1,1.47618e-08,	0.999995,5.41997e-06,	0.998483,0.00151711,	0.49989,0.50011,	1,	1,	1,	1,	1,	1,	1,	1,	1,	1,	1,	
0.24569,0.75431,	1,1.93177e-14,	1,8.63184e-15,	1,8.64575e-15,	1,5.95244e-14,	1,1.57792e-12,	1,9.71097e-11,	1,8.62495e-09,	0.999996,3.77406e-06,	0.998734,0.00126598,	0.500576,0.499424,	1,	1,	1,	1,	1,	1,	1,	1,	1,	1,	1,	
0.237648,0.762352,	1,7.13901e-15,	1,3.15253e-15,	1,3.18949e-15,	1,2.35411e-14,	1,6.94652e-13,	1,4.91024e-11,	1,5.03933e-09,	0.999997,2.62796e-06,	0.998942,0.00105769,	0.500546,0.499454,	1,	1,	1,	1,	1,	1,	1,	1,	1,	1,	1,	
0.229272,0.770728,	1,2.63827e-15,	1,1.15137e-15,	1,1.17663e-15,	1,9.31017e-15,	1,3.05808e-13,	1,2.48281e-11,	1,2.94434e-09,	0.999998,1.82991e-06,	0.999116,0.000883605,	0.501117,0.498883,	1,	1,	1,	1,	1,	1,	1,	1,	1,	1,	1,	
0.221311,0.778689,	1,9.74994e-16,	1,4.20507e-16,	1,4.3407e-16,	1,3.68204e-15,	1,1.34627e-13,	1,1.2554e-11,	1,1.7203e-09,	0.999999,1.2742e-06,	0.999262,0.000737814,	0.502035,0.497965,	1,	1,	1,	1,	1,	1,	1,	1,	1,	1,	1,	
0.213743,0.786257,	1,3.60316e-16,	1,1.53578e-16,	1,1.60132e-16,	1,1.4562e-15,	1,5.9267e-14,	1,6.34781e-12,	1,1.00513e-09,	0.999999,8.8725e-07,	0.999384,0.000616308,	0.502189,0.497811,	1,	1,	1,	1,	1,	1,	1,	1,	1,	1,	1,	
0.206862,0.793138,	1,1.33158e-16,	1,5.60901e-17,	1,5.90742e-17,	1,5.75906e-16,	1,2.60913e-14,	1,3.2097e-12,	1,5.87268e-10,	0.999999,6.17809e-07,	0.999485,0.000514597,	0.501921,0.498079,	1,	1,	1,	1,	1,	1,	1,	1,	1,	1,	1,	
0.200131,0.799869,	1,4.92094e-17,	1,2.04853e-17,	1,2.1793e-17,	1,2.27763e-16,	1,1.14862e-14,	1,1.62295e-12,	1,3.43125e-10,	1,4.30191e-07,	0.99957,0.000429735,	0.502209,0.497791,	1,	1,	1,	1,	1,	1,	1,	1,	1,	1,	1,	
0.194411,0.805589,	1,1.81857e-17,	1,7.48168e-18,	1,8.03963e-18,	1,9.00771e-17,	1,5.0566e-15,	1,8.20626e-13,	1,2.00479e-10,	1,2.9955e-07,	0.999641,0.000359099,	0.502758,0.497242,	1,	1,	1,	1,	1,	1,	1,	1,	1,	1,	1,	
0.189282,0.810718,	1,6.72066e-18,	1,2.73247e-18,	1,2.96589e-18,	1,3.56243e-17,	1,2.22608e-15,	1,4.1494e-13,	1,1.17134e-10,	1,2.08582e-07,	0.9997,0.000300019,	0.502717,0.497283,	1,	1,	1,	1,	1,	1,	1,	1,	1,	1,	1,	
0.184386,0.815614,	1,2.48367e-18,	1,9.97958e-19,	1,1.09414e-18,	1,1.40889e-17,	1,9.79992e-16,	1,2.0981e-13,	1,6.84384e-11,	1,1.45239e-07,	0.999749,0.000250584,	0.502431,0.497569,	1,	1,	1,	1,	1,	1,	1,	1,	1,	1,	1,	
0.179825,0.820175,	1,9.1786e-19,	1,3.64476e-19,	1,4.03639e-19,	1,5.57197e-18,	1,4.31424e-16,	1,1.06088e-13,	1,3.99867e-11,	1,1.01133e-07,	0.999791,0.000209239,	0.502259,0.497741,	1,	1,	1,	1,	1,	1,	1,	1,	1,	1,	1,	
0.175309,0.824691,	1,3.39202e-19,	1,1.33115e-19,	1,1.48906e-19,	1,2.20364e-18,	1,1.89927e-16,	1,5.36423e-14,	1,2.33632e-11,	1,7.04203e-08,	0.999825,0.000174708,	0.501374,0.498626,	1,	1,	1,	1,	1,	1,	1,	1,	1,	1,	1,	
0.170395,0.829605,	1,1.25355e-19,	1,4.86163e-20,	1,5.49327e-20,	1,8.71508e-19,	1,8.3612e-17,	1,2.71236e-14,	1,1.36505e-11,	1,4.90349e-08,	0.999854,0.000145862,	0.501615,0.498385,	1,	1,	1,	1,	1,	1,	1,	1,	1,	1,	1,	
0.165413,0.834587,	1,4.63257e-20,	1,1.77557e-20,	1,2.02652e-20,	1,3.44669e-19,	1,3.68087e-17,	1,1.37147e-14,	1,7.9756e-12,	1,3.41438e-08,	0.999878,0.000121759,	0.501915,0.498085,	1,	1,	1,	1,	1,	1,	1,	1,	1,	1,	1,	
0.160671,0.839329,	1,1.712e-20,	1,6.48478e-21,	1,7.476e-21,	1,1.36312e-19,	1,1.62044e-17,	1,6.93471e-15,	1,4.65993e-12,	1,2.37749e-08,	0.999898,0.000101648,	0.499819,0.500181,	1,	1,	1,	1,	1,	1,	1,	1,	1,	1,	1,	
0.155974,0.844026,	1,6.32684e-21,	1,2.36838e-21,	1,2.75796e-21,	1,5.39095e-20,	1,7.13369e-18,	1,3.50646e-15,	1,2.72267e-12,	1,1.65549e-08,	0.999915,8.48573e-05,	0.49936,0.50064,	1,	1,	1,	1,	1,	1,	1,	1,	1,	1,	1,	
0.151562,0.848438,	1,2.33813e-21,	1,8.64985e-22,	1,1.01744e-21,	1,2.13205e-20,	1,3.14048e-18,	1,1.773e-15,	1,1.59078e-12,	1,1.15275e-08,	0.999929,7.08338e-05,	0.50005,0.49995,	1,	1,	1,	1,	1,	1,	1,	1,	1,	1,	1,	
0.147389,0.852611,	1,8.64073e-22,	1,3.15911e-22,	1,3.75341e-22,	1,8.43195e-21,	1,1.38254e-18,	1,8.96498e-16,	1,9.29452e-13,	1,8.02677e-09,	0.999941,5.91288e-05,	0.500438,0.499562,	1,	1,	1,	1,	1,	1,	1,	1,	1,	1,	1,	
0.143303,0.856697,	1,3.19325e-22,	1,1.15378e-22,	1,1.38467e-22,	1,3.33472e-21,	1,6.08639e-19,	1,4.53304e-16,	1,5.43054e-13,	1,5.58918e-09,	0.999951,4.936e-05,	0.500726,0.499274,	1,	1,	1,	1,	1,	1,	1,	1,	1,	1,	1,	
0.139369,0.860631,	1,1.18009e-22,	1,4.21384e-23,	1,5.10816e-23,	1,1.31884e-21,	1,2.67943e-19,	1,2.29208e-16,	1,3.17292e-13,	1,3.89184e-09,	0.999959,4.12081e-05,	0.500957,0.499043,	1,	1,	1,	1,	1,	1,	1,	1,	1,	1,	1,	
0.135529,0.864471,	1,4.36111e-23,	1,1.53899e-23,	1,1.88445e-23,	1,5.21582e-22,	1,1.17957e-19,	1,1.15897e-16,	1,1.85385e-13,	1,2.70995e-09,	0.999966,3.44018e-05,	0.501606,0.498394,	1,	1,	1,	1,	1,	1,	1,	1,	1,	1,	1,	
0.1317,0.8683,	1,1.61168e-23,	1,5.62071e-24,	1,6.95189e-24,	1,2.06278e-22,	1,5.19285e-20,	1,5.86018e-17,	1,1.08316e-13,	1,1.88699e-09,	0.999971,2.87191e-05,	0.501563,0.498437,	1,	1,	1,	1,	1,	1,	1,	1,	1,	1,	1,	
0.127989,0.872011,	1,5.95608e-24,	1,2.05281e-24,	1,2.56461e-24,	1,8.15803e-23,	1,2.28606e-20,	1,2.96314e-17,	1,6.32858e-14,	1,1.31394e-09,	0.999976,2.39749e-05,	0.501159,0.498841,	1,	1,	1,	1,	1,	1,	1,	1,	1,	1,	1,	
0.124414,0.875586,	1,2.20112e-24,	1,7.49729e-25,	1,9.46108e-25,	1,3.22639e-23,	1,1.0064e-20,	1,1.49828e-17,	1,3.69762e-14,	1,9.1492e-10,	0.99998,2.00141e-05,	0.501092,0.498908,	1,	1,	1,	1,	1,	1,	1,	1,	1,	1,	1,	
0.120907,0.879093,	1,8.13439e-25,	1,2.73817e-25,	1,3.49028e-25,	1,1.27599e-23,	1,4.43049e-21,	1,7.57587e-18,	1,2.16042e-14,	1,6.37075e-10,	0.999983,1.67076e-05,	0.501174,0.498826,	1,	1,	1,	1,	1,	1,	1,	1,	1,	1,	1,	
0.117529,0.882471,	1,3.00612e-25,	1,1.00004e-25,	1,1.28759e-25,	1,5.04637e-24,	1,1.95044e-21,	1,3.83065e-18,	1,1.26228e-14,	1,4.43606e-10,	0.999986,1.39472e-05,	0.500551,0.499449,	1,	1,	1,	1,	1,	1,	1,	1,	1,	1,	1,	
0.114197,0.885803,	1,1.11094e-25,	1,3.65237e-26,	1,4.75005e-26,	1,1.99577e-24,	1,8.58648e-22,	1,1.93693e-18,	1,7.37514e-15,	1,3.0889e-10,	0.999988,1.16429e-05,	0.500035,0.499965,	1,	1,	1,	1,	1,	1,	1,	1,	1,	1,	1,	
0.110933,0.889067,	1,4.10555e-26,	1,1.33392e-26,	1,1.75233e-26,	1,7.893e-25,	1,3.78005e-22,	1,9.79385e-19,	1,4.3091e-15,	1,2.15086e-10,	0.99999,9.71922e-06,	0.499561,0.500439,	1,	1,	1,	1,	1,	1,	1,	1,	1,	1,	1,	
0.107656,0.892344,	1,1.51724e-26,	1,4.87178e-27,	1,6.46452e-27,	1,3.12157e-25,	1,1.6641e-22,	1,4.95215e-19,	1,2.51769e-15,	1,1.49768e-10,	0.999992,8.11336e-06,	0.498716,0.501284,	1,	1,	1,	1,	1,	1,	1,	1,	1,	1,	1,	
0.104465,0.895535,	1,5.60706e-27,	1,1.77928e-27,	1,2.38482e-27,	1,1.23454e-25,	1,7.3259e-23,	1,2.504e-19,	1,1.47102e-15,	1,1.04286e-10,	0.999993,6.77281e-06,	0.498513,0.501487,	1,	1,	1,	1,	1,	1,	1,	1,	1,	1,	1,	
0.101359,0.898641,	1,2.07213e-27,	1,6.49831e-28,	1,8.7978e-28,	1,4.88243e-26,	1,3.2251e-23,	1,1.26612e-19,	1,8.59476e-16,	1,7.26161e-11,	0.999994,5.65375e-06,	0.497925,0.502075,	1,	1,	1,	1,	1,	1,	1,	1,	1,	1,	1,	
0.0983389,0.901661,	1,7.65772e-28,	1,2.37332e-28,	1,3.24559e-28,	1,1.93093e-26,	1,1.41979e-23,	1,6.40199e-20,	1,5.02169e-16,	1,5.05638e-11,	0.999995,4.71958e-06,	0.497902,0.502098,	1,	1,	1,	1,	1,	1,	1,	1,	1,	1,	1,	
0.0954084,0.904592,	1,2.82997e-28,	1,8.6679e-29,	1,1.19733e-28,	1,7.63658e-27,	1,6.25039e-24,	1,3.2371e-20,	1,2.93404e-16,	1,3.52084e-11,	0.999996,3.93976e-06,	0.498658,0.501342,	1,	1,	1,	1,	1,	1,	1,	1,	1,	1,	1,	
0.0925756,0.907424,	1,1.04584e-28,	1,3.1657e-29,	1,4.41704e-29,	1,3.02016e-27,	1,2.75162e-24,	1,1.6368e-20,	1,1.71428e-16,	1,2.45162e-11,	0.999997,3.28878e-06,	0.498806,0.501194,	1,	1,	1,	1,	1,	1,	1,	1,	1,	1,	1,	
0.0898119,0.910188,	1,3.86496e-29,	1,1.15618e-29,	1,1.62948e-29,	1,1.19443e-27,	1,1.21135e-24,	1,8.2763e-21,	1,1.00161e-16,	1,1.70711e-11,	0.999997,2.74537e-06,	0.498948,0.501052,	1,	1,	1,	1,	1,	1,	1,	1,	1,	1,	1,	
0.0871147,0.912885,	1,1.42833e-29,	1,4.22263e-30,	1,6.01131e-30,	1,4.72382e-28,	1,5.33277e-25,	1,4.18482e-21,	1,5.85212e-17,	1,1.18869e-11,	0.999998,2.29174e-06,	0.499185,0.500815,	1,	1,	1,	1,	1,	1,	1,	1,	1,	1,	1,	
0.0844808,0.915519,	1,5.27849e-30,	1,1.5422e-30,	1,2.21763e-30,	1,1.8682e-28,	1,2.34766e-25,	1,2.11601e-21,	1,3.41924e-17,	1,8.27704e-12,	0.999998,1.91307e-06,	0.499482,0.500518,	1,	1,	1,	1,	1,	1,	1,	1,	1,	1,	1,	
0.0819306,0.918069,	1,1.9507e-30,	1,5.63244e-31,	1,8.18102e-31,	1,7.38849e-29,	1,1.03351e-25,	1,1.06994e-21,	1,1.99777e-17,	1,5.76344e-12,	0.999998,1.59696e-06,	0.499373,0.500627,	1,	1,	1,	1,	1,	1,	1,	1,	1,	1,	1,	
0.0794658,0.920534,	1,7.20898e-31,	1,2.05709e-31,	1,3.01805e-31,	1,2.92205e-29,	1,4.54986e-26,	1,5.41001e-22,	1,1.16724e-17,	1,4.01319e-12,	0.999999,1.33309e-06,	0.498984,0.501016,	1,	1,	1,	1,	1,	1,	1,	1,	1,	1,	1,	
0.0770693,0.922931,	1,2.66413e-31,	1,7.51294e-32,	1,1.11339e-31,	1,1.15563e-29,	1,2.003e-26,	1,2.73551e-22,	1,6.81989e-18,	1,2.79445e-12,	0.999999,1.11281e-06,	0.499682,0.500318,	1,	1,	1,	1,	1,	1,	1,	1,	1,	1,	1,	
0.0747445,0.925255,	1,9.8455e-32,	1,2.74389e-32,	1,4.10738e-32,	1,4.57035e-30,	1,8.81784e-27,	1,1.38318e-22,	1,3.98468e-18,	1,1.94582e-12,	0.999999,9.28939e-07,	0.500436,0.499564,	1,	1,	1,	1,	1,	1,	1,	1,	1,	1,	1,	
0.0724861,0.927514,	1,3.63848e-32,	1,1.00213e-32,	1,1.51525e-32,	1,1.80751e-30,	1,3.8819e-27,	1,6.9939e-23,	1,2.32814e-18,	1,1.35491e-12,	0.999999,7.75445e-07,	0.501038,0.498962,	1,	1,	1,	1,	1,	1,	1,	1,	1,	1,	1,	
0.0702922,0.929708,	1,1.34463e-32,	1,3.65999e-33,	1,5.58988e-33,	1,7.14846e-31,	1,1.70894e-27,	1,3.53639e-23,	1,1.36027e-18,	1,9.43447e-13,	0.999999,6.47314e-07,	0.501244,0.498756,	1,	1,	1,	1,	1,	1,	1,	1,	1,	1,	1,	
0.0681602,0.93184,	1,4.96917e-33,	1,1.33671e-33,	1,2.06216e-33,	1,2.82712e-31,	1,7.52329e-28,	1,1.78813e-23,	1,7.94769e-19,	1,6.56938e-13,	0.999999,5.40355e-07,	0.500893,0.499107,	1,	1,	1,	1,	1,	1,	1,	1,	1,	1,	1,	
0.0660994,0.933901,	1,1.83639e-33,	1,4.88194e-34,	1,7.60748e-34,	1,1.11809e-31,	1,3.312e-28,	1,9.0415e-24,	1,4.64362e-19,	1,4.57437e-13,	1,4.51069e-07,	0.500363,0.499637,	1,	1,	1,	1,	1,	1,	1,	1,	1,	1,	1,	
0.0640843,0.935916,	1,6.78653e-34,	1,1.78299e-34,	1,2.80647e-34,	1,4.42188e-32,	1,1.45805e-28,	1,4.57173e-24,	1,2.71314e-19,	1,3.18521e-13,	1,3.76536e-07,	0.499959,0.500041,	1,	1,	1,	1,	1,	1,	1,	1,	1,	1,	1,	
0.0621257,0.937874,	1,2.50801e-34,	1,6.51187e-35,	1,1.03533e-34,	1,1.74879e-32,	1,6.4188e-29,	1,2.31165e-24,	1,1.58522e-19,	1,2.21792e-13,	1,3.14319e-07,	0.499096,0.500904,	1,	1,	1,	1,	1,	1,	1,	1,	1,	1,	1,	
0.0602241,0.939776,	1,9.26855e-35,	1,2.37828e-35,	1,3.81942e-35,	1,6.91623e-33,	1,2.82576e-29,	1,1.16886e-24,	1,9.26199e-20,	1,1.54438e-13,	1,2.62382e-07,	0.498752,0.501248,	1,	1,	1,	1,	1,	1,	1,	1,	1,	1,	1,	
0.0583719,0.941628,	1,3.42526e-35,	1,8.68598e-36,	1,1.40902e-35,	1,2.73527e-33,	1,1.24399e-29,	1,5.9102e-25,	1,5.41153e-20,	1,1.07537e-13,	1,2.19027e-07,	0.498072,0.501928,	1,	1,	1,	1,	1,	1,	1,	1,	1,	1,	1,	
0.0565741,0.943426,	1,1.26583e-35,	1,3.17231e-36,	1,5.198e-36,	1,1.08176e-33,	1,5.47645e-30,	1,2.98843e-25,	1,3.16181e-20,	1,7.48802e-14,	1,1.82836e-07,	0.49789,0.50211,	1,	1,	1,	1,	1,	1,	1,	1,	1,	1,	1,	
0.0548327,0.945167,	1,4.67798e-36,	1,1.1586e-36,	1,1.91759e-36,	1,4.27822e-34,	1,2.41091e-30,	1,1.51106e-25,	1,1.84736e-20,	1,5.21404e-14,	1,1.52625e-07,	0.497827,0.502173,	1,	1,	1,	1,	1,	1,	1,	1,	1,	1,	1,	
0.0531423,0.946858,	1,1.72878e-36,	1,4.23145e-37,	1,7.07415e-37,	1,1.69198e-34,	1,1.06136e-30,	1,7.64053e-26,	1,1.07936e-20,	1,3.63062e-14,	1,1.27406e-07,	0.498251,0.501749,	1,	1,	1,	1,	1,	1,	1,	1,	1,	1,	1,	
0.0515009,0.948499,	1,6.38884e-37,	1,1.54542e-37,	1,2.60972e-37,	1,6.69154e-35,	1,4.67246e-31,	1,3.86335e-26,	1,6.30644e-21,	1,2.52806e-14,	1,1.06354e-07,	0.498523,0.501477,	1,	1,	1,	1,	1,	1,	1,	1,	1,	1,	1,	
0.0499125,0.950087,	1,2.36104e-37,	1,5.64419e-38,	1,9.62747e-38,	1,2.64641e-35,	1,2.05697e-31,	1,1.95346e-26,	1,3.68468e-21,	1,1.76033e-14,	1,8.87803e-08,	0.498526,0.501474,	1,	1,	1,	1,	1,	1,	1,	1,	1,	1,	1,	
0.0483709,0.951629,	1,8.72542e-38,	1,2.06138e-38,	1,3.55166e-38,	1,1.04662e-35,	1,9.05543e-32,	1,9.87745e-27,	1,2.15286e-21,	1,1.22575e-14,	1,7.41106e-08,	0.498467,0.501533,	1,	1,	1,	1,	1,	1,	1,	1,	1,	1,	1,	
0.0468748,0.953125,	1,3.22454e-38,	1,7.52861e-39,	1,1.31024e-38,	1,4.13924e-36,	1,3.98649e-32,	1,4.99442e-27,	1,1.25786e-21,	1,8.53511e-15,	1,6.18648e-08,	0.497809,0.502191,	1,	1,	1,	1,	1,	1,	1,	1,	1,	1,	1,	
0.0454238,0.954576,	1,1.19165e-38,	1,2.74961e-39,	1,4.83358e-39,	1,1.63701e-36,	1,1.75498e-32,	1,2.52537e-27,	1,7.34933e-22,	1,5.94315e-15,	1,5.16425e-08,	0.497636,0.502364,	1,	1,	1,	1,	1,	1,	1,	1,	1,	1,	1,	
0.0440173,0.955983,	1,4.40385e-39,	1,1.00422e-39,	1,1.78315e-39,	1,6.47416e-37,	1,7.726e-33,	1,1.27693e-27,	1,4.29401e-22,	1,4.13831e-15,	1,4.31093e-08,	0.497131,0.502869,	1,	1,	1,	1,	1,	1,	1,	1,	1,	1,	1,	
0.0426538,0.957346,	1,1.62748e-39,	1,3.66762e-40,	1,6.5782e-40,	1,2.56044e-37,	1,3.40124e-33,	1,6.45664e-28,	1,2.50888e-22,	1,2.88158e-15,	1,3.59861e-08,	0.497066,0.502934,	1,	1,	1,	1,	1,	1,	1,	1,	1,	1,	1,	
0.0413307,0.958669,	1,6.01446e-40,	1,1.3395e-40,	1,2.42676e-40,	1,1.01262e-37,	1,1.49733e-33,	1,3.26473e-28,	1,1.46587e-22,	1,2.00649e-15,	1,3.00399e-08,	0.497284,0.502716,	1,	1,	1,	1,	1,	1,	1,	1,	1,	1,	1,	
0.040044,0.959956,	1,2.22269e-40,	1,4.89213e-41,	1,8.95252e-41,	1,4.00477e-38,	1,6.59175e-34,	1,1.65077e-28,	1,8.56468e-23,	1,1.39716e-15,	1,2.50762e-08,	0.497547,0.502453,	1,	1,	1,	1,	1,	1,	1,	1,	1,	1,	1,	
0.0387945,0.961205,	1,8.21411e-41,	1,1.78671e-41,	1,3.30267e-41,	1,1.58383e-38,	1,2.9019e-34,	1,8.34694e-29,	1,5.00411e-23,	1,9.72863e-16,	1,2.09327e-08,	0.497874,0.502126,	1,	1,	1,	1,	1,	1,	1,	1,	1,	1,	1,	
0.0375789,0.962421,	1,3.03559e-41,	1,6.52546e-42,	1,1.21838e-41,	1,6.26383e-39,	1,1.27751e-34,	1,4.22054e-29,	1,2.92377e-23,	1,6.77421e-16,	1,1.74739e-08,	0.497991,0.502009,	1,	1,	1,	1,	1,	1,	1,	1,	1,	1,	1,	
0.0363996,0.9636,	1,1.12182e-41,	1,2.38324e-42,	1,4.49472e-42,	1,2.47726e-39,	1,5.62401e-35,	1,2.13407e-29,	1,1.70828e-23,	1,4.717e-16,	1,1.45866e-08,	0.498201,0.501799,	1,	1,	1,	1,	1,	1,	1,	1,	1,	1,	1,	
0.0352557,0.964744,	1,4.14578e-42,	1,8.70411e-43,	1,1.65814e-42,	1,9.79722e-40,	1,2.47587e-35,	1,1.07907e-29,	1,9.98102e-24,	1,3.28453e-16,	1,1.21763e-08,	0.498668,0.501332,	1,	1,	1,	1,	1,	1,	1,	1,	1,	1,	1,	
0.0341444,0.965856,	1,1.53211e-42,	1,3.17893e-43,	1,6.11703e-43,	1,3.87467e-40,	1,1.08996e-35,	1,5.45619e-30,	1,5.83164e-24,	1,2.28707e-16,	1,1.01644e-08,	0.499049,0.500951,	1,	1,	1,	1,	1,	1,	1,	1,	1,	1,	1,	
0.0330669,0.966933,	1,5.66212e-43,	1,1.16104e-43,	1,2.25667e-43,	1,1.53241e-40,	1,4.79843e-36,	1,2.7589e-30,	1,3.40731e-24,	1,1.59254e-16,	1,8.48488e-09,	0.499058,0.500942,	1,	1,	1,	1,	1,	1,	1,	1,	1,	1,	1,	
