k=0_act,k=1_act,k=2_act,k=3_act,k=4_act,k=5_act,k=6_act,k=7_act,k=8_act,k=9_act,k=10_act,k=0_wait,k=1_wait,k=2_wait,k=3_wait,k=4_wait,k=5_wait,k=6_wait,k=7_wait,k=8_wait,k=9_wait,k=10_wait,	k=0_act,k=1_act,k=2_act,k=3_act,k=4_act,k=5_act,k=6_act,k=7_act,k=8_act,k=9_act,k=10_act,k=0_wait,k=1_wait,k=2_wait,k=3_wait,k=4_wait,k=5_wait,k=6_wait,k=7_wait,k=8_wait,k=9_wait,k=10_wait,	k=0_act,k=1_act,k=2_act,k=3_act,k=4_act,k=5_act,k=6_act,k=7_act,k=8_act,k=9_act,k=10_act,k=0_wait,k=1_wait,k=2_wait,k=3_wait,k=4_wait,k=5_wait,k=6_wait,k=7_wait,k=8_wait,k=9_wait,k=10_wait,	
5,5,5,5,5,5,5,5,5,5,5,5,5,5,5,5,5,5,5,5,5,5,	5,5,5,5,5,5,5,5,5,5,5,5,5,5,5,5,5,5,5,5,5,5,	5,5,5,5,5,5,5,5,5,5,5,5,5,5,5,5,5,5,5,5,5,5,	
4.79415,4.73818,4.75471,4.73164,4.75714,4.70845,4.61638,4.60525,4.52345,4.48693,4.46928,3.13607,4.73895,4.99261,5.04974,5.06122,5.07738,5.01872,5.072,4.99445,4.90871,4.84041,	4.85642,4.89579,5.02413,4.98087,4.94014,4.97337,4.88581,4.85753,4.70429,4.3092,3.55718,3.05551,4.12804,4.29973,4.28509,4.24317,4.24021,4.21916,4.10535,4.02753,3.89985,3.41488,	4.90392,4.91722,4.96326,5.01041,4.96632,4.892,4.83171,4.89437,4.68254,4.29865,3.69895,2.98298,4.07923,4.12419,4.20701,4.17808,4.16518,4.16665,4.11968,3.98413,3.8238,3.57386,	
4.47868,4.34221,4.56084,4.6969,4.7252,4.70485,4.71391,4.75364,4.73016,4.71727,4.71348,1.42501,3.72307,4.67376,5.03844,5.22109,5.17615,5.26426,5.25515,5.23763,5.18309,5.17818,	4.68178,4.91381,4.85284,4.90166,4.96931,4.8463,4.62574,4.44634,4.14704,3.37011,2.46534,2.09713,3.628,3.90394,3.93315,3.95116,3.88162,3.76674,3.68139,3.51902,3.13679,2.39585,	4.69081,4.71907,4.93536,4.92147,4.90442,4.90051,4.75981,4.51484,4.0795,3.39385,2.53563,1.95913,3.52206,3.8529,3.93834,3.97619,3.86768,3.74745,3.70975,3.51308,3.14382,2.46729,	
4.15059,3.93741,4.4535,4.76204,4.91444,5.00712,5.18857,5.21144,5.24514,5.23606,5.25536,0.35232,2.471,3.83433,4.72019,5.13513,5.39547,5.70368,5.83359,5.76361,5.78998,5.70157,	4.47121,4.95023,4.97165,5.00485,5.07041,4.85026,4.55989,4.08544,3.49461,2.65652,1.82109,1.46259,3.38,3.70958,3.84561,3.85216,3.72031,3.60296,3.37088,3.01694,2.46119,1.81291,	4.50257,4.8984,5.1478,5.18051,5.06296,4.83767,4.61495,4.1188,3.39062,2.70962,1.8139,1.32858,3.18871,3.82837,3.96538,3.89264,3.71528,3.57649,3.44038,2.96569,2.52965,1.78063,	
3.65876,4.18285,4.39562,4.70166,4.99451,5.27447,5.47486,5.66543,5.71191,5.69865,5.69978,0.0564134,2.03336,3.32017,4.30712,4.9984,5.54375,5.92466,6.09711,6.19451,6.13478,6.18503,	4.23619,5.15157,5.32748,5.41731,5.20832,4.89641,4.3331,3.81425,3.084,2.22462,1.35832,1.03444,3.12497,3.66747,3.76488,3.77571,3.71946,3.48021,3.09292,2.59702,2.08087,1.36662,	4.26019,5.07971,5.51233,5.44453,5.22453,4.97538,4.4764,3.83257,3.01867,2.22406,1.40283,0.945323,3.04119,3.80149,3.96921,3.89637,3.76637,3.44218,3.1502,2.51234,2.05195,1.40685,	
3.28385,4.89964,4.73039,4.81591,5.08681,5.45703,5.65242,5.88855,5.99741,6.04851,6.14871,0.00906915,1.94721,3.19894,4.14879,4.91183,5.50377,5.9262,6.2134,6.40726,6.46976,6.52155,	4.08965,5.51826,5.75517,5.78987,5.39002,4.76748,4.19462,3.46679,2.72433,2.01833,1.17917,0.736034,3.08602,3.81038,4.05166,3.85096,3.74333,3.36004,2.94403,2.36173,1.77231,1.16542,	4.09702,5.49904,5.88827,5.76101,5.39021,4.92169,4.25741,3.51962,2.81651,2.07049,1.20706,0.691743,3.02772,3.84851,4.06467,3.78096,3.65865,3.31151,2.9594,2.36632,1.85478,1.21715,	
2.88894,5.38961,5.27236,5.17453,5.21588,5.5883,5.84333,6.07246,6.2329,6.23287,6.24626,0.0020989,2.10217,3.45424,4.24979,4.96447,5.55706,5.98245,6.29923,6.51289,6.56273,6.5889,	3.86819,5.91186,6.22479,5.85456,5.39804,4.84067,4.17661,3.50185,2.6957,1.94746,1.12577,0.53537,3.08558,3.91129,4.08545,3.89544,3.66431,3.3158,2.76791,2.27315,1.73722,1.13042,	3.86307,5.92688,6.21433,5.99451,5.36856,4.75955,4.11204,3.47934,2.81732,2.02054,1.14727,0.484374,3.04204,3.94365,4.2074,4.06934,3.64905,3.25861,2.84733,2.33978,1.78335,1.16026,	
2.50114,5.72117,5.77872,5.62072,5.48465,5.68155,5.8647,6.22753,6.39326,6.48312,6.50512,0.000494588,2.09797,3.58191,4.44993,5.16748,5.73452,6.20803,6.50824,6.74835,6.74925,6.81951,	3.69287,6.3586,6.57337,6.08811,5.52804,4.90789,4.26102,3.49984,2.76754,1.91682,1.06026,0.394119,3.21755,4.10996,4.20324,4.08137,3.61075,3.33618,2.7821,2.26803,1.68761,1.10456,	3.74681,6.40672,6.60325,6.15202,5.4917,4.91324,4.31127,3.54878,2.75443,1.9579,1.11288,0.366713,3.19258,4.15811,4.15,3.94723,3.62919,3.30662,2.76038,2.24864,1.7362,1.12419,	
2.17408,5.8835,6.19499,6.10303,5.86073,5.93619,6.10953,6.32636,6.57578,6.65051,6.61696,0.000149385,2.26634,3.62253,4.65589,5.38914,6.01903,6.36237,6.65277,6.92012,6.92974,6.96457,	3.55312,6.73971,6.74319,6.28178,5.58999,5.01251,4.29465,3.60805,2.77091,2.02082,1.10713,0.294229,3.23789,4.29317,4.29988,4.16442,3.68358,3.42271,2.90139,2.32919,1.79137,1.15336,	3.57153,6.714,6.758,6.33116,5.72801,5.12231,4.38648,3.59304,2.85372,2.02629,1.14527,0.27213,3.26722,4.20954,4.22441,4.04254,3.64939,3.29312,2.7745,2.28049,1.81639,1.16183,	
1.90117,5.96304,6.36065,6.29729,6.12,6.11169,6.20855,6.43978,6.7174,6.70231,6.7264,5.02714e-05,2.39681,3.90554,4.8713,5.62549,6.06396,6.48872,6.84154,7.01421,7.10772,7.08488,	3.44271,7.02969,6.89577,6.37124,5.75997,5.0906,4.32124,3.58596,2.83036,2.02114,1.14294,0.214873,3.27905,4.41235,4.45386,4.23095,3.81651,3.30256,2.89087,2.36119,1.80071,1.13242,	3.46662,6.93818,6.87621,6.58513,5.96876,5.2206,4.43215,3.56685,2.86639,2.03036,1.1545,0.216167,3.56546,4.26338,4.41336,4.17505,3.78067,3.36715,2.81471,2.2773,1.88302,1.18778,	
1.66585,6.05649,6.44067,6.44335,6.38545,6.33376,6.40102,6.56636,6.80069,6.84921,6.75607,1.8328e-05,2.42088,3.9685,4.98868,5.75161,6.33825,6.66412,6.80391,7.1599,7.28245,7.16005,	3.28942,7.27794,7.04928,6.57335,5.84081,5.0902,4.37917,3.64853,2.85141,2.00537,1.15213,0.149857,3.41558,4.49752,4.63124,4.33344,3.85967,3.33363,2.88591,2.37083,1.80932,1.17489,	3.30596,7.22508,7.05987,6.63441,6.02058,5.2192,4.37982,3.62498,2.92586,2.07369,1.19358,0.162352,3.62434,4.58266,4.53371,4.32847,3.93591,3.37267,2.81798,2.33468,1.80904,1.18914,	
1.48323,6.20764,6.58873,6.62232,6.59216,6.51067,6.52708,6.62031,6.88432,6.95641,6.9556,6.45842e-06,2.5528,4.103,5.09017,5.7996,6.42072,6.88093,7.0009,7.19381,7.15646,7.28423,	3.10516,7.46647,7.1573,6.6651,5.86339,5.17853,4.45143,3.67731,2.88795,2.0561,1.15346,0.11054,3.49199,4.7049,4.62343,4.42839,3.86831,3.4497,2.89473,2.25906,1.7899,1.1679,	3.14452,7.52223,7.34655,6.72269,5.91032,5.26678,4.50302,3.68626,2.92289,2.06808,1.17438,0.12169,3.78205,4.80393,4.77183,4.37906,3.95186,3.42669,2.89362,2.36439,1.86341,1.21403,	
1.29704,6.20138,6.7223,6.75072,6.68151,6.52325,6.61385,6.73925,6.98514,6.85864,7.02919,2.50036e-06,2.63728,4.25463,5.20709,5.90333,6.39779,6.83556,6.99643,7.20001,7.29867,7.49646,	2.98085,7.59113,7.26396,6.62309,5.92767,5.14437,4.51535,3.75592,2.92301,2.05742,1.1291,0.0821941,3.63975,4.77089,4.72097,4.42487,3.9665,3.42145,3.0195,2.33359,1.83255,1.15565,	3.00134,7.66094,7.39204,6.70283,5.96598,5.25726,4.48605,3.73009,2.97851,2.0856,1.17665,0.0888689,3.73265,4.84562,4.85403,4.55882,3.98653,3.46485,2.98045,2.41446,1.8408,1.19811,	
1.09628,6.10804,6.75652,6.8235,6.79421,6.66651,6.71779,6.8922,6.95015,7.02572,7.11941,8.93513e-07,2.5377,4.08818,5.1397,6.05477,6.73657,6.97299,7.10368,7.33191,7.48114,7.44381,	2.83294,7.79378,7.34736,6.7707,6.0106,5.32263,4.55023,3.72035,2.88808,2.06752,1.17801,0.0626029,3.61962,4.91854,4.86298,4.44461,3.99623,3.5415,3.00752,2.42882,1.87504,1.21898,	2.86415,7.81159,7.43692,6.80219,5.96343,5.21629,4.54278,3.77172,2.96171,2.09033,1.18804,0.0663451,3.73703,4.8185,4.7638,4.45574,4.06475,3.53812,2.98181,2.39698,1.86752,1.20198,	
0.985914,6.26081,6.8581,6.86731,6.83031,6.74056,6.77086,6.90016,7.06895,7.28394,7.27926,3.30354e-07,2.5059,4.23241,5.27528,6.00828,6.6006,7.01763,7.20704,7.32774,7.58458,7.57223,	2.68659,7.93399,7.42456,6.76097,6.08458,5.33552,4.57243,3.75672,2.91654,2.06139,1.19433,0.0469237,3.74127,4.99124,4.90503,4.56156,4.1734,3.51584,3.00655,2.33091,1.82927,1.23438,	2.74326,7.87722,7.45561,6.6668,6.10012,5.29668,4.54873,3.81597,3.00392,2.11313,1.20572,0.0506328,4.02463,4.83062,4.84891,4.45533,4.07193,3.63883,2.93664,2.4042,1.82758,1.23214,	
0.850157,6.29022,6.90815,6.93695,6.86453,6.91818,6.85794,7.0361,7.04774,7.28022,7.32083,1.2214e-07,2.67036,4.18272,5.27011,6.00608,6.6527,7.02873,7.3088,7.43204,7.59942,7.69968,	2.55741,8.05781,7.5222,6.80239,6.15273,5.40238,4.51286,3.82042,2.94522,2.07326,1.16477,0.0354542,3.86618,4.9102,4.84554,4.69609,4.17113,3.58872,2.99249,2.34409,1.84129,1.17298,	2.59607,7.98986,7.46936,6.67885,6.09547,5.31716,4.60051,3.78664,2.9644,2.10681,1.18353,0.0387966,4.11991,5.06867,5.06973,4.55875,4.05099,3.68336,3.07151,2.41674,1.87345,1.21376,	
0.741952,6.39012,7.02172,7.02804,7.01702,6.92338,6.91765,7.07938,7.21773,7.32647,7.42524,4.57956e-08,2.68505,4.27335,5.32738,6.04914,6.64578,7.02444,7.22551,7.42931,7.66398,7.71399,	2.46307,8.08371,7.55097,6.87811,6.13826,5.41561,4.55749,3.7815,2.98809,2.06057,1.15842,0.0271119,3.91857,5.12221,5.086,4.54124,4.14964,3.54546,3.0328,2.42126,1.81371,1.18931,	2.51528,8.04984,7.4244,6.74985,6.04719,5.38394,4.58407,3.7831,2.97967,2.08653,1.17614,0.0300264,4.02267,5.20126,5.08585,4.59009,4.03693,3.61925,3.10646,2.4898,1.89525,1.20775,	
0.654033,6.39769,6.98971,7.07037,7.04489,7.03306,6.92432,6.99607,7.25062,7.23962,7.26305,1.76235e-08,2.72948,4.3162,5.44756,6.21807,6.76978,7.2361,7.27143,7.59939,7.53721,7.68232,	2.30246,8.10467,7.42424,6.82371,6.108,5.34651,4.611,3.81762,2.97785,2.0922,1.18805,0.0206084,3.96263,5.05102,5.1935,4.57602,4.23157,3.67918,3.00629,2.42381,1.80797,1.20245,	2.42242,8.06463,7.31478,6.69827,6.09819,5.39442,4.68325,3.86068,3.02354,2.13982,1.22534,0.0230996,4.08654,5.14018,5.06317,4.64942,4.00588,3.63232,3.15271,2.48438,1.93674,1.23509,	
0.563975,6.36138,6.93533,7.1147,7.02145,7.00485,6.96632,7.16027,7.13086,7.42286,7.31961,6.83657e-09,2.61876,4.26187,5.52853,6.24709,6.77845,7.1718,7.55649,7.6242,7.72673,7.7357,	2.20842,8.16318,7.41553,6.87991,6.15088,5.38555,4.61133,3.74797,2.89818,2.13449,1.20739,0.0153545,3.92164,5.07051,5.12584,4.75974,4.3057,3.71648,3.04358,2.52907,1.88962,1.24219,	2.37004,8.07618,7.42586,6.69646,6.08187,5.37001,4.63576,3.94139,3.04677,2.17682,1.24122,0.0172795,3.90183,4.98125,5.0741,4.648,4.0932,3.61545,3.08032,2.45104,1.89429,1.25681,	
0.49516,6.3399,6.99504,7.08046,7.06598,7.0365,6.9918,6.95336,7.08741,7.38494,7.39146,2.62565e-09,2.64555,4.24111,5.43038,6.29186,6.80391,7.22476,7.37171,7.51145,7.62389,7.76532,	2.12225,8.17982,7.55219,6.87676,6.08921,5.28943,4.5806,3.77951,2.9349,2.1423,1.21608,0.0118123,4.0054,5.12191,5.21918,4.72768,4.24958,3.57112,2.96694,2.45731,1.93445,1.2209,	2.25509,8.04528,7.49112,6.78762,6.14609,5.37915,4.61111,3.85575,3.01593,2.16283,1.18319,0.0128228,3.76239,4.89433,5.00477,4.7519,4.06263,3.67138,3.06917,2.44761,1.8791,1.19373,	
0.433871,6.42341,7.05293,7.14765,7.0646,7.02909,7.05086,7.16579,7.21735,7.32803,7.33993,1.04123e-09,2.7366,4.30583,5.33511,6.20409,6.73867,7.19889,7.46252,7.48032,7.61265,7.78977,	2.04744,8.14462,7.51361,6.78064,6.11234,5.33097,4.68465,3.85016,3.01092,2.1547,1.23827,0.00890721,3.93194,5.03308,5.01997,4.65393,4.23416,3.62466,3.01424,2.46179,1.90865,1.25,	2.15839,8.07158,7.5119,6.83783,6.16821,5.42271,4.61434,3.72917,2.96055,2.16487,1.24881,0.00957287,3.86818,5.08567,5.05328,4.87441,4.19592,3.73872,3.10537,2.42108,1.92604,1.25613,	
0.382459,6.41248,7.03281,7.05918,7.04927,6.99084,7.02078,7.07585,7.14852,7.35642,7.21428,3.92754e-10,2.60636,4.309,5.3839,6.19008,6.74587,7.17077,7.39147,7.52511,7.69824,7.64881,	1.95952,8.23946,7.52858,6.90107,6.08808,5.37074,4.60229,3.7892,2.97734,2.08638,1.17207,0.00667636,3.94462,5.13851,5.03693,4.71343,4.16244,3.56953,3.05147,2.43659,1.80588,1.19205,	2.04118,8.05847,7.49676,6.81268,6.16056,5.34829,4.56715,3.79964,2.98789,2.1033,1.15903,0.00727656,4.04128,4.84628,5.06973,4.8292,4.18373,3.73352,3.14241,2.4974,1.86783,1.16275,	
0.331119,6.32167,7.07645,7.06755,7.01231,6.95769,7.01723,7.03669,7.27624,7.36808,7.32824,1.41481e-10,2.80528,4.32684,5.31512,6.18267,6.92933,7.3393,7.51666,7.69911,7.75326,7.6786,	1.9055,8.21724,7.50755,6.81642,6.03195,5.36023,4.6525,3.85575,2.99992,2.09732,1.17777,0.00499422,3.94751,5.15942,5.01857,4.6894,4.18701,3.67602,3.08484,2.43855,1.87732,1.19367,	1.96916,8.02914,7.49581,6.94724,6.15442,5.51021,4.67551,3.85218,3.01751,2.10335,1.19816,0.00567693,3.94618,5.03394,5.05906,4.75915,4.07953,3.6714,3.09914,2.50719,1.85391,1.18605,	
0.298382,6.55425,7.09316,7.07207,7.09967,7.05298,7.03452,7.0932,7.34442,7.29135,7.33074,5.66701e-11,2.80335,4.4056,5.38193,6.2444,6.8072,7.25979,7.42624,7.69019,7.74751,7.75259,	1.83822,8.1555,7.58068,6.85745,6.0937,5.50322,4.6891,3.8195,2.98289,2.0885,1.17462,0.00383442,4.06283,5.25856,5.13394,4.65537,4.20451,3.69178,3.14078,2.51302,1.85035,1.1976,	1.85835,8.0448,7.55626,6.91293,6.25894,5.47805,4.58313,3.718,2.95654,2.11735,1.22459,0.00412097,3.73492,5.10803,5.07438,4.80066,4.12347,3.66543,3.0853,2.45967,1.90552,1.22556,	
0.26942,6.459,7.09319,7.11123,7.07839,7.05854,7.04054,7.03264,7.14366,7.40281,7.27082,2.49888e-11,3.04311,4.56393,5.48341,6.29921,6.84943,7.21317,7.51335,7.58891,7.64597,7.63237,	1.75564,8.16413,7.50153,6.86315,6.15973,5.46201,4.65298,3.78205,3.00014,2.14181,1.22404,0.00289138,3.87366,5.17344,5.21126,4.71009,4.28538,3.71986,3.12783,2.50175,1.90495,1.26505,	1.80347,8.151,7.58458,6.87079,6.11931,5.41913,4.63945,3.82647,2.98566,2.16739,1.23867,0.00313245,3.74313,5.12375,4.92106,4.82788,4.22281,3.71128,3.0908,2.46065,1.93866,1.22527,	
0.23702,6.37933,7.10679,7.1277,7.11514,7.13041,7.0474,7.15993,7.3172,7.27165,7.4257,9.38816e-12,2.71015,4.49799,5.48789,6.21186,6.88569,7.24115,7.45034,7.60841,7.64926,7.7099,	1.67005,8.23945,7.55878,6.82579,6.21797,5.3883,4.60064,3.83243,3.00948,2.19636,1.25944,0.00214564,3.84885,5.10887,5.04922,4.70562,4.18835,3.59118,3.06657,2.49447,1.97216,1.29134,	1.74322,8.19355,7.54921,6.91808,6.16089,5.34579,4.60337,3.82947,3.03081,2.15635,1.27502,0.00245364,4.10427,5.07022,4.89651,4.72483,4.21263,3.58349,3.11482,2.49375,1.93934,1.30521,	
0.212307,6.44526,7.08921,7.10733,7.07919,7.0894,7.05539,7.04699,7.1733,7.31277,7.42604,3.52002e-12,2.57966,4.3178,5.55022,6.225,6.87803,7.20693,7.34288,7.47232,7.62924,7.71847,	1.59179,8.19574,7.6095,6.75104,6.15883,5.3853,4.60425,3.8427,3.0222,2.11706,1.22152,0.00163422,3.93152,5.11679,5.00151,4.68025,4.28278,3.52185,3.10247,2.4635,1.86377,1.25944,	1.69171,8.15921,7.59644,6.8696,6.1562,5.35266,4.66692,3.87944,2.975,2.13962,1.22326,0.00189518,4.02569,5.17359,4.95647,4.76134,4.1839,3.69789,3.12011,2.48955,1.92095,1.24452,	
0.188654,6.49424,7.11525,7.07829,7.06701,7.06758,7.04388,7.16738,7.33889,7.34198,7.37544,1.33042e-12,2.74951,4.36436,5.44552,6.16968,6.82437,7.21447,7.40665,7.58746,7.75366,7.70229,	1.51415,8.16227,7.51969,6.90318,6.09773,5.36136,4.51239,3.8265,3.04568,2.15407,1.24041,0.00120546,3.87389,5.22234,5.07285,4.6983,4.28029,3.69384,3.08956,2.42494,1.86786,1.23894,	1.60598,8.12997,7.60089,6.90433,6.13944,5.45689,4.72307,3.87836,3.01844,2.1333,1.27796,0.00141768,3.94098,5.16718,5.00489,4.74422,4.23431,3.68052,3.11003,2.49142,1.92103,1.31537,	
0.168309,6.50684,7.06832,7.14141,7.06396,7.11806,6.96728,7.01035,7.10052,7.41713,7.27736,5.2865e-13,2.78738,4.35991,5.43579,6.21563,6.80344,7.18295,7.45932,7.5047,7.65605,7.62742,	1.4288,8.0848,7.53216,6.89624,6.11861,5.4157,4.57387,3.80128,3.0444,2.17127,1.19727,0.00088919,3.74234,5.22651,5.04925,4.6191,4.26685,3.72158,3.07388,2.46904,1.90077,1.23349,	1.49737,8.1209,7.55723,6.89913,6.23474,5.44596,4.58708,3.79753,2.9981,2.12866,1.21787,0.0010067,3.88697,5.04403,5.18589,4.66082,4.19338,3.74288,3.12837,2.5427,1.91479,1.26452,	
0.148365,6.40322,7.02167,7.06956,7.11185,7.01753,7.01248,7.08553,7.24552,7.39474,7.32792,2.01414e-13,2.67534,4.39751,5.53405,6.31056,6.88218,7.22456,7.40571,7.54061,7.65949,7.70648,	1.34825,8.03406,7.55523,6.90225,6.22016,5.42993,4.60492,3.79314,2.97768,2.12393,1.21889,0.000651971,3.86385,5.07818,5.08787,4.72821,4.1782,3.70678,3.17118,2.49051,1.87958,1.23618,	1.44151,8.03313,7.55172,6.9758,6.20263,5.45277,4.65859,3.84948,2.99635,2.15499,1.24119,0.000757596,3.86858,5.12013,5.13928,4.75587,4.20279,3.69201,3.16737,2.48983,1.90261,1.24455,	
0.130001,6.35946,7.14527,7.17339,7.16836,7.13021,7.08624,7.07402,7.1836,7.36353,7.47684,8.98871e-14,2.88071,4.38554,5.51745,6.36448,6.85437,7.21576,7.35985,7.56652,7.66759,7.71736,	1.30576,8.06257,7.50542,6.83133,6.11072,5.40087,4.59975,3.82547,2.99142,2.16766,1.22704,0.000494588,3.8101,5.09611,5.061,4.83213,4.26734,3.71348,3.09071,2.50854,1.93527,1.23828,	1.38774,8.09289,7.58315,7.00557,6.19397,5.40983,4.62191,3.85886,3.06383,2.17675,1.26199,0.000565584,3.82937,5.13829,5.10297,4.83822,4.34232,3.71724,3.16667,2.47942,1.93405,1.27099,	
0.115518,6.36045,7.11155,7.12741,7.15725,7.03284,7.01623,7.15015,7.2099,7.38717,7.20261,3.31007e-14,2.68152,4.43311,5.47131,6.3491,6.91257,7.31411,7.53,7.60086,7.76852,7.63812,	1.24452,8.09774,7.52452,6.78909,6.16497,5.45796,4.60279,3.84864,3.03192,2.20274,1.27151,0.000367759,3.79479,5.02949,4.94838,4.70111,4.18846,3.64506,3.05384,2.45401,1.89351,1.27592,	1.32001,8.19042,7.63776,6.91364,6.20983,5.4454,4.66624,3.83872,2.96864,2.12581,1.23082,0.000435981,4.06234,5.23178,5.12529,4.77864,4.25082,3.72911,3.13885,2.51682,1.92965,1.23371,	
0.101422,6.44517,7.14672,7.1604,7.10768,7.22048,7.06952,7.21885,7.23838,7.4153,7.50656,1.25357e-14,2.7457,4.25116,5.41758,6.23023,6.86122,7.19229,7.5515,7.53378,7.61078,7.77527,	1.1933,8.10746,7.49489,6.84685,6.2196,5.41854,4.62129,3.86663,2.9992,2.13599,1.22451,0.000276758,3.93434,5.13583,4.98849,4.65119,4.29061,3.6627,3.07499,2.48164,1.92069,1.23214,	1.28869,8.19718,7.61006,6.84862,6.10215,5.4464,4.68751,3.86808,2.99851,2.16988,1.25535,0.000330736,4.07018,5.20074,5.1466,4.74029,4.18118,3.67167,3.1823,2.49973,1.94533,1.28817,	
0.0906659,6.4692,7.05244,7.17223,7.08552,7.14438,7.09438,7.01759,7.14874,7.35608,7.33954,4.85318e-15,2.79401,4.39351,5.4476,6.21845,6.79161,7.27474,7.23298,7.39624,7.65882,7.68181,	1.15569,8.10285,7.45588,6.82269,6.14985,5.33551,4.59421,3.77582,2.94552,2.18083,1.21173,0.000210792,3.99782,5.11234,5.00153,4.71004,4.19324,3.66468,3.14452,2.4401,1.83777,1.24334,	1.22334,8.20604,7.58745,6.9356,6.23387,5.48338,4.64971,3.81591,2.98728,2.15727,1.228,0.000231589,3.9443,5.05163,5.02371,4.80459,4.28196,3.71184,3.10027,2.48616,1.85024,1.25974,	
0.079603,6.39764,7.02667,7.07889,7.09651,7.05675,6.92232,7.15867,7.12845,7.30904,7.21217,1.81967e-15,2.58418,4.28935,5.3597,6.18903,6.82167,7.11685,7.47601,7.63889,7.66958,7.61031,	1.10148,8.11275,7.53465,6.84774,6.03712,5.36117,4.58602,3.75875,3.03763,2.15183,1.22385,0.000155488,3.82735,5.0787,4.97299,4.68543,4.21862,3.73064,3.13655,2.39981,1.90263,1.23821,	1.17768,8.10932,7.58416,6.94397,6.23556,5.40813,4.5773,3.79292,2.97649,2.13145,1.19417,0.000181403,3.78863,5.06363,5.12128,4.69506,4.32367,3.70417,3.08164,2.39817,1.91782,1.222,	
0.0701703,6.45806,7.11717,7.15345,7.08046,7.09578,7.07317,7.03623,7.31912,7.32377,7.50552,7.00261e-16,2.69982,4.32164,5.3317,6.17385,6.86374,7.23836,7.42338,7.60795,7.69508,7.89886,	1.0625,8.18111,7.64584,6.8678,6.17229,5.39536,4.59303,3.81886,3.02918,2.23521,1.25673,0.000118902,3.85534,5.06275,4.95895,4.80085,4.26129,3.64495,3.04827,2.51585,1.90859,1.26796,	1.12244,8.22937,7.57587,7.01717,6.21568,5.4445,4.65568,3.88089,3.01024,2.12721,1.199,0.000136515,4.07782,5.11827,5.06345,4.6893,4.42945,3.78401,3.1814,2.50048,1.82587,1.21374,	
0.0603871,6.33,7.08849,7.17877,7.11361,7.07273,6.97923,7.13521,7.26756,7.39211,7.42381,2.72192e-16,2.75382,4.37346,5.37701,6.2038,6.81981,7.26657,7.55684,7.63626,7.67317,7.71617,	1.02695,8.19121,7.53667,6.87936,6.1783,5.45594,4.71946,3.89556,3.03358,2.16398,1.20926,8.89441e-05,3.87866,5.0434,4.97948,4.73139,4.29814,3.66974,3.13313,2.48289,1.90504,1.24639,	1.06126,8.21325,7.56898,6.97085,6.11372,5.43431,4.75412,3.91911,3.02518,2.09135,1.17256,0.000105022,3.98873,5.08916,5.13903,4.91274,4.24122,3.73878,3.22907,2.566,1.8785,1.18134,	
0.0549642,6.62539,7.06143,7.1743,7.16751,7.14356,7.10763,7.19966,7.30328,7.45535,7.53955,9.78548e-17,2.68067,4.39136,5.40546,6.25848,6.8812,7.28595,7.45659,7.64725,7.82907,7.79883,	0.978775,8.24041,7.55852,6.93199,6.21818,5.43381,4.69923,3.85603,2.99849,2.17468,1.25379,6.56084e-05,4.00338,5.04657,5.05991,4.72688,4.31612,3.75627,3.14543,2.47931,1.95287,1.24789,	1.01961,8.20219,7.6742,6.85669,6.25838,5.49552,4.66777,3.8319,2.98206,2.1792,1.22316,8.11189e-05,4.01143,5.27716,5.18412,4.76616,4.30359,3.80652,3.13024,2.54491,1.95978,1.266,	
0.048743,6.52738,7.06459,7.23206,7.16477,7.21529,7.16224,7.266,7.4306,7.38838,7.45543,4.07154e-17,2.84755,4.42185,5.46519,6.25846,6.86173,7.25981,7.43038,7.7633,7.78972,7.81644,	0.944134,8.27024,7.68353,6.96199,6.17881,5.43709,4.63159,3.86426,3.02121,2.23093,1.27166,5.00706e-05,3.82412,5.14723,5.06492,4.79314,4.39104,3.87031,3.11335,2.54501,1.93434,1.28576,	0.965962,8.263,7.7068,6.91596,6.23597,5.39877,4.67912,3.90109,3.07234,2.18461,1.27764,6.09241e-05,4.02962,5.11307,5.18259,4.78361,4.24762,3.83381,3.08196,2.56327,1.94514,1.29643,	
0.0445437,6.55749,7.06338,7.17923,7.20594,7.07178,7.01586,7.18302,7.21405,7.23269,7.31684,1.64727e-17,2.8878,4.44523,5.6658,6.36519,6.85618,7.23544,7.43069,7.56844,7.64471,7.68782,	0.921723,8.25257,7.56714,6.86942,6.1207,5.40139,4.63622,3.89221,3.0468,2.18865,1.28049,3.83658e-05,3.80927,5.23601,5.00411,4.71166,4.47054,3.73989,3.14703,2.52897,1.95157,1.30054,	0.918808,8.34691,7.66118,6.92356,6.15316,5.41676,4.63925,3.87295,3.0366,2.17468,1.23606,4.60326e-05,4.08,5.16864,5.05178,4.70952,4.13244,3.80818,3.13063,2.50881,1.93102,1.27307,	
0.0398994,6.54768,7.04771,7.17948,7.17347,7.08808,7.04904,7.2367,7.24909,7.38462,7.32382,6.31383e-18,2.81815,4.39989,5.53335,6.34819,6.94495,7.35483,7.55723,7.7149,7.69028,7.77392,	0.887322,8.23769,7.45382,6.83918,6.19696,5.39162,4.63386,3.80974,3.05417,2.18141,1.23721,2.99917e-05,4.11499,5.06487,5.06852,4.68773,4.3755,3.75122,3.15634,2.44448,1.87143,1.25164,	0.886289,8.39598,7.60534,6.91787,6.29647,5.54951,4.67881,3.91707,3.06245,2.15187,1.27994,3.67127e-05,4.06773,5.22402,5.05658,4.78256,4.2676,3.83092,3.10102,2.49959,1.94916,1.29737,	
0.0358109,6.51932,7.06505,7.10694,7.08898,7.06477,7.07148,7.10437,7.43948,7.31285,7.51317,2.42004e-18,2.78562,4.4663,5.51259,6.31073,6.88869,7.26637,7.46539,7.71762,7.79075,7.86444,	0.837274,8.15234,7.46162,6.85442,6.26595,5.45115,4.60073,3.80691,3.01342,2.1309,1.22205,2.24801e-05,3.86968,5.00316,5.02666,4.83765,4.29881,3.76088,3.14385,2.41468,1.84709,1.2497,	0.856633,8.44801,7.66059,6.98531,6.18168,5.4275,4.67454,3.88956,3.07319,2.14858,1.19801,2.84705e-05,4.25242,5.33564,5.21811,4.69137,4.40723,3.68187,3.14375,2.48631,1.912,1.21294,	
0.0321414,6.57742,7.14323,7.18397,7.23247,7.15513,7.1483,7.25333,7.24365,7.44076,7.45465,9.65474e-19,2.83128,4.43736,5.43,6.21963,6.89564,7.35046,7.52359,7.65397,7.72292,7.7899,	0.804413,8.186,7.55145,6.89811,6.1935,5.44541,4.70285,3.86518,3.0189,2.17096,1.20568,1.69854e-05,3.88323,5.04535,5.07095,4.63973,4.34303,3.80893,3.12312,2.43251,1.89546,1.2478,	0.816448,8.41307,7.6027,6.9604,6.14976,5.45587,4.70624,3.90848,3.02353,2.18269,1.25376,2.19026e-05,4.27182,5.41571,5.25578,4.8127,4.21227,3.65116,3.14743,2.45341,1.91877,1.30103,	
0.0277712,6.4516,7.09001,7.09781,7.0709,7.06984,7.08953,7.20816,7.26574,7.346,7.26556,3.69318e-19,2.83099,4.3263,5.44768,6.24495,6.86594,7.27924,7.57782,7.65331,7.72391,7.6469,	0.772841,8.17349,7.47196,6.84469,6.16329,5.47344,4.6224,3.83312,3.00011,2.10905,1.18147,1.31457e-05,3.99366,5.03183,5.02813,4.75745,4.27615,3.81691,3.15041,2.42144,1.76253,1.20473,	0.776591,8.3779,7.5362,6.96293,6.23012,5.46964,4.71326,3.86109,3.00546,2.14402,1.17529,1.61239e-05,4.06404,5.20735,5.2465,4.66169,4.18989,3.73203,3.12952,2.42979,1.88564,1.21201,	
0.0244314,6.46246,7.06241,7.12605,7.14991,7.06902,7.12076,7.12335,7.27254,7.36876,7.46321,1.47339e-19,2.75941,4.48199,5.51479,6.2375,6.86477,7.19328,7.43127,7.52358,7.74338,7.75164,	0.741023,8.15006,7.52809,6.79311,6.25736,5.47559,4.57091,3.72442,2.91767,2.08142,1.19089,9.81393e-06,4.07672,4.92674,5.04852,4.73504,4.29822,3.74952,3.1452,2.46929,1.84222,1.198,	0.74313,8.38446,7.59059,7.02191,6.28982,5.51184,4.68335,3.83823,2.97263,2.14301,1.2125,1.23299e-05,4.09459,5.0639,5.18418,4.72107,4.22546,3.7263,3.07424,2.40882,1.87447,1.24825,	
0.02206,6.52462,7.06807,7.16749,7.18745,7.14349,7.08842,7.10297,7.29298,7.43015,7.52312,5.41489e-20,2.6591,4.39951,5.37309,6.18447,6.72914,7.16047,7.46734,7.60115,7.69939,7.87673,	0.717663,8.14504,7.5017,6.90767,6.14174,5.39019,4.55173,3.80473,2.97098,2.10871,1.18894,7.23911e-06,3.97276,5.20567,5.12795,4.71639,4.21509,3.73056,3.07262,2.42226,1.83993,1.21119,	0.709688,8.42201,7.64547,7.05225,6.31199,5.56208,4.68575,3.80083,2.95463,2.09144,1.20768,8.87912e-06,4.08183,4.98452,5.14267,4.84487,4.32178,3.66644,3.06999,2.4164,1.86725,1.21027,	
0.0191754,6.45469,7.11227,7.22446,7.26776,7.17595,7.08491,7.20123,7.22837,7.42426,7.36871,2.03842e-20,2.68261,4.38905,5.52867,6.28688,6.88698,7.25793,7.41377,7.52797,7.68152,7.80329,	0.6799,8.24534,7.60382,6.88892,6.1926,5.41643,4.5919,3.79413,3.01048,2.1411,1.25855,5.43692e-06,3.94316,5.21635,5.18563,4.74799,4.18806,3.7351,2.9559,2.50665,1.91882,1.25009,	0.685941,8.38383,7.72565,6.9796,6.28837,5.36383,4.59757,3.77418,2.96312,2.09988,1.20867,6.78989e-06,4.10985,5.16962,5.13688,4.78075,4.30434,3.63378,3.07722,2.46578,1.87039,1.24664,	
0.0171074,6.44385,7.08341,7.10411,7.09331,6.91994,6.94569,7.16438,7.26262,7.34275,7.32386,8.21409e-21,2.77493,4.39536,5.49254,6.35631,6.86728,7.27807,7.37811,7.53265,7.62554,7.76446,	0.655836,8.17077,7.49935,6.88242,6.16071,5.39681,4.69641,3.95005,3.0119,2.13957,1.21749,4.09977e-06,3.90229,5.09094,5.09105,4.71266,4.19299,3.71922,3.11408,2.45626,1.84605,1.25188,	0.65115,8.32053,7.69093,6.87036,6.07895,5.42141,4.65854,3.75089,2.95655,2.15503,1.2008,5.10975e-06,4.09639,5.27732,5.09843,4.70654,4.24427,3.67451,3.01264,2.41143,1.88583,1.24198,	
0.0152931,6.48555,7.05785,7.12427,7.05277,7.08325,7.03773,7.04884,7.19743,7.2424,7.24005,3.21849e-21,2.85339,4.48553,5.43351,6.22787,6.90312,7.28227,7.41609,7.52345,7.56887,7.66772,	0.631358,8.13517,7.53526,6.84644,6.15088,5.46326,4.67934,3.8322,2.99573,2.12953,1.26104,3.00002e-06,3.93328,5.00994,5.07832,4.76406,4.19621,3.6004,3.02709,2.42677,1.84775,1.28433,	0.625593,8.37622,7.59772,6.73256,6.06127,5.40772,4.62535,3.82188,3.01312,2.11284,1.20097,3.85306e-06,4.12812,5.27162,5.08246,4.57282,4.29102,3.74436,2.99172,2.44934,1.82718,1.21568,	
0.0138641,6.54136,7.08514,7.05,7.01529,7.05609,7.03154,6.96056,7.36226,7.31538,7.34399,1.30214e-21,2.78774,4.45489,5.668,6.32934,6.90964,7.21568,7.29017,7.56922,7.64557,7.68074,	0.606578,8.16053,7.51183,6.86899,6.22308,5.42372,4.59704,3.81718,2.97929,2.11147,1.19212,2.28953e-06,3.93148,5.05229,5.11988,4.82791,4.16819,3.67743,3.09315,2.45327,1.87964,1.21487,	0.595053,8.38727,7.41239,6.76554,6.16503,5.44678,4.68067,3.85044,2.96236,2.07262,1.15272,2.9171e-06,4.223,5.23325,5.04484,4.69029,4.15219,3.72082,3.12433,2.41585,1.8127,1.175,	
0.011979,6.35435,7.06537,7.09665,7.05988,7.01282,7.0039,7.06616,7.23538,7.35575,7.2975,4.68127e-22,2.5954,4.38634,5.47538,6.3004,6.85054,7.20116,7.42564,7.61412,7.66741,7.67034,	0.57466,8.17993,7.55921,6.87206,6.21821,5.39758,4.59368,3.8123,2.97874,2.14927,1.16824,1.80418e-06,4.06453,5.08894,5.03945,4.71179,4.05861,3.62702,3.10392,2.41755,1.82498,1.18061,	0.567138,8.31639,7.49001,6.84954,6.19768,5.40111,4.59297,3.67782,2.8703,2.06891,1.12781,2.15176e-06,4.12602,5.15176,5.1997,4.62837,4.19229,3.65571,3.1194,2.3644,1.83101,1.17561,	
0.0110053,6.44899,7.07106,7.05075,7.08906,7.09439,6.9797,7.2092,7.24763,7.23809,7.3879,2.27466e-22,2.82467,4.36874,5.49148,6.26537,6.93742,7.33109,7.4399,7.58077,7.60941,7.73772,	0.562515,8.1717,7.59985,6.85906,6.15802,5.45026,4.62633,3.80057,2.98248,2.11722,1.24415,1.43172e-06,3.92063,5.16205,5.0411,4.76697,4.08645,3.61112,3.09003,2.44509,1.85959,1.25945,	0.548382,8.25851,7.48691,6.80547,6.12911,5.34404,4.59737,3.82932,2.98456,2.12094,1.2217,1.74054e-06,4.14887,5.22022,5.13431,4.61038,4.22041,3.64182,3.11823,2.43046,1.91442,1.23624,	
0.0101294,6.44776,7.09552,7.09571,7.10824,7.07266,7.07926,7.10925,7.27556,7.24611,7.32334,1.22425e-22,2.8155,4.40189,5.49409,6.27756,6.85975,7.29825,7.48101,7.62575,7.64843,7.65261,	0.550187,8.21301,7.54407,6.86221,6.18638,5.4398,4.66294,3.81384,2.96801,2.17556,1.21989,1.19671e-06,3.9516,5.20873,5.12946,4.77428,4.11795,3.61443,3.03126,2.45326,1.88805,1.22856,	0.536075,8.20889,7.37013,6.85521,6.08092,5.38386,4.64717,3.87628,3.04369,2.13209,1.19972,1.42079e-06,3.97112,5.19858,5.16231,4.72248,4.13733,3.64093,3.11749,2.45317,1.85288,1.20561,	
0.00936223,6.45385,7.05266,7.1376,7.13871,7.12138,7.1478,7.04175,7.18794,7.36578,7.4664,6.97782e-23,2.77969,4.39557,5.48871,6.35081,6.9162,7.37747,7.48672,7.59757,7.69306,7.79406,	0.53816,8.20061,7.53313,6.91315,6.13624,5.43906,4.65645,3.79264,3.03456,2.1792,1.21285,1.02332e-06,4.04753,5.22934,5.10667,4.72567,4.16148,3.70763,2.99364,2.47285,1.92776,1.24992,	0.517482,8.11631,7.37874,6.85981,6.20048,5.43601,4.72154,3.92247,3.03493,2.15583,1.23338,1.2104e-06,3.82702,5.17119,5.20944,4.80308,4.10298,3.69946,3.06743,2.48102,1.90475,1.22853,	
0.0089004,6.51978,7.09515,7.16625,7.10672,7.09287,7.1117,7.11262,7.22222,7.33195,7.24357,4.38191e-23,2.74807,4.37333,5.52692,6.26455,6.84896,7.35786,7.52078,7.54285,7.66108,7.73106,	0.522886,8.19564,7.54583,6.84674,6.16838,5.39482,4.64837,3.87987,3.04966,2.15624,1.21342,8.93229e-07,3.90068,5.2216,5.07759,4.74258,4.18628,3.71163,3.01718,2.46323,1.92357,1.24151,	0.50123,8.08209,7.44006,6.91457,6.22878,5.46274,4.71291,3.85739,2.99279,2.12256,1.21017,1.03808e-06,3.76709,5.02892,5.15068,4.82217,4.14579,3.69163,3.13768,2.4881,1.87853,1.23817,	
0.00850232,6.53027,7.08457,7.11227,7.14805,7.12416,7.11574,7.13419,7.28742,7.37094,7.45705,3.00684e-23,2.83441,4.45989,5.54545,6.33379,6.91002,7.31011,7.52641,7.56722,7.70745,7.79141,	0.515586,8.19031,7.56075,6.94579,6.2066,5.45705,4.68203,3.89143,3.03259,2.16777,1.25537,7.95661e-07,3.92999,5.19109,5.1072,4.76061,4.23201,3.71076,3.10266,2.44415,1.8936,1.25336,	0.489779,8.06062,7.54454,6.92814,6.21749,5.48736,4.69547,3.87571,3.01651,2.16615,1.23447,9.10349e-07,3.74161,5.02805,5.22244,4.88101,4.17173,3.71084,3.1612,2.48897,1.92802,1.25428,	
0.00805852,6.51038,7.11447,7.1392,7.21593,7.15637,7.09445,7.12214,7.26918,7.40645,7.43521,1.98118e-23,2.82469,4.43056,5.51906,6.30161,6.9316,7.3302,7.4716,7.63555,7.75056,7.84296,	0.505128,8.19959,7.6048,6.96544,6.19312,5.4672,4.701,3.85106,3.01655,2.14381,1.2143,7.10242e-07,3.99095,5.1678,5.15085,4.74535,4.2633,3.72651,3.10858,2.48838,1.89221,1.22537,	0.477698,8.0817,7.56002,6.94245,6.27979,5.50892,4.68596,3.87241,3.02115,2.14072,1.20657,8.04111e-07,3.79015,5.00516,5.23822,4.79863,4.19314,3.72139,3.12483,2.51384,1.92214,1.24513,	
0.00776455,6.5605,7.14244,7.15565,7.1925,7.17518,7.12866,7.07347,7.27248,7.31845,7.45636,1.42202e-23,2.85088,4.48438,5.59922,6.3142,6.92845,7.27475,7.42337,7.54257,7.70604,7.76572,	0.496384,8.22088,7.60617,6.92922,6.21397,5.50365,4.68816,3.83511,2.98416,2.13414,1.20972,6.41608e-07,3.90674,5.07587,5.14203,4.8065,4.28591,3.71475,3.10752,2.51451,1.88008,1.22295,	0.469474,8.10538,7.61084,6.97073,6.23141,5.47794,4.68421,3.82817,2.97028,2.14301,1.23083,7.10007e-07,3.80813,5.01001,5.21961,4.79285,4.26424,3.72382,3.12409,2.48309,1.89298,1.25324,	
0.00751278,6.58447,7.14278,7.11645,7.13106,7.11749,7.06032,7.13556,7.29387,7.30954,7.2648,1.03749e-23,2.87668,4.54713,5.55375,6.34596,6.91569,7.3132,7.4827,7.64264,7.69168,7.64095,	0.487724,8.18502,7.60654,6.88672,6.21533,5.45621,4.65793,3.80696,2.99289,2.1396,1.21923,5.76051e-07,3.91641,5.08541,5.18448,4.827,4.27905,3.73497,3.12507,2.48147,1.89779,1.23551,	0.460949,8.15338,7.59938,6.96167,6.18667,5.48524,4.66028,3.84968,3.02694,2.16615,1.23037,6.33773e-07,3.77663,5.0166,5.12186,4.79487,4.20781,3.72377,3.12817,2.46671,1.91356,1.2416,	
0.00722806,6.52379,7.09644,7.12132,7.12595,7.0504,7.01194,7.21522,7.33868,7.39728,7.35354,7.57174e-24,2.82449,4.52398,5.56143,6.32012,6.93861,7.2931,7.5278,7.6722,7.71596,7.75892,	0.479084,8.15204,7.55471,6.90423,6.21897,5.44671,4.65145,3.80473,3.01673,2.17173,1.21236,5.1415e-07,3.89572,5.06932,5.16679,4.86058,4.29554,3.74451,3.11569,2.47954,1.90279,1.23732,	0.454059,8.17729,7.59495,6.90019,6.19742,5.47037,4.63389,3.84879,3.021,2.15833,1.23587,5.7934e-07,3.85878,5.02679,5.14712,4.80135,4.26134,3.74457,3.1493,2.4671,1.91475,1.25609,	
0.00691599,6.49973,7.09433,7.12812,7.17602,7.09171,7.02184,7.23574,7.30607,7.3803,7.41463,5.76657e-24,2.84769,4.48558,5.59317,6.40046,6.91455,7.33799,7.55811,7.62665,7.70292,7.71827,	0.473529,8.15823,7.54069,6.87715,6.19847,5.4631,4.65402,3.83022,3.00151,2.16364,1.22999,4.69213e-07,3.89259,5.14501,5.16533,4.84227,4.31314,3.7573,3.08949,2.47754,1.89998,1.24258,	0.448222,8.21281,7.60874,6.90254,6.17186,5.44164,4.66568,3.88275,3.02571,2.15433,1.23824,5.30545e-07,3.84772,5.06207,5.14855,4.786,4.26863,3.74719,3.14009,2.48012,1.90045,1.26369,	
0.00671137,6.5392,7.10883,7.09085,7.13875,7.13538,7.07455,7.22812,7.34099,7.3508,7.38418,4.38893e-24,2.83754,4.47052,5.57213,6.40288,7.00152,7.373,7.47729,7.68847,7.73575,7.70119,	0.468299,8.15223,7.56294,6.8922,6.196,5.46001,4.66265,3.87021,3.00991,2.15026,1.2243,4.27199e-07,3.84116,5.17024,5.0939,4.86439,4.31555,3.78316,3.11233,2.48836,1.9045,1.25098,	0.441674,8.20108,7.61953,6.83433,6.15967,5.43758,4.69412,3.91169,3.04117,2.17315,1.2209,4.837e-07,3.8833,5.09126,5.16671,4.75152,4.24579,3.75014,3.15477,2.50889,1.89805,1.23929,	
0.0064237,6.47477,7.09273,7.08531,7.13125,7.13311,7.07459,7.17863,7.31967,7.39281,7.4092,3.43779e-24,2.84777,4.47379,5.54579,6.3712,6.99279,7.38204,7.53906,7.65893,7.73463,7.81124,	0.462058,8.16456,7.58357,6.90117,6.20727,5.45061,4.6641,3.85388,3.03828,2.14476,1.22421,3.91354e-07,3.80648,5.12727,5.12259,4.83308,4.30536,3.73131,3.12848,2.49009,1.90752,1.24248,	0.436281,8.19313,7.63035,6.85199,6.19733,5.4494,4.72249,3.85995,3.02792,2.1693,1.22849,4.47034e-07,3.87348,5.08797,5.14672,4.75693,4.25165,3.75447,3.14609,2.52094,1.91223,1.23691,	
0.00622328,6.50117,7.10559,7.09999,7.13027,7.1242,7.07338,7.20204,7.31206,7.41229,7.4266,2.67309e-24,2.79722,4.46925,5.54947,6.36215,6.9599,7.37057,7.54484,7.61194,7.70782,7.79596,	0.45641,8.16484,7.58237,6.91672,6.22752,5.45726,4.66789,3.86516,3.02544,2.14915,1.23581,3.62597e-07,3.81876,5.14803,5.14922,4.82202,4.30607,3.68914,3.11794,2.47523,1.90879,1.25413,	0.430496,8.19355,7.61031,6.87419,6.16614,5.4609,4.67194,3.83007,3.0153,2.16076,1.23075,4.10862e-07,3.84834,5.08579,5.13405,4.76334,4.24982,3.76823,3.17535,2.52296,1.90572,1.24967,	
0.00607274,6.55245,7.15114,7.12357,7.15548,7.13561,7.12818,7.21237,7.31181,7.38522,7.43724,2.09518e-24,2.77421,4.43566,5.53365,6.31268,6.96696,7.33292,7.50253,7.66527,7.72377,7.81831,	0.450866,8.17212,7.58376,6.90516,6.21805,5.46366,4.68286,3.89026,3.03915,2.17275,1.22835,3.39478e-07,3.84753,5.15702,5.12571,4.82209,4.28429,3.7037,3.13208,2.4715,1.90458,1.26023,	0.424381,8.22912,7.60867,6.88237,6.18363,5.45232,4.66343,3.85699,2.995,2.15388,1.22893,3.83467e-07,3.88402,5.07771,5.15649,4.75093,4.24731,3.75896,3.1948,2.51752,1.91151,1.2573,	
0.00588359,6.53917,7.12755,7.1491,7.15834,7.13489,7.07828,7.22302,7.31341,7.35993,7.41775,1.65671e-24,2.75478,4.4382,5.50814,6.29063,6.88159,7.31146,7.54138,7.6376,7.72435,7.7882,	0.446052,8.16601,7.58377,6.88989,6.2021,5.4699,4.69395,3.86685,3.01039,2.16098,1.23555,3.15945e-07,3.82753,5.1807,5.13359,4.83027,4.27263,3.66857,3.12301,2.48006,1.90048,1.25056,	0.418812,8.22757,7.61957,6.90765,6.16228,5.45078,4.669,3.84214,2.99939,2.15839,1.22771,3.54753e-07,3.8234,5.05937,5.1489,4.77443,4.25942,3.72172,3.16485,2.51627,1.92127,1.24783,	
0.0056797,6.5275,7.12305,7.16185,7.14963,7.13589,7.11083,7.17765,7.33534,7.40427,7.43001,1.32781e-24,2.77811,4.41958,5.47441,6.32457,6.86453,7.28259,7.4546,7.64897,7.71347,7.78525,	0.441288,8.16234,7.59208,6.90714,6.22664,5.4787,4.68252,3.84794,2.98437,2.15329,1.21705,2.92981e-07,3.86408,5.20029,5.1619,4.77247,4.29383,3.67605,3.12426,2.50871,1.9031,1.24198,	0.414519,8.22311,7.616,6.88163,6.15736,5.44591,4.66507,3.84845,3.0067,2.15833,1.22779,3.30286e-07,3.78817,5.05144,5.13623,4.75239,4.22601,3.73032,3.14917,2.5352,1.91086,1.24626,	
0.00549003,6.48899,7.1415,7.16839,7.16921,7.15514,7.09391,7.14494,7.27763,7.42833,7.4501,1.06896e-24,2.80997,4.39924,5.49086,6.32721,6.9013,7.25222,7.43999,7.61535,7.71104,7.77713,	0.434691,8.18223,7.58011,6.92179,6.24169,5.46159,4.67682,3.83397,2.99474,2.1629,1.22042,2.72978e-07,3.87307,5.19287,5.19402,4.75828,4.31466,3.66315,3.10877,2.49512,1.90119,1.23508,	0.409883,8.22623,7.61881,6.86664,6.14888,5.47683,4.647,3.83312,3.01658,2.15784,1.22961,3.07608e-07,3.80056,5.04668,5.1037,4.73582,4.24128,3.73528,3.12204,2.53809,1.92113,1.26553,	
0.00534711,6.51081,7.13321,7.18003,7.1767,7.16332,7.09851,7.12519,7.28317,7.39957,7.43057,8.5239e-25,2.75285,4.36695,5.4811,6.30037,6.91369,7.32987,7.45035,7.57301,7.67954,7.796,	0.430366,8.16196,7.59286,6.92277,6.2439,5.47136,4.66184,3.84221,2.99973,2.1462,1.2005,2.55576e-07,3.87979,5.20408,5.17183,4.75867,4.30694,3.6531,3.10833,2.50405,1.90129,1.22888,	0.40636,8.25324,7.60932,6.85044,6.18245,5.46245,4.64117,3.84882,3.02665,2.15054,1.22491,2.85896e-07,3.73849,5.09337,5.09567,4.73014,4.25693,3.71523,3.14113,2.51318,1.90243,1.24697,	
0.00519421,6.51887,7.14926,7.19005,7.18524,7.15199,7.1189,7.13015,7.28074,7.39222,7.41813,6.92561e-25,2.73971,4.39466,5.4682,6.31538,6.88963,7.35281,7.43204,7.59818,7.73462,7.76854,	0.426033,8.14647,7.60166,6.92308,6.22342,5.4422,4.68683,3.86951,3.01263,2.1501,1.22053,2.40544e-07,3.90528,5.21418,5.18525,4.77254,4.29688,3.65521,3.11544,2.50241,1.90787,1.23189,	0.401057,8.26823,7.60466,6.85299,6.1739,5.423,4.64669,3.8532,3.01216,2.16678,1.2298,2.65831e-07,3.77573,5.13237,5.09771,4.72466,4.21936,3.71751,3.14882,2.50821,1.93042,1.25425,	
0.00505305,6.49495,7.14807,7.19181,7.19523,7.16659,7.12933,7.15423,7.29185,7.39575,7.44635,5.68973e-25,2.76454,4.40587,5.45565,6.30717,6.94576,7.36884,7.44882,7.59432,7.72067,7.8652,	0.422611,8.17061,7.58567,6.91557,6.23521,5.47038,4.69222,3.87067,3.00623,2.16683,1.22399,2.27704e-07,3.88452,5.21646,5.1802,4.77142,4.32463,3.67519,3.10549,2.5206,1.91992,1.24274,	0.398671,8.27698,7.5816,6.87052,6.19897,5.41528,4.64765,3.87561,3.03534,2.18392,1.23314,2.49941e-07,3.78134,5.17262,5.11913,4.75795,4.20584,3.73556,3.144,2.51222,1.91228,1.27085,	
0.00493368,6.49508,7.13683,7.18176,7.19587,7.1653,7.12983,7.19961,7.31846,7.4031,7.36588,4.80832e-25,2.78157,4.43326,5.45841,6.3192,6.94989,7.37474,7.53616,7.60599,7.72491,7.7284,	0.419487,8.1693,7.55679,6.94026,6.22151,5.4837,4.69728,3.85303,3.01809,2.17545,1.2323,2.15311e-07,3.866,5.21499,5.17874,4.76331,4.34132,3.68971,3.1279,2.50204,1.93519,1.25118,	0.395405,8.30136,7.57552,6.87421,6.19244,5.41892,4.67136,3.85673,3.04708,2.1896,1.24936,2.34408e-07,3.75021,5.15509,5.10563,4.76575,4.19016,3.70457,3.13974,2.53847,1.94029,1.26345,	
0.00478605,6.44192,7.12956,7.17112,7.14602,7.13126,7.08891,7.21704,7.29247,7.38138,7.34956,4.05184e-25,2.78142,4.4426,5.50088,6.29277,6.90712,7.31179,7.49407,7.66331,7.72761,7.72696,	0.414663,8.1667,7.55184,6.91556,6.21597,5.48221,4.68875,3.85702,3.02011,2.14867,1.21591,2.04184e-07,3.86742,5.20385,5.20369,4.74814,4.31767,3.70433,3.11424,2.50294,1.92848,1.23517,	0.390388,8.3113,7.57882,6.85945,6.17512,5.41984,4.67822,3.87367,3.0465,2.18572,1.23411,2.21742e-07,3.74962,5.10304,5.11345,4.74352,4.18025,3.71356,3.12661,2.52523,1.92522,1.25404,	
0.00467226,6.42972,7.11686,7.16028,7.14486,7.13616,7.06238,7.20129,7.28741,7.37651,7.35946,3.40719e-25,2.77142,4.47073,5.53182,6.32696,6.9004,7.31111,7.53177,7.66021,7.70775,7.71821,	0.410821,8.14679,7.55449,6.91456,6.22812,5.48455,4.67469,3.87149,3.01356,2.15192,1.2214,1.92875e-07,3.80505,5.21081,5.19978,4.77367,4.29025,3.70405,3.12222,2.5224,1.91741,1.2365,	0.387672,8.29697,7.58333,6.85224,6.1658,5.43263,4.70371,3.88684,3.04102,2.16536,1.23373,2.09701e-07,3.76408,5.09416,5.12745,4.75077,4.19125,3.7384,3.12299,2.53558,1.9167,1.25824,	
0.00456245,6.42562,7.11574,7.16776,7.15029,7.14034,7.05633,7.16107,7.29254,7.38383,7.39728,2.91685e-25,2.76917,4.48405,5.54043,6.31273,6.9044,7.33117,7.476,7.66987,7.75458,7.80299,	0.407116,8.15258,7.54968,6.93867,6.24998,5.50005,4.68685,3.86522,3.01177,2.17396,1.22202,1.82955e-07,3.77909,5.22091,5.19669,4.76552,4.26029,3.69702,3.1338,2.51524,1.9177,1.24173,	0.384615,8.28927,7.59067,6.83386,6.18644,5.42847,4.69975,3.87045,3.0626,2.15957,1.23982,1.97789e-07,3.78333,5.14242,5.14135,4.79632,4.21302,3.73486,3.13961,2.53118,1.90017,1.25861,	
0.00445965,6.43578,7.10857,7.15675,7.15136,7.14166,7.05047,7.16241,7.27517,7.41325,7.36768,2.47901e-25,2.79193,4.44786,5.53124,6.31438,6.91094,7.31686,7.51424,7.63372,7.73871,7.7208,	0.404281,8.14817,7.54404,6.94819,6.26103,5.50962,4.68392,3.84375,3.00998,2.15358,1.2149,1.7379e-07,3.79978,5.19699,5.1951,4.7992,4.2338,3.69408,3.12584,2.52572,1.91718,1.24115,	0.382374,8.29077,7.55344,6.83015,6.17276,5.42926,4.68987,3.87081,3.03809,2.15468,1.23247,1.87617e-07,3.78002,5.1448,5.11578,4.80142,4.21307,3.75405,3.13077,2.52665,1.89193,1.2482,	
0.0043509,6.41859,7.09129,7.14807,7.14482,7.13322,7.05836,7.19802,7.31119,7.4321,7.34926,2.13732e-25,2.78832,4.44275,5.52736,6.33658,6.93322,7.31722,7.53918,7.66435,7.74874,7.72247,	0.400688,8.13591,7.54497,6.94587,6.26231,5.50612,4.69202,3.84111,3.01544,2.15559,1.23085,1.65367e-07,3.80342,5.21067,5.21177,4.80283,4.25316,3.68971,3.11589,2.5305,1.92582,1.25579,	0.379251,8.28722,7.54113,6.82044,6.17265,5.43668,4.69465,3.8911,3.06203,2.165,1.23933,1.7828e-07,3.75425,5.13589,5.10856,4.81518,4.22971,3.73144,3.12086,2.52847,1.91933,1.26603,	
0.00426385,6.4319,7.07649,7.14423,7.14051,7.15178,7.05598,7.18029,7.31426,7.45248,7.40345,1.82969e-25,2.78249,4.42834,5.53962,6.3436,6.94778,7.30947,7.45228,7.61354,7.73998,7.78423,	0.397491,8.118,7.54454,6.93489,6.26542,5.50343,4.667,3.84661,3.01007,2.14978,1.24165,1.56729e-07,3.83942,5.216,5.19459,4.79722,4.25963,3.69125,3.11742,2.51715,1.92216,1.26109,	0.37675,8.29402,7.51646,6.8397,6.14643,5.44909,4.69461,3.89762,3.04189,2.17387,1.24161,1.6938e-07,3.79298,5.125,5.14149,4.79767,4.24131,3.72426,3.13355,2.51185,1.92174,1.249,	
0.00419771,6.48497,7.07504,7.1545,7.13912,7.15741,7.0658,7.16388,7.31434,7.39422,7.34002,1.58729e-25,2.812,4.42665,5.5406,6.33182,6.92757,7.34257,7.5185,7.60851,7.69405,7.75823,	0.393995,8.12539,7.56109,6.94547,6.25962,5.4774,4.65979,3.84527,3.00437,2.15982,1.23756,1.49601e-07,3.82323,5.20636,5.18774,4.82492,4.29724,3.67916,3.10793,2.50906,1.91616,1.25667,	0.374074,8.28398,7.51817,6.8603,6.16213,5.45652,4.68859,3.88543,3.04911,2.1819,1.23061,1.62167e-07,3.79167,5.10524,5.13935,4.79365,4.25678,3.7339,3.1247,2.51353,1.92252,1.24459,	
0.00412178,6.47572,7.0638,7.15153,7.14132,7.14117,7.06651,7.18102,7.32344,7.39739,7.34857,1.3625e-25,2.83296,4.44607,5.55475,6.31041,6.90321,7.31349,7.51578,7.6319,7.74267,7.79067,	0.391771,8.13608,7.57295,6.97056,6.26454,5.48374,4.66582,3.83761,3.0256,2.17267,1.23293,1.43328e-07,3.85025,5.20506,5.18578,4.82278,4.31394,3.70563,3.09689,2.49631,1.9076,1.25281,	0.370125,8.27491,7.52269,6.8577,6.17016,5.46906,4.70507,3.87757,3.03391,2.16291,1.23156,1.53578e-07,3.79801,5.08854,5.13238,4.76813,4.27237,3.72713,3.12006,2.52061,1.91402,1.24845,	
0.0040436,6.47184,7.06967,7.14989,7.15291,7.14983,7.08341,7.16918,7.30858,7.39879,7.42991,1.18289e-25,2.84375,4.42762,5.52751,6.31488,6.89973,7.28674,7.48113,7.63316,7.74748,7.80594,	0.389488,8.13446,7.56043,6.98182,6.2505,5.47488,4.6734,3.85264,3.04297,2.15862,1.22948,1.36875e-07,3.85365,5.18025,5.18009,4.8232,4.29583,3.71104,3.10975,2.50233,1.89329,1.25279,	0.367258,8.26594,7.49805,6.86878,6.20388,5.48259,4.70518,3.87308,3.03059,2.15339,1.23987,1.46516e-07,3.81844,5.09278,5.1273,4.74541,4.27255,3.72656,3.11234,2.49913,1.91477,1.26561,	
0.00396101,6.47085,7.07639,7.15091,7.15702,7.13784,7.06532,7.16834,7.32579,7.37712,7.39398,1.02453e-25,2.82748,4.43282,5.51962,6.29899,6.91111,7.26641,7.44811,7.63824,7.70545,7.76819,	0.387395,8.12027,7.56268,6.95405,6.2397,5.47588,4.66398,3.85478,3.04537,2.16493,1.2202,1.30555e-07,3.82023,5.16564,5.16903,4.8103,4.28939,3.71434,3.10358,2.4894,1.89196,1.23437,	0.364586,8.26983,7.49377,6.8654,6.20163,5.47954,4.6966,3.85167,3.02627,2.15805,1.24224,1.40683e-07,3.86332,5.10061,5.10209,4.77206,4.25529,3.71574,3.10242,2.48315,1.91917,1.2657,	
0.00387828,6.4576,7.09308,7.16961,7.16997,7.14965,7.08806,7.12963,7.33139,7.36737,7.41817,8.99642e-26,2.82353,4.45277,5.53345,6.32428,6.90731,7.26633,7.44606,7.6078,7.67571,7.73966,	0.385474,8.12024,7.56874,6.94562,6.24381,5.45885,4.664,3.8505,3.04038,2.15416,1.22099,1.25939e-07,3.85222,5.1415,5.17156,4.82178,4.2998,3.70769,3.10927,2.49436,1.90263,1.23833,	0.361876,8.27155,7.49493,6.85085,6.19164,5.47861,4.69155,3.86982,3.04354,2.16908,1.23239,1.34701e-07,3.86143,5.08883,5.08454,4.78992,4.27534,3.71929,3.09829,2.48346,1.92047,1.26038,	
0.00382556,6.50464,7.08592,7.15292,7.16265,7.14969,7.09366,7.13173,7.31888,7.34314,7.3754,7.85138e-26,2.79721,4.43913,5.52799,6.31108,6.91589,7.32013,7.43049,7.58394,7.66348,7.73982,	0.382671,8.12166,7.56794,6.94424,6.2381,5.45913,4.67187,3.83168,3.01873,2.16071,1.21574,1.20479e-07,3.84703,5.14417,5.17959,4.81261,4.27967,3.70486,3.1082,2.49359,1.91971,1.23903,	0.359467,8.25514,7.50251,6.84362,6.19289,5.46014,4.68818,3.8617,3.04162,2.17022,1.23075,1.28813e-07,3.88923,5.09378,5.09164,4.78478,4.2688,3.6955,3.08824,2.50117,1.91395,1.25524,	
0.00374886,6.4879,7.08834,7.13255,7.16359,7.14579,7.09351,7.12542,7.28973,7.32202,7.39692,6.88731e-26,2.79668,4.43725,5.52012,6.30809,6.91352,7.35169,7.49337,7.58515,7.68059,7.76565,	0.380057,8.11024,7.58513,6.92481,6.23943,5.47686,4.68712,3.83716,3.00972,2.15684,1.22255,1.15872e-07,3.85189,5.11955,5.17967,4.78798,4.25646,3.69408,3.10385,2.50466,1.90666,1.24278,	0.357017,8.22955,7.50101,6.86989,6.20896,5.4722,4.69012,3.86133,3.04065,2.1517,1.2283,1.23736e-07,3.92025,5.09788,5.1161,4.80613,4.28584,3.68858,3.08728,2.50075,1.91775,1.24914,	
0.00369457,6.50701,7.09433,7.14176,7.16635,7.15941,7.11413,7.15421,7.28454,7.34818,7.41295,6.0968e-26,2.83185,4.43347,5.51874,6.32341,6.92082,7.32611,7.48226,7.64424,7.69328,7.76152,	0.378065,8.11319,7.59188,6.94804,6.24185,5.4643,4.67595,3.84214,3.00889,2.16252,1.23745,1.11428e-07,3.8681,5.08971,5.17753,4.80635,4.27977,3.69778,3.09475,2.51203,1.92344,1.25765,	0.355149,8.21945,7.50333,6.90084,6.21841,5.4755,4.6818,3.88226,3.03481,2.16065,1.23145,1.18886e-07,3.92463,5.10671,5.11247,4.8205,4.29273,3.67609,3.09552,2.50194,1.92153,1.2623,	
0.00362866,6.50102,7.09809,7.13993,7.16315,7.16502,7.1211,7.13739,7.30945,7.35418,7.40699,5.38805e-26,2.84902,4.40334,5.50463,6.33258,6.92009,7.33744,7.50263,7.65828,7.64113,7.76374,	0.375155,8.10302,7.59658,6.95359,6.25543,5.4768,4.66056,3.83953,3.02296,2.16332,1.24532,1.07327e-07,3.89015,5.08045,5.16006,4.78729,4.29772,3.69139,3.08673,2.49665,1.91798,1.26282,	0.351915,8.21758,7.49553,6.90807,6.21209,5.47657,4.66223,3.86617,3.03048,2.15334,1.23616,1.14123e-07,3.93311,5.09649,5.11479,4.81275,4.30634,3.68278,3.10006,2.5087,1.92413,1.25703,	
0.00357814,6.49978,7.09612,7.1278,7.16153,7.16366,7.1061,7.15042,7.33162,7.34117,7.36548,4.7698e-26,2.85143,4.41429,5.51001,6.30248,6.92027,7.33134,7.51962,7.61402,7.66006,7.7078,	0.37316,8.11387,7.59763,6.94587,6.24308,5.44915,4.66168,3.85883,3.02412,2.15751,1.23483,1.03422e-07,3.91494,5.08176,5.15688,4.78095,4.30399,3.69356,3.10771,2.50702,1.91456,1.2488,	0.349848,8.20314,7.50021,6.89253,6.22142,5.46828,4.65489,3.86046,3.02505,2.15869,1.23569,1.09852e-07,3.92653,5.06966,5.11592,4.7938,4.2945,3.6953,3.1074,2.51302,1.91527,1.25562,	
0.00352341,6.502,7.09837,7.13288,7.15952,7.1455,7.09437,7.13813,7.33529,7.31021,7.33024,4.19273e-26,2.80291,4.41523,5.51044,6.32368,6.9393,7.36056,7.4952,7.65365,7.69253,7.6799,	0.371319,8.13042,7.59892,6.93225,6.23094,5.45395,4.6848,3.8691,3.0178,2.1564,1.22932,9.95906e-08,3.91146,5.06624,5.13396,4.7487,4.30559,3.69501,3.1132,2.51199,1.91162,1.25187,	0.348311,8.21612,7.50105,6.89916,6.21348,5.4633,4.66039,3.86473,3.02102,2.16183,1.22325,1.05899e-07,3.90745,5.05935,5.11028,4.81817,4.30203,3.67841,3.11034,2.48484,1.91097,1.25073,	
0.00347611,6.5078,7.11265,7.13106,7.13686,7.10725,7.08097,7.15802,7.35317,7.32675,7.33277,3.71916e-26,2.80984,4.42285,5.51007,6.31289,6.91892,7.32873,7.47248,7.6611,7.73312,7.71859,	0.369612,8.14281,7.61591,6.9281,6.22443,5.45555,4.69548,3.87563,3.01205,2.17123,1.22374,9.58365e-08,3.91966,5.06585,5.14343,4.74962,4.30414,3.7149,3.11779,2.49406,1.91799,1.23622,	0.346712,8.20413,7.50883,6.89585,6.19624,5.46196,4.68224,3.8635,3.02692,2.15301,1.22433,1.01909e-07,3.89143,5.06691,5.11149,4.83688,4.30382,3.68157,3.11099,2.49248,1.90985,1.24417,	
0.00342022,6.49416,7.11347,7.12904,7.13679,7.09279,7.07284,7.16508,7.34771,7.35962,7.32024,3.3246e-26,2.83127,4.43829,5.52056,6.29916,6.89535,7.31082,7.46298,7.64034,7.69268,7.7219,	0.36814,8.14246,7.6046,6.93268,6.21699,5.45633,4.70404,3.8625,3.00992,2.15686,1.23009,9.24111e-08,3.9062,5.06539,5.13413,4.74625,4.30428,3.71237,3.11505,2.48442,1.91879,1.2483,	0.345056,8.21198,7.49426,6.89641,6.19558,5.45406,4.67779,3.85652,3.02207,2.15312,1.22475,9.79254e-08,3.86493,5.0511,5.12077,4.82989,4.32137,3.67687,3.11315,2.5042,1.91044,1.24849,	
0.00337406,6.5017,7.10764,7.12734,7.13243,7.09512,7.06857,7.18446,7.32144,7.36227,7.35978,2.97913e-26,2.8374,4.45868,5.51677,6.29761,6.85873,7.30607,7.50965,7.64996,7.74076,7.74883,	0.36603,8.13604,7.59374,6.92424,6.19952,5.45303,4.70868,3.86074,3.01284,2.16165,1.2319,8.92763e-08,3.8899,5.0975,5.15774,4.75732,4.30506,3.70805,3.11409,2.48979,1.91679,1.25926,	0.343437,8.21438,7.50232,6.91474,6.19908,5.45185,4.68035,3.8551,3.01914,2.16238,1.23235,9.4656e-08,3.89115,5.0844,5.13303,4.81789,4.31501,3.67139,3.12524,2.51032,1.88978,1.25429,	
0.00332668,6.5061,7.08841,7.13272,7.13913,7.10236,7.06568,7.18188,7.30437,7.38059,7.35485,2.65466e-26,2.8164,4.45974,5.50604,6.29853,6.86518,7.2826,7.49833,7.65098,7.7209,7.73307,	0.363685,8.14359,7.59552,6.91027,6.20357,5.46148,4.70251,3.84819,3.01437,2.15709,1.23253,8.63231e-08,3.88083,5.10963,5.14304,4.77348,4.32133,3.7137,3.12371,2.47162,1.89554,1.24898,	0.341676,8.2217,7.49942,6.90709,6.21317,5.45744,4.68368,3.86221,3.01686,2.16058,1.21336,9.11688e-08,3.89363,5.05378,5.13138,4.80762,4.31772,3.67176,3.11646,2.49847,1.89331,1.2402,	
0.0032709,6.48428,7.08358,7.12625,7.12315,7.10156,7.06288,7.18854,7.30401,7.4037,7.36877,2.37007e-26,2.79645,4.48554,5.52193,6.29934,6.87803,7.27465,7.50329,7.62049,7.74059,7.77726,	0.361488,8.14628,7.59231,6.88629,6.21284,5.4711,4.69469,3.83725,3.02688,2.15554,1.2266,8.34711e-08,3.88677,5.14493,5.13547,4.77615,4.32139,3.70425,3.1135,2.47684,1.90171,1.23924,	0.339697,8.22471,7.51933,6.89613,6.20988,5.47246,4.67373,3.86667,3.02088,2.15642,1.22505,8.78018e-08,3.85757,5.04728,5.14622,4.80691,4.31434,3.66838,3.11038,2.50423,1.9107,1.2441,	
0.00322571,6.4814,7.0828,7.12341,7.13274,7.10691,7.0544,7.17519,7.29643,7.42488,7.38513,2.13518e-26,2.80516,4.47244,5.53629,6.27661,6.88597,7.27534,7.47804,7.63808,7.72556,7.76735,	0.359604,8.15863,7.5847,6.87813,6.19731,5.45601,4.69055,3.84061,3.0111,2.15775,1.22788,8.07569e-08,3.8957,5.13308,5.12148,4.76638,4.33859,3.70074,3.11187,2.48214,1.89737,1.25424,	0.337258,8.22163,7.52575,6.89614,6.2233,5.46996,4.66823,3.87077,3.0325,2.16294,1.22849,8.49029e-08,3.86438,5.05694,5.13236,4.80724,4.31673,3.65971,3.11273,2.49659,1.91417,1.24528,	
0.00316398,6.46718,7.08065,7.11537,7.13447,7.11972,7.07292,7.1676,7.31914,7.41671,7.39416,1.91177e-26,2.81061,4.4368,5.52196,6.25349,6.89166,7.27714,7.45812,7.62384,7.72054,7.76633,	0.357676,8.1581,7.58658,6.88407,6.19012,5.46003,4.68456,3.83023,3.00342,2.14905,1.23018,7.80577e-08,3.89386,5.13286,5.10817,4.77855,4.33087,3.69629,3.1151,2.47626,1.88718,1.25634,	0.335364,8.22211,7.54783,6.90165,6.20188,5.47441,4.68438,3.86108,3.01453,2.15825,1.22773,8.2085e-08,3.87776,5.05228,5.1252,4.80301,4.3182,3.65222,3.12001,2.4971,1.89247,1.25046,	
0.00312538,6.4745,7.0858,7.11907,7.13866,7.12308,7.07245,7.14706,7.32054,7.3918,7.37923,1.73123e-26,2.80702,4.44727,5.52348,6.27014,6.87529,7.28056,7.48823,7.63584,7.71317,7.78986,	0.356386,8.16198,7.58012,6.88979,6.17844,5.47368,4.68553,3.84376,3.01622,2.15224,1.23142,7.52178e-08,3.8759,5.14238,5.09792,4.77111,4.32425,3.69948,3.11358,2.48714,1.88765,1.24543,	0.333108,8.20914,7.53922,6.91304,6.19799,5.47139,4.68087,3.85388,3.02795,2.15396,1.22466,7.92466e-08,3.88851,5.07819,5.13963,4.79587,4.33574,3.66103,3.11689,2.50985,1.90483,1.23899,	
0.00307903,6.47179,7.08043,7.1321,7.13881,7.12849,7.08684,7.13455,7.30827,7.3898,7.46236,1.56971e-26,2.83214,4.42738,5.51792,6.28548,6.88058,7.2852,7.48381,7.63624,7.72935,7.78856,	0.354617,8.16003,7.58375,6.89468,6.20289,5.47405,4.68221,3.84252,3.01511,2.15697,1.22743,7.31065e-08,3.89379,5.16849,5.11641,4.77834,4.31612,3.70633,3.11686,2.48678,1.89168,1.25286,	0.331293,8.21032,7.54525,6.92294,6.20066,5.45842,4.68382,3.85317,3.03301,2.15523,1.22944,7.66768e-08,3.88032,5.07396,5.14925,4.79108,4.32668,3.6763,3.12344,2.51378,1.91466,1.24418,	
0.00304473,6.48677,7.09037,7.13866,7.14005,7.13539,7.08729,7.12619,7.3019,7.39377,7.40762,1.42838e-26,2.85021,4.43841,5.51917,6.27864,6.88444,7.2877,7.43248,7.62629,7.74092,7.78484,	0.352551,8.16933,7.58474,6.89259,6.21154,5.45813,4.68644,3.86072,3.01774,2.14563,1.22316,7.05888e-08,3.88661,5.16306,5.11471,4.77941,4.31208,3.69959,3.12869,2.49338,1.90067,1.23509,	0.330134,8.20214,7.54845,6.91811,6.21306,5.45907,4.68298,3.85286,3.02149,2.1586,1.23195,7.41734e-08,3.87661,5.07376,5.13685,4.79163,4.33492,3.68117,3.11136,2.50678,1.90738,1.24196,	
0.00299398,6.47035,7.08782,7.14781,7.15155,7.13512,7.08431,7.12332,7.29268,7.4007,7.45381,1.2887e-26,2.84929,4.44473,5.5323,6.30236,6.88947,7.25915,7.473,7.59481,7.71422,7.81579,	0.351013,8.16908,7.58354,6.89621,6.20929,5.48172,4.69719,3.85657,3.01394,2.15885,1.22437,6.8555e-08,3.90366,5.14784,5.11838,4.78058,4.31825,3.69394,3.13205,2.49336,1.90399,1.24845,	0.328845,8.20354,7.55919,6.91922,6.2198,5.46738,4.68364,3.85257,3.01579,2.15203,1.22922,7.16394e-08,3.86547,5.06439,5.13619,4.79885,4.32818,3.68799,3.10759,2.5005,1.91032,1.24855,	
0.00295682,6.47967,7.09574,7.15635,7.1599,7.14484,7.08191,7.11493,7.27324,7.3945,7.43327,1.16948e-26,2.86923,4.47001,5.51711,6.28231,6.89177,7.29982,7.43006,7.6146,7.74251,7.77521,	0.34958,8.17759,7.57881,6.90683,6.19919,5.48149,4.689,3.84806,3.00345,2.16178,1.22873,6.63509e-08,3.89924,5.1415,5.12262,4.80009,4.31063,3.69655,3.13298,2.4866,1.91601,1.24986,	0.327506,8.20642,7.55858,6.93057,6.22738,5.46255,4.68086,3.86167,3.01228,2.15546,1.22984,6.92733e-08,3.85823,5.06979,5.13742,4.80341,4.31835,3.69387,3.11254,2.50255,1.9064,1.24824,	
