gather,share,	gather,share,	gather,share,	gather,share,	gather,share,	gather,share,	gather,share,	gather,share,	gather,share,	wait,	wait,	wait,	wait,	wait,	wait,	wait,	wait,	wait,	
0.5,0.5,	0.5,0.5,	0.5,0.5,	0.5,0.5,	0.5,0.5,	0.5,0.5,	0.5,0.5,	0.5,0.5,	0.499999,0.500001,	1,	1,	1,	1,	1,	1,	1,	1,	1,	
0.5,0.5,	0.5,0.5,	0.5,0.5,	0.5,0.5,	0.5,0.5,	0.5,0.5,	0.5,0.5,	0.5,0.5,	0.521594,0.478406,	1,	1,	1,	1,	1,	1,	1,	1,	1,	
0.5,0.5,	0.5,0.5,	0.5,0.5,	0.5,0.5,	0.5,0.5,	0.5,0.5,	0.5,0.5,	0.5,0.5,	0.521594,0.478406,	1,	1,	1,	1,	1,	1,	1,	1,	1,	
0.5,0.5,	0.5,0.5,	0.5,0.5,	0.5,0.5,	0.5,0.5,	0.5,0.5,	0.5,0.5,	0.5,0.5,	0.521594,0.478406,	1,	1,	1,	1,	1,	1,	1,	1,	1,	
0.5,0.5,	0.5,0.5,	0.5,0.5,	0.5,0.5,	0.5,0.5,	0.5,0.5,	0.5,0.5,	0.5,0.5,	0.521594,0.478406,	1,	1,	1,	1,	1,	1,	1,	1,	1,	
0.5,0.5,	0.5,0.5,	0.5,0.5,	0.5,0.5,	0.5,0.5,	0.5,0.5,	0.5,0.5,	0.5,0.5,	0.521594,0.478406,	1,	1,	1,	1,	1,	1,	1,	1,	1,	
0.5,0.5,	0.5,0.5,	0.5,0.5,	0.5,0.5,	0.5,0.5,	0.5,0.5,	0.5,0.5,	0.5,0.5,	0.521594,0.478406,	1,	1,	1,	1,	1,	1,	1,	1,	1,	
0.5,0.5,	0.5,0.5,	0.5,0.5,	0.5,0.5,	0.5,0.5,	0.5,0.5,	0.5,0.5,	0.5,0.5,	0.521594,0.478406,	1,	1,	1,	1,	1,	1,	1,	1,	1,	
0.5,0.5,	0.5,0.5,	0.5,0.5,	0.5,0.5,	0.5,0.5,	0.5,0.5,	0.5,0.5,	0.5,0.5,	0.521594,0.478406,	1,	1,	1,	1,	1,	1,	1,	1,	1,	
0.5,0.5,	0.5,0.5,	0.5,0.5,	0.5,0.5,	0.5,0.5,	0.5,0.5,	0.5,0.5,	0.5,0.5,	0.521594,0.478406,	1,	1,	1,	1,	1,	1,	1,	1,	1,	
0.5,0.5,	0.5,0.5,	0.5,0.5,	0.5,0.5,	0.5,0.5,	0.5,0.5,	0.5,0.5,	0.5,0.5,	0.521594,0.478406,	1,	1,	1,	1,	1,	1,	1,	1,	1,	
0.5,0.5,	0.5,0.5,	0.5,0.5,	0.5,0.5,	0.5,0.5,	0.5,0.5,	0.5,0.5,	0.5,0.5,	0.521594,0.478406,	1,	1,	1,	1,	1,	1,	1,	1,	1,	
0.5,0.5,	0.5,0.5,	0.5,0.5,	0.5,0.5,	0.5,0.5,	0.5,0.5,	0.5,0.5,	0.5,0.5,	0.521594,0.478406,	1,	1,	1,	1,	1,	1,	1,	1,	1,	
0.5,0.5,	0.5,0.5,	0.5,0.5,	0.5,0.5,	0.5,0.5,	0.5,0.5,	0.5,0.5,	0.5,0.5,	0.521594,0.478406,	1,	1,	1,	1,	1,	1,	1,	1,	1,	
0.5,0.5,	0.5,0.5,	0.5,0.5,	0.5,0.5,	0.5,0.5,	0.5,0.5,	0.5,0.5,	0.5,0.5,	0.521594,0.478406,	1,	1,	1,	1,	1,	1,	1,	1,	1,	
0.5,0.5,	0.5,0.5,	0.5,0.5,	0.5,0.5,	0.5,0.5,	0.5,0.5,	0.5,0.5,	0.5,0.5,	0.521594,0.478406,	1,	1,	1,	1,	1,	1,	1,	1,	1,	
0.5,0.5,	0.5,0.5,	0.5,0.5,	0.5,0.5,	0.5,0.5,	0.5,0.5,	0.5,0.5,	0.5,0.5,	0.521594,0.478406,	1,	1,	1,	1,	1,	1,	1,	1,	1,	
0.5,0.5,	0.5,0.5,	0.5,0.5,	0.5,0.5,	0.5,0.5,	0.5,0.5,	0.5,0.5,	0.5,0.5,	0.521594,0.478406,	1,	1,	1,	1,	1,	1,	1,	1,	1,	
0.5,0.5,	0.5,0.5,	0.5,0.5,	0.5,0.5,	0.5,0.5,	0.5,0.5,	0.5,0.5,	0.5,0.5,	0.521594,0.478406,	1,	1,	1,	1,	1,	1,	1,	1,	1,	
0.5,0.5,	0.5,0.5,	0.5,0.5,	0.5,0.5,	0.5,0.5,	0.5,0.5,	0.5,0.5,	0.5,0.5,	0.521594,0.478406,	1,	1,	1,	1,	1,	1,	1,	1,	1,	
0.5,0.5,	0.5,0.5,	0.5,0.5,	0.5,0.5,	0.5,0.5,	0.5,0.5,	0.5,0.5,	0.5,0.5,	0.521594,0.478406,	1,	1,	1,	1,	1,	1,	1,	1,	1,	
0.5,0.5,	0.5,0.5,	0.5,0.5,	0.5,0.5,	0.5,0.5,	0.5,0.5,	0.5,0.5,	0.5,0.5,	0.521594,0.478406,	1,	1,	1,	1,	1,	1,	1,	1,	1,	
0.5,0.5,	0.5,0.5,	0.5,0.5,	0.5,0.5,	0.5,0.5,	0.5,0.5,	0.5,0.5,	0.5,0.5,	0.521594,0.478406,	1,	1,	1,	1,	1,	1,	1,	1,	1,	
0.5,0.5,	0.5,0.5,	0.5,0.5,	0.5,0.5,	0.5,0.5,	0.5,0.5,	0.5,0.5,	0.5,0.5,	0.521594,0.478406,	1,	1,	1,	1,	1,	1,	1,	1,	1,	
0.5,0.5,	0.5,0.5,	0.5,0.5,	0.5,0.5,	0.5,0.5,	0.5,0.5,	0.5,0.5,	0.5,0.5,	0.521594,0.478406,	1,	1,	1,	1,	1,	1,	1,	1,	1,	
0.5,0.5,	0.5,0.5,	0.5,0.5,	0.5,0.5,	0.5,0.5,	0.5,0.5,	0.5,0.5,	0.5,0.5,	0.521594,0.478406,	1,	1,	1,	1,	1,	1,	1,	1,	1,	
0.5,0.5,	0.5,0.5,	0.5,0.5,	0.5,0.5,	0.5,0.5,	0.5,0.5,	0.5,0.5,	0.5,0.5,	0.521594,0.478406,	1,	1,	1,	1,	1,	1,	1,	1,	1,	
0.5,0.5,	0.5,0.5,	0.5,0.5,	0.5,0.5,	0.5,0.5,	0.5,0.5,	0.5,0.5,	0.5,0.5,	0.521594,0.478406,	1,	1,	1,	1,	1,	1,	1,	1,	1,	
0.5,0.5,	0.5,0.5,	0.5,0.5,	0.5,0.5,	0.5,0.5,	0.5,0.5,	0.5,0.5,	0.5,0.5,	0.521594,0.478406,	1,	1,	1,	1,	1,	1,	1,	1,	1,	
0.5,0.5,	0.5,0.5,	0.5,0.5,	0.5,0.5,	0.5,0.5,	0.5,0.5,	0.5,0.5,	0.5,0.5,	0.521594,0.478406,	1,	1,	1,	1,	1,	1,	1,	1,	1,	
0.5,0.5,	0.5,0.5,	0.5,0.5,	0.5,0.5,	0.5,0.5,	0.5,0.5,	0.5,0.5,	0.5,0.5,	0.521594,0.478406,	1,	1,	1,	1,	1,	1,	1,	1,	1,	
0.5,0.5,	0.5,0.5,	0.5,0.5,	0.5,0.5,	0.5,0.5,	0.5,0.5,	0.5,0.5,	0.5,0.5,	0.521594,0.478406,	1,	1,	1,	1,	1,	1,	1,	1,	1,	
0.5,0.5,	0.5,0.5,	0.5,0.5,	0.5,0.5,	0.5,0.5,	0.5,0.5,	0.5,0.5,	0.5,0.5,	0.521594,0.478406,	1,	1,	1,	1,	1,	1,	1,	1,	1,	
0.5,0.5,	0.5,0.5,	0.5,0.5,	0.5,0.5,	0.5,0.5,	0.5,0.5,	0.5,0.5,	0.5,0.5,	0.521594,0.478406,	1,	1,	1,	1,	1,	1,	1,	1,	1,	
0.5,0.5,	0.5,0.5,	0.5,0.5,	0.5,0.5,	0.5,0.5,	0.5,0.5,	0.5,0.5,	0.5,0.5,	0.521594,0.478406,	1,	1,	1,	1,	1,	1,	1,	1,	1,	
0.5,0.5,	0.5,0.5,	0.5,0.5,	0.5,0.5,	0.5,0.5,	0.5,0.5,	0.5,0.5,	0.5,0.5,	0.521594,0.478406,	1,	1,	1,	1,	1,	1,	1,	1,	1,	
0.5,0.5,	0.5,0.5,	0.5,0.5,	0.5,0.5,	0.5,0.5,	0.5,0.5,	0.5,0.5,	0.5,0.5,	0.521594,0.478406,	1,	1,	1,	1,	1,	1,	1,	1,	1,	
0.5,0.5,	0.5,0.5,	0.5,0.5,	0.5,0.5,	0.5,0.5,	0.5,0.5,	0.5,0.5,	0.5,0.5,	0.521594,0.478406,	1,	1,	1,	1,	1,	1,	1,	1,	1,	
0.5,0.5,	0.5,0.5,	0.5,0.5,	0.5,0.5,	0.5,0.5,	0.5,0.5,	0.5,0.5,	0.5,0.5,	0.521594,0.478406,	1,	1,	1,	1,	1,	1,	1,	1,	1,	
0.5,0.5,	0.5,0.5,	0.5,0.5,	0.5,0.5,	0.5,0.5,	0.5,0.5,	0.5,0.5,	0.5,0.5,	0.521594,0.478406,	1,	1,	1,	1,	1,	1,	1,	1,	1,	
0.5,0.5,	0.5,0.5,	0.5,0.5,	0.5,0.5,	0.5,0.5,	0.5,0.5,	0.5,0.5,	0.5,0.5,	0.521594,0.478406,	1,	1,	1,	1,	1,	1,	1,	1,	1,	
0.5,0.5,	0.5,0.5,	0.5,0.5,	0.5,0.5,	0.5,0.5,	0.5,0.5,	0.5,0.5,	0.5,0.5,	0.521594,0.478406,	1,	1,	1,	1,	1,	1,	1,	1,	1,	
0.5,0.5,	0.5,0.5,	0.5,0.5,	0.5,0.5,	0.5,0.5,	0.5,0.5,	0.5,0.5,	0.5,0.5,	0.521594,0.478406,	1,	1,	1,	1,	1,	1,	1,	1,	1,	
0.5,0.5,	0.5,0.5,	0.5,0.5,	0.5,0.5,	0.5,0.5,	0.5,0.5,	0.5,0.5,	0.5,0.5,	0.521594,0.478406,	1,	1,	1,	1,	1,	1,	1,	1,	1,	
0.5,0.5,	0.5,0.5,	0.5,0.5,	0.5,0.5,	0.5,0.5,	0.5,0.5,	0.5,0.5,	0.5,0.5,	0.521594,0.478406,	1,	1,	1,	1,	1,	1,	1,	1,	1,	
0.5,0.5,	0.5,0.5,	0.5,0.5,	0.5,0.5,	0.5,0.5,	0.5,0.5,	0.5,0.5,	0.5,0.5,	0.521594,0.478406,	1,	1,	1,	1,	1,	1,	1,	1,	1,	
0.5,0.5,	0.5,0.5,	0.5,0.5,	0.5,0.5,	0.5,0.5,	0.5,0.5,	0.5,0.5,	0.5,0.5,	0.521594,0.478406,	1,	1,	1,	1,	1,	1,	1,	1,	1,	
0.5,0.5,	0.5,0.5,	0.5,0.5,	0.5,0.5,	0.5,0.5,	0.5,0.5,	0.5,0.5,	0.5,0.5,	0.521594,0.478406,	1,	1,	1,	1,	1,	1,	1,	1,	1,	
0.5,0.5,	0.5,0.5,	0.5,0.5,	0.5,0.5,	0.5,0.5,	0.5,0.5,	0.5,0.5,	0.5,0.5,	0.521594,0.478406,	1,	1,	1,	1,	1,	1,	1,	1,	1,	
0.5,0.5,	0.5,0.5,	0.5,0.5,	0.5,0.5,	0.5,0.5,	0.5,0.5,	0.5,0.5,	0.5,0.5,	0.521594,0.478406,	1,	1,	1,	1,	1,	1,	1,	1,	1,	
0.5,0.5,	0.5,0.5,	0.5,0.5,	0.5,0.5,	0.5,0.5,	0.5,0.5,	0.5,0.5,	0.5,0.5,	0.521594,0.478406,	1,	1,	1,	1,	1,	1,	1,	1,	1,	
0.5,0.5,	0.5,0.5,	0.5,0.5,	0.5,0.5,	0.5,0.5,	0.5,0.5,	0.5,0.5,	0.5,0.5,	0.521594,0.478406,	1,	1,	1,	1,	1,	1,	1,	1,	1,	
0.5,0.5,	0.5,0.5,	0.5,0.5,	0.5,0.5,	0.5,0.5,	0.5,0.5,	0.5,0.5,	0.5,0.5,	0.521594,0.478406,	1,	1,	1,	1,	1,	1,	1,	1,	1,	
0.5,0.5,	0.5,0.5,	0.5,0.5,	0.5,0.5,	0.5,0.5,	0.5,0.5,	0.5,0.5,	0.5,0.5,	0.521594,0.478406,	1,	1,	1,	1,	1,	1,	1,	1,	1,	
0.5,0.5,	0.5,0.5,	0.5,0.5,	0.5,0.5,	0.5,0.5,	0.5,0.5,	0.5,0.5,	0.5,0.5,	0.521594,0.478406,	1,	1,	1,	1,	1,	1,	1,	1,	1,	
0.5,0.5,	0.5,0.5,	0.5,0.5,	0.5,0.5,	0.5,0.5,	0.5,0.5,	0.5,0.5,	0.5,0.5,	0.521594,0.478406,	1,	1,	1,	1,	1,	1,	1,	1,	1,	
0.5,0.5,	0.5,0.5,	0.5,0.5,	0.5,0.5,	0.5,0.5,	0.5,0.5,	0.5,0.5,	0.5,0.5,	0.521594,0.478406,	1,	1,	1,	1,	1,	1,	1,	1,	1,	
0.5,0.5,	0.5,0.5,	0.5,0.5,	0.5,0.5,	0.5,0.5,	0.5,0.5,	0.5,0.5,	0.5,0.5,	0.521594,0.478406,	1,	1,	1,	1,	1,	1,	1,	1,	1,	
0.5,0.5,	0.5,0.5,	0.5,0.5,	0.5,0.5,	0.5,0.5,	0.5,0.5,	0.5,0.5,	0.5,0.5,	0.521594,0.478406,	1,	1,	1,	1,	1,	1,	1,	1,	1,	
0.5,0.5,	0.5,0.5,	0.5,0.5,	0.5,0.5,	0.5,0.5,	0.5,0.5,	0.5,0.5,	0.5,0.5,	0.521594,0.478406,	1,	1,	1,	1,	1,	1,	1,	1,	1,	
0.5,0.5,	0.5,0.5,	0.5,0.5,	0.5,0.5,	0.5,0.5,	0.5,0.5,	0.5,0.5,	0.5,0.5,	0.521594,0.478406,	1,	1,	1,	1,	1,	1,	1,	1,	1,	
0.5,0.5,	0.5,0.5,	0.5,0.5,	0.5,0.5,	0.5,0.5,	0.5,0.5,	0.5,0.5,	0.5,0.5,	0.521594,0.478406,	1,	1,	1,	1,	1,	1,	1,	1,	1,	
0.5,0.5,	0.5,0.5,	0.5,0.5,	0.5,0.5,	0.5,0.5,	0.5,0.5,	0.5,0.5,	0.5,0.5,	0.521594,0.478406,	1,	1,	1,	1,	1,	1,	1,	1,	1,	
0.5,0.5,	0.5,0.5,	0.5,0.5,	0.5,0.5,	0.5,0.5,	0.5,0.5,	0.5,0.5,	0.5,0.5,	0.521594,0.478406,	1,	1,	1,	1,	1,	1,	1,	1,	1,	
0.5,0.5,	0.5,0.5,	0.5,0.5,	0.5,0.5,	0.5,0.5,	0.5,0.5,	0.5,0.5,	0.5,0.5,	0.521594,0.478406,	1,	1,	1,	1,	1,	1,	1,	1,	1,	
0.5,0.5,	0.5,0.5,	0.5,0.5,	0.5,0.5,	0.5,0.5,	0.5,0.5,	0.5,0.5,	0.5,0.5,	0.521594,0.478406,	1,	1,	1,	1,	1,	1,	1,	1,	1,	
0.5,0.5,	0.5,0.5,	0.5,0.5,	0.5,0.5,	0.5,0.5,	0.5,0.5,	0.5,0.5,	0.5,0.5,	0.521594,0.478406,	1,	1,	1,	1,	1,	1,	1,	1,	1,	
0.5,0.5,	0.5,0.5,	0.5,0.5,	0.5,0.5,	0.5,0.5,	0.5,0.5,	0.5,0.5,	0.5,0.5,	0.521594,0.478406,	1,	1,	1,	1,	1,	1,	1,	1,	1,	
0.5,0.5,	0.5,0.5,	0.5,0.5,	0.5,0.5,	0.5,0.5,	0.5,0.5,	0.5,0.5,	0.5,0.5,	0.521594,0.478406,	1,	1,	1,	1,	1,	1,	1,	1,	1,	
0.5,0.5,	0.5,0.5,	0.5,0.5,	0.5,0.5,	0.5,0.5,	0.5,0.5,	0.5,0.5,	0.5,0.5,	0.521594,0.478406,	1,	1,	1,	1,	1,	1,	1,	1,	1,	
0.5,0.5,	0.5,0.5,	0.5,0.5,	0.5,0.5,	0.5,0.5,	0.5,0.5,	0.5,0.5,	0.5,0.5,	0.521594,0.478406,	1,	1,	1,	1,	1,	1,	1,	1,	1,	
0.5,0.5,	0.5,0.5,	0.5,0.5,	0.5,0.5,	0.5,0.5,	0.5,0.5,	0.5,0.5,	0.5,0.5,	0.521594,0.478406,	1,	1,	1,	1,	1,	1,	1,	1,	1,	
0.5,0.5,	0.5,0.5,	0.5,0.5,	0.5,0.5,	0.5,0.5,	0.5,0.5,	0.5,0.5,	0.5,0.5,	0.521594,0.478406,	1,	1,	1,	1,	1,	1,	1,	1,	1,	
0.5,0.5,	0.5,0.5,	0.5,0.5,	0.5,0.5,	0.5,0.5,	0.5,0.5,	0.5,0.5,	0.5,0.5,	0.521594,0.478406,	1,	1,	1,	1,	1,	1,	1,	1,	1,	
0.5,0.5,	0.5,0.5,	0.5,0.5,	0.5,0.5,	0.5,0.5,	0.5,0.5,	0.5,0.5,	0.5,0.5,	0.521594,0.478406,	1,	1,	1,	1,	1,	1,	1,	1,	1,	
0.5,0.5,	0.5,0.5,	0.5,0.5,	0.5,0.5,	0.5,0.5,	0.5,0.5,	0.5,0.5,	0.5,0.5,	0.521594,0.478406,	1,	1,	1,	1,	1,	1,	1,	1,	1,	
0.5,0.5,	0.5,0.5,	0.5,0.5,	0.5,0.5,	0.5,0.5,	0.5,0.5,	0.5,0.5,	0.5,0.5,	0.521594,0.478406,	1,	1,	1,	1,	1,	1,	1,	1,	1,	
0.5,0.5,	0.5,0.5,	0.5,0.5,	0.5,0.5,	0.5,0.5,	0.5,0.5,	0.5,0.5,	0.5,0.5,	0.521594,0.478406,	1,	1,	1,	1,	1,	1,	1,	1,	1,	
0.5,0.5,	0.5,0.5,	0.5,0.5,	0.5,0.5,	0.5,0.5,	0.5,0.5,	0.5,0.5,	0.5,0.5,	0.521594,0.478406,	1,	1,	1,	1,	1,	1,	1,	1,	1,	
0.5,0.5,	0.5,0.5,	0.5,0.5,	0.5,0.5,	0.5,0.5,	0.5,0.5,	0.5,0.5,	0.5,0.5,	0.521594,0.478406,	1,	1,	1,	1,	1,	1,	1,	1,	1,	
0.5,0.5,	0.5,0.5,	0.5,0.5,	0.5,0.5,	0.5,0.5,	0.5,0.5,	0.5,0.5,	0.5,0.5,	0.521594,0.478406,	1,	1,	1,	1,	1,	1,	1,	1,	1,	
0.5,0.5,	0.5,0.5,	0.5,0.5,	0.5,0.5,	0.5,0.5,	0.5,0.5,	0.5,0.5,	0.5,0.5,	0.521594,0.478406,	1,	1,	1,	1,	1,	1,	1,	1,	1,	
0.5,0.5,	0.5,0.5,	0.5,0.5,	0.5,0.5,	0.5,0.5,	0.5,0.5,	0.5,0.5,	0.5,0.5,	0.521594,0.478406,	1,	1,	1,	1,	1,	1,	1,	1,	1,	
0.5,0.5,	0.5,0.5,	0.5,0.5,	0.5,0.5,	0.5,0.5,	0.5,0.5,	0.5,0.5,	0.5,0.5,	0.521594,0.478406,	1,	1,	1,	1,	1,	1,	1,	1,	1,	
0.5,0.5,	0.5,0.5,	0.5,0.5,	0.5,0.5,	0.5,0.5,	0.5,0.5,	0.5,0.5,	0.5,0.5,	0.521594,0.478406,	1,	1,	1,	1,	1,	1,	1,	1,	1,	
0.5,0.5,	0.5,0.5,	0.5,0.5,	0.5,0.5,	0.5,0.5,	0.5,0.5,	0.5,0.5,	0.5,0.5,	0.521594,0.478406,	1,	1,	1,	1,	1,	1,	1,	1,	1,	
0.5,0.5,	0.5,0.5,	0.5,0.5,	0.5,0.5,	0.5,0.5,	0.5,0.5,	0.5,0.5,	0.5,0.5,	0.521594,0.478406,	1,	1,	1,	1,	1,	1,	1,	1,	1,	
0.5,0.5,	0.5,0.5,	0.5,0.5,	0.5,0.5,	0.5,0.5,	0.5,0.5,	0.5,0.5,	0.5,0.5,	0.521594,0.478406,	1,	1,	1,	1,	1,	1,	1,	1,	1,	
0.5,0.5,	0.5,0.5,	0.5,0.5,	0.5,0.5,	0.5,0.5,	0.5,0.5,	0.5,0.5,	0.5,0.5,	0.521594,0.478406,	1,	1,	1,	1,	1,	1,	1,	1,	1,	
0.5,0.5,	0.5,0.5,	0.5,0.5,	0.5,0.5,	0.5,0.5,	0.5,0.5,	0.5,0.5,	0.5,0.5,	0.521594,0.478406,	1,	1,	1,	1,	1,	1,	1,	1,	1,	
0.5,0.5,	0.5,0.5,	0.5,0.5,	0.5,0.5,	0.5,0.5,	0.5,0.5,	0.5,0.5,	0.5,0.5,	0.521594,0.478406,	1,	1,	1,	1,	1,	1,	1,	1,	1,	
0.5,0.5,	0.5,0.5,	0.5,0.5,	0.5,0.5,	0.5,0.5,	0.5,0.5,	0.5,0.5,	0.5,0.5,	0.521594,0.478406,	1,	1,	1,	1,	1,	1,	1,	1,	1,	
0.5,0.5,	0.5,0.5,	0.5,0.5,	0.5,0.5,	0.5,0.5,	0.5,0.5,	0.5,0.5,	0.5,0.5,	0.521594,0.478406,	1,	1,	1,	1,	1,	1,	1,	1,	1,	
0.5,0.5,	0.5,0.5,	0.5,0.5,	0.5,0.5,	0.5,0.5,	0.5,0.5,	0.5,0.5,	0.5,0.5,	0.521594,0.478406,	1,	1,	1,	1,	1,	1,	1,	1,	1,	
0.5,0.5,	0.5,0.5,	0.5,0.5,	0.5,0.5,	0.5,0.5,	0.5,0.5,	0.5,0.5,	0.5,0.5,	0.521594,0.478406,	1,	1,	1,	1,	1,	1,	1,	1,	1,	
0.5,0.5,	0.5,0.5,	0.5,0.5,	0.5,0.5,	0.5,0.5,	0.5,0.5,	0.5,0.5,	0.5,0.5,	0.521594,0.478406,	1,	1,	1,	1,	1,	1,	1,	1,	1,	
0.5,0.5,	0.5,0.5,	0.5,0.5,	0.5,0.5,	0.5,0.5,	0.5,0.5,	0.5,0.5,	0.5,0.5,	0.521594,0.478406,	1,	1,	1,	1,	1,	1,	1,	1,	1,	
0.5,0.5,	0.5,0.5,	0.5,0.5,	0.5,0.5,	0.5,0.5,	0.5,0.5,	0.5,0.5,	0.5,0.5,	0.521594,0.478406,	1,	1,	1,	1,	1,	1,	1,	1,	1,	
0.5,0.5,	0.5,0.5,	0.5,0.5,	0.5,0.5,	0.5,0.5,	0.5,0.5,	0.5,0.5,	0.5,0.5,	0.521594,0.478406,	1,	1,	1,	1,	1,	1,	1,	1,	1,	
0.5,0.5,	0.5,0.5,	0.5,0.5,	0.5,0.5,	0.5,0.5,	0.5,0.5,	0.5,0.5,	0.5,0.5,	0.521594,0.478406,	1,	1,	1,	1,	1,	1,	1,	1,	1,	
