k=0_act,k=1_act,k=2_act,k=3_act,k=4_act,k=5_act,k=6_act,k=7_act,k=8_act,k=9_act,k=10_act,k=0_wait,k=1_wait,k=2_wait,k=3_wait,k=4_wait,k=5_wait,k=6_wait,k=7_wait,k=8_wait,k=9_wait,k=10_wait,	k=0_act,k=1_act,k=2_act,k=3_act,k=4_act,k=5_act,k=6_act,k=7_act,k=8_act,k=9_act,k=10_act,k=0_wait,k=1_wait,k=2_wait,k=3_wait,k=4_wait,k=5_wait,k=6_wait,k=7_wait,k=8_wait,k=9_wait,k=10_wait,	
15,15,15,15,15,14.9786,15,15,15,15,15,15,15,15,15,15,15,15,15,15,15,15,	15,15,15,15,15,15,15,15,15,15,15,15,15,15,15,15,15,15,15,15,15,14.9786,	
15,14.0465,14.606,14.7022,14.7393,14.7499,14.9828,15.0118,14.8238,14.6199,14.9401,15,14.9578,14.9617,14.9641,14.961,14.9861,15.012,14.9995,14.9115,14.6999,14.9974,	15,14.9943,15.0295,15.0283,15.0585,15.0619,15.0684,14.9256,14.0449,15.0288,14.9579,15,14.8492,14.882,14.5365,14.7354,14.9257,14.8573,14.9768,13.9975,14.9649,14.9299,	
15,13.5962,14.014,14.1982,14.7848,14.7044,14.8756,14.8519,14.5974,14.2685,14.4783,15,14.9323,14.9443,14.8762,14.9316,14.9807,15.0251,15.0308,14.8272,14.3978,14.5449,	15,14.9855,15.0629,15.0895,15.1307,15.1356,15.0455,14.5728,13.1847,15.033,14.8237,15,14.5563,14.7655,14.451,14.8266,14.9062,14.8748,14.3059,13.3945,14.649,14.666,	
15,13.1474,13.9316,14.157,14.4532,14.3824,14.8547,14.7774,14.3069,14.1398,14.5675,15,14.9133,14.909,14.8485,14.9055,14.9536,15.0258,14.9871,14.7895,14.2886,14.6182,	15,14.9979,15.0754,15.1102,15.1656,15.1484,15.0055,14.3876,13.0632,15.0294,14.6411,15,14.2932,14.7877,14.3188,14.7497,14.9875,14.8903,14.1337,13.1006,14.454,14.6488,	
15,12.3043,13.4992,14.0107,14.1981,14.2808,14.5149,14.179,13.8153,14.0358,14.3743,15,14.8342,14.8399,14.7585,14.8375,14.8975,14.9656,14.9464,14.6338,14.1088,14.4105,	15,14.974,15.0716,15.1195,15.1527,15.0948,14.9005,14.0318,12.7103,15.0022,14.4026,15,13.7985,14.1941,14.0905,14.7784,14.9482,14.7841,13.5603,12.5877,14.1575,14.5119,	
15,11.532,13.1917,13.7591,13.7781,14.0026,14.505,13.7502,13.8279,13.6682,14.0376,15,14.8046,14.8103,14.7242,14.787,14.8533,14.901,14.8738,14.376,13.6632,14.0777,	15,14.9542,15.0774,15.1439,15.1642,15.0738,14.8047,13.6844,12.0899,14.9912,13.9763,15,13.2938,14.0047,13.9147,14.7214,15.0138,14.7599,13.5323,11.8088,13.6023,14.3303,	
15,10.8898,13.041,13.3855,13.7729,13.9417,14.0877,13.6127,14.099,13.5026,13.9631,15,14.7673,14.7543,14.6698,14.7218,14.8077,14.8568,14.849,14.3652,13.5645,14.0054,	15,14.9584,15.1066,15.1696,15.1671,15.0101,14.6947,13.4304,12.0606,14.9678,13.8014,15,13.0038,13.6203,13.9509,14.6721,14.8971,14.5576,13.3746,12.3016,13.2496,14.153,	
15,10.3086,12.8237,12.9886,13.4956,13.9091,13.9727,13.9057,14.0166,13.78,13.9255,15,14.725,14.7036,14.614,14.6679,14.7524,14.8427,14.796,14.3898,13.881,13.9668,	15,14.9661,15.1307,15.187,15.1873,14.9926,14.6353,13.4259,12.3728,14.9624,13.6209,15,12.8285,13.3521,13.9117,14.6037,14.6143,14.4316,13.3871,12.618,13.1399,13.8167,	
15,10.1877,12.5602,12.961,13.4083,13.7895,13.7845,13.9383,13.9865,13.9516,14.0393,15,14.6794,14.6604,14.5656,14.6214,14.6967,14.793,14.7595,14.3544,14.0577,14.1114,	15,14.9656,15.1191,15.1821,15.1692,14.9888,14.5769,13.5048,12.6253,14.9489,13.5384,15,12.6884,13.3441,13.9481,14.5641,14.5747,14.2056,13.4267,12.7426,13.1718,13.7169,	
15,9.97664,12.2314,12.8186,12.8832,13.5954,13.8432,13.9529,13.9884,13.8499,14.0511,15,14.654,14.6079,14.5064,14.5645,14.6492,14.7437,14.7046,14.3426,13.9685,14.1363,	15,14.9753,15.119,15.188,15.176,14.9552,14.5487,13.4717,12.4672,14.9206,13.4834,15,12.6956,13.1248,13.7066,14.6905,14.4919,14.2191,13.144,12.4407,12.9559,13.7137,	
15,9.82331,11.9059,12.5555,12.662,13.6826,13.5933,13.8353,13.8893,13.7666,14.1877,15,14.6294,14.5478,14.4443,14.5147,14.5917,14.6934,14.6331,14.2335,13.9756,14.2704,	15,14.9634,15.1164,15.1804,15.1767,14.9322,14.4677,13.3628,12.3999,14.8846,13.3811,15,12.4481,12.8183,13.7116,14.4559,14.4293,14.2053,13.0636,12.7625,12.9855,13.6048,	
15,9.27092,11.6934,12.3054,12.5264,13.5956,13.254,14.2358,13.2379,13.4609,13.9654,15,14.587,14.4982,14.3854,14.4652,14.5545,14.6241,14.5783,14.0903,13.5896,13.9927,	15,14.9346,15.1032,15.1727,15.1538,14.8979,14.3498,13.1922,11.9791,14.8548,13.2063,15,12.2503,12.3973,13.5491,14.414,14.3695,14.1139,12.9554,12.0228,12.8382,13.6009,	
15,9.00089,11.4887,12.0404,12.4965,13.6609,13.0847,14.0091,13.8159,13.3909,13.8748,15,14.5649,14.4694,14.3535,14.414,14.5206,14.5959,14.5266,14.0139,13.5637,13.9039,	15,14.9368,15.1278,15.1923,15.1496,14.892,14.2994,13.0618,12.0553,14.8417,13.0987,15,12.0497,12.2486,13.3928,14.4761,14.3056,14.0865,13.0429,12.2038,12.6284,13.4692,	
15,8.89408,11.3521,12.1196,12.6371,13.7006,13.1335,14.0603,13.8532,13.4239,13.8358,15,14.5147,14.4162,14.3006,14.3721,14.4954,14.5637,14.5187,14.0366,13.6853,13.8731,	15,14.9164,15.1299,15.2067,15.1665,14.9126,14.2875,13.1853,12.1766,14.8281,13.079,15,11.7821,12.2061,13.5024,14.504,14.4387,14.109,13.0887,12.4211,12.6327,13.3756,	
15,8.73017,11.4014,11.9886,12.8169,13.6025,13.277,13.9823,14.0897,13.159,13.6528,15,14.5086,14.3921,14.2649,14.342,14.4697,14.5403,14.4918,14.0839,13.4523,13.7082,	15,14.9217,15.1472,15.2306,15.21,14.9319,14.2712,13.1568,11.8073,14.8263,13.0959,15,11.8186,12.1936,13.5074,14.4774,14.4232,14.0167,13.2566,12.1455,12.7939,13.3796,	
15,8.50846,10.7865,11.942,12.6912,13.342,13.2249,13.9217,13.4228,13.2112,13.6373,15,14.4405,14.3138,14.1961,14.2512,14.3987,14.4673,14.3835,13.9187,13.3022,13.6685,	15,14.8879,15.1248,15.1954,15.1677,14.8634,14.1272,12.9784,11.89,14.7779,12.7251,15,11.5773,12.0204,13.4523,14.2813,14.3506,13.837,12.8375,11.8816,12.8113,13.206,	
15,8.39731,10.3971,11.6951,12.4723,13.1638,12.9343,13.5509,13.4135,13.0129,13.3486,15,14.3759,14.2621,14.1381,14.1722,14.3101,14.3897,14.265,13.7054,13.1929,13.3459,	15,14.8774,15.1095,15.1754,15.1094,14.7729,13.9854,12.7707,11.3441,14.7628,12.5487,15,11.3364,11.8952,13.4874,13.9348,14.2164,13.6923,12.7391,11.3106,12.5999,13.1753,	
15,8.35236,10.3324,11.5825,12.5976,13.2392,12.8596,13.0376,13.6029,13.0573,13.5466,15,14.3452,14.2268,14.0982,14.1341,14.2716,14.3429,14.217,13.6689,13.2482,13.5726,	15,14.8746,15.1256,15.181,15.1064,14.7424,13.9068,12.6869,11.7958,14.7453,12.4075,15,11.2058,11.7094,13.4617,13.965,14.2502,13.4378,12.4644,12.3978,12.4989,13.1382,	
15,7.92157,10.114,11.5623,12.5212,13.2732,12.7224,13.3187,13.678,13.0572,13.4408,15,14.3143,14.1975,14.0533,14.1026,14.2352,14.312,14.182,13.6335,13.1396,13.505,	15,14.8807,15.1396,15.1891,15.1091,14.7263,13.8928,12.8224,11.8619,14.7076,12.2179,15,10.943,11.4588,13.0705,13.9329,14.2952,13.4446,12.6219,12.2538,12.5062,13.0823,	
15,7.85784,10.0667,11.567,12.4996,13.1676,12.7919,13.3071,14.1288,13.3884,13.7304,15,14.2736,14.1549,13.9933,14.0545,14.1771,14.256,14.1033,13.6596,13.6772,13.7923,	15,14.8832,15.1306,15.2001,15.0989,14.6969,13.8566,12.9662,12.3925,14.6958,12.3009,15,10.7646,11.3793,13.1418,13.9959,14.1564,13.4907,13.1647,12.7909,12.5032,12.9989,	
15,7.73821,9.89081,11.3139,12.6268,13.1642,12.8571,13.3722,13.6633,13.2281,13.6217,15,14.2448,14.1031,13.9347,14.0013,14.1281,14.1968,14.0635,13.6953,13.4684,13.6532,	15,14.8721,15.1189,15.1953,15.0532,14.6625,13.8457,12.9884,12.1359,14.6875,12.1754,15,10.6542,11.2442,12.9449,14.0105,14.114,13.2894,13.1224,12.5669,12.5135,12.8785,	
15,7.51823,9.59272,11.5009,12.8888,13.1836,12.9721,13.6834,13.7767,13.1781,13.636,15,14.2093,14.0708,13.8971,13.9717,14.0855,14.175,14.0164,13.7983,13.4418,13.685,	15,14.8837,15.1399,15.2401,15.0804,14.6821,13.8932,13.0986,12.1077,14.6667,12.3,15,10.564,11.169,13.2621,13.9138,14.1921,13.3283,13.2117,12.2464,12.5674,12.8646,	
15,7.31158,9.64802,11.4338,12.7518,13.3299,13.0773,13.9167,13.7519,13.3098,13.8901,15,14.1986,14.0485,13.8822,13.9517,14.0556,14.1899,14.0551,13.8526,13.5533,13.9403,	15,14.8929,15.1672,15.2722,15.1248,14.7392,13.9623,13.2621,12.3965,14.654,12.2552,15,10.5758,11.0104,13.2942,13.781,14.1575,13.4082,13.3538,12.7439,12.6035,12.7684,	
15,7.26034,9.81089,11.402,12.775,13.1383,12.9878,13.786,13.7353,13.0797,13.6834,15,14.1884,14.021,13.848,13.9299,14.0346,14.1624,14.0158,13.7839,13.2874,13.7348,	15,14.8861,15.1695,15.2923,15.1426,14.7264,13.961,13.2064,11.9456,14.6276,12.2407,15,10.4872,10.9237,13.3597,13.8153,14.2553,13.4761,13.3153,11.9918,12.6379,12.7355,	
15,6.98097,9.72128,11.3873,12.8285,12.962,12.7467,13.6927,12.9899,13.1545,13.5839,15,14.163,13.974,13.7947,13.8965,14.0043,14.1281,14.0065,13.7601,13.2992,13.6515,	15,14.892,15.1973,15.3132,15.1506,14.7244,13.9119,13.0383,11.972,14.6142,12.2778,15,10.3763,10.9479,13.1598,13.784,14.0044,13.385,12.5953,11.7613,12.5082,12.6416,	
15,6.9692,9.71191,11.5036,12.7336,12.96,12.7807,13.568,13.9063,13.2765,13.6073,15,14.1394,13.9548,13.7756,13.8596,13.9755,14.0923,13.9796,13.7767,13.4769,13.702,	15,14.9,15.2171,15.3452,15.1729,14.7291,13.9216,13.0876,12.234,14.6039,12.292,15,10.3391,11.0527,13.1984,13.8671,14.0838,13.1893,12.8222,12.3455,12.504,12.4513,	
15,6.87068,9.7111,11.3858,13.024,12.8982,12.7677,13.8188,13.6038,13.2431,13.6108,15,14.1086,13.9129,13.7381,13.8336,13.9482,14.0138,13.9289,13.7782,13.4164,13.725,	15,14.9221,15.2406,15.3437,15.1712,14.7049,13.8986,13.1337,12.2282,14.5697,12.2868,15,10.3691,10.8456,13.1919,13.9678,14.0921,13.1524,12.7918,12.3181,12.5067,12.3539,	
15,6.82688,9.74623,11.5381,13.0042,12.8382,12.6261,13.5925,13.6126,13.287,13.4937,15,14.0631,13.8624,13.7099,13.818,13.9252,13.9672,13.9086,13.7345,13.5137,13.5495,	15,14.9277,15.2501,15.3561,15.1781,14.6666,13.911,13.1263,12.1481,14.5646,12.2531,15,10.2305,10.7181,13.1026,13.9074,13.9784,13.2239,13.0206,12.3037,12.4717,12.2649,	
15,6.69233,9.77219,11.7242,12.8573,12.7904,12.6941,13.5945,13.476,13.0899,13.5934,15,14.0385,13.8061,13.6703,13.7771,13.8863,13.9534,13.9138,13.675,13.3003,13.6453,	15,14.9321,15.2514,15.3718,15.2034,14.6672,13.9419,13.1366,12.1819,14.5218,12.2036,15,10.224,10.5222,13.1426,13.9764,13.8301,13.0318,13.0096,12.5431,12.313,12.2308,	
15,6.46203,9.65938,11.0725,12.7541,12.7121,12.7853,13.4509,13.6972,13.0937,13.4714,15,14.0034,13.7594,13.6219,13.7143,13.8268,13.8928,13.8793,13.5511,13.2437,13.4856,	15,14.9214,15.246,15.3494,15.1721,14.6502,13.9022,13.1397,12.1764,14.4692,11.938,15,10.1034,10.51,13.1591,13.7498,13.3593,12.9388,12.7708,12.5182,12.154,11.9859,	
15,6.23692,9.57594,11.1675,12.5842,12.4077,12.5988,13.4644,13.4211,13.3742,13.6926,15,13.9585,13.7249,13.5777,13.6691,13.797,13.8756,13.8576,13.6658,13.5321,13.7697,	15,14.9163,15.2375,15.3505,15.1858,14.6508,13.9245,13.2661,12.4717,14.4412,12.1121,15,9.95492,10.5298,13.0987,13.7882,13.5007,12.6854,12.8963,12.1467,11.9812,11.9898,	
15,6.35511,9.51197,11.2869,12.1722,12.0127,12.4885,13.6478,13.2916,13.1683,13.7078,15,13.9282,13.6763,13.5451,13.6183,13.7687,13.8459,13.852,13.6305,13.2593,13.7744,	15,14.9236,15.2428,15.3309,15.1684,14.6094,13.9083,13.0997,12.125,14.4328,12.1081,15,10.0848,10.5535,13.0669,13.7391,13.2702,12.7316,12.544,12.3173,11.8776,11.9926,	
15,6.13462,9.5992,10.8414,12.0958,12.2608,12.5774,13.4279,13.4299,13.2375,13.6388,15,13.891,13.6484,13.5149,13.5838,13.7354,13.8277,13.8267,13.6354,13.3957,13.7214,	15,14.9168,15.26,15.3492,15.1832,14.6394,13.9367,13.104,12.2145,14.4078,12.0026,15,9.92969,10.2524,13.1042,13.6419,13.3365,12.6985,12.6004,12.4769,11.7036,11.9333,	
15,6.09396,9.73004,10.9356,12.093,12.3884,12.6067,13.2901,13.5486,12.9562,13.465,15,13.8498,13.6065,13.4791,13.5465,13.7246,13.8035,13.8182,13.5984,13.1303,13.5318,	15,14.922,15.2528,15.3375,15.1896,14.6433,13.8956,13.0039,11.8368,14.3831,11.9918,15,9.85303,10.3542,13.0426,13.7412,13.4135,12.7868,12.7697,12.1918,11.5558,11.8922,	
15,6.05318,9.59146,10.9339,12.2723,12.326,12.5028,13.5983,13.7935,13.0396,13.6103,15,13.8224,13.5731,13.4354,13.5171,13.6892,13.7756,13.8394,13.6803,13.3245,13.6978,	15,14.9246,15.2374,15.3346,15.1964,14.6724,13.9468,13.0881,12.133,14.3739,12.0865,15,9.7618,10.3795,12.9821,13.6907,13.534,12.8975,12.9694,12.3804,11.6137,11.7316,	
15,6.00324,9.32182,10.7278,12.22,12.3384,12.6884,13.4186,13.4296,12.9377,13.4976,15,13.7972,13.5346,13.4038,13.5111,13.6473,13.7478,13.6956,13.6691,13.1513,13.5731,	15,14.9355,15.2538,15.3382,15.1967,14.6769,13.9217,12.996,11.7526,14.3472,12.0488,15,9.7067,10.183,13.0668,13.6338,13.2918,12.8692,12.7616,11.8188,11.7485,11.6708,	
15,5.71756,9.29143,10.6003,12.2145,12.3891,12.587,13.3485,12.8813,12.886,13.3636,15,13.7727,13.4996,13.3522,13.4716,13.6128,13.7365,13.6869,13.4746,13.0391,13.4122,	15,14.912,15.2619,15.3467,15.1963,14.6694,13.8742,12.8696,11.5868,14.3309,11.9181,15,9.63347,10.037,12.8808,13.6463,13.1554,12.9208,12.6389,11.428,11.623,11.694,	
15,5.67812,9.30644,10.4814,12.2074,12.2875,12.4698,13.4101,13.2697,12.757,13.0846,15,13.7247,13.4464,13.3085,13.4232,13.5578,13.71,13.6127,13.4512,12.9982,13.164,	15,14.8884,15.2533,15.3461,15.1816,14.6371,13.8309,12.7594,11.3743,14.2788,11.8547,15,9.40085,9.89102,12.6132,13.5382,13.2598,12.9626,12.7869,11.9571,11.5648,11.6374,	
15,5.57935,9.25479,10.4095,12.1229,12.5993,12.3267,13.1283,13.0158,12.5917,13.0353,15,13.6888,13.4026,13.268,13.3651,13.5002,13.6593,13.5981,13.4529,12.8448,13.0981,	15,14.879,15.2623,15.3506,15.1664,14.6063,13.7487,12.6555,11.3259,14.2683,11.9697,15,9.16395,9.64056,12.3133,13.6294,13.2684,13.0376,12.6907,11.5798,11.8341,11.6721,	
15,5.55338,9.18937,10.443,12.0665,12.2847,12.4779,13.1405,13.2934,12.7072,13.2042,15,13.6751,13.3796,13.2387,13.3246,13.4718,13.5123,13.6,13.4624,12.9249,13.2886,	15,14.8865,15.2674,15.3539,15.1464,14.5811,13.7534,12.6842,11.5931,14.2327,11.9021,15,9.1988,9.64355,12.4195,13.5504,13.327,13.0542,12.6672,11.8263,11.7578,11.5977,	
15,5.38196,9.15475,10.3575,12.0338,12.362,12.6335,13.1718,13.0631,12.6175,13.0892,15,13.6539,13.3512,13.1901,13.284,13.4367,13.4799,13.559,13.3683,12.7959,13.1821,	15,14.8631,15.2639,15.3328,15.1101,14.5656,13.7402,12.5771,11.5218,14.1926,11.7917,15,9.10239,9.6317,12.4142,13.5748,13.2984,12.968,12.5394,11.93,11.5711,11.5971,	
15,5.30403,9.05532,10.4259,11.7137,12.2668,12.6935,12.7371,12.5807,12.4525,12.9349,15,13.623,13.2996,13.1564,13.2494,13.4103,13.4621,13.5256,13.2138,12.6216,12.9984,	15,14.8664,15.2629,15.336,15.1038,14.5353,13.6655,12.4516,11.2813,14.162,11.7378,15,8.80173,9.6022,12.4099,13.5362,12.9671,12.8534,12.433,11.3116,11.3825,11.6292,	
15,5.24467,8.61652,10.4949,11.9111,12.3257,12.4857,12.2749,12.8921,12.4177,12.7308,15,13.573,13.2413,13.0892,13.1887,13.3675,13.4345,13.4833,13.0806,12.5522,12.74,	15,14.8546,15.2587,15.3116,15.059,14.4807,13.5719,12.3545,11.1747,14.1229,11.5338,15,8.68339,9.46842,12.2576,13.5953,12.6291,12.8988,12.3989,11.4851,11.3095,11.5244,	
15,5.14252,8.54599,10.3575,11.9457,12.323,12.4884,12.4899,12.7357,12.5884,12.747,15,13.5563,13.2254,13.0679,13.1617,13.3493,13.4189,13.4724,13.1205,12.7378,12.8168,	15,14.84,15.2617,15.3227,15.0571,14.4597,13.579,12.4998,11.547,14.1074,11.5698,15,8.56889,9.17744,12.2763,13.3954,12.7181,12.8013,12.5805,11.5357,11.4929,11.5472,	
15,5.10898,8.41479,10.5131,11.7079,12.0964,12.4168,12.5534,13.1854,12.7932,13.0138,15,13.5043,13.1686,13.0273,13.101,13.2935,13.3709,13.4003,13.0969,12.9941,13.0925,	15,14.8339,15.2701,15.3185,15.0354,14.3967,13.5143,12.5834,11.9036,14.0597,11.5005,15,8.45294,8.99553,12.3926,13.4431,12.7998,12.8766,12.616,12.1512,11.265,11.5349,	
15,5.22709,8.4205,10.1584,11.6484,12.2837,12.7292,12.6363,13.3578,12.9361,13.1691,15,13.4595,13.1275,12.9746,13.0619,13.2757,13.3654,13.3917,13.1418,13.1406,13.2342,	15,14.8433,15.2766,15.3103,15.0255,14.416,13.554,12.8063,12.2036,14.022,11.4334,15,8.44092,8.9688,12.2705,13.4613,12.9976,12.826,12.5632,12.6228,11.3439,11.4871,	
15,5.15629,8.24513,10.0942,11.8175,12.4409,12.5548,12.7531,13.2594,12.9314,13.1854,15,13.4457,13.0936,12.9481,13.0458,13.2753,13.3753,13.3883,13.181,13.1153,13.2405,	15,14.8486,15.2908,15.3278,15.0626,14.4589,13.5984,12.9035,12.1282,13.9956,11.4249,15,8.43518,9.03147,12.2069,13.467,12.9561,12.7715,12.7232,12.2125,11.2295,11.4944,	
15,5.04923,8.1823,10.1579,11.9054,12.2477,12.6863,12.6392,12.9669,12.6968,12.9972,15,13.4164,13.0602,12.8871,13.002,13.2287,13.3441,13.3586,13.1073,12.8884,12.9705,	15,14.836,15.2825,15.3241,15.0534,14.4239,13.5722,12.8042,11.5841,13.9733,11.2979,15,8.33745,9.03601,12.291,13.2384,12.8526,12.9016,12.7503,11.4634,11.5208,11.4856,	
15,5.06948,8.31499,10.1402,11.8114,12.2932,12.6874,12.9718,13.1914,12.9674,13.0908,15,13.3636,13.0303,12.8407,12.9643,13.2057,13.3322,13.3662,13.1107,13.1784,13.145,	15,14.8308,15.2762,15.3153,15.0405,14.4149,13.5757,12.8884,12.0379,13.9615,11.3498,15,8.28909,9.04954,12.2517,13.2776,12.8676,12.8709,12.7684,12.4107,11.61,11.4961,	
15,5.0081,8.12998,10.1707,11.8812,12.2275,12.777,12.8938,13.2624,12.9985,13.0915,15,13.3332,12.9866,12.7987,12.936,13.1596,13.3081,13.3355,13.1551,13.2174,13.1514,	15,14.8347,15.2944,15.3235,15.0472,14.4164,13.5782,12.9113,11.9512,13.9544,11.5125,15,8.26442,9.08258,12.2217,13.2646,12.8546,12.8307,12.7844,12.1986,11.7064,11.343,	
15,4.93986,8.07138,10.1947,11.8068,12.2749,12.7124,12.6794,12.9813,13.0773,13.0827,15,13.2958,12.9379,12.7642,12.9,13.123,13.2844,13.3126,13.1197,13.2101,13.1681,	15,14.8229,15.3014,15.3255,15.0238,14.3784,13.5624,12.9224,11.9688,13.9223,11.4188,15,8.28976,9.27571,12.013,13.257,12.7304,12.8338,12.5573,11.9743,11.6744,11.1783,	
15,5.02834,7.89284,10.3039,11.7825,12.4666,12.6091,12.7714,13.0574,12.9935,13.3032,15,13.248,12.8893,12.7431,12.8643,13.1146,13.2831,13.3509,13.1761,13.1451,13.3677,	15,14.8223,15.3138,15.3365,15.0462,14.4061,13.5833,12.9778,12.1352,13.9078,11.3557,15,8.14477,9.28036,12.1752,13.2387,12.9031,12.6212,12.6567,12.2319,11.597,11.1203,	
15,4.99006,7.91471,10.1912,11.5807,12.3995,12.775,12.8808,12.7089,12.7488,13.1229,15,13.2298,12.879,12.7162,12.8309,13.0731,13.2473,13.3675,13.1753,12.8812,13.1838,	15,14.8117,15.3054,15.3383,15.0435,14.4072,13.5923,12.9073,11.7418,13.8943,11.4058,15,7.97148,9.04231,12.2499,13.0762,12.7913,12.4646,12.9161,11.6468,11.5387,11.1307,	
15,4.869,7.64472,10.1389,11.6744,12.2697,12.5393,12.8544,12.8835,12.6372,13.1366,15,13.2101,12.8334,12.6708,12.7994,13.0601,13.2277,13.3518,13.1853,12.8536,13.1848,	15,14.8172,15.3159,15.3457,15.0439,14.4005,13.5775,12.8174,11.739,13.8746,11.4882,15,7.71963,9.24535,12.0286,12.9201,12.8868,12.4968,12.4621,12.1257,11.2512,11.0811,	
15,4.80979,7.73268,10.3706,11.5821,12.3696,12.5916,12.9218,13.2985,12.9397,13.2247,15,13.1648,12.775,12.6352,12.7633,13.0355,13.2078,13.3219,13.2131,13.0919,13.2712,	15,14.8228,15.3122,15.3411,15.0429,14.4175,13.6229,12.9059,12.1686,13.8658,11.4607,15,7.70453,9.31294,11.9737,13.0363,12.9669,12.6779,12.5437,12.2446,11.177,11.1107,	
15,4.7742,7.57166,10.4376,11.5385,12.4,12.5249,13.1151,13.354,12.8431,13.2829,15,13.14,12.7242,12.5891,12.7215,13.0204,13.1878,13.3414,13.2067,12.8997,13.3151,	15,14.8201,15.322,15.3656,15.0485,14.3757,13.6049,12.9316,11.9914,13.8481,11.3526,15,7.61253,9.28298,11.7919,12.62,13.1734,12.6483,12.9105,12.0994,11.3346,11.0832,	
15,4.81641,7.46178,10.2833,11.4847,12.3806,11.9793,13.3922,12.9543,12.8606,13.2402,15,13.0988,12.6961,12.5626,12.7065,13.014,13.1418,13.3637,13.1795,12.979,13.2696,	15,14.8105,15.3291,15.3839,15.0598,14.332,13.5986,12.9222,11.9392,13.8246,11.276,15,7.46504,9.11332,11.974,12.4743,13.2648,12.6232,12.6678,11.8473,11.1164,11.0416,	
15,4.73945,7.58261,10.2811,11.5675,12.4294,12.1101,13.4101,13.0113,12.6775,13.3068,15,13.0677,12.6555,12.5293,12.6967,13.0053,13.1465,13.3741,13.2002,12.8538,13.3611,	15,14.7992,15.3329,15.3909,15.0825,14.3599,13.6412,12.9283,11.9527,13.7973,11.2687,15,7.1745,9.11297,12.0171,12.4504,13.2252,12.6938,12.6161,12.2009,11.364,11.0802,	
15,4.91161,7.48267,10.0602,11.6485,12.3854,12.4256,12.6195,13.0073,12.3726,12.9537,15,13.0479,12.6245,12.4912,12.6659,12.9812,13.1309,13.3284,13.1187,12.5812,12.97,	15,14.7857,15.3214,15.3848,15.086,14.3452,13.6049,12.7908,11.3043,13.7824,11.1417,15,7.03122,9.04698,12.194,12.454,13.3585,12.606,12.5703,11.3855,11.3628,10.8695,	
15,5.10094,7.29645,10.1268,11.6927,12.4326,12.1123,13.0337,13.3316,12.7363,13.0612,15,13.0144,12.575,12.4463,12.6247,12.9544,13.1009,13.3162,13.1834,13.0142,13.0735,	15,14.7969,15.3172,15.3743,15.055,14.3375,13.5721,12.8212,11.8471,13.7669,11.1798,15,6.98296,8.99621,12.2141,12.2712,13.4572,12.5367,12.9989,12.267,11.5046,10.7931,	
15,4.93192,7.36083,10.1542,11.4601,12.3763,12.4432,13.2922,13.4852,12.9944,13.2704,15,12.9802,12.5384,12.3999,12.59,12.9329,13.1045,13.3134,13.2063,13.2314,13.3153,	15,14.7842,15.3343,15.3958,15.0714,14.3773,13.6133,12.9497,12.2875,13.7415,11.1704,15,6.91488,8.97638,12.1651,12.4634,13.3901,12.4291,13.1917,12.5473,11.4975,10.7813,	
15,4.86237,7.5781,10.275,11.1779,12.4536,12.703,13.3211,13.2598,13.0971,13.2922,15,12.9155,12.4787,12.3448,12.5576,12.8805,13.0761,13.2045,13.1879,13.2552,13.3148,	15,14.7773,15.3102,15.3938,15.0436,14.3594,13.5995,12.9864,12.2868,13.7129,11.0518,15,6.84543,9.20932,12.1773,12.5635,13.4801,12.4525,13.0965,12.4549,11.5599,10.7246,	
15,4.72535,7.51358,10.509,11.1921,12.3672,12.5424,13.2476,13.2219,13.0565,13.4309,15,12.8796,12.4463,12.3258,12.5436,12.8669,13.0643,13.2357,13.2125,13.2166,13.4695,	15,14.7811,15.3328,15.4125,15.0453,14.3722,13.6569,13.0646,12.3261,13.6785,11.0909,15,6.64539,9.40486,11.8916,12.5482,13.3982,12.5588,13.166,12.4097,11.5403,10.7223,	
15,4.81988,7.46748,10.3617,11.1475,12.5879,12.6414,13.0767,12.8872,12.7113,13.0422,15,12.8468,12.3898,12.2811,12.5079,12.8453,13.069,13.2413,13.2521,12.8446,13.0958,	15,14.7872,15.3462,15.4074,15.0518,14.3767,13.6643,12.9456,11.5219,13.6569,11.199,15,6.57984,9.45009,12.0206,12.6039,13.4678,12.785,12.7684,11.1574,11.7292,10.7611,	
15,4.64146,7.63895,10.2179,11.0406,12.3728,12.4059,12.7676,12.8528,12.5125,12.7895,15,12.7992,12.345,12.2172,12.4543,12.7961,13.0318,13.1414,13.033,12.6432,12.8575,	15,14.7824,15.346,15.3981,15.0132,14.2958,13.5402,12.5115,10.9415,13.6233,11.1238,15,6.62677,9.59481,11.9683,12.4787,13.3149,12.8154,12.3688,11.0378,11.4164,10.6624,	
15,4.57923,7.69205,10.3244,10.9227,11.9837,12.3304,12.3614,12.7867,12.4592,12.8398,15,12.7661,12.2919,12.1729,12.4268,12.7622,13.0184,13.0525,12.9798,12.5503,12.9246,	15,14.7969,15.3487,15.3929,14.9863,14.2488,13.4391,12.3052,11.0865,13.5767,10.9588,15,6.67592,9.65412,11.8523,12.3668,13.2849,12.6571,11.8475,11.4468,11.3581,10.6317,	
15,4.4321,7.48326,10.4367,11.0375,12.0453,12.5107,12.6318,12.936,12.7715,12.9749,15,12.74,12.2548,12.1552,12.3923,12.7264,12.9979,13.0683,12.9186,12.9338,13.0188,	15,14.8074,15.3482,15.3552,14.9643,14.2257,13.4012,12.3781,11.7185,13.5661,10.9043,15,6.61674,9.66859,11.9123,12.4921,13.1769,12.4944,12.2213,11.9911,11.3375,10.5317,	
15,4.43266,7.4318,10.2285,10.9578,12.0382,12.6728,13.0165,12.9022,12.4754,13.1097,15,12.717,12.2326,12.134,12.3579,12.7045,12.967,13.0684,12.988,12.7034,13.1427,	15,14.801,15.339,15.339,14.9626,14.2521,13.4432,12.5553,11.7865,13.5398,10.9015,15,6.46155,9.49241,11.7498,12.2092,13.1516,12.5558,12.5782,12.1439,11.3421,10.3377,	
15,4.38295,7.3253,10.0457,11.0855,12.0838,12.5018,13.1396,12.8099,12.7518,13.2385,15,12.6854,12.203,12.0939,12.3422,12.6764,12.9494,13.0759,12.9579,12.9669,13.2953,	15,14.7996,15.3516,15.3404,14.96,14.236,13.4278,12.6771,12.1454,13.5119,10.8356,15,6.46918,9.47989,11.7031,12.1508,13.125,12.6315,12.9047,11.8625,11.1858,10.16,	
15,4.30608,7.35656,10.0977,11.1226,12.1517,12.4449,13.2185,13.1482,12.8207,13.2694,15,12.6665,12.1909,12.0899,12.3349,12.6727,12.9496,13.0988,12.827,13.0472,13.3238,	15,14.8058,15.3615,15.3511,14.9536,14.2367,13.4411,12.773,12.1378,13.4976,10.7885,15,6.50459,9.55263,11.5787,12.095,13.123,12.5022,12.8982,12.3687,11.1972,10.1224,	
15,4.36332,7.27777,10.0672,10.9543,12.1881,12.5544,12.9929,13.2701,12.8788,13.1714,15,12.6596,12.1728,12.075,12.317,12.6551,12.9447,13.0934,12.8991,13.0549,13.2467,	15,14.8109,15.3735,15.3618,14.9592,14.252,13.466,12.8451,12.0317,13.4852,10.8263,15,6.42831,9.54777,11.6092,12.0811,13.2186,12.5636,12.8777,12.0127,11.2542,10.088,	
15,4.36694,7.29839,10.0417,10.9711,12.0765,12.5893,12.9,12.8485,12.8786,13.1571,15,12.6304,12.1444,12.0526,12.3012,12.6356,12.9254,13.0691,12.9085,13.0479,13.2442,	15,14.8101,15.3715,15.3575,14.9525,14.2381,13.4506,12.8221,11.939,13.4738,10.8167,15,6.46281,9.56755,11.5184,12.1179,13.2446,12.533,12.8492,11.7243,11.1301,10.1319,	
15,4.35914,7.32988,10.0008,11.114,12.1719,12.6348,13.0312,13.3442,12.8767,13.2412,15,12.6277,12.1409,12.0517,12.3074,12.6444,12.9223,13.0986,12.9799,13.1066,13.3357,	15,14.8132,15.3777,15.3725,14.9778,14.2727,13.5054,12.9027,12.0739,13.4669,10.855,15,6.41989,9.56225,11.583,12.1331,13.2337,12.5491,12.9501,12.3466,11.1752,10.1614,	
15,4.42537,7.40251,9.92557,11.1422,12.1505,12.629,13.0081,13.282,12.8024,13.1718,15,12.62,12.129,12.0468,12.3058,12.6429,12.9212,13.1119,13.0137,13.0278,13.2419,	15,14.8181,15.3881,15.3745,14.9847,14.2774,13.5116,12.8886,11.9188,13.4586,10.9138,15,6.42399,9.55228,11.6006,12.1893,13.2312,12.5694,12.9133,12.0778,11.1703,10.1425,	
15,4.41337,7.36285,9.9501,11.1891,12.1198,12.5927,13.032,13.2764,12.8215,13.2368,15,12.6022,12.1132,12.032,12.2929,12.6368,12.9214,13.1192,12.965,12.9807,13.2861,	15,14.8176,15.3841,15.3768,14.9829,14.2837,13.519,12.9013,11.977,13.4383,10.823,15,6.47364,9.59808,11.5852,12.2269,13.232,12.6033,12.889,12.1,11.126,10.1134,	
15,4.40375,7.34257,10.0255,11.1741,12.1213,12.5422,13.1663,13.3953,12.9029,13.3077,15,12.592,12.1042,12.0216,12.2821,12.6327,12.9167,13.1221,13.0019,13.1195,13.3549,	15,14.8142,15.3905,15.3785,14.9849,14.2873,13.5463,12.9379,12.1047,13.4356,10.8653,15,6.48289,9.63462,11.6274,12.2494,13.1918,12.6255,13.0204,12.2218,11.1635,10.1126,	
15,4.37084,7.36429,9.95546,11.1801,12.1357,12.5769,13.0715,13.283,12.9027,13.1868,15,12.5819,12.0915,12.0131,12.2711,12.6248,12.9115,13.1173,12.9958,13.0984,13.2167,	15,14.8112,15.3852,15.377,14.9753,14.2892,13.5443,12.9064,11.9593,13.4221,10.8831,15,6.41196,9.65051,11.6104,12.221,13.1964,12.6115,12.946,12.0791,11.2037,10.1317,	
15,4.36893,7.33418,9.9483,11.1881,12.1146,12.5619,12.9103,13.1386,12.8632,13.1655,15,12.5682,12.0766,12.001,12.2576,12.6075,12.9002,13.1139,12.9531,13.0571,13.1929,	15,14.8103,15.3799,15.3716,14.9637,14.2795,13.5367,12.8801,11.8844,13.4126,10.9034,15,6.40965,9.53767,11.6213,12.256,13.1785,12.6565,12.8442,11.9011,11.1404,10.098,	
15,4.34632,7.40023,9.97892,11.2553,12.112,12.4971,13.0457,13.161,12.8862,13.1788,15,12.553,12.0643,11.9941,12.2522,12.6006,12.8971,13.1136,12.9765,13.0589,13.2152,	15,14.8062,15.3766,15.3615,14.9511,14.2847,13.5423,12.88,11.9247,13.4113,10.903,15,6.42188,9.55562,11.609,12.2839,13.1673,12.6962,12.8669,12.0321,11.1827,10.0865,	
15,4.33913,7.38294,9.99452,11.2808,12.0668,12.4896,13.0455,13.2047,12.9403,13.2167,15,12.5377,12.0485,11.9855,12.2399,12.5914,12.8862,13.1155,13.0073,13.0999,13.2574,	15,14.7981,15.3706,15.3581,14.9406,14.2742,13.5411,12.8936,12.0241,13.4049,10.9223,15,6.45956,9.53779,11.6327,12.1959,13.1459,12.7339,12.8625,12.1088,11.1914,10.0893,	
15,4.32316,7.3347,9.97504,11.3013,12.0917,12.553,13.102,13.2313,13.0037,13.2443,15,12.5336,12.043,11.9807,12.238,12.5929,12.8917,13.1033,13.0405,13.1963,13.2911,	15,14.7989,15.3735,15.3644,14.9489,14.286,13.5634,12.9236,12.0953,13.4019,10.9532,15,6.43809,9.56637,11.6602,12.2158,13.1189,12.7178,12.9302,12.194,11.2014,10.1022,	
15,4.28881,7.29662,9.98198,11.313,12.0812,12.5825,13.0043,13.1713,12.9738,13.2737,15,12.5208,12.029,11.9687,12.23,12.5898,12.8863,13.1049,13.0151,13.1346,13.3384,	15,14.7986,15.3723,15.3651,14.9486,14.2915,13.5618,12.9126,12.0768,13.3918,10.9274,15,6.43146,9.5838,11.6514,12.2325,13.1299,12.6921,12.8352,12.141,11.1343,10.0998,	
15,4.28833,7.25618,9.94555,11.317,12.0607,12.5924,13.0144,13.1803,12.9942,13.3088,15,12.5166,12.0203,11.9587,12.222,12.5835,12.8807,13.1097,12.9992,13.1032,13.3763,	15,14.7969,15.3647,15.356,14.9449,14.2917,13.5712,12.9359,12.1263,13.381,10.8583,15,6.43807,9.5828,11.6318,12.251,13.1126,12.7089,12.8482,12.189,11.1154,10.0953,	
15,4.32326,7.24483,9.92265,11.3554,12.0124,12.5706,13.0056,13.246,12.9125,13.2461,15,12.5073,12.0081,11.9481,12.2139,12.5745,12.8697,13.1055,12.9897,13.0228,13.3101,	15,14.797,15.3631,15.3522,14.9389,14.2784,13.5641,12.9245,11.9921,13.3784,10.8365,15,6.38879,9.61698,11.6121,12.2717,13.122,12.6805,12.8737,12.0956,11.1033,10.108,	
15,4.34598,7.27741,9.89061,11.302,12.011,12.5962,12.9806,13.0993,12.8817,13.1924,15,12.4985,11.9958,11.9382,12.2026,12.5605,12.8559,13.1022,12.9694,12.9773,13.2618,	15,14.7922,15.3608,15.3449,14.9291,14.269,13.5571,12.9029,11.9206,13.3639,10.8351,15,6.39052,9.63504,11.5955,12.2528,13.1408,12.6883,12.7864,11.9544,11.1071,10.0947,	
15,4.35804,7.28193,9.86034,11.2353,12.0763,12.5792,12.9616,13.1076,12.8577,13.195,15,12.4958,11.9907,11.9325,12.1971,12.5609,12.8593,13.1026,12.9885,12.9838,13.2662,	15,14.7913,15.3585,15.3429,14.9312,14.2797,13.564,12.9026,11.8965,13.362,10.8726,15,6.3559,9.6136,11.5428,12.2267,13.14,12.6966,12.822,12.0168,11.1151,10.101,	
15,4.37672,7.31558,9.84079,11.2602,12.0409,12.5701,13.0081,13.0578,12.8517,13.1837,15,12.491,11.985,11.9281,12.1925,12.5622,12.8593,13.1087,12.991,12.9739,13.2534,	15,14.7935,15.3637,15.3458,14.9333,14.2843,13.5664,12.898,11.8856,13.3565,10.8849,15,6.35445,9.61135,11.5683,12.249,13.1529,12.6361,12.8344,11.9495,11.1314,10.1143,	
15,4.38003,7.30692,9.84868,11.2736,12.084,12.6107,12.9581,13.0453,12.7842,13.183,15,12.4842,11.9775,11.9199,12.1859,12.558,12.8601,13.1162,12.9944,12.8823,13.263,	15,14.7911,15.3617,15.3426,14.9327,14.2826,13.5702,12.869,11.8376,13.3536,10.8879,15,6.32845,9.63386,11.5999,12.2611,13.1155,12.6428,12.7911,11.9045,11.182,10.1055,	
15,4.37675,7.32223,9.84577,11.2526,12.0831,12.6047,13.0041,13.1332,12.765,13.1901,15,12.4812,11.974,11.9174,12.1833,12.5578,12.8611,13.1213,13.0034,12.8779,13.2648,	15,14.7875,15.3641,15.3446,14.9316,14.2828,13.5831,12.8707,11.8447,13.3497,10.8979,15,6.32325,9.63291,11.6201,12.2485,13.0895,12.6586,12.8095,12.0355,11.1643,10.1074,	
15,4.36432,7.29248,9.86325,11.216,12.0881,12.5868,13.0402,13.1347,12.7517,13.1547,15,12.4678,11.9593,11.905,12.1753,12.55,12.8542,13.105,13.01,12.8924,13.2238,	15,14.7863,15.3589,15.3371,14.9226,14.2699,13.571,12.8669,11.8185,13.3455,10.9087,15,6.34671,9.62483,11.632,12.2598,13.078,12.6674,12.8361,11.9193,11.1684,10.0731,	
15,4.34947,7.2983,9.84347,11.1784,12.0678,12.5565,13.0205,13.0916,12.7309,13.1451,15,12.4659,11.9539,11.9007,12.1723,12.5484,12.856,13.1128,12.9977,12.8823,13.2178,	15,14.7854,15.3583,15.3386,14.9255,14.2761,13.5748,12.8708,11.7981,13.336,10.9104,15,6.32067,9.58149,11.624,12.2554,13.0303,12.6374,12.7555,11.9642,11.1894,10.0483,	
15,4.35788,7.3384,9.80836,11.1461,12.0994,12.539,13.0492,13.1413,12.7568,13.1096,15,12.458,11.9513,11.8951,12.1696,12.5448,12.8547,13.1121,13.0071,12.9336,13.1833,	15,14.7842,15.3565,15.3362,14.9244,14.2758,13.5735,12.8769,11.8048,13.3354,10.9233,15,6.31204,9.57716,11.6299,12.2712,13.0074,12.6477,12.8525,11.9456,11.2065,10.0438,	
15,4.35015,7.35406,9.84532,11.1666,12.0843,12.5663,13.0236,13.1676,12.7809,13.1295,15,12.4535,11.9458,11.8917,12.1667,12.5433,12.8561,13.1134,13.0249,12.967,13.2038,	15,14.7817,15.3589,15.3368,14.9281,14.28,13.5771,12.8819,11.8542,13.3352,10.9367,15,6.30191,9.58818,11.628,12.2806,12.9891,12.674,12.8956,11.9734,11.2254,10.0509,	
15,4.34739,7.38955,9.84869,11.1646,12.1015,12.5922,13.0726,13.3385,12.8207,13.2187,15,12.4485,11.9427,11.889,12.1649,12.5415,12.8579,13.1185,13.042,12.9995,13.2833,	15,14.7795,15.36,15.3386,14.9319,14.2854,13.5875,12.9126,11.9907,13.3293,10.9235,15,6.28728,9.57199,11.619,12.2931,12.9899,12.6826,12.9407,12.354,11.2287,10.0299,	
15,4.35072,7.37871,9.84183,11.1573,12.0947,12.6054,13.0095,13.3408,12.8352,13.2488,15,12.4456,11.9394,11.8855,12.1627,12.5415,12.8611,13.1255,13.0607,13.0134,13.3143,	15,14.7799,15.3614,15.3412,14.9301,14.2882,13.5947,12.9419,12.0585,13.3242,10.926,15,6.27755,9.58167,11.6123,12.2845,12.9815,12.675,12.9761,12.2999,11.2196,10.035,	
15,4.35561,7.37969,9.86308,11.1876,12.1085,12.591,12.9796,13.3328,12.8453,13.2394,15,12.4402,11.934,11.8811,12.1585,12.541,12.8595,13.1244,13.0686,12.9863,13.3111,	15,14.7776,15.3636,15.3406,14.9293,14.287,13.5911,12.9439,12.0618,13.3226,10.9319,15,6.26354,9.59339,11.6107,12.2617,12.9881,12.6749,12.9513,12.311,11.2332,10.0379,	
15,4.35963,7.37374,9.79813,11.1897,12.1009,12.5955,12.9794,13.2059,12.8269,13.2231,15,12.4345,11.9258,11.8741,12.1538,12.5342,12.8487,13.1244,13.0581,12.9574,13.2899,	15,14.7764,15.3646,15.3413,14.9276,14.2871,13.5921,12.9323,12.0319,13.311,10.9182,15,6.25872,9.58067,11.582,12.2315,13.0051,12.696,12.9228,12.116,11.2354,10.0444,	
15,4.35588,7.36578,9.79692,11.2003,12.0985,12.5985,13.0437,13.1754,12.8086,13.2071,15,12.4253,11.917,11.864,12.1473,12.5292,12.8427,13.1258,13.066,12.9572,13.2506,	15,14.771,15.363,15.3382,14.9201,14.2836,13.5882,12.9407,11.9992,13.3091,10.9045,15,6.25372,9.56017,11.5835,12.2364,13.0163,12.6903,12.9569,12.1001,11.2411,10.0411,	
15,4.36263,7.35905,9.8042,11.2408,12.0967,12.6359,13.0424,13.3081,12.8399,13.2564,15,12.4216,11.9114,11.8613,12.145,12.5285,12.8454,13.1316,13.0854,13.0127,13.3049,	15,14.7708,15.3635,15.3401,14.923,14.2898,13.6002,12.9635,12.078,13.3074,10.9241,15,6.25483,9.57038,11.6161,12.2598,13.0004,12.6865,12.9924,12.3028,11.2388,10.0369,	
15,4.3693,7.39493,9.81254,11.2425,12.0722,12.6634,13.0499,13.2938,12.822,13.2673,15,12.4173,11.9072,11.8579,12.1427,12.525,12.8458,13.1132,13.0772,12.9789,13.3217,	15,14.7719,15.3652,15.3435,14.9228,14.2908,13.6,12.9657,12.0732,13.3022,10.893,15,6.25255,9.58916,11.6261,12.2618,13.0187,12.692,12.9947,12.2911,11.2239,10.0306,	
15,4.36951,7.37999,9.8018,11.2383,12.0526,12.6524,13.0976,13.2692,12.7953,13.2729,15,12.4134,11.9029,11.8546,12.1393,12.5228,12.8465,13.117,13.0785,12.9601,13.3293,	15,14.7726,15.3691,15.3477,14.9255,14.2936,13.6015,12.9585,12.048,13.3002,10.9027,15,6.24813,9.622,11.6267,12.2572,13.0456,12.6899,12.9805,12.1989,11.2212,10.0361,	
15,4.36987,7.35946,9.80355,11.2357,12.103,12.6929,13.0458,13.2649,12.7873,13.2738,15,12.408,11.896,11.8496,12.136,12.5186,12.8473,13.1227,13.0934,12.9585,13.3284,	15,14.7722,15.3691,15.3439,14.9258,14.2935,13.6045,12.9634,12.0403,13.3001,10.9123,15,6.24879,9.61375,11.6112,12.2417,13.0529,12.6984,12.9756,12.2056,11.2354,10.0341,	
15,4.37059,7.36937,9.77908,11.228,12.1329,12.6847,13.0015,13.2838,12.798,13.2777,15,12.4044,11.8906,11.8463,12.1344,12.5169,12.8501,13.1269,13.1047,12.9634,13.3321,	15,14.7733,15.3703,15.346,14.9284,14.2965,13.6073,12.967,12.0572,13.2969,10.9097,15,6.25033,9.61491,11.6249,12.2406,13.0498,12.7047,12.943,12.2481,11.2375,10.0204,	
15,4.3615,7.37593,9.77656,11.2517,12.1281,12.7297,12.9727,13.2274,12.7749,13.2772,15,12.4007,11.8842,11.8409,12.132,12.5146,12.8507,13.1309,13.0991,12.929,13.3251,	15,14.7748,15.3699,15.346,14.9306,14.2973,13.6118,12.9753,12.0493,13.2944,10.8773,15,6.24108,9.60448,11.6188,12.2206,13.0341,12.7026,12.9215,12.2963,11.2144,10.0015,	
15,4.36575,7.39542,9.7805,11.2823,12.1126,12.7852,12.9956,13.2388,12.8055,13.2838,15,12.3986,11.8829,11.841,12.1325,12.5171,12.8565,13.1375,13.1063,12.9675,13.3315,	15,14.775,15.3735,15.3492,14.9376,14.3067,13.6249,13.001,12.1046,13.2909,10.8705,15,6.21846,9.6042,11.6086,12.218,13.0369,12.6912,12.9759,12.4607,11.2025,9.99954,	
15,4.36524,7.37729,9.7809,11.2929,12.1549,12.7633,13.0082,13.1896,12.8436,13.2799,15,12.3958,11.8785,11.837,12.1285,12.5164,12.8569,13.14,13.1119,13.0032,13.3319,	15,14.7728,15.3744,15.3495,14.9408,14.3101,13.6289,13.0143,12.1592,13.2896,10.8708,15,6.21438,9.59557,11.6182,12.2254,13.0251,12.7012,13.0084,12.3803,11.2057,9.9927,	
15,4.36824,7.40149,9.79974,11.3013,12.1834,12.7703,13.0817,13.2454,12.8605,13.3172,15,12.3929,11.8744,11.8339,12.1264,12.5171,12.8579,13.148,13.1179,13.0237,13.3677,	15,14.7736,15.3745,15.3512,14.9421,14.3106,13.6371,13.0253,12.2304,13.2874,10.872,15,6.22098,9.60046,11.6252,12.2261,13.0288,12.7022,13.0691,12.5307,11.222,9.98296,	
15,4.35712,7.40142,9.78031,11.2784,12.1866,12.7335,13.1107,13.2079,12.8695,13.3299,15,12.3878,11.8697,11.8291,12.1224,12.5159,12.8562,13.1498,13.1311,13.0449,13.3852,	15,14.7729,15.3735,15.3521,14.9422,14.3106,13.6438,13.0433,12.2489,13.2857,10.9005,15,6.21059,9.59559,11.6333,12.2239,13.0302,12.7044,13.0663,12.4439,11.1905,9.9909,	
15,4.35672,7.43302,9.78132,11.2887,12.1679,12.7378,13.0974,13.2812,12.8894,13.3425,15,12.385,11.8661,11.8263,12.1212,12.515,12.8572,13.1482,13.1346,13.0679,13.3847,	15,14.7744,15.3739,15.3549,14.9426,14.3107,13.6444,13.0525,12.2825,13.2849,10.8958,15,6.19778,9.59626,11.6468,12.2396,13.0266,12.7116,13.0702,12.4956,11.1972,9.99466,	
15,4.36184,7.44823,9.7851,11.2716,12.1562,12.7202,13.0632,13.223,12.8728,13.314,15,12.3808,11.8629,11.8223,12.119,12.5147,12.8598,13.1526,13.1349,13.0352,13.3533,	15,14.7742,15.3748,15.3549,14.9401,14.3139,13.6489,13.069,12.2386,13.2819,10.8936,15,6.19159,9.58128,11.6385,12.2356,13.0287,12.718,13.0278,12.3989,11.17,9.98981,	
15,4.35851,7.45627,9.77926,11.2428,12.1509,12.705,13.0807,13.21,12.8806,13.2913,15,12.3769,11.8581,11.8185,12.1144,12.5115,12.8565,13.1443,13.1148,13.0462,13.3364,	15,14.7738,15.3756,15.3559,14.9368,14.3113,13.6465,13.069,12.2191,13.2787,10.8877,15,6.17443,9.56677,11.6364,12.2221,13.0225,12.7296,13.0357,12.3297,11.1819,9.99499,	
15,4.34207,7.45371,9.79536,11.2347,12.1618,12.731,13.088,13.2672,12.9128,13.2811,15,12.3763,11.8576,11.818,12.1141,12.5133,12.8613,13.1497,13.1214,13.0838,13.3215,	15,14.7746,15.3793,15.3599,14.9412,14.3203,13.6558,13.083,12.2351,13.2761,10.8768,15,6.17864,9.557,11.6322,12.2247,13.0226,12.7439,13.0577,12.3893,11.1797,9.97642,	
15,4.33194,7.48122,9.79132,11.189,12.17,12.7372,13.1047,13.2756,12.9054,13.2732,15,12.3731,11.8544,11.8134,12.1099,12.5093,12.8615,13.149,13.1228,13.0779,13.3144,	15,14.776,15.3802,15.359,14.9404,14.32,13.6602,13.0916,12.2231,13.2741,10.8689,15,6.18025,9.55846,11.634,12.229,13.0357,12.7293,12.9939,12.3945,11.1899,9.97755,	
15,4.32853,7.4814,9.81163,11.194,12.1724,12.745,13.1323,13.2637,12.916,13.2776,15,12.3684,11.8494,11.8087,12.1075,12.5064,12.8605,13.1514,13.1192,13.0924,13.3256,	15,14.7748,15.3792,15.3577,14.9397,14.3204,13.6614,13.0899,12.2388,13.2732,10.8783,15,6.1818,9.55357,11.6492,12.2329,13.0416,12.722,12.9949,12.4063,11.2078,9.9824,	
15,4.33396,7.4734,9.82772,11.2059,12.1815,12.7562,13.1536,13.2373,12.9187,13.2808,15,12.3653,11.8427,11.8049,12.1045,12.5045,12.8594,13.1487,13.1186,13.0808,13.3291,	15,14.7752,15.3789,15.357,14.9387,14.3202,13.6617,13.095,12.2365,13.2702,10.8697,15,6.19271,9.57395,11.6412,12.2395,13.0383,12.7379,12.9738,12.3809,11.2159,9.98423,	
15,4.32213,7.46553,9.8328,11.2049,12.1875,12.7592,13.1571,13.2453,12.9356,13.2947,15,12.361,11.8384,11.8007,12.1014,12.5035,12.8601,13.15,13.1312,13.1051,13.3496,	15,14.7751,15.378,15.3575,14.9393,14.3212,13.6659,13.1038,12.2667,13.2693,10.8831,15,6.19344,9.57454,11.6553,12.2153,13.0414,12.7296,12.964,12.4134,11.2214,9.97276,	
15,4.33438,7.48808,9.82797,11.214,12.187,12.7279,13.1615,13.2878,12.9414,13.3018,15,12.3578,11.8358,11.7979,12.0996,12.5021,12.859,13.1489,13.129,13.1016,13.3559,	15,14.7746,15.3776,15.3581,14.941,14.3231,13.6669,13.1066,12.275,13.2647,10.8715,15,6.1835,9.57529,11.6573,12.2257,13.0548,12.7391,12.9794,12.4358,11.2087,9.97134,	
15,4.30757,7.48369,9.80971,11.176,12.2029,12.7402,13.1717,13.269,12.9341,13.2623,15,12.3528,11.8314,11.7932,12.095,12.4981,12.8576,13.148,13.1237,13.0905,13.3215,	15,14.7728,15.3771,15.3553,14.94,14.3239,13.6686,13.1059,12.2232,13.2617,10.8656,15,6.1782,9.56743,11.6523,12.2118,13.054,12.749,13.0094,12.3125,11.2154,9.95556,	
15,4.29627,7.48368,9.80951,11.1839,12.2025,12.7483,13.1689,13.3012,12.9457,13.2691,15,12.3487,11.8257,11.788,12.0911,12.4955,12.8579,13.1497,13.1328,13.0978,13.3156,	15,14.7727,15.377,15.356,14.9401,14.325,13.6648,13.1111,12.2297,13.261,10.8618,15,6.17842,9.56056,11.6799,12.2183,13.0626,12.7488,12.9733,12.347,11.2327,9.95795,	
15,4.28734,7.47703,9.81859,11.1967,12.2156,12.7561,13.1477,13.2547,12.9508,13.2684,15,12.3471,11.8233,11.7852,12.0911,12.4951,12.859,13.152,13.1352,13.1052,13.3106,	15,14.772,15.3782,15.3587,14.9418,14.3292,13.6685,13.1082,12.231,13.2593,10.858,15,6.17149,9.54962,11.6883,12.2299,13.0545,12.746,12.9809,12.3014,11.2383,9.96412,	
15,4.27817,7.46871,9.81954,11.1919,12.2303,12.7706,13.1495,13.2244,12.9445,13.2744,15,12.345,11.8201,11.7825,12.0894,12.4944,12.861,13.152,13.1392,13.106,13.3142,	15,14.7736,15.3795,15.3603,14.9427,14.3332,13.6724,13.11,12.2176,13.2574,10.8647,15,6.17568,9.53697,11.6974,12.2199,13.0511,12.7573,12.9859,12.2569,11.2428,9.97085,	
15,4.25917,7.45833,9.82511,11.1862,12.2277,12.7607,13.1002,13.1185,12.9429,13.2833,15,12.3374,11.8153,11.7775,12.0859,12.4913,12.857,13.1478,13.1349,13.0983,13.3274,	15,14.7737,15.3771,15.3605,14.9393,14.327,13.6659,13.1014,12.2094,13.2558,10.8648,15,6.17604,9.53062,11.6932,12.2131,13.0353,12.7491,12.9524,12.1339,11.2435,9.96779,	
15,4.26804,7.45454,9.83014,11.1703,12.2328,12.7659,13.117,13.1612,12.9424,13.3066,15,12.335,11.8133,11.7757,12.0837,12.4934,12.8581,13.1516,13.1384,13.09,13.3509,	15,14.7739,15.3779,15.3621,14.9433,14.3291,13.6672,13.1031,12.2207,13.2535,10.8618,15,6.16845,9.53464,11.7024,12.221,13.0275,12.7474,12.9517,12.2468,11.2464,9.96819,	
15,4.26915,7.45551,9.85003,11.1768,12.2359,12.743,13.1161,13.2185,12.9639,13.3216,15,12.3329,11.8111,11.7741,12.0841,12.4951,12.8622,13.1519,13.1461,13.1227,13.3665,	15,14.7744,15.3809,15.364,14.9469,14.3349,13.6754,13.1125,12.2466,13.2517,10.8647,15,6.17061,9.54814,11.7024,12.2307,13.0359,12.7603,12.9688,12.2839,11.2444,9.96333,	
15,4.28111,7.42487,9.85081,11.1838,12.2112,12.7282,13.0947,13.2277,12.9608,13.3292,15,12.3316,11.8084,11.7714,12.0824,12.4946,12.862,13.1528,13.1468,13.1234,13.3754,	15,14.7736,15.3799,15.3624,14.949,14.335,13.6803,13.1147,12.2452,13.2487,10.8753,15,6.16655,9.52009,11.689,12.223,13.0338,12.7717,12.9443,12.2934,11.2423,9.95432,	
15,4.28684,7.40288,9.86152,11.1739,12.2129,12.7352,13.1155,13.3004,12.9771,13.3465,15,12.3288,11.8039,11.7691,12.0796,12.4936,12.8613,13.1492,13.1501,13.1443,13.3829,	15,14.7715,15.3796,15.3612,14.9491,14.338,13.6854,13.122,12.2685,13.2464,10.8607,15,6.15493,9.52667,11.6844,12.2273,13.0508,12.782,12.95,12.3867,11.247,9.95241,	
15,4.27514,7.3924,9.85973,11.1842,12.2272,12.731,13.1138,13.2428,12.9673,13.3229,15,12.3251,11.8002,11.7656,12.0778,12.4945,12.8604,13.1506,13.1501,13.1256,13.3637,	15,14.7723,15.3794,15.36,14.9488,14.3369,13.687,13.1169,12.2332,13.2434,10.8669,15,6.1495,9.53692,11.6922,12.2267,13.0443,12.7684,12.9509,12.2824,11.2538,9.95044,	
15,4.28974,7.40546,9.86747,11.1691,12.2402,12.716,13.116,13.2635,12.9956,13.3324,15,12.3236,11.7984,11.7656,12.0773,12.4948,12.8593,13.1505,13.1586,13.1614,13.3747,	15,14.7735,15.3801,15.3599,14.9497,14.3371,13.6916,13.1261,12.2596,13.2432,10.8789,15,6.15598,9.52856,11.6887,12.2399,13.0518,12.7802,12.9609,12.3164,11.2665,9.95662,	
15,4.29282,7.40218,9.88857,11.1867,12.2498,12.7275,13.1598,13.2385,12.9773,13.3165,15,12.3225,11.7975,11.7655,12.077,12.4959,12.8625,13.1533,13.1587,13.1434,13.3667,	15,14.7756,15.3825,15.3619,14.9538,14.342,13.6984,13.123,12.2298,13.2409,10.8856,15,6.14336,9.52912,11.6982,12.2549,13.065,12.7896,12.9723,12.315,11.2744,9.95391,	
15,4.28436,7.40466,9.90919,11.176,12.2192,12.7322,13.1601,13.2359,12.9526,13.3029,15,12.319,11.7953,11.7635,12.0757,12.4943,12.8592,13.1549,13.1618,13.1221,13.3501,	15,14.771,15.384,15.3616,14.9528,14.3419,13.6982,13.1215,12.1868,13.2393,10.8951,15,6.13227,9.51534,11.7019,12.2449,13.0539,12.788,12.9697,12.2853,11.2778,9.95466,	
15,4.28398,7.41018,9.8923,11.1944,12.1955,12.7352,13.1402,13.3175,12.9393,13.3177,15,12.3174,11.7935,11.7631,12.0757,12.4942,12.8601,13.1586,13.1642,13.0838,13.3675,	15,14.7704,15.3836,15.3619,14.9535,14.3442,13.7043,13.1235,12.1841,13.2365,10.8795,15,6.1273,9.51291,11.7073,12.2541,13.0331,12.8031,12.9589,12.3336,11.2745,9.95866,	
15,4.27618,7.41183,9.90172,11.1963,12.1926,12.7419,13.1526,13.338,12.93,13.3016,15,12.316,11.7922,11.7627,12.0763,12.4954,12.861,13.1606,13.1626,13.0834,13.347,	15,14.7695,15.3863,15.3656,14.9541,14.3452,13.706,13.1287,12.16,13.2361,10.881,15,6.11904,9.52052,11.7001,12.2568,13.0263,12.7968,12.988,12.3357,11.2908,9.95088,	
15,4.26127,7.42276,9.89042,11.2015,12.1957,12.7115,13.1459,13.3913,12.9194,13.306,15,12.3127,11.7886,11.7598,12.0736,12.4944,12.8603,13.1614,13.1696,13.0684,13.3556,	15,14.7674,15.3865,15.3627,14.9549,14.3463,13.7073,13.13,12.1605,13.2342,10.8774,15,6.11586,9.50609,11.6912,12.2618,13.0324,12.8,12.984,12.3554,11.2895,9.95011,	
15,4.24533,7.42342,9.89638,11.1877,12.1849,12.7234,13.1412,13.3796,12.9204,13.2989,15,12.3107,11.7863,11.7576,12.0724,12.4944,12.8609,13.1619,13.1729,13.069,13.3491,	15,14.7663,15.3862,15.3625,14.9553,14.3463,13.7093,13.127,12.1568,13.2333,10.8808,15,6.10642,9.50032,11.6907,12.2686,13.0286,12.8051,12.9524,12.335,11.3023,9.94024,	
15,4.24625,7.44222,9.89956,11.1991,12.1896,12.715,13.1553,13.3995,12.9156,13.3156,15,12.3078,11.7833,11.7546,12.0713,12.4941,12.8629,13.1675,13.1841,13.0723,13.3634,	15,14.7655,15.3869,15.3637,14.9576,14.3496,13.7115,13.1307,12.1681,13.2319,10.8933,15,6.09628,9.48688,11.6925,12.2814,13.0388,12.8118,12.9695,12.3801,11.3232,9.93916,	
15,4.25079,7.45605,9.92163,11.2126,12.1907,12.7221,13.1176,13.3772,12.9216,13.3113,15,12.3054,11.7797,11.7535,12.0682,12.4924,12.8613,13.1628,13.1846,13.0801,13.3608,	15,14.7659,15.3875,15.3623,14.958,14.3469,13.7098,13.1285,12.1663,13.2311,10.8957,15,6.10468,9.49251,11.7055,12.2998,13.0436,12.8227,12.9755,12.3113,11.3259,9.93273,	
15,4.24448,7.4542,9.9116,11.2224,12.2057,12.741,13.0877,13.3006,12.9241,13.3103,15,12.3007,11.7749,11.7499,12.0653,12.4906,12.8612,13.164,13.1881,13.0775,13.3603,	15,14.7666,15.3884,15.364,14.958,14.3465,13.708,13.1268,12.1575,13.2299,10.8929,15,6.11331,9.49415,11.7023,12.2897,13.0455,12.8169,12.9664,12.2133,11.3248,9.92646,	
15,4.23631,7.43789,9.93082,11.2169,12.1929,12.7493,13.1048,13.3214,12.9317,13.304,15,12.2975,11.7713,11.7461,12.0636,12.4894,12.8605,13.1549,13.1854,13.0916,13.3553,	15,14.767,15.3891,15.3647,14.9576,14.3454,13.7078,13.1265,12.15,13.2281,10.8834,15,6.11631,9.48629,11.7055,12.2987,13.0392,12.8087,12.9755,12.2464,11.3264,9.91598,	
15,4.23893,7.44839,9.9437,11.2321,12.2075,12.7237,13.0963,13.3024,12.9309,13.2951,15,12.2953,11.7685,11.744,12.0619,12.4894,12.8603,13.1529,13.1854,13.0942,13.3482,	15,14.7685,15.3912,15.3655,14.9592,14.3465,13.7075,13.124,12.1304,13.2271,10.8819,15,6.11764,9.49415,11.7149,12.3027,13.0477,12.8037,12.9862,12.2026,11.3317,9.91659,	
15,4.24111,7.45185,9.94498,11.2374,12.1883,12.7046,13.0741,13.2202,12.9022,13.2861,15,12.2926,11.7654,11.7411,12.0592,12.4864,12.8595,13.149,13.1783,13.0552,13.3337,	15,14.7686,15.3925,15.3655,14.9587,14.3467,13.7078,13.1129,12.0903,13.2222,10.8725,15,6.11862,9.49099,11.713,12.3168,13.0486,12.8129,12.9494,12.0801,11.3084,9.91132,	
15,4.25,7.46006,9.95392,11.2503,12.1671,12.7053,13.0727,13.2196,12.8894,13.286,15,12.2908,11.7628,11.7391,12.0578,12.4863,12.8603,13.1508,13.1807,13.0393,13.3339,	15,14.7688,15.3931,15.3667,14.9594,14.3474,13.707,13.1091,12.0757,13.2201,10.8721,15,6.11145,9.49689,11.7137,12.3232,13.0558,12.8214,12.9387,12.089,11.3115,9.909,	
15,4.24538,7.45569,9.94947,11.2647,12.1441,12.7061,13.0946,13.1996,12.8643,13.2789,15,12.2886,11.76,11.7365,12.0559,12.485,12.8596,13.1511,13.1764,13.0112,13.3288,	15,14.7686,15.3939,15.3662,14.9581,14.3475,13.7085,13.1072,12.0395,13.2196,10.8639,15,6.11866,9.4939,11.7134,12.3062,13.0539,12.8288,12.9222,12.0586,11.3058,9.907,	
15,4.24535,7.45715,9.96398,11.2614,12.1436,12.6779,13.0914,13.2186,12.8703,13.2739,15,12.2865,11.7586,11.7351,12.0545,12.4851,12.8599,13.1511,13.1777,13.0223,13.327,	15,14.7682,15.3946,15.3674,14.9596,14.3473,13.7073,13.1062,12.036,13.2181,10.8681,15,6.1184,9.49035,11.6918,12.3246,13.036,12.8242,12.9375,12.0767,11.3117,9.9077,	
15,4.23359,7.46542,9.95566,11.254,12.131,12.66,13.0975,13.141,12.8583,13.2706,15,12.284,11.7555,11.7329,12.0529,12.4837,12.8589,13.1517,13.1797,13.0038,13.3254,	15,14.769,15.3951,15.3676,14.9589,14.3472,13.7073,13.1009,12.0177,13.2163,10.8651,15,6.11981,9.48881,11.6668,12.3206,13.0186,12.8168,12.9235,12.0221,11.2897,9.90322,	
15,4.23784,7.46751,9.96149,11.2498,12.1333,12.6879,13.098,13.1468,12.8703,13.2645,15,12.282,11.7532,11.7313,12.0507,12.4834,12.8592,13.1539,13.1755,13.0141,13.3224,	15,14.7682,15.3952,15.3674,14.9586,14.3481,13.7078,13.0991,12.0164,13.2155,10.8644,15,6.12136,9.50136,11.6733,12.3327,13.0223,12.821,12.9389,12.0274,11.2972,9.89936,	
15,4.24442,7.45674,9.9737,11.2556,12.1447,12.7014,13.1067,13.1897,12.8705,13.2854,15,12.2799,11.7513,11.7296,12.0494,12.4828,12.8595,13.1561,13.179,13.0187,13.3434,	15,14.7688,15.3956,15.3683,14.9592,14.349,13.7079,13.1019,12.0329,13.2132,10.8672,15,6.12123,9.50946,11.6756,12.3393,13.0227,12.8288,12.9587,12.0924,11.2979,9.9076,	
15,4.25179,7.45876,9.96933,11.2557,12.144,12.6958,13.0742,13.1823,12.8814,13.2762,15,12.2777,11.7487,11.7269,12.0474,12.482,12.8594,13.1555,13.1731,13.017,13.3343,	15,14.7676,15.3954,15.3683,14.9585,14.3468,13.707,13.0992,12.0386,13.2101,10.854,15,6.11837,9.50509,11.6784,12.3441,13.017,12.8209,12.9483,12.0755,11.3047,9.90297,	
15,4.23635,7.44913,9.96665,11.2553,12.1351,12.6946,13.0791,13.1927,12.8854,13.2708,15,12.275,11.7461,11.7248,12.0462,12.4802,12.8598,13.1572,13.1778,13.0191,13.3256,	15,14.7664,15.3945,15.3686,14.9589,14.3486,13.7074,13.0988,12.0393,13.2095,10.8498,15,6.10944,9.49101,11.674,12.3308,13.0117,12.8271,12.9451,12.0873,11.312,9.89725,	
15,4.23919,7.45589,9.98359,11.2586,12.1273,12.6775,13.081,13.1999,12.8891,13.2747,15,12.2732,11.7453,11.7241,12.0464,12.4814,12.861,13.1618,13.1806,13.0219,13.3339,	15,14.7664,15.3961,15.3712,14.9604,14.3526,13.712,13.0974,12.0445,13.209,10.8511,15,6.10396,9.4835,11.6857,12.3317,13.0152,12.8294,12.9435,12.1227,11.3117,9.89579,	
15,4.23409,7.44748,9.98407,11.2575,12.1306,12.6904,13.0888,13.2353,12.8964,13.2647,15,12.2712,11.7424,11.7216,12.0447,12.4805,12.8623,13.1591,13.1752,13.033,13.3233,	15,14.7647,15.3952,15.3707,14.9609,14.3543,13.7145,13.0955,12.0454,13.2065,10.8462,15,6.10124,9.47865,11.6793,12.3323,13.0178,12.8293,12.9489,12.1843,11.3169,9.88865,	
15,4.22552,7.44808,9.9905,11.255,12.1017,12.6947,13.0907,13.2366,12.8955,13.2715,15,12.2688,11.7406,11.7201,12.0432,12.479,12.863,13.1616,13.178,13.0319,13.3316,	15,14.7643,15.396,15.3719,14.961,14.3549,13.7155,13.0971,12.0554,13.2053,10.8491,15,6.09406,9.46341,11.6655,12.3313,13.0191,12.8392,12.9111,12.2225,11.3188,9.88503,	
15,4.23699,7.45301,9.98362,11.2661,12.1015,12.6969,13.0591,13.2082,12.8953,13.2777,15,12.2659,11.7394,11.7177,12.0417,12.4785,12.8623,13.1599,13.1768,13.0348,13.3391,	15,14.7639,15.3965,15.3716,14.9603,14.3547,13.712,13.0916,12.0624,13.2044,10.8554,15,6.09667,9.46218,11.6708,12.333,13.0283,12.8211,12.925,12.18,11.3302,9.8913,	
15,4.24229,7.45879,9.98811,11.2535,12.1044,12.7077,13.0587,13.1905,12.8663,13.2834,15,12.2642,11.7372,11.7161,12.0402,12.4782,12.8611,13.1605,13.1793,13.0031,13.345,	15,14.7638,15.397,15.3725,14.9602,14.3539,13.711,13.0905,12.0394,13.2034,10.8535,15,6.0908,9.46905,11.6609,12.332,13.031,12.8249,12.9281,12.1662,11.3186,9.88476,	
15,4.23352,7.4733,9.99014,11.2708,12.0919,12.691,13.0551,13.2144,12.8599,13.249,15,12.2622,11.7349,11.7134,12.0385,12.4759,12.8588,13.1556,13.1741,12.9922,13.3115,	15,14.763,15.3969,15.3712,14.9595,14.3525,13.7089,13.0843,12.0069,13.2007,10.8475,15,6.09256,9.48107,11.6575,12.3255,13.0185,12.8319,12.912,12.1431,11.3227,9.88143,	
15,4.22815,7.47553,9.98991,11.2841,12.0898,12.6932,13.0415,13.2431,12.8676,13.2435,15,12.2603,11.7339,11.7124,12.0386,12.4755,12.8586,13.155,13.1695,12.9987,13.3066,	15,14.7642,15.3991,15.3733,14.9614,14.3539,13.7065,13.0804,12.0117,13.198,10.8455,15,6.08641,9.49177,11.659,12.3286,13.0233,12.8313,12.8967,12.1513,11.3188,9.88365,	
15,4.22637,7.48352,9.99163,11.259,12.0913,12.681,13.0446,13.2419,12.8617,13.2289,15,12.2583,11.7326,11.7112,12.0375,12.4738,12.8582,13.1551,13.1694,12.9892,13.2881,	15,14.7645,15.3997,15.3745,14.9625,14.3545,13.7057,13.0768,11.9923,13.197,10.8404,15,6.08216,9.4959,11.6583,12.3241,13.0221,12.834,12.8942,12.1333,11.3095,9.87573,	
15,4.23049,7.49307,9.98351,11.2477,12.0914,12.6689,13.0541,13.2947,12.8706,13.2545,15,12.2566,11.7304,11.7102,12.0364,12.4739,12.8586,13.1569,13.1731,12.9984,13.3083,	15,14.7636,15.3995,15.3737,14.9632,14.3556,13.7067,13.0799,12.0285,13.1961,10.8358,15,6.07891,9.4946,11.6601,12.3133,13.0192,12.8272,12.9117,12.2043,11.3095,9.87824,	
15,4.22232,7.4876,9.98586,11.2533,12.0772,12.6731,13.0445,13.3058,12.8702,13.262,15,12.253,11.727,11.7076,12.0335,12.473,12.8581,13.1577,13.1732,13.0018,13.3179,	15,14.7629,15.3997,15.3727,14.9621,14.3556,13.7077,13.0826,12.0418,13.1936,10.8282,15,6.07717,9.50005,11.6571,12.3208,13.0181,12.8182,12.9344,12.1976,11.2847,9.86573,	
15,4.22669,7.4808,9.98625,11.266,12.0709,12.6874,13.0464,13.3076,12.864,13.2604,15,12.2511,11.7235,11.705,12.0302,12.4712,12.857,13.1549,13.1732,12.9921,13.3172,	15,14.7635,15.4,15.3714,14.9611,14.3555,13.7067,13.0752,12.0343,13.1924,10.8311,15,6.08145,9.51615,11.6574,12.3186,13.026,12.819,12.9413,12.17,11.2935,9.86564,	
15,4.22144,7.48694,9.97359,11.2555,12.0581,12.7005,13.0542,13.2704,12.8611,13.2541,15,12.25,11.7221,11.7034,12.029,12.4712,12.8574,13.1545,13.1731,12.9904,13.3106,	15,14.7629,15.4005,15.3722,14.9624,14.3581,13.7062,13.0705,12.029,13.1897,10.8377,15,6.07679,9.49854,11.6566,12.3193,13.0324,12.8137,12.9226,12.1249,11.3096,9.86251,	
15,4.2158,7.48151,9.98098,11.241,12.0473,12.6862,13.0568,13.2438,12.8425,13.2401,15,12.2479,11.7196,11.7019,12.028,12.4699,12.8564,13.1529,13.1683,12.9622,13.3005,	15,14.7629,15.4001,15.3723,14.9625,14.3567,13.7056,13.0573,11.9983,13.1882,10.8323,15,6.06596,9.49692,11.6522,12.3239,13.0412,12.8056,12.9044,12.0573,11.2951,9.85917,	
15,4.21788,7.4935,9.98065,11.2323,12.0311,12.681,13.0719,13.2735,12.8577,13.2489,15,12.2458,11.7176,11.7002,12.0268,12.4687,12.857,13.1535,13.1671,12.9892,13.3106,	15,14.7625,15.4001,15.3719,14.9624,14.3581,13.7061,13.0576,12.0173,13.1871,10.8385,15,6.05942,9.50549,11.6597,12.3238,13.0483,12.8018,12.9245,12.093,11.298,9.86164,	
15,4.2136,7.49131,9.9706,11.2258,12.0494,12.6662,13.067,13.2893,12.8764,13.2595,15,12.2439,11.7159,11.6985,12.0255,12.4678,12.8562,13.1525,13.1727,13.0168,13.3247,	15,14.7623,15.4015,15.372,14.9626,14.3571,13.7053,13.059,12.0406,13.1863,10.8564,15,6.05504,9.49871,11.6593,12.3158,13.0442,12.8041,12.9203,12.1376,11.3054,9.86103,	
15,4.20894,7.4912,9.96154,11.2268,12.0502,12.6757,13.0383,13.2842,12.8746,13.242,15,12.2424,11.7146,11.6962,12.0235,12.4654,12.855,13.1511,13.1669,13.0127,13.3077,	15,14.7621,15.4015,15.3712,14.9622,14.3554,13.7016,13.0524,12.023,13.1852,10.8533,15,6.05343,9.49347,11.6558,12.3075,13.0344,12.8081,12.934,12.1105,11.2994,9.83859,	
15,4.20576,7.48033,9.93937,11.2239,12.0548,12.6796,13.0558,13.2592,12.8776,13.2355,15,12.2398,11.711,11.6943,12.0215,12.4633,12.8531,13.1498,13.1652,13.0148,13.2997,	15,14.7608,15.4001,15.3695,14.9608,14.3541,13.699,13.0465,12.0196,13.1835,10.8533,15,6.04665,9.48788,11.6624,12.3047,13.043,12.8095,12.9126,12.0939,11.3041,9.84016,	
15,4.21115,7.47761,9.93391,11.2125,12.0481,12.6672,13.0523,13.27,12.8685,13.2266,15,12.2387,11.709,11.6925,12.0196,12.4621,12.8517,13.1503,13.1615,13.0086,13.2854,	15,14.7609,15.4001,15.3695,14.96,14.3528,13.6971,13.0407,11.9983,13.1823,10.8565,15,6.03857,9.48176,11.6674,12.3027,13.0381,12.8151,12.9132,12.0679,11.3132,9.84174,	
15,4.20983,7.4778,9.9261,11.2089,12.0507,12.6628,13.0601,13.2218,12.8849,13.2384,15,12.2377,11.7078,11.6916,12.018,12.4603,12.8501,13.1516,13.1607,13.0206,13.2967,	15,14.7602,15.4001,15.3696,14.9595,14.352,13.6943,13.0386,12.0222,13.1804,10.856,15,6.03569,9.47879,11.6682,12.2981,13.0397,12.8177,12.9151,12.0698,11.3078,9.8277,	
15,4.20991,7.46866,9.92174,11.2076,12.0567,12.6696,13.0393,13.1768,12.8796,13.2398,15,12.2367,11.7059,11.6898,12.0162,12.4594,12.8506,13.1524,13.1563,13.0072,13.2983,	15,14.7604,15.4001,15.369,14.9589,14.3526,13.6923,13.0294,12.0136,13.1789,10.8533,15,6.03039,9.4774,11.6725,12.292,13.0407,12.8197,12.9152,12.038,11.3057,9.83199,	
15,4.21535,7.47143,9.92673,11.1905,12.0391,12.6438,13.0537,13.1885,12.8691,13.2289,15,12.2355,11.7051,11.689,12.0156,12.4591,12.8492,13.1537,13.1562,13.0066,13.2881,	15,14.76,15.4006,15.3698,14.958,14.3514,13.6936,13.0296,11.9875,13.1779,10.8634,15,6.02201,9.47368,11.6735,12.2902,13.0437,12.8232,12.9098,11.998,11.3193,9.83383,	
15,4.21041,7.46138,9.92081,11.1982,12.036,12.6513,13.0526,13.2062,12.8718,13.2304,15,12.2339,11.7025,11.6865,12.0137,12.4573,12.8469,13.1481,13.1545,13.014,13.2902,	15,14.7597,15.3993,15.3687,14.9558,14.3475,13.6921,13.0258,11.9876,13.1762,10.871,15,6.01922,9.46637,11.6782,12.2809,13.0405,12.8252,12.9145,12.017,11.3328,9.83735,	
15,4.20014,7.46783,9.92098,11.1834,12.0416,12.655,13.0726,13.2055,12.8723,13.2124,15,12.231,11.7013,11.6853,12.0128,12.4578,12.8475,13.1505,13.1615,13.0172,13.2716,	15,14.7605,15.4008,15.3691,14.9589,14.3486,13.6931,13.0229,11.9658,13.176,10.8731,15,6.01726,9.47186,11.6766,12.2767,13.0467,12.8269,12.9111,12.0198,11.326,9.83083,	
15,4.19518,7.45895,9.91584,11.1952,12.0304,12.6615,13.0446,13.2197,12.8696,13.2214,15,12.2303,11.7002,11.6844,12.0128,12.4585,12.8483,13.151,13.1657,13.0171,13.2816,	15,14.7611,15.4024,15.3707,14.9614,14.3507,13.6953,13.0184,11.9678,13.1759,10.8837,15,6.0138,9.46235,11.6798,12.2738,13.0378,12.8322,12.8936,12.0241,11.3343,9.83357,	
15,4.20744,7.47162,9.91589,11.193,12.0328,12.6528,13.056,13.2171,12.8527,13.2155,15,12.228,11.6971,11.6823,12.0105,12.4569,12.8472,13.1493,13.1635,13.0017,13.2774,	15,14.7604,15.4006,15.3696,14.9602,14.349,13.6928,13.0122,11.9431,13.1748,10.8859,15,6.01448,9.45921,11.6871,12.2874,13.0424,12.8388,12.898,12.0103,11.3353,9.83231,	
15,4.19969,7.46797,9.91044,11.1994,12.0351,12.6606,13.0509,13.2519,12.8539,13.2227,15,12.2273,11.6965,11.6812,12.0103,12.457,12.8482,13.1503,13.165,13.0043,13.2834,	15,14.7606,15.4013,15.3707,14.9609,14.3501,13.6937,13.0158,11.9472,13.174,10.8907,15,6.01159,9.46104,11.6642,12.2886,13.0479,12.8419,12.9006,12.0573,11.3369,9.82422,	
15,4.20036,7.47682,9.89267,11.2043,12.0523,12.6601,13.0584,13.3114,12.8824,13.2392,15,12.2267,11.695,11.6801,12.01,12.4579,12.8495,13.1521,13.1691,13.0408,13.3,	15,14.7608,15.4024,15.3727,14.9623,14.3549,13.6981,13.0221,11.9894,13.1727,10.89,15,6.02071,9.46797,11.6769,12.2919,13.0562,12.8443,12.8974,12.1577,11.3303,9.82174,	
15,4.19505,7.4781,9.88903,11.2013,12.0528,12.6392,13.0612,13.2964,12.8884,13.2374,15,12.2252,11.6933,11.679,12.0097,12.4575,12.849,13.1518,13.1709,13.0451,13.2978,	15,14.7598,15.403,15.3736,14.9627,14.3544,13.6998,13.0199,11.9951,13.1723,10.8886,15,6.02169,9.45501,11.6849,12.2831,13.0577,12.8481,12.8886,12.1582,11.3224,9.81473,	
15,4.18916,7.48817,9.88694,11.1923,12.0613,12.6457,13.0332,13.2468,12.8612,13.2199,15,12.2226,11.6917,11.6771,12.0082,12.4564,12.8494,13.1516,13.1667,13.0171,13.2804,	15,14.7607,15.4032,15.3731,14.9619,14.3546,13.6987,13.0075,11.9535,13.1718,10.8924,15,6.03266,9.45811,11.6893,12.2895,13.0569,12.8534,12.8652,12.0548,11.3193,9.80541,	
15,4.20039,7.48992,9.87259,11.1934,12.055,12.6404,13.0386,13.2309,12.8525,13.2229,15,12.2223,11.6912,11.6768,12.0083,12.456,12.8496,13.1482,13.1632,13.0056,13.2829,	15,14.7612,15.4046,15.3735,14.962,14.3541,13.6987,13.0086,11.9486,13.1696,10.8878,15,6.0285,9.46207,11.6918,12.288,13.0568,12.8497,12.8549,12.0282,11.3156,9.81009,	
15,4.20853,7.4962,9.86998,11.1827,12.0482,12.6464,13.0652,13.2655,12.8659,13.2323,15,12.2216,11.6901,11.6766,12.0077,12.4567,12.8506,13.1504,13.1647,13.0263,13.2935,	15,14.7611,15.4056,15.3745,14.964,14.3557,13.7008,13.015,11.9706,13.1691,10.8876,15,6.02655,9.45676,11.683,12.2903,13.0625,12.8594,12.8569,12.1165,11.3139,9.80933,	
15,4.20597,7.49799,9.85098,11.1843,12.05,12.657,13.081,13.2496,12.8695,13.2154,15,12.2192,11.6872,11.6743,12.0049,12.4546,12.8483,13.1516,13.1679,13.0241,13.2762,	15,14.761,15.4055,15.3733,14.9619,14.3539,13.7007,13.011,11.9583,13.168,10.887,15,6.02283,9.46423,11.6785,12.2903,13.0647,12.8603,12.8484,12.0874,11.3206,9.80333,	
15,4.20355,7.50323,9.85488,11.1892,12.0549,12.6482,13.0898,13.2542,12.8716,13.2274,15,12.2177,11.6863,11.6725,12.0036,12.4539,12.8492,13.1533,13.1727,13.0323,13.2897,	15,14.7603,15.4056,15.3739,14.962,14.3562,13.7031,13.0146,11.9719,13.1675,10.8941,15,6.01998,9.45971,11.6832,12.2853,13.0701,12.8669,12.8426,12.1285,11.3264,9.79732,	
15,4.19629,7.50369,9.85986,11.1935,12.0555,12.657,13.1105,13.2523,12.8864,13.2345,15,12.2157,11.6843,11.671,12.003,12.4534,12.8492,13.1553,13.1776,13.0528,13.2988,	15,14.7609,15.4061,15.3745,14.9633,14.3566,13.7036,13.0169,11.9932,13.1669,10.9064,15,6.01791,9.45274,11.6882,12.292,13.0626,12.8699,12.8613,12.1404,11.3316,9.80393,	
15,4.19254,7.50132,9.86143,11.2012,12.0609,12.6659,13.0985,13.2226,12.8641,13.2106,15,12.2136,11.6827,11.6702,12.0012,12.4528,12.8492,13.1555,13.1784,13.0305,13.2692,	15,14.7608,15.4064,15.3744,14.9622,14.357,13.7033,13.0074,11.9493,13.1661,10.9085,15,6.01735,9.45715,11.6903,12.2963,13.067,12.8633,12.8459,12.0746,11.3392,9.79522,	
15,4.18721,7.4908,9.86007,11.2116,12.048,12.6641,13.0947,13.2081,12.8594,13.1987,15,12.2112,11.6799,11.668,11.9992,12.4509,12.8481,13.1532,13.1702,13.0249,13.2554,	15,14.7594,15.4059,15.3732,14.9606,14.3541,13.701,13.0027,11.9335,13.1647,10.9081,15,6.00962,9.46106,11.6793,12.2891,13.0635,12.8556,12.8365,12.0508,11.3453,9.79612,	
15,4.18651,7.48321,9.87548,11.2161,12.0439,12.6573,13.1071,13.2175,12.8709,13.2052,15,12.2103,11.6787,11.6675,11.9995,12.4507,12.848,13.1549,13.1746,13.0298,13.2633,	15,14.7593,15.4069,15.374,14.9598,14.3552,13.7009,13.0045,11.9536,13.1635,10.9064,15,6.00789,9.45938,11.6796,12.2775,13.0696,12.8572,12.8279,12.0884,11.3429,9.80296,	
15,4.19051,7.48964,9.8641,11.2216,12.0491,12.6637,13.0845,13.2166,12.8643,13.197,15,12.2076,11.677,11.6659,11.9972,12.4496,12.8467,13.1511,13.1757,13.024,13.2548,	15,14.7592,15.4062,15.3738,14.9578,14.3544,13.7013,13.0005,11.9416,13.163,10.9081,15,6.01163,9.45833,11.677,12.2796,13.0665,12.8502,12.8103,12.0854,11.3428,9.80452,	
15,4.18871,7.49878,9.85808,11.2208,12.0479,12.6732,13.083,13.2074,12.879,13.2201,15,12.2062,11.6759,11.6648,11.9969,12.4496,12.8477,13.151,13.1778,13.0411,13.2766,	15,14.7585,15.4071,15.3747,14.9576,14.3541,13.7024,13.0017,11.9757,13.1628,10.9106,15,6.01078,9.46313,11.6709,12.2841,13.0742,12.8547,12.811,12.104,11.349,9.80473,	
15,4.19259,7.50169,9.85291,11.2228,12.0405,12.6607,13.0781,13.1905,12.8834,13.2141,15,12.2054,11.6749,11.6637,11.9959,12.4479,12.8464,13.1491,13.1777,13.0501,13.2702,	15,14.7585,15.4078,15.3751,14.9569,14.3538,13.7016,12.9973,11.9727,13.1619,10.9175,15,6.00801,9.46038,11.6788,12.2809,13.0811,12.8618,12.8022,12.0802,11.3496,9.80136,	
15,4.19351,7.50383,9.85525,11.2134,12.0519,12.6601,13.0867,13.2044,12.8847,13.2164,15,12.2032,11.6734,11.6622,11.9948,12.4479,12.8464,13.1504,13.1776,13.0546,13.2715,	15,14.7577,15.4068,15.375,14.9568,14.3552,13.702,12.9966,11.977,13.1617,10.9178,15,5.99946,9.46429,11.6751,12.287,13.079,12.8636,12.8164,12.0974,11.356,9.8009,	
15,4.19914,7.50762,9.86509,11.2233,12.0483,12.672,13.0772,13.2015,12.886,13.2115,15,12.2015,11.672,11.6613,11.9947,12.4483,12.8486,13.1531,13.1806,13.0592,13.2646,	15,14.7572,15.4062,15.3757,14.9571,14.3578,13.7042,13.0014,11.973,13.1617,10.9228,15,5.99405,9.46509,11.6761,12.2928,13.0828,12.8576,12.8151,12.1079,11.3619,9.80009,	
15,4.19773,7.50881,9.85933,11.2269,12.0298,12.6805,13.0712,13.1806,12.8712,13.1981,15,12.2002,11.6714,11.6605,11.994,12.4471,12.8487,13.1538,13.1739,13.0443,13.2488,	15,14.7561,15.4066,15.3763,14.9576,14.3584,13.7042,12.993,11.9482,13.1609,10.9242,15,5.99805,9.46374,11.6781,12.289,13.088,12.8565,12.8037,12.0551,11.3674,9.79316,	
15,4.20124,7.51597,9.85332,11.2211,12.0415,12.6905,13.071,13.1768,12.8731,13.1809,15,12.1975,11.6694,11.6575,11.9915,12.4443,12.8472,13.1513,13.1676,13.045,13.2319,	15,14.7558,15.4059,15.3751,14.9552,14.356,13.7011,12.9865,11.9302,13.1601,10.929,15,6.00128,9.46271,11.6803,12.2949,13.0945,12.8607,12.8112,12.0373,11.354,9.79161,	
15,4.20468,7.51275,9.85173,11.2194,12.0398,12.7031,13.0861,13.1885,12.878,13.1821,15,12.1963,11.6679,11.6562,11.991,12.4446,12.8476,13.1467,13.1715,13.0452,13.2343,	15,14.7559,15.4065,15.3755,14.9564,14.3572,13.7028,12.988,11.9356,13.159,10.9246,15,6.00013,9.4669,11.6677,12.2965,13.0931,12.8655,12.8145,12.0711,11.3552,9.79079,	
15,4.2101,7.5166,9.85151,11.2178,12.0435,12.7114,13.0761,13.2157,12.8862,13.1873,15,12.195,11.6671,11.6559,11.9903,12.4441,12.8481,13.1492,13.1675,13.0569,13.24,	15,14.756,15.4067,15.3757,14.9553,14.3584,13.7036,12.993,11.9513,13.1583,10.923,15,6.00142,9.4604,11.6725,12.305,13.0992,12.8674,12.8232,12.0911,11.3579,9.7854,	
15,4.20235,7.50962,9.85607,11.2301,12.0452,12.7261,13.0509,13.19,12.8826,13.2001,15,12.1931,11.6657,11.6545,11.9896,12.443,12.8481,13.149,13.1707,13.0475,13.2551,	15,14.7564,15.4074,15.3755,14.9545,14.358,13.7038,12.9939,11.9614,13.1576,10.9192,15,6.00039,9.46823,11.6697,12.312,13.0966,12.8624,12.8237,12.0777,11.3498,9.77645,	
15,4.20643,7.51088,9.86846,11.2237,12.0544,12.709,13.0223,13.2032,12.8974,13.2039,15,12.1922,11.6645,11.6534,11.9889,12.4428,12.8491,13.1498,13.1656,13.0655,13.2595,	15,14.7565,15.4075,15.376,14.9547,14.3579,13.7045,12.9937,11.9757,13.1562,10.9243,15,5.99416,9.46753,11.6644,12.3162,13.0989,12.8608,12.8316,12.0786,11.3522,9.77804,	
15,4.20412,7.51027,9.86905,11.2244,12.0507,12.7164,13.0158,13.2247,12.8942,13.2107,15,12.192,11.6639,11.6527,11.9888,12.4425,12.8494,13.1521,13.1689,13.0689,13.269,	15,14.7575,15.4083,15.3757,14.9542,14.3576,13.7054,12.9979,11.9818,13.1555,10.9375,15,5.99592,9.46429,11.6671,12.2996,13.1017,12.8649,12.8423,12.098,11.3576,9.77409,	
15,4.19889,7.51416,9.86591,11.2158,12.0499,12.693,13.0309,13.2492,12.9021,13.2141,15,12.1899,11.6625,11.6516,11.9881,12.4429,12.8497,13.1497,13.1722,13.0771,13.272,	15,14.7579,15.4086,15.3762,14.9542,14.357,13.7063,12.9988,11.9941,13.1544,10.9334,15,5.99962,9.46577,11.6592,12.293,13.1017,12.8653,12.8478,12.1193,11.35,9.7741,	
15,4.20375,7.51349,9.86264,11.2171,12.0416,12.7038,13.0128,13.2121,12.8948,13.2094,15,12.1887,11.661,11.6501,11.9871,12.4422,12.8494,13.1495,13.1719,13.0647,13.268,	15,14.7575,15.4086,15.3761,14.9547,14.3567,13.7045,12.9914,11.9807,13.1541,10.9361,15,5.99968,9.45486,11.6601,12.2921,13.107,12.8665,12.8535,12.0505,11.3607,9.77672,	
15,4.20428,7.50437,9.86947,11.2231,12.0403,12.6986,13.0046,13.1976,12.8847,13.2107,15,12.1873,11.6594,11.6485,11.9864,12.4426,12.8502,13.1507,13.1724,13.0554,13.2689,	15,14.7581,15.4098,15.3772,14.9562,14.3579,13.7046,12.9891,11.9708,13.1535,10.936,15,6.00721,9.45636,11.6596,12.3057,13.1047,12.8633,12.8155,12.0389,11.3601,9.77624,	
15,4.19844,7.50027,9.87631,11.2204,12.0291,12.705,13.0261,13.2349,12.8973,13.2286,15,12.1861,11.6585,11.6481,11.9868,12.443,12.8522,13.1528,13.1783,13.0724,13.287,	15,14.7583,15.41,15.378,14.9574,14.3585,13.7069,12.9958,11.9965,13.1533,10.9444,15,6.00825,9.45138,11.6502,12.3047,13.1055,12.8685,12.8199,12.1249,11.3605,9.77923,	
