k=0_act,k=1_act,k=2_act,k=3_act,k=4_act,k=5_act,k=6_act,k=7_act,k=8_act,k=9_act,k=10_act,k=0_wait,k=1_wait,k=2_wait,k=3_wait,k=4_wait,k=5_wait,k=6_wait,k=7_wait,k=8_wait,k=9_wait,k=10_wait,	k=0_act,k=1_act,k=2_act,k=3_act,k=4_act,k=5_act,k=6_act,k=7_act,k=8_act,k=9_act,k=10_act,k=0_wait,k=1_wait,k=2_wait,k=3_wait,k=4_wait,k=5_wait,k=6_wait,k=7_wait,k=8_wait,k=9_wait,k=10_wait,	
7.87484e-06,4.15937,4.55601,4.54204,4.46078,4.3364,4.40697,4.5732,4.85654,5.08444,4.74621,2.55692e-87,1.22936,2.21847,3.03576,3.69513,4.22514,4.54998,4.88636,5.16478,5.38011,5.38586,0,	6.03059e-26,7.05516,6.76317,6.40009,5.80694,5.41983,5.02856,4.75299,4.39324,3.85927,3.00148,2.69683e-19,2.55865,5.57937,6.00088,5.73201,5.31421,4.97321,4.58444,4.21584,3.67742,3.15774,0,	
7.82458e-06,4.1546,4.55953,4.54157,4.4766,4.3652,4.43142,4.56661,4.88429,5.10707,4.8605,2.43314e-87,1.25459,2.23675,3.06812,3.72844,4.25088,4.6204,4.93467,5.2872,5.56174,5.56372,0,	5.95386e-26,7.08029,6.78502,6.41963,5.87378,5.48821,5.12856,5.02687,4.6825,3.81772,3.00566,2.67105e-19,2.54635,5.55919,6.0117,5.74103,5.3181,4.98168,4.58099,4.26966,3.74843,3.17135,0,	
7.79957e-06,4.16358,4.57069,4.53943,4.49769,4.3907,4.45904,4.58985,4.89785,5.1586,5.06483,2.27313e-87,1.26089,2.25829,3.08846,3.77671,4.2989,4.6805,5.03842,5.32645,5.63922,5.70482,0,	5.8734e-26,7.11345,6.80865,6.47167,5.93793,5.53415,5.28143,5.19637,4.82713,3.81985,3.0056,2.63285e-19,2.56717,5.56212,6.02397,5.74381,5.32291,4.99294,4.61968,4.38261,3.82607,3.17841,0,	
7.7498e-06,4.17545,4.58132,4.55662,4.51591,4.42686,4.49042,4.61836,4.91718,5.20559,5.18832,2.11515e-87,1.26792,2.29093,3.10929,3.80864,4.35502,4.71772,5.05464,5.39992,5.75051,5.7929,0,	5.7709e-26,7.13293,6.84554,6.55806,6.01303,5.60173,5.39107,5.33865,4.91272,3.82856,3.01203,2.58483e-19,2.53988,5.5591,6.03086,5.75028,5.33593,5.00626,4.65168,4.465,3.88904,3.18839,0,	
7.73121e-06,4.19597,4.60069,4.58292,4.55087,4.47675,4.53569,4.6664,4.94301,5.25706,5.30969,1.95873e-87,1.27117,2.30887,3.13996,3.8221,4.38739,4.77028,5.08701,5.43083,5.81806,5.94379,0,	5.70203e-26,7.14428,6.91283,6.61709,6.12154,5.66152,5.49239,5.50579,4.90719,3.85461,3.01935,2.5499e-19,2.55849,5.55097,6.05295,5.76793,5.36016,5.01078,4.67945,4.55295,3.97347,3.2023,0,	
7.7065e-06,4.22094,4.62963,4.61516,4.59514,4.53153,4.57399,4.72243,4.9808,5.28036,5.43585,1.8461e-87,1.2963,2.33294,3.18207,3.84212,4.42852,4.84928,5.17901,5.49704,5.86981,5.98773,0,	5.61598e-26,7.15898,6.95153,6.66956,6.18656,5.75013,5.64378,5.6369,5.05191,3.89233,3.02581,2.52958e-19,2.53054,5.54744,6.0615,5.778,5.37988,5.0217,4.73471,4.63632,4.03121,3.21174,0,	
7.67572e-06,4.24258,4.66443,4.66927,4.64138,4.57921,4.62361,4.76152,5.02239,5.30976,5.55799,1.71231e-87,1.30923,2.3481,3.21671,3.89432,4.45634,4.91579,5.25909,5.52072,5.89965,6.07606,0,	5.53566e-26,7.20071,6.9714,6.70091,6.25276,5.82004,5.75413,5.81006,5.11222,3.95943,3.03229,2.50139e-19,2.5066,5.55115,6.07118,5.8043,5.40257,5.04139,4.79247,4.74628,4.07169,3.22134,0,	
7.63895e-06,4.26919,4.70469,4.7026,4.67962,4.64484,4.69226,4.8238,5.05103,5.34984,5.64428,1.61126e-87,1.32038,2.35932,3.23264,3.92174,4.47198,4.955,5.32384,5.55641,5.89897,6.14223,0,	5.4434e-26,7.23237,6.98679,6.74802,6.31026,5.94125,5.86986,5.90411,5.07691,4.04163,3.03713,2.48344e-19,2.51231,5.54848,6.08371,5.81583,5.42003,5.05424,4.86367,4.81593,4.14977,3.23218,0,	
7.59628e-06,4.30023,4.73371,4.74166,4.7321,4.69991,4.77003,4.88847,5.09243,5.4035,5.71406,1.52714e-87,1.32895,2.38928,3.25075,3.94655,4.51595,4.96369,5.38283,5.64507,5.93001,6.19833,0,	5.34412e-26,7.2284,7.02911,6.8169,6.3564,5.99486,6.00264,5.95912,5.203,4.13162,3.04356,2.46167e-19,2.4893,5.56156,6.09739,5.83551,5.43737,5.08531,4.92885,4.87529,4.24819,3.24962,0,	
7.5478e-06,4.31894,4.76744,4.78762,4.78187,4.76038,4.83017,4.94149,5.14719,5.41841,5.73309,1.43358e-87,1.34016,2.40951,3.28369,3.96929,4.54981,5.02791,5.40459,5.70094,5.98426,6.28733,0,	5.29728e-26,7.26005,7.09924,6.89225,6.40093,6.06828,6.08203,6.03989,5.24633,4.19476,3.04413,2.43035e-19,2.49763,5.55467,6.10016,5.85235,5.4565,5.10812,4.99533,4.955,4.29002,3.26488,0,	
7.51766e-06,4.34131,4.81452,4.81591,4.82755,4.82606,4.88018,5.00618,5.1813,5.44645,5.76848,1.32756e-87,1.34646,2.42153,3.30939,3.99861,4.57526,5.05159,5.45834,5.79112,6.07995,6.31441,0,	5.23406e-26,7.27396,7.17683,6.9331,6.40577,6.1432,6.21673,6.13968,5.326,4.24175,3.05023,2.39176e-19,2.49227,5.56439,6.122,5.8757,5.47155,5.14166,5.06299,5.02204,4.34183,3.27161,0,	
7.48763e-06,4.37629,4.83329,4.85731,4.87142,4.8747,4.93108,5.07631,5.21542,5.49601,5.8412,1.25022e-87,1.35812,2.43495,3.30901,4.00138,4.591,5.08711,5.49415,5.83757,6.18898,6.31413,0,	5.17575e-26,7.29601,7.23373,6.97061,6.44371,6.21894,6.30736,6.20059,5.38627,4.2736,3.06028,2.37459e-19,2.51839,5.55554,6.12258,5.88646,5.49387,5.1609,5.16112,5.09039,4.36935,3.29461,0,	
7.45773e-06,4.40853,4.87221,4.89332,4.91517,4.91216,4.98134,5.13346,5.26575,5.54366,5.90569,1.16147e-87,1.34739,2.45227,3.32041,4.02996,4.62285,5.12304,5.50674,5.89288,6.22814,6.44613,0,	5.11808e-26,7.31833,7.28321,7.01414,6.53461,6.30985,6.4013,6.25276,5.44331,4.30786,3.06861,2.35002e-19,2.53041,5.5867,6.14321,5.89804,5.50462,5.18189,5.23102,5.1297,4.45943,3.31181,0,	
7.43389e-06,4.46335,4.9172,4.9455,4.97383,4.96338,5.03197,5.18631,5.31382,5.58371,5.94549,1.06786e-87,1.3394,2.46761,3.34094,4.0734,4.62219,5.15102,5.56273,5.93606,6.28791,6.50807,0,	5.07322e-26,7.35781,7.35053,7.06074,6.58608,6.48364,6.44431,6.2822,5.44068,4.36789,3.08094,2.32383e-19,2.55607,5.60401,6.14539,5.91896,5.52428,5.21116,5.31484,5.21775,4.49524,3.32873,0,	
7.40421e-06,4.5127,4.95067,4.99713,5.03251,4.99666,5.09188,5.24204,5.35239,5.63567,6.03506,1.00163e-87,1.34842,2.47469,3.37528,4.10233,4.65916,5.18324,5.58368,5.95777,6.30617,6.54221,0,	4.98468e-26,7.40064,7.37363,7.12841,6.63066,6.54605,6.49625,6.35347,5.48446,4.44239,3.08641,2.309e-19,2.55419,5.61381,6.16983,5.94098,5.5528,5.25688,5.3651,5.29988,4.53065,3.34985,0,	
7.39236e-06,4.55551,4.98434,5.05495,5.08066,5.04481,5.14638,5.30264,5.4116,5.68451,6.09237,9.38758e-88,1.37019,2.49084,3.40128,4.11652,4.70566,5.22601,5.60424,5.99046,6.35462,6.58594,0,	4.93308e-26,7.42074,7.43911,7.16707,6.70741,6.61459,6.51772,6.41484,5.57502,4.51246,3.09143,2.2851e-19,2.54539,5.63569,6.18979,5.95885,5.5868,5.28452,5.44278,5.38182,4.59215,3.37088,0,	
7.35695e-06,4.57572,5.02,5.11311,5.11865,5.11099,5.20616,5.35013,5.46181,5.7337,6.10529,8.73518e-88,1.36791,2.49964,3.41007,4.13296,4.74472,5.24153,5.64561,5.99596,6.39866,6.60489,0,	4.86642e-26,7.46179,7.51215,7.2336,6.78542,6.6401,6.60829,6.3998,5.59741,4.52845,3.10165,2.25603e-19,2.56153,5.63146,6.19383,5.96799,5.60775,5.31386,5.50224,5.43771,4.66227,3.39507,0,	
7.30415e-06,4.60566,5.05943,5.15761,5.16458,5.16092,5.27773,5.39671,5.50507,5.77658,6.15543,8.08271e-88,1.37679,2.52456,3.41739,4.16047,4.78755,5.24488,5.67839,6.04648,6.42079,6.61245,0,	4.79682e-26,7.51246,7.58006,7.2977,6.86568,6.6717,6.62691,6.44629,5.62688,4.58178,3.11551,2.23268e-19,2.62221,5.61993,6.20665,5.98974,5.63367,5.35272,5.56247,5.48299,4.7123,3.416,0,	
7.26916e-06,4.6285,5.10149,5.19374,5.20995,5.21874,5.33168,5.45756,5.55322,5.82376,6.14768,7.57537e-88,1.38188,2.53289,3.44282,4.18276,4.81837,5.28112,5.69199,6.03749,6.44235,6.66082,0,	4.72443e-26,7.55891,7.60492,7.36176,6.93624,6.76275,6.65381,6.45931,5.66395,4.65036,3.13413,2.19371e-19,2.58371,5.63436,6.22292,6.02579,5.6714,5.38186,5.60526,5.51908,4.77774,3.44313,0,	
7.23434e-06,4.66847,5.14585,5.2379,5.23973,5.26639,5.3996,5.4993,5.58338,5.86508,6.19032,7.11693e-88,1.4031,2.53135,3.4796,4.22783,4.85959,5.34633,5.7282,6.05942,6.42846,6.62755,0,	4.65313e-26,7.58431,7.6491,7.40502,6.99508,6.8224,6.73913,6.47806,5.72518,4.68975,3.14705,2.16927e-19,2.57086,5.63116,6.24684,6.05767,5.70527,5.41844,5.64814,5.57662,4.83268,3.46342,0,	
7.18242e-06,4.70097,5.17754,5.27368,5.27441,5.31233,5.46077,5.54611,5.61714,5.90366,6.20413,6.68089e-88,1.42002,2.54574,3.4927,4.25339,4.90636,5.36276,5.76948,6.0745,6.44626,6.6268,0,	4.57558e-26,7.63732,7.68222,7.4582,7.02072,6.88732,6.74653,6.51718,5.74872,4.7814,3.16169,2.1451e-19,2.54564,5.64392,6.27014,6.06981,5.72887,5.44929,5.70872,5.59888,4.89865,3.48282,0,	
7.14229e-06,4.72167,5.21827,5.30658,5.31439,5.37662,5.50633,5.58536,5.64527,5.94109,6.16484,6.28161e-88,1.43334,2.55834,3.51608,4.27243,4.92727,5.42352,5.79237,6.10991,6.48984,6.65243,0,	4.49573e-26,7.64152,7.68689,7.48752,7.09534,6.93385,6.77365,6.58498,5.87137,4.84638,3.1711,2.10935e-19,2.53139,5.66302,6.28988,6.10257,5.76518,5.46952,5.7418,5.64711,4.94788,3.51749,0,	
7.10239e-06,4.75958,5.24263,5.33373,5.35714,5.41098,5.54536,5.63583,5.67399,5.9798,6.20559,5.90147e-88,1.43891,2.59262,3.52838,4.30735,4.96509,5.47115,5.83364,6.15917,6.48302,6.72649,0,	4.41726e-26,7.66002,7.71725,7.51815,7.18428,7.0286,6.92078,6.65181,5.86629,4.88023,3.17652,2.08251e-19,2.50175,5.67135,6.30727,6.13118,5.80418,5.52094,5.77716,5.71319,4.98653,3.54768,0,	
7.07969e-06,4.80634,5.26246,5.36923,5.40526,5.45813,5.56504,5.67463,5.72298,6.00411,6.26131,5.46941e-88,1.42817,2.60581,3.53804,4.33509,4.96623,5.5081,5.89145,6.24441,6.56081,6.7774,0,	4.35757e-26,7.70796,7.75325,7.57498,7.27428,7.12188,6.99457,6.66569,5.91184,4.89699,3.18387,2.06756e-19,2.54794,5.68564,6.32979,6.1463,5.83582,5.56699,5.84218,5.76724,5.00136,3.56882,0,	
7.04014e-06,4.82463,5.29481,5.40066,5.44473,5.51264,5.59449,5.71218,5.77031,6.05108,6.28775,5.1549e-88,1.44067,2.61161,3.55088,4.34324,4.99191,5.51484,5.91757,6.27501,6.63283,6.80841,0,	4.28495e-26,7.72321,7.79659,7.64734,7.36061,7.18372,7.0041,6.70961,5.9505,4.93753,3.19624,2.04944e-19,2.54722,5.68443,6.35191,6.17202,5.86923,5.59626,5.89994,5.79438,5.05196,3.59447,0,	
6.99521e-06,4.86074,5.32772,5.43132,5.47107,5.55323,5.62953,5.75518,5.80637,6.09188,6.30962,4.8507e-88,1.46404,2.63708,3.58061,4.37025,5.00484,5.51724,5.94611,6.25377,6.66216,6.85163,0,	4.21353e-26,7.73566,7.84073,7.69022,7.41866,7.20165,7.06744,6.80893,5.94248,4.99416,3.2055,2.02823e-19,2.52432,5.69242,6.36433,6.21487,5.897,5.62959,5.92284,5.85388,5.0942,3.62204,0,	
6.96727e-06,4.88783,5.36764,5.47341,5.49614,5.59496,5.69558,5.78701,5.82864,6.12674,6.38112,4.56446e-88,1.46757,2.65385,3.61133,4.40842,5.06306,5.54165,5.99714,6.30729,6.70166,6.88465,0,	4.15659e-26,7.76496,7.90135,7.71613,7.48673,7.2217,7.14265,6.86724,6.05361,5.03289,3.21722,2.00884e-19,2.52435,5.70902,6.38134,6.24969,5.92898,5.68054,5.98699,5.87038,5.16745,3.64654,0,	
6.93945e-06,4.90234,5.4035,5.51052,5.53541,5.6463,5.72019,5.82508,5.84297,6.17637,6.45665,4.30542e-88,1.47781,2.68468,3.64562,4.43536,5.09212,5.58395,6.00032,6.3347,6.71124,6.93716,0,	4.10371e-26,7.76688,7.96014,7.75979,7.53541,7.29642,7.18515,6.90585,6.10425,5.10013,3.23254,1.98964e-19,2.52677,5.72337,6.38979,6.2732,5.97073,5.74495,6.0542,5.91337,5.18955,3.67346,0,	
6.91727e-06,4.95934,5.44253,5.55395,5.59085,5.67835,5.76792,5.84774,5.85685,6.2046,6.47547,4.05136e-88,1.50197,2.69099,3.66049,4.46817,5.10124,5.61282,6.02281,6.37244,6.73723,6.95908,0,	4.02886e-26,7.8134,8.03102,7.80071,7.56236,7.37409,7.26136,6.9403,6.08568,5.13497,3.237,1.97536e-19,2.55888,5.72955,6.41792,6.29776,6.00795,5.78685,6.10925,5.9297,5.21811,3.6947,0,	
6.87862e-06,4.99539,5.48772,5.58404,5.63107,5.7219,5.80893,5.89242,5.89061,6.2472,6.44873,3.73377e-88,1.49324,2.69112,3.66835,4.4862,5.1251,5.65451,6.06009,6.38914,6.75844,6.98034,0,	3.98397e-26,7.84937,8.09109,7.86961,7.59886,7.45605,7.25896,6.85636,6.14014,5.12414,3.24446,1.95335e-19,2.54644,5.77864,6.44704,6.33135,6.03322,5.8337,6.18624,5.97451,5.22881,3.71215,0,	
6.8402e-06,5.02778,5.52626,5.61139,5.66136,5.74863,5.85111,5.91387,5.91891,6.27518,6.48905,3.48264e-88,1.49207,2.68274,3.68627,4.51598,5.1565,5.68888,6.14054,6.37001,6.77726,7.04653,0,	3.92071e-26,7.90513,8.15758,7.92761,7.67194,7.45914,7.25293,6.9347,6.18841,5.15494,3.25174,1.9285e-19,2.53953,5.80394,6.46529,6.36238,6.06364,5.87875,6.23774,5.97887,5.26955,3.74896,0,	
6.80743e-06,5.0625,5.55933,5.66106,5.67014,5.78966,5.86216,5.93098,5.95772,6.30629,6.56173,3.26143e-88,1.49672,2.68576,3.71728,4.54011,5.18597,5.70884,6.1554,6.45756,6.78639,7.08117,0,	3.87082e-26,7.92167,8.19133,7.9956,7.76612,7.51546,7.34484,6.95931,6.16705,5.18438,3.26127,1.90549e-19,2.53484,5.80501,6.49935,6.40716,6.09604,5.92288,6.2726,6.03091,5.30195,3.76808,0,	
6.78567e-06,5.09613,5.60598,5.69913,5.7072,5.83164,5.87429,5.97583,5.99526,6.32303,6.55515,3.01058e-88,1.49063,2.69464,3.70452,4.53356,5.24272,5.72901,6.15372,6.51241,6.85427,7.06835,0,	3.81546e-26,7.9648,8.25171,8.04262,7.83739,7.61542,7.35233,6.91944,6.15621,5.20316,3.27154,1.88124e-19,2.53719,5.8186,6.5471,6.43727,6.13873,5.96289,6.31133,6.01672,5.33072,3.79505,0,	
6.73158e-06,5.11145,5.63835,5.73805,5.73793,5.86945,5.90499,6.00611,6.03827,6.36771,6.55881,2.78125e-88,1.50568,2.7095,3.71294,4.55886,5.2719,5.75239,6.21119,6.55321,6.91589,7.0679,0,	3.75788e-26,8.02025,8.31241,8.13655,7.92543,7.64617,7.34831,6.93375,6.19788,5.23954,3.28136,1.86625e-19,2.56918,5.83812,6.59223,6.4504,6.16959,5.99582,6.3409,6.03405,5.36997,3.8108,0,	
6.71007e-06,5.15903,5.67789,5.76847,5.78316,5.88716,5.92979,6.0478,6.09759,6.38994,6.62013,2.61085e-88,1.52628,2.729,3.72757,4.5795,5.2738,5.78689,6.21816,6.56064,6.93929,7.16387,0,	3.72495e-26,8.06094,8.32995,8.17543,7.99815,7.69692,7.37703,6.93952,6.25133,5.2856,3.28998,1.84989e-19,2.6065,5.86979,6.63253,6.47457,6.21815,6.03431,6.38509,6.08147,5.41586,3.83324,0,	
6.69933e-06,5.218,5.7037,5.79771,5.81667,5.9146,5.98227,6.09192,6.11304,6.41043,6.64721,2.4372e-88,1.54044,2.72799,3.72319,4.57719,5.29178,5.81789,6.26108,6.56953,6.98017,7.18644,0,	3.68344e-26,8.1184,8.37895,8.23164,8.06697,7.71365,7.38081,6.89616,6.29649,5.3265,3.30164,1.82782e-19,2.62684,5.89786,6.68728,6.51624,6.25555,6.07333,6.4058,6.07398,5.46687,3.86475,0,	
6.67792e-06,5.26316,5.72609,5.83143,5.83939,5.93811,6.00103,6.14603,6.11745,6.44686,6.65086,2.25515e-88,1.53231,2.726,3.73928,4.57789,5.29248,5.8753,6.25963,6.60642,6.93826,7.20719,0,	3.62785e-26,8.14104,8.41126,8.31564,8.11785,7.75952,7.3824,6.8889,6.27033,5.33856,3.31742,1.80745e-19,2.63609,5.91388,6.73731,6.52997,6.31144,6.1219,6.42333,6.05214,5.4727,3.89015,0,	
6.65658e-06,5.30117,5.76313,5.86219,5.8766,5.98633,6.04782,6.18329,6.16993,6.46133,6.64933,2.10516e-88,1.55631,2.73336,3.74939,4.6028,5.29309,5.90603,6.31025,6.5915,6.93394,7.19702,0,	3.55599e-26,8.1895,8.43094,8.3513,8.10157,7.84303,7.38529,6.98733,6.3149,5.33674,3.33506,1.78731e-19,2.62948,5.93421,6.75456,6.58492,6.35547,6.15267,6.42185,6.10653,5.51337,3.9129,0,	
6.6088e-06,5.30192,5.79967,5.878,5.90365,6.0213,6.07337,6.21341,6.19679,6.48254,6.73036,1.97618e-88,1.55405,2.73901,3.76243,4.62623,5.33925,5.94966,6.36889,6.62929,6.96879,7.16973,0,	3.49113e-26,8.21473,8.44211,8.38475,8.11133,7.86817,7.52101,7.00461,6.39359,5.37391,3.35253,1.7759e-19,2.63299,5.92715,6.78865,6.60762,6.37752,6.19066,6.46937,6.16137,5.51978,3.93655,0,	
6.57715e-06,5.31977,5.83644,5.91339,5.92817,6.04258,6.11571,6.2443,6.21135,6.50735,6.74642,1.84474e-88,1.5433,2.76233,3.78967,4.65107,5.36183,5.97266,6.44285,6.71092,7.0251,7.18607,0,	3.44396e-26,8.26023,8.47629,8.40954,8.13453,7.8774,7.56578,7.10561,6.44445,5.42117,3.36509,1.76316e-19,2.652,5.953,6.82389,6.64612,6.42676,6.24023,6.48255,6.18202,5.55675,3.95901,0,	
6.56663e-06,5.36454,5.86714,5.92795,5.97311,6.05672,6.15698,6.26987,6.2454,6.53238,6.73363,1.74423e-88,1.55594,2.79363,3.80113,4.69213,5.38961,5.99103,6.46064,6.70517,7.03071,7.24694,0,	3.40831e-26,8.29689,8.47911,8.44388,8.15701,7.90002,7.58148,7.15514,6.52109,5.45616,3.37451,1.73239e-19,2.63458,5.99265,6.86473,6.66123,6.4566,6.27713,6.52392,6.25732,5.59442,3.99253,0,	
6.54564e-06,5.38553,5.90176,5.96434,5.99749,6.07638,6.17793,6.30693,6.28217,6.58123,6.79644,1.63213e-88,1.56617,2.8314,3.81901,4.70485,5.40071,5.96335,6.48336,6.7895,7.05395,7.29854,0,	3.35419e-26,8.34813,8.52788,8.47682,8.21942,7.9455,7.5996,7.2421,6.5166,5.47853,3.38931,1.71858e-19,2.66231,6.00221,6.8753,6.69472,6.50385,6.32273,6.56383,6.31465,5.6463,4.01348,0,	
6.5195e-06,5.4064,5.93008,5.99682,6.03636,6.10062,6.19604,6.32415,6.32835,6.59198,6.74918,1.54198e-88,1.55303,2.85053,3.83587,4.69678,5.42878,5.9704,6.47077,6.82993,7.09106,7.27467,0,	3.30886e-26,8.36921,8.60949,8.51625,8.24148,7.93072,7.62255,7.177,6.4846,5.58367,3.40822,1.69807e-19,2.66745,6.01044,6.88867,6.74066,6.54597,6.35003,6.56335,6.33846,5.65824,4.02963,0,	
6.50386e-06,5.44652,5.97246,6.02092,6.07149,6.12218,6.22049,6.33753,6.35352,6.6271,6.73421,1.45214e-88,1.55911,2.86395,3.84989,4.71059,5.42942,6.02001,6.45756,6.84414,7.1221,7.2759,0,	3.24072e-26,8.38886,8.64119,8.54133,8.24575,7.99346,7.62929,7.18842,6.5709,5.59401,3.41695,1.68184e-19,2.64841,6.04925,6.89092,6.77543,6.58983,6.37206,6.57519,6.39101,5.67818,4.04696,0,	
6.47789e-06,5.4833,5.9957,6.04476,6.10349,6.14547,6.23716,6.36217,6.39917,6.64821,6.79647,1.35447e-88,1.56536,2.85471,3.8552,4.72835,5.45133,6.03598,6.46863,6.84824,7.13396,7.31499,0,	3.18926e-26,8.42202,8.6876,8.58225,8.28687,7.95874,7.62455,7.27609,6.54861,5.61019,3.43045,1.66576e-19,2.66375,6.08409,6.91948,6.79885,6.63189,6.41727,6.59372,6.42354,5.72234,4.07424,0,	
6.41597e-06,5.48153,6.02538,6.06112,6.13357,6.17804,6.2555,6.37515,6.40976,6.66757,6.80256,1.26034e-88,1.56039,2.84688,3.887,4.73764,5.45678,6.04975,6.49067,6.82392,7.18669,7.34525,0,	3.14365e-26,8.45762,8.71026,8.61949,8.31284,7.94406,7.64042,7.34876,6.56808,5.59759,3.45023,1.63931e-19,2.65713,6.07907,6.95989,6.83201,6.67667,6.44677,6.61288,6.42732,5.7405,4.09097,0,	
6.37503e-06,5.49777,6.05353,6.08487,6.17726,6.20162,6.27064,6.38377,6.42599,6.67673,6.83766,1.15229e-88,1.53913,2.83728,3.89219,4.73964,5.47987,6.07198,6.52132,6.83975,7.19562,7.35477,0,	3.07891e-26,8.48864,8.78015,8.69777,8.33671,7.98147,7.65168,7.354,6.50889,5.57457,3.47253,1.62625e-19,2.64507,6.11874,6.99358,6.87712,6.71495,6.48513,6.63821,6.42806,5.73919,4.09704,0,	
6.3141e-06,5.481,6.08454,6.11764,6.20757,6.21842,6.2752,6.40667,6.44972,6.71091,6.84817,1.08777e-88,1.53137,2.84669,3.89329,4.77182,5.48303,6.09724,6.50968,6.90182,7.2481,7.41809,0,	3.03487e-26,8.50317,8.83957,8.7427,8.35152,8.03405,7.64919,7.40916,6.57131,5.59239,3.48475,1.6017e-19,2.66505,6.0969,7.02888,6.89556,6.75317,6.51024,6.68936,6.42052,5.76144,4.12302,0,	
6.25875e-06,5.4766,6.12627,6.14094,6.22848,6.24137,6.3087,6.41403,6.47881,6.74308,6.92777,1.02604e-88,1.53051,2.87556,3.90509,4.81128,5.50746,6.09872,6.54273,6.92598,7.24955,7.47959,0,	2.98908e-26,8.52173,8.91113,8.7232,8.40212,8.05161,7.6908,7.4225,6.63925,5.65626,3.49974,1.58513e-19,2.68817,6.13644,7.05476,6.91018,6.7683,6.55961,6.72187,6.47542,5.78572,4.14189,0,	
6.23875e-06,5.49282,6.15913,6.16037,6.24516,6.26197,6.35106,6.44623,6.51183,6.76311,6.97973,9.56259e-89,1.53516,2.86015,3.89613,4.84566,5.53421,6.11598,6.59505,6.95676,7.33521,7.55543,0,	2.95814e-26,8.57647,8.9276,8.78621,8.4796,8.10304,7.74122,7.42356,6.70163,5.666,3.52013,1.57501e-19,2.71112,6.16085,7.10812,6.93791,6.80781,6.58558,6.73025,6.48375,5.81969,4.16366,0,	
6.20886e-06,5.51966,6.1812,6.20158,6.2829,6.29581,6.3637,6.4454,6.51998,6.80804,6.99765,8.89803e-89,1.53616,2.85046,3.93171,4.85312,5.57028,6.1025,6.58618,6.97344,7.38846,7.54485,0,	2.92518e-26,8.61697,9.00501,8.79295,8.51781,8.06128,7.74631,7.41077,6.74392,5.70336,3.53982,1.55622e-19,2.74625,6.21374,7.15745,6.95955,6.83299,6.61601,6.75683,6.48075,5.82943,4.19203,0,	
6.17912e-06,5.54594,6.21127,6.24383,6.30773,6.32357,6.3853,6.46452,6.51782,6.8285,7.06431,8.29956e-89,1.54799,2.85272,3.94871,4.87467,5.55585,6.12859,6.58948,6.91178,7.44462,7.57757,0,	2.88565e-26,8.64359,9.07036,8.81845,8.52368,8.12843,7.81415,7.45104,6.69918,5.67093,3.55348,1.54505e-19,2.76458,6.20547,7.16685,7.0082,6.87894,6.63935,6.77606,6.49565,5.84582,4.22256,0,	
6.15937e-06,5.58527,6.23622,6.27115,6.33135,6.35498,6.39196,6.49562,6.52991,6.86234,7.09454,7.72896e-89,1.54514,2.87146,3.94292,4.87556,5.59592,6.14209,6.65361,6.94816,7.43971,7.57752,0,	2.8217e-26,8.66649,9.10393,8.86547,8.56109,8.14866,7.88839,7.51534,6.7007,5.71198,3.5654,1.52539e-19,2.78094,6.20835,7.19258,7.03227,6.90889,6.65938,6.82226,6.53069,5.83858,4.25092,0,	
6.13477e-06,5.61573,6.26711,6.30345,6.36509,6.38107,6.42821,6.51471,6.54318,6.8994,7.09108,7.23223e-89,1.55725,2.88495,3.9522,4.88263,5.60815,6.14954,6.63342,6.95924,7.38607,7.58847,0,	2.78357e-26,8.70984,9.14234,8.86663,8.58693,8.14567,7.89309,7.47413,6.70296,5.7204,3.57777,1.50357e-19,2.81163,6.22936,7.23558,7.06192,6.9545,6.689,6.87187,6.56837,5.86621,4.26513,0,	
6.1005e-06,5.63829,6.29618,6.33524,6.39989,6.41023,6.46208,6.5439,6.54034,6.93034,7.10368,6.69738e-89,1.54283,2.88117,3.99246,4.8985,5.6147,6.15468,6.64827,7.00846,7.40695,7.59778,0,	2.75036e-26,8.77398,9.20678,8.86565,8.58223,8.20019,7.88307,7.39234,6.74781,5.77899,3.58983,1.49159e-19,2.84471,6.29147,7.27607,7.10075,6.9917,6.71816,6.87821,6.58284,5.8805,4.2846,0,	
6.07614e-06,5.67677,6.31428,6.36087,6.42762,6.42343,6.48359,6.56199,6.57088,6.95215,7.06991,6.28202e-89,1.57092,2.91045,4.00677,4.92551,5.61887,6.18832,6.68717,7.04277,7.38868,7.54412,0,	2.70885e-26,8.81091,9.21891,8.90217,8.59847,8.21742,7.9116,7.42217,6.75332,5.80005,3.60427,1.47379e-19,2.86236,6.33287,7.30313,7.13182,7.01849,6.74883,6.89857,6.576,5.89658,4.30891,0,	
6.05672e-06,5.70805,6.33834,6.39464,6.45721,6.45328,6.50316,6.60351,6.62181,6.96549,7.00878,5.8877e-89,1.57389,2.92022,4.02527,4.91692,5.65067,6.19513,6.70391,7.04799,7.40957,7.54216,0,	2.65519e-26,8.83847,9.26011,8.96223,8.60082,8.20814,7.88319,7.50259,6.77712,5.78984,3.61936,1.45737e-19,2.85005,6.34154,7.32872,7.15588,7.06317,6.75513,6.93267,6.62582,5.9303,4.32407,0,	
6.04219e-06,5.72938,6.35643,6.40932,6.48726,6.46841,6.53891,6.59542,6.63698,6.96482,7.01324,5.51813e-89,1.57329,2.91969,4.03298,4.92092,5.68148,6.21576,6.76277,7.07912,7.38009,7.59487,0,	2.62351e-26,8.88631,9.32709,8.99307,8.59464,8.18498,7.87735,7.51369,6.81883,5.8523,3.63823,1.43308e-19,2.85468,6.38818,7.36814,7.18035,7.093,6.78626,6.94199,6.62698,5.95138,4.34075,0,	
6.0277e-06,5.7547,6.36974,6.43412,6.51255,6.49617,6.55552,6.59041,6.67836,6.98011,7.02554,5.16762e-89,1.57571,2.93844,4.05133,4.9536,5.70171,6.22311,6.75608,7.11191,7.454,7.62127,0,	2.59843e-26,8.93687,9.36735,9.01094,8.61041,8.24612,7.87369,7.54059,6.86734,5.85236,3.65245,1.41258e-19,2.8872,6.41492,7.38569,7.21338,7.11972,6.82149,6.96624,6.62694,6.01514,4.35331,0,	
5.98923e-06,5.76843,6.39131,6.45227,6.53019,6.51725,6.56673,6.60867,6.70176,7.00713,7.05451,4.84713e-89,1.5853,2.94368,4.0713,4.96417,5.70992,6.24891,6.79215,7.16314,7.45932,7.59836,0,	2.55717e-26,8.94293,9.35433,9.04558,8.68399,8.2952,7.92246,7.5324,6.83502,5.88334,3.66301,1.39684e-19,2.86973,6.44921,7.40872,7.2787,7.14676,6.84957,6.9896,6.66036,6.00746,4.36278,0,	
5.93199e-06,5.77353,6.41596,6.47884,6.55629,6.53443,6.58934,6.64908,6.73363,7.02637,7.08098,4.58672e-89,1.60195,2.96107,4.09826,4.98867,5.74146,6.29407,6.75454,7.13975,7.44069,7.56693,0,	2.52666e-26,8.94048,9.41211,9.0287,8.72722,8.32267,7.89592,7.48942,6.85446,5.92008,3.67429,1.38238e-19,2.88768,6.49152,7.43786,7.30987,7.16353,6.88827,7.01282,6.71453,6.01715,4.38703,0,	
5.89885e-06,5.79429,6.41688,6.50631,6.57835,6.55555,6.6216,6.65437,6.75008,7.04035,7.12576,4.27138e-89,1.61556,2.9946,4.1022,5.0255,5.76248,6.30227,6.74846,7.16655,7.51671,7.60748,0,	2.49251e-26,8.96421,9.42792,9.09882,8.77056,8.36374,7.97422,7.53554,6.84501,5.90766,3.68799,1.36589e-19,2.86747,6.51324,7.46023,7.34385,7.19088,6.9187,7.07268,6.7303,6.04457,4.40396,0,	
5.88e-06,5.81706,6.44034,6.52253,6.61044,6.58154,6.62408,6.66694,6.77944,7.0392,7.13278,3.95866e-89,1.61942,3.01327,4.08837,5.05055,5.7741,6.28635,6.77141,7.18235,7.58702,7.66209,0,	2.45883e-26,9.02299,9.47689,9.15603,8.76043,8.44879,7.94688,7.5341,6.81929,5.9445,3.69847,1.35175e-19,2.87245,6.5635,7.49784,7.35624,7.22973,6.96132,7.09645,6.74338,6.00758,4.43628,0,	
5.8612e-06,5.85905,6.45645,6.53975,6.62929,6.62466,6.64622,6.69548,6.80513,7.07337,7.12193,3.68945e-89,1.61939,3.00172,4.08288,5.04458,5.80646,6.32933,6.81626,7.21332,7.57572,7.70845,0,	2.43728e-26,9.04444,9.55258,9.20105,8.78736,8.38241,7.94521,7.56016,6.86188,5.94848,3.70719,1.33669e-19,2.93927,6.59067,7.50147,7.40054,7.26587,6.96811,7.13323,6.74183,6.06376,4.44789,0,	
5.82846e-06,5.87402,6.47086,6.56685,6.64792,6.63885,6.66691,6.72682,6.81455,7.08029,7.14909,3.41114e-89,1.6275,2.9863,4.09863,5.03205,5.84639,6.32683,6.81226,7.21276,7.55825,7.77077,0,	2.41205e-26,9.09448,9.59886,9.24338,8.79675,8.3991,7.93747,7.5455,6.81958,5.95096,3.7159,1.31652e-19,2.92333,6.61052,7.53778,7.44707,7.30702,7.0035,7.15225,6.74579,6.07604,4.47313,0,	
5.78663e-06,5.88248,6.48579,6.58652,6.66701,6.65767,6.70434,6.74401,6.8297,7.11075,7.21476,3.17408e-89,1.61353,2.97237,4.12138,5.03401,5.82928,6.32644,6.79122,7.26351,7.56487,7.78579,0,	2.38709e-26,9.12456,9.63568,9.28353,8.80401,8.39978,7.9867,7.52595,6.74623,5.97619,3.7317,1.30602e-19,2.98302,6.62625,7.57396,7.49474,7.34056,7.03094,7.17496,6.7226,6.08772,4.50465,0,	
5.76352e-06,5.92748,6.51143,6.58604,6.68312,6.67916,6.71144,6.77497,6.81693,7.1042,7.25672,2.98916e-89,1.62865,2.96474,4.1368,5.06588,5.86015,6.38485,6.8144,7.20002,7.59915,7.82535,0,	2.36049e-26,9.15608,9.65853,9.29606,8.84335,8.40943,8.04624,7.5488,6.81223,5.9873,3.73635,1.28941e-19,2.98557,6.64653,7.61221,7.53017,7.37687,7.06006,7.17804,6.69237,6.08035,4.52111,0,	
5.7451e-06,5.95841,6.53107,6.60044,6.68731,6.69863,6.73026,6.78844,6.83851,7.12286,7.32308,2.79706e-89,1.62836,2.97457,4.14584,5.09458,5.8767,6.42801,6.84257,7.21932,7.52516,7.76912,0,	2.32487e-26,9.20008,9.66267,9.36486,8.83372,8.38945,7.98729,7.5425,6.8748,5.97303,3.75881,1.28118e-19,3.03598,6.69946,7.64594,7.55264,7.41888,7.08283,7.20704,6.67189,6.09538,4.54109,0,	
5.70843e-06,5.96841,6.53441,6.62524,6.70903,6.72496,6.7623,6.79324,6.86272,7.1539,7.34395,2.64044e-89,1.6295,3.00485,4.17844,5.08473,5.90045,6.43763,6.85493,7.23228,7.55897,7.77169,0,	2.29713e-26,9.22912,9.71078,9.37254,8.86369,8.40265,7.978,7.56247,6.96269,5.94113,3.77945,1.26893e-19,3.02242,6.72223,7.67319,7.59817,7.43983,7.09421,7.20696,6.72009,6.11321,4.56648,0,	
5.67654e-06,5.98958,6.5648,6.64048,6.73461,6.75065,6.79653,6.82924,6.87568,7.14853,7.31065,2.48065e-89,1.64635,2.9993,4.18068,5.07113,5.88864,6.46826,6.86496,7.20311,7.63065,7.76128,0,	2.26427e-26,9.27251,9.76073,9.37346,8.91225,8.39433,7.97789,7.61972,6.91097,5.90426,3.79635,1.25279e-19,3.02181,6.73004,7.71703,7.6207,7.45427,7.11774,7.20471,6.77798,6.12357,4.59445,0,	
5.66293e-06,6.0153,6.59109,6.66653,6.74414,6.76101,6.78312,6.86212,6.88998,7.18348,7.2811,2.3064e-89,1.6557,3.01042,4.18675,5.08228,5.89378,6.48594,6.90839,7.20268,7.62299,7.76762,0,	2.22653e-26,9.31377,9.75347,9.38856,8.90728,8.38768,8.02816,7.65143,6.87764,5.92867,3.80636,1.23982e-19,3.02273,6.76019,7.7347,7.67372,7.4812,7.13349,7.2316,6.77186,6.14483,4.61147,0,	
5.6358e-06,6.03294,6.60362,6.69533,6.75833,6.77113,6.79298,6.86937,6.90031,7.18199,7.27529,2.14097e-89,1.66305,2.99898,4.1993,5.10974,5.90782,6.46216,6.96714,7.22366,7.60345,7.85065,0,	2.1982e-26,9.34067,9.79431,9.45284,8.94383,8.32547,8.05834,7.62268,6.92718,5.96093,3.81877,1.22994e-19,3.00826,6.79574,7.77137,7.71374,7.50793,7.15162,7.24059,6.74926,6.11905,4.6309,0,	
5.61779e-06,6.05585,6.61268,6.71971,6.78731,6.79119,6.81295,6.87523,6.90898,7.22498,7.27839,2.00177e-89,1.67171,3.01336,4.20579,5.11675,5.887,6.47082,6.95842,7.29957,7.64188,7.85974,0,	2.17545e-26,9.39628,9.80134,9.50677,8.99131,8.36853,7.99711,7.63576,6.92702,5.99921,3.8412,1.21138e-19,3.01284,6.79896,7.80573,7.75101,7.53237,7.18023,7.27003,6.7627,6.1272,4.64039,0,	
5.59535e-06,6.06541,6.6373,6.73168,6.8028,6.81011,6.82964,6.89627,6.9191,7.25371,7.36518,1.89878e-89,1.67056,3.03038,4.21918,5.1541,5.91871,6.46436,6.94672,7.34044,7.62448,7.85616,0,	2.13407e-26,9.41898,9.7872,9.51868,8.99904,8.38498,7.99643,7.68805,7.01808,6.01676,3.85305,1.20268e-19,2.99032,6.80313,7.84764,7.75467,7.56851,7.21283,7.28565,6.80276,6.17754,4.66009,0,	
5.59088e-06,6.10256,6.65837,6.74591,6.82087,6.83245,6.85433,6.91926,6.93504,7.26175,7.3601,1.79821e-89,1.6763,3.0421,4.21509,5.13208,5.9336,6.50747,6.99532,7.35214,7.68005,7.87563,0,	2.11536e-26,9.45087,9.79331,9.51495,8.97956,8.41499,8.04126,7.68835,7.09546,6.01423,3.8726,1.19023e-19,3.02007,6.83304,7.87049,7.78862,7.59768,7.23576,7.30315,6.82446,6.20114,4.68271,0,	
5.55964e-06,6.11872,6.68247,6.76473,6.82417,6.83775,6.85851,6.93946,6.96707,7.29255,7.36259,1.69209e-89,1.69166,3.0454,4.22545,5.16074,5.92252,6.51746,6.96535,7.3539,7.71385,7.89385,0,	2.09514e-26,9.47605,9.81775,9.55678,8.97652,8.4097,8.07176,7.72812,7.00904,6.05775,3.8919,1.17509e-19,3.03209,6.83955,7.87756,7.82045,7.62441,7.26431,7.30285,6.85431,6.21871,4.70974,0,	
5.53301e-06,6.12776,6.70277,6.78272,6.84774,6.86066,6.87059,6.97275,6.97078,7.32479,7.40568,1.58081e-89,1.69115,3.05546,4.22512,5.18411,5.94337,6.53146,7.02693,7.35852,7.69589,7.89155,0,	2.0718e-26,9.51287,9.86327,9.58184,8.95438,8.43406,8.0755,7.67908,7.04828,6.09788,3.90395,1.16666e-19,3.03339,6.89188,7.90392,7.855,7.65105,7.29048,7.32531,6.88696,6.228,4.73253,0,	
5.51974e-06,6.15076,6.72656,6.80735,6.84681,6.89428,6.88455,6.97793,6.99069,7.34986,7.4287,1.4923e-89,1.68142,3.06524,4.25762,5.21125,5.99247,6.54293,7.07185,7.37755,7.80725,7.95026,0,	2.05858e-26,9.51707,9.92216,9.63708,8.95681,8.41408,8.07703,7.7295,7.16852,6.16089,3.91347,1.16107e-19,3.06924,6.93816,7.92384,7.88179,7.6633,7.31494,7.34779,6.90023,6.23773,4.74459,0,	
5.4933e-06,6.16525,6.75569,6.82355,6.85986,6.92137,6.89666,7.0072,6.99629,7.37362,7.51853,1.41552e-89,1.71658,3.08733,4.24822,5.21268,6.03509,6.56555,7.07852,7.37322,7.81205,8.01301,0,	2.0389e-26,9.55771,9.97202,9.65186,8.97552,8.40555,8.11409,7.80011,7.19109,6.15488,3.93363,1.15366e-19,3.11529,6.98482,7.93733,7.88897,7.68205,7.32869,7.36425,6.94891,6.29179,4.76207,0,	
5.46698e-06,6.18181,6.78243,6.83787,6.88853,6.96038,6.93534,7.00017,7.01849,7.41102,7.55165,1.33519e-89,1.71655,3.1102,4.27054,5.21376,6.03608,6.57332,7.10981,7.36702,7.80571,8.00213,0,	2.00171e-26,9.56077,10.0056,9.6725,8.98659,8.43167,8.14863,7.79287,7.20596,6.16957,3.95106,1.14629e-19,3.13364,6.98184,7.96441,7.91042,7.68351,7.36336,7.39021,7.00055,6.33486,4.77196,0,	
5.44079e-06,6.1932,6.79384,6.86854,6.92135,6.96818,6.95808,7.02394,7.03021,7.42199,7.53173,1.25539e-89,1.72057,3.11669,4.28724,5.22537,6.05102,6.58557,7.14154,7.47059,7.78497,7.95165,0,	1.97151e-26,9.62098,10.0353,9.66011,8.97274,8.45572,8.1764,7.84053,7.25076,6.17922,3.96575,1.13534e-19,3.12796,6.9957,7.98507,7.93644,7.70419,7.37669,7.39753,7.00226,6.34074,4.79924,0,	
5.4104e-06,6.2159,6.79189,6.89826,6.93473,6.98229,6.9788,7.04972,7.05298,7.45059,7.4405,1.16069e-89,1.71159,3.11418,4.29886,5.24165,6.04114,6.60801,7.15526,7.45866,7.82502,7.9431,0,	1.94175e-26,9.6627,10.0872,9.68163,8.98435,8.47051,8.19253,7.82844,7.19669,6.16375,3.98423,1.12449e-19,3.15612,7.01161,8.00772,7.95646,7.72184,7.38469,7.39763,7.03867,6.31472,4.82172,0,	
5.37157e-06,6.20548,6.81297,6.91694,6.95651,6.99124,7.00254,7.0546,7.07171,7.45184,7.46233,1.08523e-89,1.71282,3.12433,4.29423,5.25737,6.06786,6.64615,7.12477,7.50787,7.84601,7.98987,0,	1.91398e-26,9.69611,10.0859,9.70022,8.99475,8.46672,8.20534,7.9167,7.16467,6.19532,3.99811,1.1191e-19,3.16148,7.03508,8.02986,7.98504,7.73518,7.40975,7.4164,7.05146,6.29929,4.83755,0,	
5.3544e-06,6.23637,6.82707,6.94122,6.98326,7.00839,7.01932,7.07356,7.09155,7.46156,7.40835,1.01711e-89,1.70857,3.14991,4.29918,5.26119,6.08333,6.68042,7.15746,7.50865,7.86274,8.01272,0,	1.90025e-26,9.73837,10.127,9.69279,9.00954,8.4944,8.19572,7.95478,7.12708,6.2285,4.00992,1.10486e-19,3.17128,7.04149,8.07098,8.01036,7.73505,7.42291,7.41349,7.1001,6.30965,4.84521,0,	
5.33302e-06,6.23588,6.83663,6.96956,6.99515,7.03062,7.03417,7.08481,7.11055,7.47304,7.47251,9.56321e-90,1.72163,3.13911,4.3264,5.27112,6.09376,6.68499,7.16283,7.53831,7.90687,8.04267,0,	1.87757e-26,9.77662,10.144,9.72588,9.03833,8.54275,8.19379,7.92579,7.15803,6.2609,4.03248,1.09255e-19,3.16889,7.08921,8.08952,8.03258,7.75525,7.43289,7.43114,7.10609,6.38571,4.84515,0,	
5.30747e-06,6.23638,6.8538,6.98241,7.01435,7.05258,7.04996,7.0938,7.10788,7.49414,7.47549,8.89148e-90,1.7015,3.12126,4.32216,5.29574,6.08801,6.72642,7.13671,7.50435,7.91875,8.047,0,	1.84923e-26,9.8427,10.1495,9.69056,9.02553,8.55257,8.22627,7.90695,7.12477,6.23623,4.0461,1.08471e-19,3.24334,7.10474,8.09431,8.07742,7.77321,7.46705,7.4308,7.04213,6.41003,4.86645,0,	
5.27782e-06,6.24584,6.8663,6.98717,7.02693,7.07946,7.06905,7.08396,7.1341,7.50815,7.46248,8.22076e-90,1.68352,3.11237,4.31449,5.31041,6.0802,6.70594,7.09809,7.5141,7.91287,8.08585,0,	1.83156e-26,9.89937,10.1747,9.68534,9.007,8.61054,8.17817,7.8538,7.09523,6.25429,4.06381,1.07005e-19,3.29417,7.13274,8.13123,8.07897,7.78307,7.46764,7.41634,7.04213,6.41699,4.89626,0,	
5.23156e-06,6.25329,6.88916,7.00289,7.03424,7.07999,7.08043,7.09293,7.14286,7.49957,7.47421,7.64945e-90,1.70904,3.11066,4.30463,5.31499,6.08933,6.68093,7.14683,7.48533,7.91223,8.11493,0,	1.80392e-26,9.90281,10.1965,9.6931,9.0497,8.63805,8.18637,7.86778,7.09013,6.26634,4.07531,1.05222e-19,3.26278,7.14244,8.14203,8.10846,7.81067,7.49321,7.43839,7.03237,6.37692,4.91815,0,	
5.21484e-06,6.26923,6.90475,7.02057,7.04201,7.10236,7.09214,7.09649,7.15965,7.50933,7.51805,7.10077e-90,1.67488,3.09316,4.29062,5.296,6.10442,6.71739,7.11877,7.50952,7.89827,8.12005,0,	1.77954e-26,9.93976,10.2262,9.663,9.07925,8.65488,8.13263,7.87284,7.11228,6.20776,4.09032,1.04383e-19,3.30596,7.17227,8.18509,8.12197,7.8338,7.50457,7.45115,7.05575,6.35426,4.94539,0,	
5.19401e-06,6.29413,6.90065,7.02376,7.06961,7.09763,7.0853,7.07838,7.17258,7.5211,7.44115,6.62318e-90,1.67322,3.09009,4.30931,5.30626,6.11855,6.74086,7.15686,7.4556,7.91028,8.08136,0,	1.7555e-26,9.98911,10.2575,9.66739,9.06284,8.65613,8.11287,7.84636,7.1141,6.22798,4.09775,1.02397e-19,3.29618,7.16079,8.23265,8.14639,7.85125,7.52652,7.41675,7.0131,6.34896,4.96447,0,	
5.17741e-06,6.30639,6.90086,7.03728,7.08342,7.10653,7.10658,7.11235,7.1743,7.52654,7.56602,6.19256e-90,1.66669,3.07792,4.31986,5.31835,6.13732,6.74943,7.1718,7.45588,7.93398,8.09757,0,	1.72624e-26,10.0436,10.2949,9.71248,9.08353,8.64366,8.09285,7.84989,7.14875,6.24635,4.11087,1.015e-19,3.26882,7.18008,8.25751,8.1854,7.86345,7.55493,7.44543,7.02966,6.38795,4.98046,0,	
5.14437e-06,6.31081,6.91656,7.05001,7.09196,7.11507,7.12282,7.13009,7.17071,7.52236,7.51732,5.78068e-90,1.68155,3.08867,4.30854,5.30644,6.13421,6.78164,7.17277,7.45922,7.93345,8.03399,0,	1.70019e-26,10.0632,10.2624,9.7408,9.11885,8.63443,8.09036,7.79111,7.12335,6.26527,4.12135,9.9888e-20,3.24132,7.21921,8.26994,8.20867,7.88418,7.58141,7.44321,7.02944,6.37009,5.00533,0,	
5.11972e-06,6.33072,6.93278,7.04949,7.1085,7.13804,7.11981,7.13817,7.19276,7.53532,7.54768,5.38325e-90,1.67567,3.09366,4.31796,5.27886,6.14922,6.76789,7.18149,7.5045,7.82291,8.11246,0,	1.68394e-26,10.1108,10.2788,9.74207,9.05859,8.62538,8.09417,7.77878,7.14533,6.24621,4.11322,9.88542e-20,3.27708,7.24942,8.29711,8.22897,7.91443,7.60693,7.45832,7.03846,6.36514,5.02723,0,	
5.10745e-06,6.35263,6.94369,7.07418,7.11015,7.16497,7.14741,7.16032,7.19242,7.53932,7.57449,5.04535e-90,1.67034,3.11087,4.33219,5.2739,6.14777,6.7581,7.23371,7.53562,7.90891,8.12615,0,	1.66784e-26,10.1601,10.3173,9.74594,9.04571,8.60184,8.10567,7.82485,7.20275,6.26611,4.12917,9.77527e-20,3.32303,7.29176,8.3081,8.26043,7.94044,7.62749,7.44726,7.04678,6.41543,5.03727,0,	
5.08298e-06,6.35633,6.96029,7.08185,7.13217,7.16271,7.15763,7.18393,7.16028,7.55893,7.56063,4.8088e-90,1.70391,3.14921,4.34147,5.30039,6.13117,6.77725,7.24974,7.57491,7.90527,8.13182,0,	1.63873e-26,10.1901,10.3361,9.77404,9.04671,8.58668,8.11554,7.91145,7.32733,6.22924,4.14161,9.63546e-20,3.27299,7.28224,8.31517,8.28,7.96392,7.61683,7.47198,7.0533,6.40919,5.05905,0,	
5.05458e-06,6.33827,6.98602,7.08606,7.13072,7.16479,7.17781,7.17309,7.14956,7.58483,7.57144,4.48896e-90,1.70531,3.13822,4.33503,5.31313,6.15411,6.76156,7.26485,7.6099,7.97759,8.10913,0,	1.6153e-26,10.2322,10.3643,9.82351,9.03725,8.61524,8.03529,7.93739,7.29796,6.26322,4.16584,9.53573e-20,3.28323,7.32636,8.33959,8.30242,7.9846,7.6373,7.46731,7.04004,6.40093,5.06861,0,	
5.02232e-06,6.33759,6.99164,7.08808,7.13718,7.18111,7.18355,7.16954,7.16217,7.59212,7.61014,4.22406e-90,1.69138,3.13765,4.35954,5.33312,6.14463,6.77394,7.28789,7.65026,7.94443,8.11524,0,	1.58203e-26,10.2778,10.4163,9.81674,9.01349,8.57531,8.04792,7.99665,7.28642,6.29655,4.17328,9.4673e-20,3.25107,7.36592,8.34969,8.34121,8.00247,7.63768,7.50394,7.02423,6.39275,5.08185,0,	
5.00627e-06,6.36004,7.00763,7.10288,7.15461,7.19685,7.18174,7.18695,7.17432,7.5712,7.64484,3.9305e-90,1.68896,3.15433,4.39025,5.34089,6.16201,6.7462,7.27295,7.59704,7.98804,8.13877,0,	1.5619e-26,10.2976,10.4074,9.79991,9.02858,8.56084,8.13538,7.98507,7.29973,6.23116,4.18555,9.36181e-20,3.23308,7.42145,8.36721,8.37057,8.03078,7.67153,7.53125,7.0441,6.38988,5.09659,0,	
4.96239e-06,6.34618,7.02791,7.12224,7.17115,7.19063,7.18966,7.2273,7.19109,7.60241,7.64522,3.67201e-90,1.69213,3.1696,4.38761,5.33094,6.16185,6.75749,7.28104,7.66379,8.02409,8.15024,0,	1.5445e-26,10.334,10.4173,9.80407,9.02529,8.57992,8.17978,7.93912,7.29766,6.26566,4.19674,9.22791e-20,3.24731,7.45823,8.39189,8.40279,8.04943,7.68326,7.54782,7.10696,6.41221,5.08876,0,	
4.93467e-06,6.3477,7.05138,7.14106,7.16797,7.20133,7.21119,7.2352,7.21026,7.61701,7.61012,3.42504e-90,1.70207,3.15381,4.38912,5.35049,6.18382,6.78151,7.27393,7.62775,8.0384,8.14179,0,	1.52607e-26,10.3482,10.4368,9.80527,9.02194,8.57475,8.15737,7.92249,7.25984,6.30627,4.20759,9.09593e-20,3.23095,7.50037,8.44399,8.42378,8.06478,7.69888,7.56732,7.09026,6.42715,5.09817,0,	
4.9071e-06,6.34927,7.05888,7.15821,7.19356,7.21681,7.22773,7.22986,7.22942,7.65244,7.54178,3.2255e-90,1.73153,3.16133,4.39162,5.36306,6.15488,6.80754,7.25796,7.67828,8.08398,8.10389,0,	1.50424e-26,10.3847,10.4458,9.82325,9.02989,8.57131,8.19756,7.91634,7.30141,6.3077,4.20979,8.94434e-20,3.23278,7.50928,8.47966,8.41933,8.05965,7.71705,7.58435,7.07878,6.46218,5.11882,0,	
4.8836e-06,6.35429,7.06753,7.16035,7.18002,7.21289,7.22507,7.25017,7.21701,7.67208,7.56644,3.03516e-90,1.71426,3.18249,4.41451,5.37582,6.18054,6.81114,7.27809,7.61135,8.02947,8.16378,0,	1.48273e-26,10.3913,10.4572,9.85219,9.06852,8.57525,8.23418,7.92109,7.22322,6.32631,4.21791,8.86594e-20,3.25751,7.50457,8.49446,8.43488,8.08189,7.73249,7.57884,7.08419,6.44738,5.12182,0,	
4.86799e-06,6.39041,7.07568,7.17077,7.19175,7.2155,7.23055,7.25172,7.23385,7.64747,7.49646,2.83555e-90,1.72538,3.18716,4.40036,5.39532,6.18644,6.78215,7.32872,7.68231,7.9822,8.11364,0,	1.46035e-26,10.4128,10.4915,9.83902,9.06668,8.5952,8.18291,7.89745,7.24521,6.33785,4.23895,8.69031e-20,3.22971,7.53976,8.53248,8.45404,8.09472,7.74857,7.58235,7.06233,6.45457,5.13534,0,	
4.84855e-06,6.39635,7.08563,7.17504,7.2007,7.19699,7.21719,7.26337,7.24643,7.64037,7.58964,2.65332e-90,1.72045,3.21379,4.40619,5.40166,6.20579,6.80812,7.32507,7.66274,8.02752,8.09988,0,	1.44293e-26,10.4468,10.515,9.82117,9.04897,8.5996,8.22135,7.91688,7.22691,6.35118,4.25708,8.59349e-20,3.26082,7.54468,8.56575,8.48205,8.10627,7.75885,7.58693,7.06182,6.47245,5.13961,0,	
4.82146e-06,6.40175,7.08981,7.1822,7.2273,7.22168,7.21872,7.22258,7.23262,7.63335,7.62324,2.46103e-90,1.69429,3.20183,4.40433,5.43269,6.20226,6.79184,7.33109,7.69298,7.99023,8.15229,0,	1.41888e-26,10.4618,10.5021,9.82203,9.10651,8.65113,8.27073,7.8817,7.17203,6.33238,4.28003,8.49774e-20,3.25099,7.55617,8.5747,8.50799,8.12444,7.77551,7.60196,7.03276,6.45925,5.14952,0,	
4.79452e-06,6.39825,7.10517,7.20297,7.22393,7.22607,7.23607,7.23614,7.23609,7.63406,7.62776,2.3084e-90,1.70575,3.17719,4.41149,5.42525,6.21279,6.8386,7.34083,7.71092,8.03965,8.17709,0,	1.40195e-26,10.4628,10.5161,9.85181,9.08755,8.65737,8.26832,7.9753,7.20609,6.34352,4.30625,8.43e-20,3.28692,7.55616,8.57134,8.52608,8.14269,7.79365,7.5976,7.01623,6.44814,5.16531,0,	
4.77156e-06,6.42008,7.10955,7.21554,7.24652,7.22283,7.23868,7.23833,7.26014,7.63617,7.6647,2.16004e-90,1.69199,3.1644,4.42343,5.4221,6.23057,6.83615,7.29286,7.72667,8.09535,8.21564,0,	1.38522e-26,10.5249,10.5256,9.85026,9.10298,8.59332,8.26463,7.97083,7.26815,6.3192,4.3239,8.34943e-20,3.33466,7.56679,8.59723,8.54241,8.16176,7.8097,7.59597,7.07637,6.42721,5.17358,0,	
4.75631e-06,6.44495,7.12015,7.22695,7.26075,7.2299,7.26503,7.26354,7.26498,7.65952,7.68781,1.9971e-90,1.68417,3.15273,4.42033,5.38466,6.27571,6.8438,7.29376,7.67158,8.07434,8.23422,0,	1.37088e-26,10.5572,10.5725,9.856,9.10118,8.60289,8.22756,7.96754,7.21087,6.24132,4.33492,8.28287e-20,3.39304,7.59056,8.63911,8.55352,8.16243,7.81393,7.60668,7.12564,6.41279,5.19281,0,	
4.75631e-06,6.48281,7.13719,7.23874,7.26722,7.25082,7.27523,7.28528,7.28877,7.66666,7.70853,1.8598e-90,1.68468,3.16327,4.42677,5.41476,6.28067,6.88026,7.37543,7.7017,8.08569,8.24955,0,	1.34695e-26,10.5932,10.5894,9.89212,9.1121,8.65245,8.25589,7.98618,7.25711,6.29363,4.34961,8.19059e-20,3.41553,7.55375,8.65448,8.58926,8.16975,7.83405,7.62454,7.17034,6.41953,5.20249,0,	
4.73352e-06,6.50412,7.15141,7.26094,7.28148,7.25638,7.29415,7.26999,7.3033,7.67318,7.69006,1.75707e-90,1.71549,3.158,4.41327,5.41459,6.25392,6.88282,7.31673,7.70362,8.07624,8.25445,0,	1.32344e-26,10.6085,10.5743,9.84889,9.11204,8.6776,8.27602,7.95367,7.28211,6.28808,4.35841,8.0799e-20,3.42082,7.56493,8.66722,8.60701,8.18749,7.85719,7.6178,7.17418,6.41965,5.2025,0,	
4.71839e-06,6.50827,7.1493,7.276,7.27332,7.25981,7.32019,7.27992,7.3237,7.68646,7.74846,1.66933e-90,1.73557,3.16776,4.43683,5.45218,6.28381,6.87365,7.37397,7.66484,8.03926,8.29788,0,	1.30556e-26,10.6058,10.5708,9.80805,9.16111,8.68771,8.23988,8.05885,7.33837,6.35429,4.37329,7.99627e-20,3.37686,7.57262,8.70011,8.61185,8.19075,7.87502,7.62031,7.21119,6.45747,5.21407,0,	
4.69955e-06,6.52245,7.16135,7.29435,7.28627,7.25281,7.33903,7.31416,7.3274,7.71458,7.69705,1.53724e-90,1.68673,3.16502,4.44164,5.45702,6.25947,6.86515,7.34492,7.66888,8.03337,8.23687,0,	1.28792e-26,10.6201,10.5607,9.82493,9.1806,8.70961,8.22398,8.01724,7.2183,6.28807,4.38326,7.85672e-20,3.40794,7.61357,8.73295,8.62111,8.2087,7.87313,7.6571,7.21232,6.48145,5.23308,0,	
4.67329e-06,6.52172,7.16355,7.31069,7.307,7.26199,7.34852,7.30997,7.34785,7.71758,7.72156,1.46166e-90,1.68134,3.17382,4.48923,5.46024,6.28254,6.83167,7.37995,7.71371,8.06114,8.24727,0,	1.27459e-26,10.6098,10.5758,9.83051,9.22523,8.7373,8.30834,8.02961,7.2018,6.35185,4.395,7.7754e-20,3.41486,7.60755,8.7142,8.63758,8.22658,7.87905,7.68056,7.19904,6.5119,5.24069,0,	
4.65836e-06,6.55886,7.15327,7.31789,7.30911,7.28031,7.35315,7.34312,7.35866,7.72674,7.71275,1.3732e-90,1.69497,3.17411,4.47798,5.46089,6.27062,6.84206,7.34094,7.73943,8.10388,8.19778,0,	1.25234e-26,10.6234,10.5676,9.82511,9.26342,8.70673,8.32156,7.9485,7.23135,6.42454,4.41032,7.67033e-20,3.3896,7.63095,8.73778,8.65646,8.24584,7.90017,7.70475,7.20823,6.49148,5.24462,0,	
4.60645e-06,6.52534,7.1575,7.32478,7.32333,7.28667,7.35432,7.35237,7.37089,7.73302,7.66234,1.28804e-90,1.71541,3.17278,4.50308,5.43209,6.29486,6.86716,7.34987,7.74091,8.08879,8.20559,0,	1.22557e-26,10.6286,10.6107,9.85083,9.28417,8.69595,8.34979,7.99978,7.23946,6.39915,4.41668,7.5788e-20,3.34084,7.60926,8.75565,8.65569,8.26253,7.89022,7.71383,7.17776,6.49739,5.24783,0,	
4.59541e-06,6.5579,7.17516,7.3296,7.33269,7.30459,7.34359,7.35831,7.37194,7.72561,7.64603,1.19949e-90,1.72096,3.18082,4.49642,5.43842,6.28801,6.87225,7.36772,7.72772,8.14657,8.20001,0,	1.20804e-26,10.6729,10.5899,9.92567,9.291,8.62595,8.36377,7.96833,7.28082,6.40181,4.43197,7.47638e-20,3.32373,7.66147,8.78242,8.68063,8.27729,7.89466,7.72359,7.17753,6.4987,5.25604,0,	
4.57339e-06,6.55087,7.18715,7.32059,7.32733,7.32354,7.31247,7.36223,7.37619,7.74511,7.6426,1.1215e-90,1.72573,3.19385,4.49269,5.48599,6.28496,6.89366,7.37623,7.71112,8.14089,8.28053,0,	1.19267e-26,10.6846,10.6306,9.95276,9.22795,8.64127,8.42829,7.96686,7.31144,6.42214,4.44031,7.39308e-20,3.35287,7.70032,8.79225,8.67358,8.27345,7.90196,7.74681,7.17979,6.47501,5.27574,0,	
4.55513e-06,6.56851,7.18904,7.33489,7.3314,7.31828,7.32028,7.35943,7.36522,7.7592,7.58707,1.0511e-90,1.71752,3.19834,4.50966,5.49846,6.31933,6.91149,7.38757,7.75005,8.06046,8.25703,0,	1.17844e-26,10.6906,10.6308,9.95511,9.23965,8.67035,8.44339,8.01005,7.27326,6.38339,4.4637,7.26986e-20,3.36163,7.69282,8.79678,8.6948,8.27936,7.92214,7.73359,7.15728,6.45921,5.28153,0,	
4.53694e-06,6.58007,7.1931,7.33547,7.33612,7.30623,7.33544,7.36464,7.37522,7.75247,7.68539,9.78055e-91,1.7028,3.21676,4.49841,5.52184,6.31271,6.92877,7.41795,7.73955,8.0255,8.2393,0,	1.16159e-26,10.731,10.6159,9.94318,9.28634,8.61881,8.45403,7.94868,7.28607,6.39039,4.49069,7.20038e-20,3.40966,7.71719,8.82276,8.7056,8.28306,7.936,7.74216,7.18733,6.4728,5.28511,0,	
4.52606e-06,6.60028,7.19556,7.33834,7.35219,7.30861,7.34499,7.35388,7.38344,7.74252,7.68438,9.13002e-91,1.7099,3.21793,4.50393,5.52602,6.31513,6.91034,7.44252,7.73487,8.06486,8.14135,0,	1.14589e-26,10.7353,10.641,9.92078,9.29582,8.61882,8.40213,7.90249,7.3362,6.34233,4.50602,7.11446e-20,3.41344,7.76353,8.83144,8.70509,8.30772,7.95751,7.75973,7.15596,6.48382,5.30888,0,	
4.50798e-06,6.60966,7.21405,7.32679,7.34838,7.31129,7.35238,7.34431,7.39148,7.74992,7.64433,8.43455e-91,1.73911,3.21749,4.48233,5.52769,6.31173,6.92783,7.43208,7.74982,8.12343,8.21221,0,	1.12769e-26,10.7564,10.6475,9.9585,9.24004,8.65886,8.43296,7.96937,7.31383,6.33827,4.52869,7.04082e-20,3.38591,7.82038,8.84514,8.71622,8.3223,7.96862,7.7386,7.15136,6.46159,5.31828,0,	
4.47205e-06,6.59719,7.21411,7.32347,7.361,7.31664,7.36028,7.35143,7.38289,7.78301,7.66711,7.87985e-91,1.74996,3.2399,4.47989,5.4939,6.33644,6.90281,7.45138,7.78664,8.09416,8.188,0,	1.10624e-26,10.763,10.6642,9.96002,9.23052,8.69723,8.37374,8.011,7.2354,6.3724,4.5429,6.94568e-20,3.38131,7.8584,8.8373,8.7099,8.33567,7.98731,7.74592,7.19339,6.44847,5.33057,0,	
4.45775e-06,6.60732,7.21894,7.32652,7.36197,7.31751,7.33755,7.34173,7.39751,7.80624,7.67229,7.45054e-91,1.73917,3.24323,4.49004,5.50211,6.37032,6.90525,7.41613,7.7737,8.15958,8.22426,0,	1.0878e-26,10.7754,10.6577,9.99471,9.20363,8.72977,8.33058,8.00006,7.31125,6.42263,4.55616,6.8573e-20,3.35964,7.86778,8.85702,8.72019,8.33983,7.97383,7.75513,7.20486,6.47661,5.35525,0,	
4.44706e-06,6.61683,7.22833,7.34085,7.36528,7.33184,7.33211,7.33478,7.41979,7.81184,7.62251,6.94943e-91,1.73929,3.23737,4.48301,5.51425,6.37565,6.95593,7.38622,7.76038,8.15673,8.25094,0,	1.06625e-26,10.8354,10.6769,10.0135,9.20067,8.76191,8.30245,8.00201,7.28153,6.42802,4.57647,6.75382e-20,3.34083,7.88775,8.85854,8.72969,8.35184,7.98298,7.72992,7.20483,6.47209,5.36222,0,	
4.4293e-06,6.62011,7.23831,7.34779,7.35799,7.33633,7.33312,7.34091,7.41909,7.78928,7.70197,6.53933e-91,1.74547,3.25357,4.46689,5.53807,6.39431,6.92598,7.40119,7.75529,8.10992,8.30605,0,	1.05522e-26,10.8414,10.7077,9.97537,9.18651,8.7328,8.29608,8.02138,7.35465,6.39973,4.59322,6.69998e-20,3.41115,7.89409,8.88083,8.72648,8.35716,7.99418,7.67855,7.23998,6.49458,5.37328,0,	
4.39048e-06,6.60233,7.24957,7.3546,7.32171,7.34103,7.33346,7.35852,7.4023,7.80439,7.74446,6.0995e-91,1.73199,3.23933,4.43328,5.5334,6.38904,6.90784,7.43796,7.76047,8.13968,8.30069,0,	1.04179e-26,10.8542,10.7652,9.98114,9.17569,8.7169,8.29919,7.98275,7.306,6.37708,4.60483,6.60944e-20,3.42846,7.92653,8.89856,8.75237,8.3763,7.99415,7.69681,7.20359,6.50303,5.37434,0,	
4.37295e-06,6.62042,7.2697,7.35217,7.32804,7.35892,7.34121,7.35177,7.40544,7.78787,7.76245,5.662e-91,1.72281,3.24062,4.41237,5.53955,6.41531,6.91125,7.45504,7.79242,8.13535,8.32068,0,	1.02607e-26,10.8687,10.7671,9.96787,9.25686,8.68428,8.29542,8.00084,7.31861,6.38443,4.61732,6.52013e-20,3.40434,7.96965,8.93562,8.77449,8.39222,7.99054,7.7054,7.19921,6.49942,5.38658,0,	
4.36945e-06,6.66871,7.28306,7.34904,7.32932,7.37305,7.35963,7.32544,7.41794,7.79835,7.80081,5.28964e-91,1.72573,3.23738,4.43429,5.50241,6.39416,6.94514,7.46795,7.82025,8.14039,8.30672,0,	1.01464e-26,10.8935,10.7674,9.98889,9.23869,8.67846,8.33284,8.04656,7.27103,6.36834,4.61613,6.47852e-20,3.46598,7.97332,8.96577,8.79108,8.39915,8.00611,7.72416,7.17597,6.50955,5.38415,0,	
4.36246e-06,6.70061,7.30065,7.35957,7.33614,7.36491,7.38046,7.3395,7.42473,7.80925,7.82381,4.91809e-91,1.72745,3.23777,4.45668,5.49088,6.42246,6.92756,7.44821,7.82298,8.18005,8.34949,0,	9.96132e-27,10.9236,10.7339,10.0472,9.26903,8.6627,8.38664,8.03756,7.31887,6.35755,4.63006,6.39609e-20,3.45127,7.97244,8.99463,8.80827,8.42069,8.02253,7.7525,7.18811,6.51456,5.39215,0,	
4.352e-06,6.72526,7.32115,7.3648,7.33823,7.38475,7.38814,7.32222,7.43172,7.81883,7.78395,4.53257e-91,1.70182,3.23425,4.46927,5.49106,6.42028,6.92396,7.44242,7.8235,8.16117,8.33628,0,	9.82671e-27,10.9371,10.7089,10.0212,9.27106,8.72652,8.32489,8.01453,7.30086,6.32819,4.63997,6.33495e-20,3.46085,8.00011,8.99416,8.83277,8.43618,8.03817,7.72661,7.16743,6.50868,5.39674,0,	
4.33115e-06,6.72658,7.33894,7.38395,7.35426,7.39578,7.40748,7.3417,7.41758,7.81368,7.75131,4.29249e-91,1.71786,3.26123,4.4879,5.52487,6.4221,6.94493,7.44146,7.83713,8.16459,8.36205,0,	9.68616e-27,10.9505,10.7138,10.0409,9.25338,8.68275,8.32234,8.1449,7.38813,6.3209,4.65708,6.28446e-20,3.4708,7.98916,9.00128,8.85502,8.44356,8.04172,7.73389,7.17641,6.52437,5.40263,0,	
4.31386e-06,6.73514,7.34297,7.38944,7.36915,7.4044,7.42211,7.32662,7.40038,7.82059,7.81345,3.99738e-91,1.71193,3.24162,4.4927,5.53819,6.4095,6.96557,7.43308,7.81855,8.17439,8.39254,0,	9.58591e-27,10.9458,10.6697,10.0062,9.31912,8.71964,8.34173,8.09789,7.34902,6.31841,4.66636,6.21941e-20,3.52936,7.99983,9.03185,8.87541,8.44356,8.04873,7.75002,7.20117,6.52207,5.41348,0,	
4.27947e-06,6.72678,7.34236,7.40368,7.38721,7.41463,7.43367,7.33046,7.39162,7.83224,7.81145,3.78262e-91,1.73106,3.24325,4.50646,5.52845,6.40743,6.94076,7.44458,7.748,8.13232,8.41395,0,	9.5095e-27,10.9203,10.6363,9.99917,9.33654,8.67767,8.40701,8.00346,7.33752,6.36261,4.68293,6.14519e-20,3.49523,8.00922,9.04293,8.8841,8.46763,8.05893,7.75303,7.16836,6.53314,5.42761,0,	
4.25897e-06,6.73649,7.35316,7.41085,7.38515,7.41443,7.4447,7.33438,7.39983,7.83707,7.78596,3.53103e-91,1.73832,3.23391,4.50173,5.52049,6.40266,6.91824,7.42146,7.76812,8.20293,8.3868,0,	9.38099e-27,10.9456,10.6487,10.0134,9.30232,8.66766,8.47174,8.04976,7.26003,6.34954,4.70393,6.06215e-20,3.48997,8.03289,9.05203,8.8764,8.47189,8.08173,7.75322,7.1855,6.4736,5.43627,0,	
4.24196e-06,6.72253,7.36053,7.42195,7.40502,7.42306,7.44538,7.36067,7.43228,7.83792,7.82325,3.31203e-91,1.76477,3.22434,4.50805,5.50671,6.37054,6.95118,7.43044,7.76114,8.14037,8.37141,0,	9.23942e-27,10.96,10.6675,10.0321,9.35585,8.65449,8.45901,8.01564,7.22929,6.33104,4.72507,6.00902e-20,3.51339,8.03888,9.06887,8.88995,8.48938,8.07351,7.78159,7.15085,6.50681,5.44792,0,	
4.23179e-06,6.73427,7.38147,7.43791,7.42271,7.4281,7.42512,7.3749,7.44379,7.83542,7.8851,3.11659e-91,1.77045,3.23665,4.52746,5.51864,6.37855,7.00578,7.47686,7.80501,8.10347,8.30633,0,	9.15111e-27,10.9562,10.7043,10.0668,9.31915,8.68845,8.493,7.93787,7.28647,6.35314,4.74162,5.96589e-20,3.54064,8.03926,9.07779,8.89714,8.50823,8.08023,7.81737,7.1794,6.50817,5.46331,0,	
4.21152e-06,6.73974,7.38896,7.44089,7.42977,7.45286,7.44039,7.38948,7.46189,7.81752,7.90354,2.91629e-91,1.77397,3.23693,4.52641,5.52954,6.38123,7.00571,7.48566,7.84886,8.10789,8.33521,0,	9.0564e-27,10.9783,10.7122,10.0513,9.28838,8.71115,8.49303,7.91111,7.33101,6.38744,4.75041,5.92307e-20,3.5907,8.08762,9.07437,8.91017,8.5132,8.08758,7.8283,7.17473,6.5528,5.46133,0,	
4.1947e-06,6.75792,7.4049,7.45599,7.4404,7.46894,7.43913,7.39604,7.48241,7.82745,7.79495,2.73105e-91,1.77697,3.23129,4.53437,5.53151,6.39643,7.01649,7.51211,7.83153,8.12359,8.25759,0,	8.84155e-27,10.9976,10.7269,10.0743,9.25674,8.68999,8.42645,7.97287,7.39357,6.3724,4.76392,5.85708e-20,3.53676,8.07573,9.09712,8.91805,8.51151,8.10229,7.82396,7.14819,6.57123,5.4776,0,	
4.18129e-06,6.779,7.41529,7.47707,7.4522,7.4699,7.45377,7.42322,7.48327,7.8292,7.79369,2.59261e-91,1.78742,3.24182,4.54402,5.54143,6.39353,7.00887,7.53211,7.84394,8.10744,8.23568,0,	8.68029e-27,10.9893,10.7035,10.0774,9.28227,8.70164,8.42824,8.005,7.37006,6.40104,4.78097,5.81039e-20,3.50996,8.08323,9.11213,8.91807,8.50599,8.10546,7.83919,7.21855,6.5887,5.4925,0,	
4.1546e-06,6.75517,7.41543,7.48426,7.44718,7.46157,7.46339,7.42814,7.50687,7.81972,7.7446,2.42017e-91,1.77913,3.25847,4.52066,5.54613,6.41268,7.03318,7.53926,7.87755,8.0909,8.2216,0,	8.58357e-27,10.9868,10.6939,10.0456,9.32089,8.69943,8.42879,7.99056,7.35858,6.39288,4.79978,5.74565e-20,3.5127,8.11594,9.11463,8.91302,8.51699,8.10726,7.82557,7.23677,6.56992,5.49858,0,	
4.14464e-06,6.78208,7.4192,7.48458,7.45219,7.46672,7.46097,7.44151,7.51445,7.85381,7.73059,2.25739e-91,1.77418,3.25188,4.54353,5.56671,6.41965,7.02483,7.52321,7.89662,8.17841,8.2116,0,	8.44727e-27,11.0062,10.7038,10.0798,9.32863,8.68039,8.40279,8.02534,7.34408,6.43745,4.81233,5.70442e-20,3.52065,8.15293,9.12401,8.929,8.52021,8.10902,7.83439,7.24675,6.59588,5.51608,0,	
4.12809e-06,6.79017,7.42425,7.48607,7.46665,7.46787,7.46112,7.45032,7.49276,7.86497,7.7861,2.11739e-91,1.78442,3.25508,4.53558,5.53351,6.42574,7.02775,7.50587,7.91019,8.23282,8.32711,0,	8.35315e-27,11.0482,10.7313,10.1071,9.33576,8.6807,8.36707,8.0199,7.35876,6.46618,4.82604,5.64989e-20,3.57169,8.1648,9.12785,8.94078,8.52445,8.11336,7.83661,7.26183,6.61612,5.51959,0,	
4.10174e-06,6.78213,7.43701,7.49729,7.45924,7.47382,7.47662,7.43731,7.52045,7.88287,7.80451,1.97024e-91,1.78705,3.26715,4.50686,5.5243,6.41602,7.00884,7.49463,7.85124,8.20637,8.36364,0,	8.21394e-27,11.0285,10.7481,10.1265,9.31033,8.60576,8.36188,8.01489,7.36099,6.45543,4.83598,5.57355e-20,3.57447,8.21074,9.10336,8.94764,8.53377,8.12127,7.83473,7.27968,6.64534,5.52079,0,	
4.08863e-06,6.80169,7.44582,7.50379,7.4769,7.49799,7.46178,7.44824,7.53215,7.89403,7.81795,1.84805e-91,1.78144,3.27733,4.48072,5.54901,6.44713,6.99503,7.47067,7.83244,8.24716,8.36587,0,	8.14846e-27,11.0455,10.7541,10.1336,9.33196,8.63555,8.29596,7.94569,7.38923,6.47918,4.8521,5.53797e-20,3.64085,8.24523,9.09016,8.96987,8.54785,8.12715,7.82559,7.27909,6.65592,5.53245,0,	
4.06905e-06,6.79358,7.45667,7.51528,7.48292,7.50597,7.49336,7.45399,7.54815,7.87872,7.7975,1.71275e-91,1.77177,3.26253,4.47268,5.53466,6.40791,6.9844,7.49437,7.89757,8.21092,8.35846,0,	8.02549e-27,11.0509,10.8012,10.1495,9.30621,8.62572,8.29876,7.92956,7.32177,6.4889,4.86063,5.47189e-20,3.62802,8.28127,9.12202,8.98038,8.55768,8.11395,7.80031,7.26645,6.64888,5.53868,0,	
4.04631e-06,6.79509,7.46948,7.52224,7.48008,7.51047,7.49405,7.44809,7.56275,7.87329,7.81169,1.60139e-91,1.77622,3.27534,4.47963,5.54942,6.40748,7.02014,7.48813,7.88308,8.24871,8.41516,0,	7.93607e-27,11.0734,10.7998,10.1224,9.34592,8.64245,8.31346,8.05274,7.33849,6.48389,4.8685,5.42393e-20,3.62697,8.30767,9.11438,8.98333,8.56424,8.11057,7.79554,7.22911,6.66022,5.55004,0,	
4.00443e-06,6.76174,7.47876,7.52204,7.49267,7.48453,7.49272,7.44697,7.54996,7.89497,7.88974,1.51414e-91,1.76567,3.27649,4.46997,5.55941,6.40551,7.01739,7.46654,7.86477,8.23535,8.45534,0,	7.87912e-27,11.0848,10.8069,10.0893,9.27396,8.59154,8.3915,8.04045,7.29963,6.53752,4.87864,5.38069e-20,3.70168,8.31413,9.12727,8.98916,8.55657,8.10124,7.78561,7.21113,6.66411,5.55274,0,	
3.98525e-06,6.77328,7.47565,7.53498,7.49429,7.49373,7.50158,7.44263,7.56992,7.88223,7.87731,1.4157e-91,1.76966,3.26588,4.48825,5.53851,6.36463,7.03654,7.49375,7.81824,8.19674,8.44607,0,	7.77887e-27,11.0976,10.7951,10.1117,9.23835,8.56916,8.36083,7.99831,7.34318,6.53518,4.89437,5.28678e-20,3.73211,8.33126,9.1329,8.97906,8.57453,8.09442,7.78051,7.21625,6.65456,5.56105,0,	
3.95348e-06,6.76898,7.48102,7.54846,7.49207,7.50574,7.50832,7.45843,7.52869,7.87198,7.92381,1.32577e-91,1.79423,3.27553,4.49259,5.53157,6.36143,7.02589,7.49924,7.80961,8.20889,8.43132,0,	7.68604e-27,11.0974,10.8082,10.1234,9.25612,8.57477,8.35928,8.00208,7.36811,6.50236,4.90654,5.25725e-20,3.74565,8.32485,9.1526,8.95835,8.57943,8.10179,7.81104,7.22318,6.61842,5.5586,0,	
3.9377e-06,6.78641,7.49305,7.54601,7.51192,7.52955,7.53543,7.48257,7.53903,7.87378,7.93259,1.24156e-91,1.80506,3.28023,4.49036,5.54357,6.38369,6.99471,7.4708,7.78086,8.21328,8.45016,0,	7.57005e-27,11.0732,10.8038,10.1036,9.23225,8.60832,8.38631,8.06529,7.34617,6.47346,4.9151,5.19867e-20,3.77011,8.32171,9.1759,8.97688,8.57295,8.10393,7.83294,7.24482,6.63995,5.56909,0,	
3.91256e-06,6.78802,7.5027,7.55906,7.52339,7.53965,7.54914,7.51111,7.54137,7.87778,7.8984,1.17298e-91,1.82837,3.29068,4.51312,5.56917,6.397,7.03531,7.46357,7.84212,8.18522,8.37497,0,	7.5037e-27,11.0843,10.8059,10.0881,9.25603,8.63815,8.361,8.06707,7.39103,6.45812,4.92382,5.12842e-20,3.78131,8.29021,9.19778,8.99565,8.56977,8.1219,7.84482,7.27274,6.64743,5.58073,0,	
3.89071e-06,6.79283,7.51037,7.56623,7.52247,7.54381,7.55458,7.50965,7.56281,7.89183,7.8838,1.09672e-91,1.8449,3.29132,4.51649,5.56432,6.41689,7.03623,7.49922,7.80623,8.17045,8.40273,0,	7.39638e-27,11.1029,10.7886,10.0666,9.26551,8.71647,8.37823,8.07203,7.35988,6.4772,4.93862,5.07128e-20,3.79888,8.2951,9.20477,9.00215,8.56181,8.12357,7.83841,7.28772,6.64629,5.57926,0,	
3.85969e-06,6.7653,7.51915,7.56749,7.518,7.5558,7.54953,7.52445,7.56127,7.90477,7.82084,1.04613e-91,1.87023,3.32353,4.54865,5.54775,6.4531,7.02399,7.50662,7.86474,8.22167,8.37757,0,	7.28476e-27,11.0983,10.7926,10.0924,9.29252,8.71062,8.47353,8.08913,7.40597,6.49973,4.96085,4.99075e-20,3.75988,8.2724,9.19753,9.01893,8.5693,8.14002,7.8145,7.29702,6.64745,5.58318,0,	
3.85044e-06,6.79783,7.52858,7.57949,7.51638,7.55152,7.54738,7.53129,7.55598,7.91684,7.83492,9.85188e-92,1.89276,3.33689,4.54557,5.571,6.4747,7.0714,7.52116,7.84687,8.2454,8.38665,0,	7.20359e-27,11.1192,10.799,10.1273,9.33019,8.74035,8.49303,8.1336,7.32468,6.51912,4.97105,4.94305e-20,3.72339,8.31398,9.21897,9.00354,8.5826,8.15602,7.85438,7.35487,6.6058,5.5996,0,	
3.82586e-06,6.80305,7.53359,7.57274,7.52085,7.55028,7.53573,7.53914,7.57025,7.91903,7.83225,9.24828e-92,1.87805,3.37775,4.56462,5.59217,6.46659,7.11865,7.54978,7.89003,8.2499,8.41492,0,	7.12903e-27,11.1345,10.7912,10.175,9.34209,8.7328,8.46241,8.12217,7.39602,6.58911,4.98036,4.88798e-20,3.7345,8.3124,9.21757,9.01619,8.59222,8.15226,7.85536,7.33128,6.64016,5.60965,0,	
3.7893e-06,6.76902,7.52604,7.58328,7.52491,7.5322,7.52433,7.53281,7.57292,7.93515,7.77158,8.60556e-92,1.87069,3.35317,4.55283,5.60212,6.45289,7.12521,7.55305,7.91732,8.28441,8.39189,0,	6.99341e-27,11.1664,10.803,10.2084,9.36229,8.71365,8.49488,8.10089,7.39547,6.50276,4.9776,4.79883e-20,3.72761,8.29099,9.2076,9.0256,8.59134,8.1539,7.85265,7.29013,6.64321,5.61252,0,	
3.75608e-06,6.7505,7.52312,7.58703,7.49662,7.53859,7.53594,7.51107,7.56913,7.9364,7.77157,8.09773e-92,1.87567,3.3372,4.54873,5.62728,6.44432,7.10995,7.58299,7.93215,8.3318,8.4243,0,	6.94322e-27,11.2075,10.8036,10.2143,9.38684,8.76665,8.49341,8.1525,7.34729,6.48322,4.98681,4.70753e-20,3.70673,8.29486,9.21421,9.02075,8.59711,8.14951,7.85379,7.30569,6.62364,5.62406,0,	
3.74408e-06,6.74673,7.50513,7.59058,7.51657,7.54389,7.53242,7.50036,7.57267,7.9484,7.82665,7.65655e-92,1.87673,3.37478,4.54691,5.62651,6.42506,7.06409,7.57929,7.90976,8.34144,8.48646,0,	6.87685e-27,11.2287,10.7858,10.167,9.42556,8.82295,8.46954,8.09853,7.42082,6.47989,5.00783,4.64764e-20,3.71683,8.32286,9.21421,9.04029,8.60872,8.14459,7.85781,7.31284,6.62005,5.63697,0,	
3.71721e-06,6.73517,7.51064,7.57207,7.52982,7.53082,7.53784,7.49222,7.59106,7.96994,7.89763,7.06201e-92,1.84693,3.34991,4.55442,5.60451,6.44878,7.08892,7.5793,7.93725,8.30809,8.46112,0,	6.78393e-27,11.2271,10.8551,10.1799,9.4267,8.78946,8.42801,8.05565,7.37957,6.524,5.01788,4.59953e-20,3.73217,8.36165,9.22916,9.02989,8.60542,8.15759,7.86659,7.28605,6.65771,5.65106,0,	
3.69348e-06,6.73193,7.51446,7.57555,7.53079,7.53088,7.54751,7.48109,7.61472,7.95931,7.88751,6.57649e-92,1.8632,3.34588,4.55025,5.59796,6.45905,7.07949,7.55594,7.92518,8.30803,8.50135,0,	6.68155e-27,11.2408,10.8846,10.1654,9.42177,8.79767,8.4832,8.08532,7.30391,6.50086,5.02594,4.53012e-20,3.74793,8.35067,9.22066,9.0565,8.61087,8.15732,7.87922,7.27323,6.63818,5.65481,0,	
3.66404e-06,6.71837,7.52075,7.59208,7.54176,7.55788,7.5532,7.52198,7.59169,7.96079,7.93951,6.10477e-92,1.85065,3.35379,4.55339,5.57917,6.43936,7.11062,7.56161,7.86976,8.23526,8.43634,0,	6.6071e-27,11.2348,10.9145,10.1668,9.3916,8.77395,8.43747,8.01885,7.29363,6.45219,5.02636,4.49041e-20,3.76851,8.36445,9.25367,9.05424,8.60854,8.17802,7.87279,7.29218,6.62974,5.66806,0,	
3.64941e-06,6.73246,7.52187,7.6008,7.54617,7.57158,7.55182,7.5407,7.58785,7.95436,7.90227,5.73534e-92,1.8393,3.38436,4.56172,5.59471,6.45398,7.1362,7.59063,7.89165,8.25868,8.40399,0,	6.55968e-27,11.2245,10.8921,10.1845,9.40762,8.7834,8.4334,8.05262,7.32372,6.50634,5.03027,4.4475e-20,3.79743,8.38446,9.25644,9.0589,8.61221,8.17313,7.84817,7.29098,6.62552,5.67843,0,	
3.62612e-06,6.73797,7.52048,7.6073,7.55447,7.58337,7.54899,7.52479,7.57279,7.95807,7.88016,5.39257e-92,1.84304,3.38815,4.56018,5.58457,6.4311,7.11351,7.59872,7.92942,8.26689,8.42657,0,	6.47622e-27,11.2158,10.9179,10.1749,9.38134,8.77293,8.40148,8.09738,7.35266,6.49792,5.04303,4.40146e-20,3.78398,8.41111,9.25269,9.07974,8.62108,8.14463,7.85504,7.28392,6.61024,5.69334,0,	
3.61164e-06,6.75537,7.53065,7.60001,7.55308,7.57017,7.5499,7.52463,7.58731,7.98705,7.8257,5.01379e-92,1.84081,3.37286,4.57638,5.60888,6.41412,7.10212,7.59329,7.93339,8.28594,8.40268,0,	6.36829e-27,11.2451,10.9202,10.1608,9.36607,8.8054,8.42977,8.13727,7.27478,6.45885,5.05217,4.33157e-20,3.79441,8.41394,9.25699,9.09979,8.61717,8.14959,7.8591,7.33114,6.57252,5.70659,0,	
3.59721e-06,6.75535,7.52855,7.61011,7.57146,7.56362,7.54171,7.54693,7.61459,7.97359,7.83233,4.75583e-92,1.835,3.38259,4.58691,5.6283,6.43679,7.09682,7.58196,7.97008,8.28832,8.44595,0,	6.29229e-27,11.2591,10.906,10.1293,9.34801,8.86713,8.43058,8.15063,7.39164,6.45013,5.05867,4.27646e-20,3.73718,8.42176,9.25779,9.1052,8.62028,8.15072,7.88404,7.34159,6.62014,5.71276,0,	
3.57998e-06,6.77136,7.53844,7.60209,7.568,7.57011,7.54267,7.54597,7.65858,7.9729,7.90655,4.42532e-92,1.83823,3.38426,4.60307,5.62804,6.4409,7.09144,7.60112,7.94355,8.33663,8.46588,0,	6.21721e-27,11.2801,10.9376,10.1147,9.36972,8.85863,8.42332,8.11642,7.41536,6.47741,5.06099,4.2322e-20,3.72027,8.45014,9.27913,9.11986,8.62883,8.16225,7.89052,7.37634,6.65302,5.71662,0,	
3.56568e-06,6.80069,7.5278,7.60506,7.56799,7.56342,7.55564,7.54845,7.65495,7.99411,7.93644,4.15087e-92,1.85261,3.38943,4.57301,5.62763,6.39303,7.10967,7.5611,7.94986,8.3038,8.46223,0,	6.10381e-27,11.2969,10.9398,10.1166,9.34233,8.90306,8.42393,8.12569,7.38855,6.40668,5.07653,4.19846e-20,3.73695,8.45577,9.31576,9.11885,8.62522,8.16832,7.90832,7.34902,6.64677,5.72827,0,	
3.55713e-06,6.82641,7.54419,7.61291,7.56075,7.55902,7.54897,7.56421,7.64461,7.98152,7.90662,3.86549e-92,1.83127,3.36777,4.57876,5.64249,6.41348,7.12454,7.58026,7.95708,8.30815,8.43337,0,	6.00689e-27,11.3376,10.9561,10.1181,9.34893,8.90919,8.38637,8.01684,7.42618,6.43597,5.0841,4.15501e-20,3.75649,8.46507,9.33512,9.12166,8.62643,8.15717,7.90979,7.32561,6.63146,5.74,0,	
3.55429e-06,6.86928,7.5539,7.6203,7.56809,7.56379,7.52948,7.54679,7.6322,7.98276,7.89329,3.60262e-92,1.81675,3.34817,4.60483,5.65329,6.45063,7.11927,7.61599,7.97501,8.35101,8.46927,0,	5.92098e-27,11.3633,10.9614,10.0935,9.37112,8.89992,8.42885,8.03875,7.46119,6.4827,5.09291,4.12519e-20,3.80277,8.46701,9.33188,9.14065,8.63728,8.16589,7.87357,7.26593,6.655,5.73782,0,	
3.54009e-06,6.86674,7.55366,7.62077,7.58838,7.57009,7.5473,7.564,7.6347,7.9807,7.92005,3.38189e-92,1.80134,3.35426,4.57901,5.65624,6.47968,7.1222,7.57517,7.98928,8.32978,8.51101,0,	5.85501e-27,11.3495,10.9761,10.1235,9.37947,8.87089,8.43146,8.05961,7.43873,6.47165,5.1017,4.09558e-20,3.8051,8.49112,9.34479,9.13404,8.64033,8.16182,7.86985,7.30316,6.68379,5.74281,0,	
3.52032e-06,6.85729,7.56548,7.61713,7.588,7.55861,7.56871,7.57613,7.63907,8.00547,7.96724,3.16201e-92,1.78554,3.33697,4.58245,5.65447,6.49625,7.1227,7.5969,7.94429,8.31329,8.5091,0,	5.76203e-27,11.3675,10.9992,10.0681,9.3485,8.82265,8.41483,8.13822,7.4289,6.48101,5.10849,4.06293e-20,3.81927,8.49658,9.35198,9.13182,8.64599,8.16339,7.86658,7.37189,6.67132,5.74864,0,	
3.50626e-06,6.87081,7.57183,7.61893,7.58338,7.56173,7.54828,7.5897,7.64479,7.98982,7.89765,2.94226e-92,1.76484,3.31821,4.59353,5.6536,6.48823,7.09765,7.60314,7.93768,8.23495,8.48676,0,	5.69328e-27,11.377,10.9852,10.0648,9.36153,8.8321,8.45737,8.05542,7.32952,6.47817,5.11898,4.00162e-20,3.82964,8.50475,9.35178,9.12159,8.65014,8.17624,7.86751,7.28122,6.66941,5.75218,0,	
3.50065e-06,6.9067,7.57803,7.63305,7.57398,7.57907,7.55637,7.58654,7.66313,7.99005,7.92826,2.76421e-92,1.753,3.33101,4.60927,5.62712,6.4808,7.10498,7.61641,7.9589,8.2139,8.41672,0,	5.60736e-27,11.3645,10.9801,10.0331,9.36785,8.8709,8.41567,8.06424,7.32817,6.47032,5.12333,3.97608e-20,3.84005,8.51867,9.34261,9.1381,8.66257,8.19314,7.86115,7.30104,6.68531,5.76696,0,	
3.48388e-06,6.91072,7.58245,7.64188,7.58122,7.60097,7.56542,7.58595,7.67424,7.99654,7.95252,2.60943e-92,1.75891,3.35656,4.63992,5.63855,6.48665,7.12564,7.64534,7.98648,8.26009,8.43647,0,	5.57157e-27,11.3583,10.9814,10.0325,9.38064,8.91431,8.44747,8.08921,7.40856,6.48191,5.13107,3.9507e-20,3.83887,8.51515,9.35769,9.14881,8.65643,8.20664,7.87225,7.32823,6.68602,5.76247,0,	
3.46719e-06,6.89563,7.58541,7.63949,7.59166,7.60145,7.56918,7.59746,7.65688,8.01859,7.97146,2.45938e-92,1.77398,3.37525,4.64883,5.66335,6.49429,7.12378,7.64456,7.94671,8.29602,8.41664,0,	5.47871e-27,11.3673,10.9461,10.0104,9.33901,8.91312,8.45842,8.12101,7.46636,6.51969,5.13303,3.90981e-20,3.82542,8.49384,9.36474,9.1497,8.66583,8.22609,7.88185,7.3133,6.71603,5.76769,0,	
3.45334e-06,6.89579,7.59733,7.6577,7.60017,7.62454,7.5463,7.56876,7.66542,7.98873,7.96146,2.2775e-92,1.76538,3.3753,4.63092,5.67048,6.51544,7.18158,7.65916,7.95274,8.31959,8.51105,0,	5.42201e-27,11.4038,10.9652,10.0592,9.31064,8.94549,8.4373,8.13136,7.46905,6.53008,5.14128,3.87244e-20,3.85726,8.52413,9.37154,9.14596,8.67762,8.24102,7.85754,7.33037,6.69289,5.76924,0,	
3.45058e-06,6.91572,7.60761,7.66,7.61097,7.63254,7.54892,7.57437,7.66212,7.99933,7.94258,2.09729e-92,1.73924,3.34869,4.62666,5.65686,6.53349,7.20333,7.67282,7.94637,8.30881,8.47076,0,	5.33164e-27,11.4071,10.9608,10.0544,9.34848,8.99753,8.48228,8.05808,7.31906,6.54089,5.14291,3.814e-20,3.7899,8.56019,9.39488,9.15269,8.69697,8.26182,7.85758,7.3338,6.69784,5.78151,0,	
3.4313e-06,6.91018,7.61473,7.65448,7.6135,7.62387,7.55572,7.5703,7.68463,7.99049,7.93887,1.97037e-92,1.77668,3.34068,4.65156,5.67322,6.50787,7.17486,7.67465,7.98414,8.35963,8.50217,0,	5.28068e-27,11.4352,10.963,10.0622,9.31309,8.98776,8.43407,8.10543,7.39031,6.54759,5.1523,3.7836e-20,3.8235,8.58139,9.39056,9.15111,8.69284,8.27079,7.85771,7.32658,6.67097,5.78889,0,	
3.42856e-06,6.93991,7.61839,7.66173,7.62713,7.62876,7.56218,7.57886,7.67753,7.97083,7.98998,1.84964e-92,1.76193,3.33769,4.63216,5.67521,6.49501,7.15531,7.68142,7.93388,8.37705,8.54226,0,	5.2135e-27,11.4539,10.972,9.99679,9.38245,8.95756,8.40343,8.0832,7.4079,6.56268,5.1703,3.75945e-20,3.83839,8.63368,9.38902,9.15923,8.69471,8.26978,7.85292,7.30964,6.69635,5.79789,0,	
3.41487e-06,6.94008,7.63354,7.66626,7.6357,7.63137,7.54253,7.59117,7.68033,7.97446,7.96548,1.74468e-92,1.76776,3.35591,4.65107,5.68762,6.51765,7.14299,7.65216,7.95712,8.35071,8.54828,0,	5.15541e-27,11.4728,10.9723,9.97862,9.40422,8.95392,8.38977,8.09168,7.48725,6.54821,5.17453,3.72054e-20,3.85231,8.65645,9.37571,9.16743,8.69346,8.28021,7.84775,7.28259,6.69084,5.80668,0,	
3.39579e-06,6.94089,7.64661,7.67406,7.64362,7.64255,7.5627,7.58257,7.67343,7.9729,7.98697,1.61178e-92,1.77201,3.31825,4.66624,5.6918,6.52797,7.13797,7.60758,7.99846,8.31498,8.53056,0,	5.06138e-27,11.4617,10.9449,10.0528,9.48706,8.95601,8.37064,8.02576,7.42316,6.54209,5.18631,3.67909e-20,3.88043,8.62354,9.39724,9.18546,8.69876,8.27677,7.83465,7.30915,6.69414,5.79731,0,	
3.38223e-06,6.95552,7.65252,7.68294,7.65514,7.63886,7.56864,7.61221,7.69693,7.98531,7.9755,1.5191e-92,1.8124,3.32927,4.66936,5.67467,6.54149,7.12804,7.63358,7.96552,8.3709,8.5283,0,	4.99698e-27,11.4594,10.9645,10.0191,9.46789,8.98316,8.39898,8.08473,7.47753,6.51772,5.19289,3.64101e-20,3.84214,8.64487,9.39745,9.18106,8.71981,8.27324,7.83444,7.32821,6.72698,5.79868,0,	
3.36872e-06,6.9503,7.66626,7.67505,7.6623,7.64046,7.57058,7.60313,7.68171,7.98504,7.97298,1.42147e-92,1.81304,3.31471,4.69943,5.66687,6.52652,7.10291,7.64525,7.94831,8.34613,8.54425,0,	4.9413e-27,11.469,10.9297,10.0161,9.41785,8.97297,8.44079,8.08234,7.44743,6.53146,5.19407,3.59756e-20,3.89199,8.63361,9.41039,9.18121,8.72197,8.2875,7.83969,7.31444,6.67753,5.80967,0,	
3.35258e-06,6.94424,7.6474,7.67597,7.67427,7.64044,7.58856,7.6194,7.68062,7.97877,7.996,1.31529e-92,1.79849,3.34879,4.69088,5.67631,6.52454,7.12248,7.65616,8.0407,8.35022,8.51778,0,	4.89799e-27,11.4684,10.9086,10.0509,9.42709,8.9799,8.43487,8.11996,7.42746,6.54939,5.20319,3.54895e-20,3.89566,8.65239,9.42754,9.18722,8.73952,8.30714,7.85097,7.27764,6.70241,5.8227,0,	
3.34187e-06,6.95853,7.65435,7.67829,7.665,7.63061,7.58304,7.6347,7.64244,7.988,7.9626,1.22486e-92,1.77647,3.31788,4.67195,5.71432,6.52613,7.1826,7.65107,8.02175,8.28748,8.46145,0,	4.81636e-27,11.4743,10.8934,10.041,9.43553,8.99192,8.36759,8.13257,7.38887,6.50636,5.21448,3.50379e-20,3.90435,8.64998,9.42998,9.18368,8.74264,8.29953,7.85977,7.26824,6.64447,5.8268,0,	
3.32586e-06,6.9379,7.65604,7.67896,7.65245,7.6214,7.56703,7.65737,7.66599,7.99826,7.94778,1.16557e-92,1.79168,3.33712,4.70325,5.72896,6.55202,7.19775,7.66431,8.04566,8.30431,8.50713,0,	4.77033e-27,11.4598,10.8825,10.0277,9.49459,8.91261,8.4277,8.14402,7.48892,6.56522,5.2169,3.45921e-20,3.94251,8.63661,9.42682,9.1762,8.73813,8.27976,7.87764,7.29068,6.68341,5.82193,0,	
3.30463e-06,6.9293,7.66486,7.68724,7.65212,7.63272,7.58398,7.66518,7.65698,7.99945,7.97332,1.08457e-92,1.78667,3.32263,4.67393,5.73454,6.5612,7.22213,7.67813,8.02808,8.36276,8.41348,0,	4.72473e-27,11.4867,10.8592,10.0154,9.51615,8.8872,8.4435,8.12939,7.39614,6.53578,5.22614,3.43438e-20,3.92412,8.67007,9.44767,9.18709,8.73909,8.27796,7.85509,7.32742,6.68455,5.83296,0,	
3.27305e-06,6.89918,7.65778,7.69121,7.664,7.63318,7.58358,7.62416,7.64637,7.96953,7.91786,1.01405e-92,1.76579,3.31187,4.67846,5.75448,6.54655,7.21932,7.71239,7.98158,8.41338,8.46971,0,	4.64599e-27,11.5137,10.8546,10.0316,9.55964,8.83693,8.48268,8.06533,7.46846,6.49705,5.2378,3.38526e-20,3.91174,8.67533,9.4275,9.16649,8.72334,8.28721,7.86536,7.30569,6.64161,5.8326,0,	
3.25998e-06,6.91394,7.64741,7.70152,7.66834,7.63938,7.59437,7.62685,7.65068,7.92826,7.94916,9.47362e-93,1.77389,3.31501,4.7016,5.73195,6.5617,7.20863,7.69985,7.97599,8.39358,8.56776,0,	4.60158e-27,11.5174,10.8243,10.0341,9.53806,8.87994,8.50988,8.0538,7.495,6.47286,5.24504,3.36097e-20,3.93113,8.69422,9.44341,9.18501,8.73099,8.29085,7.85736,7.3041,6.61974,5.83788,0,	
3.24696e-06,6.92445,7.63459,7.71229,7.67131,7.62704,7.59441,7.6222,7.65,7.93274,7.97483,8.75898e-93,1.74727,3.29984,4.68909,5.74246,6.54169,7.25281,7.71015,7.9615,8.39617,8.61582,0,	4.54304e-27,11.5295,10.8227,10.0234,9.54285,8.87289,8.53175,8.02436,7.51614,6.46023,5.24512,3.33151e-20,3.95735,8.6827,9.46938,9.19969,8.74976,8.28517,7.81797,7.31079,6.62754,5.84724,0,	
3.22624e-06,6.92592,7.63404,7.71861,7.67833,7.60202,7.59548,7.65392,7.64382,7.93842,8.00176,8.13723e-93,1.7335,3.28164,4.67472,5.74878,6.54179,7.20461,7.72635,7.99751,8.32893,8.55538,0,	4.46375e-27,11.5196,10.86,10.0347,9.53989,8.87468,8.46852,8.05802,7.36097,6.47801,5.25306,3.31025e-20,3.96822,8.70179,9.46208,9.2032,8.75238,8.29218,7.83147,7.25001,6.64835,5.84774,0,	
3.21592e-06,6.94397,7.63256,7.72098,7.67956,7.59441,7.61891,7.63934,7.65653,7.9615,8.0362,7.71857e-93,1.76314,3.29605,4.68512,5.75486,6.56761,7.1878,7.72533,8.03699,8.3519,8.54648,0,	4.3999e-27,11.5156,10.8468,10.0388,9.49286,8.85583,8.53568,8.08727,7.49315,6.48796,5.26589,3.26813e-20,3.99773,8.68106,9.45699,9.22239,8.7676,8.29598,7.85625,7.27874,6.65802,5.85098,0,	
3.19796e-06,6.94509,7.63194,7.72852,7.68385,7.60899,7.64033,7.65872,7.66943,7.96176,8.04516,7.24567e-93,1.76174,3.31323,4.67296,5.76597,6.57322,7.21254,7.67014,7.97626,8.33543,8.54583,0,	4.34045e-27,11.5132,10.8003,10.0524,9.47725,8.82221,8.59559,8.10729,7.4367,6.47496,5.28014,3.23689e-20,4.02923,8.68299,9.44528,9.22022,8.76783,8.30059,7.86701,7.2879,6.68376,5.86184,0,	
3.18264e-06,6.93127,7.63911,7.72329,7.66989,7.59359,7.64904,7.68745,7.66379,7.99729,8.01666,6.75833e-93,1.76234,3.30908,4.69592,5.77038,6.56004,7.21091,7.74672,8.05395,8.34396,8.52631,0,	4.28179e-27,11.5191,10.85,10.0539,9.46246,8.81089,8.57792,8.10089,7.50061,6.52396,5.28719,3.20083e-20,4.0255,8.68637,9.45453,9.2393,8.7664,8.31142,7.8727,7.28559,6.66696,5.87113,0,	
3.1598e-06,6.91606,7.64955,7.7234,7.66201,7.61272,7.63591,7.68089,7.68717,7.98784,7.94689,6.2786e-93,1.76468,3.32313,4.66664,5.7368,6.56163,7.22261,7.68265,8.05358,8.37036,8.52045,0,	4.20706e-27,11.5275,10.8552,10.0478,9.48956,8.77867,8.54281,8.10517,7.48241,6.4828,5.28406,3.14245e-20,4.01535,8.70441,9.45776,9.2433,8.76694,8.30106,7.85393,7.26478,6.67948,5.87218,0,	
3.15222e-06,6.92567,7.64703,7.72771,7.67126,7.63281,7.64299,7.63906,7.70332,7.99489,7.87717,5.82825e-93,1.76023,3.31409,4.64105,5.75659,6.54733,7.21056,7.66309,8.02835,8.38819,8.50432,0,	4.14026e-27,11.5448,10.8691,10.0762,9.47323,8.79572,8.50635,8.03712,7.39846,6.51672,5.29133,3.0802e-20,3.97161,8.70731,9.46637,9.23308,8.77424,8.31337,7.83589,7.27583,6.67547,5.89059,0,	
3.14466e-06,6.93526,7.65474,7.73033,7.67626,7.63777,7.62176,7.60732,7.70701,7.99943,7.87357,5.48871e-93,1.80047,3.32103,4.66035,5.74197,6.56797,7.21301,7.6566,8.02787,8.40085,8.56046,0,	4.08104e-27,11.5369,10.8884,10.0986,9.46572,8.8167,8.50392,8.05447,7.43357,6.54799,5.29705,3.02402e-20,3.95939,8.70712,9.47292,9.25049,8.77187,8.3162,7.85025,7.29452,6.65032,5.89524,0,	
3.13963e-06,6.96062,7.64124,7.72683,7.67868,7.64042,7.6208,7.5816,7.71094,7.97982,7.96401,5.18137e-93,1.80267,3.32439,4.67392,5.73012,6.58525,7.19545,7.67705,8.05898,8.41759,8.55095,0,	4.02267e-27,11.5385,10.8782,10.0773,9.45096,8.83044,8.48596,8.13997,7.48223,6.56598,5.30646,2.99751e-20,3.99372,8.70306,9.46168,9.2482,8.7837,8.31626,7.84971,7.2814,6.65085,5.90218,0,	
3.13712e-06,6.99361,7.64377,7.73067,7.68596,7.62814,7.62374,7.58411,7.67585,7.98398,7.90106,4.87171e-93,1.80139,3.33061,4.6628,5.71426,6.61123,7.18365,7.6539,8.04145,8.36583,8.52383,0,	3.95247e-27,11.5195,10.89,10.12,9.45712,8.87843,8.46214,8.1137,7.43366,6.50963,5.31802,2.93814e-20,3.94459,8.71416,9.46591,9.25631,8.79955,8.30542,7.83877,7.28571,6.63591,5.90455,0,	
3.1321e-06,7.00716,7.64487,7.7341,7.69698,7.64493,7.63803,7.58109,7.6821,7.99105,7.97809,4.62476e-93,1.80515,3.33431,4.68559,5.72186,6.58681,7.18143,7.69647,8.09834,8.37418,8.57166,0,	3.91156e-27,11.5364,10.8922,10.1113,9.4706,8.85741,8.53272,8.15193,7.46127,6.53059,5.33219,2.91705e-20,3.91785,8.75923,9.47677,9.26222,8.80901,8.28923,7.84797,7.34514,6.67043,5.90736,0,	
3.11211e-06,7.00069,7.64877,7.7384,7.70323,7.64421,7.6395,7.59131,7.68483,7.98261,8.03326,4.3833e-93,1.84216,3.35441,4.67629,5.74655,6.59081,7.16207,7.72711,8.0211,8.36236,8.54549,0,	3.85561e-27,11.5258,10.8885,10.0905,9.44576,8.85876,8.52496,8.1506,7.4885,6.58218,5.34448,2.88224e-20,3.89723,8.77824,9.47587,9.27527,8.80046,8.30332,7.86006,7.34471,6.69333,5.90734,0,	
