Prob_forager_death	Prob_recipients_death	Prob_gamma_stop		Av_return_0		Av_return_1	
0	0	0	0	0	
3e-06	2e-06	0.000959	114.322	114.322	
0	0	0.000994	111.33	111.33	
0	0	0.000928	119.663	119.663	
0	0	0.00099	111.983	111.983	
0	0	0.001017	109.519	109.519	
0	0	0.000995	111.132	111.132	
0	0	0.000974	114.036	114.036	
0	0	0.001018	109.062	109.062	
0	0	0.001012	109.939	109.939	
0	0	0.000951	116.393	116.393	
0	0	0.001003	110.474	110.474	
0	0	0.001013	108.704	108.704	
0	0	0.000947	116.89	116.89	
0	0	0.001061	104.948	104.948	
0	0	0.000963	115.907	115.907	
0	0	0.000997	111.003	111.003	
0	0	0.001021	108.49	108.49	
0	0	0.000988	112.074	112.074	
0	0	0.000976	113.681	113.681	
0	0	0.001029	107.69	107.69	
