Prob_forager_death	Prob_recipients_death	Prob_gamma_stop		Av_return_0		Av_return_1	
0	0	0	0	0	
2e-06	0	0.003549	30.8952	30.8952	
0	0	0.003505	31.5946	31.5946	
0	0	0.003527	31.1806	31.1806	
0	0	0.00359	30.7663	30.7663	
0	0	0.003743	29.5188	29.5188	
0	0	0.00354	31.1169	31.1169	
0	0	0.003616	30.5442	30.5442	
0	0	0.003607	30.6119	30.6119	
0	0	0.003625	30.3142	30.3142	
0	0	0.003643	30.4219	30.4219	
0	0	0.003672	30.0784	30.0784	
0	0	0.0036	30.5503	30.5503	
0	0	0.003516	31.3055	31.3055	
0	0	0.003659	30.2028	30.2028	
0	0	0.003552	31.2109	31.2109	
0	0	0.003577	30.8781	30.8781	
0	0	0.003707	29.6658	29.6658	
0	0	0.003564	30.9119	30.9119	
0	0	0.00359	30.9312	30.9312	
0	0	0.003599	30.6944	30.6944	
