Prob_forager_death	Prob_recipients_death	Prob_gamma_stop		Av_return_0		Av_return_1	
0	0	0	0	0	
0.000824	0.000651	0.00188	95.9613	95.9613	
0.000197	0	0.001851	161.746	161.746	
0.000178	0	0.00181	167.199	167.199	
0.000158	0	0.001875	163.45	163.45	
0.000129	0	0.001955	158.86	158.86	
0.000131	0	0.001884	165.037	165.037	
0.000154	0	0.00191	160.981	160.981	
0.000161	0	0.001952	157.113	157.113	
0.000146	0	0.001936	159.338	159.338	
0.00015	0	0.00188	163.869	163.869	
0.000149	0	0.001923	160.25	160.25	
0.000165	0	0.001887	162.008	162.008	
0.000166	0	0.001832	165.69	165.69	
0.000154	0	0.001972	156.3	156.3	
0.00015	0	0.001902	161.731	161.731	
0.000163	0	0.001899	161.131	161.131	
0.000142	0	0.001958	157.878	157.878	
0.000138	0	0.001886	163.684	163.684	
0.000155	0	0.00183	167.628	167.628	
0.000129	0	0.001951	159.257	159.257	
