Prob_forager_death	Prob_recipients_death	Prob_gamma_stop		Av_return_0		Av_return_1	
0	0	0	0	0	
0.000844	0.000662	0.003544	63.3012	63.3012	
0.00022	0	0.003505	88.426	88.426	
0.000164	0	0.003527	89.4858	89.4858	
0.000155	0	0.003589	88.1223	88.1223	
0.000168	0	0.003743	84.4306	84.4306	
0.000124	0	0.003539	90.285	90.285	
0.000165	0	0.003616	87.4382	87.4382	
0.000148	0	0.003607	87.8008	87.8008	
0.00015	0	0.003625	87.4535	87.4535	
0.000168	0	0.003642	86.8906	86.8906	
0.000153	0	0.003671	86.4336	86.4336	
0.000182	0	0.003597	87.5165	87.5165	
0.000132	0	0.003515	90.4889	90.4889	
0.000174	0	0.003659	86.1894	86.1894	
0.000148	0	0.003549	89.4988	89.4988	
0.000163	0	0.003576	88.5242	88.5242	
0.000143	0	0.003706	85.7732	85.7732	
0.000158	0	0.003563	88.9471	88.9471	
0.00014	0	0.00359	88.6534	88.6534	
0.000173	0	0.003598	87.7176	87.7176	
