Prob_forager_death	Prob_recipients_death	Prob_gamma_stop		Av_return_0		Av_return_1	
0	0	0	0	0	
0.008257	0.002147	0.024058	13.4002	13.4002	
0.006753	0	0.024275	16.294	16.294	
0.00637	0	0.024072	16.8237	16.8237	
0.006161	0	0.024235	16.928	16.928	
0.00603	0	0.024463	16.9183	16.9183	
0.006117	0	0.024364	17.0111	17.0111	
0.00589	0	0.024174	17.259	17.259	
0.005874	0	0.024154	17.3255	17.3255	
0.005789	0	0.024209	17.3635	17.3635	
0.00584	0	0.02431	17.2507	17.2507	
0.005825	0	0.024283	17.3411	17.3411	
0.005906	0	0.024248	17.278	17.278	
0.005786	0	0.024168	17.369	17.369	
0.005777	0	0.024658	17.0806	17.0806	
0.005846	0	0.024393	17.2074	17.2074	
0.005814	0	0.02446	17.2405	17.2405	
0.005834	0	0.024472	17.2266	17.2266	
0.005764	0	0.024256	17.4044	17.4044	
0.005644	0	0.024274	17.4508	17.4508	
0.00562401	0	0.024281	17.4726	17.4726	
