Prob_forager_death	Prob_recipients_death	Prob_gamma_stop		Av_return_0		Av_return_1	
0	0	0	0	0	
0.016784	0.003539	0.02376	12.0376	12.0376	
0.017185	0	0.02403	14.3221	14.3221	
0.016817	1e-06	0.023819	14.6012	14.6012	
0.01658	0	0.024001	14.6687	14.6687	
0.016566	0	0.024229	14.5753	14.5753	
0.016707	0	0.024118	14.617	14.617	
0.016649	1e-06	0.023892	14.7507	14.7507	
0.01667	0	0.023882	14.7511	14.7511	
0.016751	0	0.023906	14.6981	14.6981	
0.016638	0	0.024005	14.6791	14.6791	
0.016687	0	0.024019	14.6918	14.6918	
0.016737	0	0.023982	14.6438	14.6438	
0.016621	0	0.023899	14.6375	14.6375	
0.016432	0	0.024412	14.5482	14.5482	
0.016573	0	0.024164	14.6922	14.6922	
0.016793	0	0.024196	14.6304	14.6304	
0.016645	0	0.024199	14.6188	14.6188	
0.016615	0	0.023987	14.6463	14.6463	
0.016624	2e-06	0.024002	14.7051	14.7051	
0.016559	0	0.02405	14.785	14.785	
