Prob_forager_death	Prob_recipients_death	Prob_gamma_stop		Av_return_0		Av_return_1	
0	0	0	0	0	
0.000659	0.000119	0.31546	0.936219	0.936219	
0.001173	0	0.315517	1.23377	1.23377	
0.001048	0	0.316743	1.26091	1.26091	
0.001027	0	0.315742	1.2829	1.2829	
0.000986	0	0.315249	1.29529	1.29529	
0.000959	0	0.316002	1.29521	1.29521	
0.000974	0	0.315411	1.29995	1.29995	
0.000962	0	0.316178	1.29635	1.29635	
0.000969	0	0.315655	1.29994	1.29994	
0.000938	0	0.31623	1.29634	1.29634	
0.000946	0	0.315927	1.30096	1.30096	
0.000953	0	0.315189	1.30712	1.30712	
0.000878	0	0.316403	1.29822	1.29822	
0.000941	0	0.316327	1.29846	1.29846	
0.000953	0	0.316293	1.29811	1.29811	
0.00091	0	0.316171	1.30048	1.30048	
0.000879	0	0.315778	1.30332	1.30332	
0.000866	0	0.315666	1.30097	1.30097	
0.000907	0	0.315748	1.30114	1.30114	
0.000954001	0	0.315517	1.30595	1.30595	
