Prob_forager_death	Prob_recipients_death	Prob_gamma_stop		Av_return_0		Av_return_1	
0	0	0	0	0	
0.046438	0.007508	0.006388	11.2563	11.2563	
0.056826	8e-06	0.006401	12.1138	12.1138	
0.056482	1e-05	0.006202	12.2749	12.2749	
0.055986	2e-06	0.00635	12.3773	12.3773	
0.055647	1e-06	0.006588	12.4147	12.4147	
0.055605	0	0.006329	12.4942	12.4942	
0.055134	0	0.006495	12.5559	12.5559	
0.055352	0	0.006395	12.5666	12.5666	
0.055309	0	0.006402	12.5843	12.5843	
0.05503	0	0.006513	12.6187	12.6187	
0.054819	0	0.006492	12.6643	12.6643	
0.054851	0	0.006457	12.6631	12.6631	
0.055022	0	0.006233	12.6994	12.6994	
0.054768	0	0.006646	12.6597	12.6597	
0.054822	0	0.006445	12.6814	12.6814	
0.054912	0	0.0064	12.6799	12.6799	
0.05456	0	0.006594	12.7094	12.7094	
0.054998	0	0.006425	12.6786	12.6786	
0.054825	0	0.006401	12.7055	12.7055	
0.0549301	0	0.00646901	12.6754	12.6754	
