Prob_forager_death	Prob_recipients_death	Prob_gamma_stop		Av_return_0		Av_return_1	
0	0	0	0	0	
0.044397	0.007303	0.012146	10.5629	10.5629	
0.054633	2e-06	0.012203	11.4743	11.4743	
0.054019	0	0.011992	11.6633	11.6633	
0.053457	1e-06	0.012168	11.7546	11.7546	
0.053446	0	0.012338	11.757	11.757	
0.053346	0	0.012096	11.8322	11.8322	
0.053169	0	0.012175	11.8541	11.8541	
0.053074	0	0.012033	11.8948	11.8948	
0.052932	0	0.012134	11.9049	11.9049	
0.053066	0	0.012283	11.8748	11.8748	
0.053103	0	0.01214	11.8931	11.8931	
0.052746	0	0.012365	11.9045	11.9045	
0.052972	0	0.011925	11.9577	11.9577	
0.052868	0	0.012556	11.8602	11.8602	
0.053065	0	0.012122	11.9154	11.9154	
0.052795	0	0.012367	11.9043	11.9043	
0.052794	0	0.012321	11.9186	11.9186	
0.052802	0	0.012284	11.9091	11.9091	
0.053008	0	0.012244	11.884	11.884	
0.0527421	0	0.01229	11.9228	11.9228	
