Prob_forager_death	Prob_recipients_death	Prob_gamma_stop		Av_return_0		Av_return_1	
0	0	0	0	0	
0.040363	0.006884	0.023143	9.42563	9.42563	
0.050694	0	0.023201	10.3303	10.3303	
0.05012	0	0.023041	10.4828	10.4828	
0.049816	0	0.023118	10.5431	10.5431	
0.049745	0	0.023449	10.5207	10.5207	
0.049624	0	0.023329	10.567	10.567	
0.049595	0	0.023097	10.6022	10.6022	
0.049678	0	0.023074	10.5947	10.5947	
0.049699	0	0.023161	10.5813	10.5813	
0.049613	0	0.023246	10.5821	10.5821	
0.049551	0	0.023207	10.5953	10.5953	
0.049566	0	0.023175	10.6029	10.6029	
0.049305	0	0.023064	10.6424	10.6424	
0.049235	0	0.023558	10.5849	10.5849	
0.049719	0	0.023333	10.5613	10.5613	
0.049404	0	0.023417	10.5791	10.5791	
0.049247	0	0.023441	10.5989	10.5989	
0.049693	0	0.023271	10.5706	10.5706	
0.049297	0	0.023238	10.62	10.62	
0.049485	0	0.02322	10.6001	10.6001	
