accept,reject,	accept,reject,	accept,reject,	accept,reject,	accept,reject,	accept,reject,	accept,reject,	accept,reject,	accept,reject,	accept,reject,	accept,reject,	wait,	wait,	wait,	wait,	wait,	wait,	wait,	wait,	wait,	wait,	wait,	
0.5,0.5,	0.5,0.5,	0.5,0.5,	0.5,0.5,	0.5,0.5,	0.5,0.5,	0.5,0.5,	0.5,0.5,	0.5,0.5,	0.5,0.5,	0.5,0.5,	1,	1,	1,	1,	1,	1,	1,	1,	1,	1,	1,	
0.5,0.5,	0.5,0.5,	0.5,0.5,	0.5,0.5,	0.500001,0.499999,	0.500001,0.499999,	0.500001,0.499999,	0.500001,0.499999,	0.500002,0.499998,	0.500005,0.499995,	0.5,0.5,	1,	1,	1,	1,	1,	1,	1,	1,	1,	1,	1,	
0.5,0.5,	0.500001,0.499999,	0.500001,0.499999,	0.500002,0.499998,	0.500002,0.499998,	0.500003,0.499997,	0.500004,0.499996,	0.500005,0.499995,	0.500009,0.499991,	0.500019,0.499981,	0.499999,0.500001,	1,	1,	1,	1,	1,	1,	1,	1,	1,	1,	1,	
0.5,0.5,	0.500002,0.499998,	0.500003,0.499997,	0.500004,0.499996,	0.500006,0.499994,	0.500008,0.499992,	0.500009,0.499991,	0.500013,0.499987,	0.50002,0.49998,	0.500041,0.499959,	0.499999,0.500001,	1,	1,	1,	1,	1,	1,	1,	1,	1,	1,	1,	
0.5,0.5,	0.500004,0.499996,	0.500005,0.499995,	0.500008,0.499992,	0.50001,0.49999,	0.500013,0.499987,	0.500015,0.499985,	0.500023,0.499977,	0.500035,0.499965,	0.500068,0.499932,	0.499998,0.500002,	1,	1,	1,	1,	1,	1,	1,	1,	1,	1,	1,	
0.5,0.5,	0.500006,0.499994,	0.500009,0.499991,	0.500012,0.499988,	0.500016,0.499984,	0.50002,0.49998,	0.500023,0.499977,	0.500035,0.499965,	0.500055,0.499945,	0.5001,0.4999,	0.499997,0.500003,	1,	1,	1,	1,	1,	1,	1,	1,	1,	1,	1,	
0.5,0.5,	0.500008,0.499992,	0.500012,0.499988,	0.500017,0.499983,	0.500022,0.499978,	0.500028,0.499972,	0.500032,0.499968,	0.500048,0.499952,	0.500078,0.499922,	0.500136,0.499864,	0.499997,0.500003,	1,	1,	1,	1,	1,	1,	1,	1,	1,	1,	1,	
0.5,0.5,	0.50001,0.49999,	0.500016,0.499984,	0.500024,0.499976,	0.50003,0.49997,	0.500038,0.499962,	0.500044,0.499956,	0.500065,0.499935,	0.500107,0.499893,	0.500173,0.499827,	0.499997,0.500003,	1,	1,	1,	1,	1,	1,	1,	1,	1,	1,	1,	
0.5,0.5,	0.500013,0.499987,	0.500022,0.499978,	0.500032,0.499968,	0.50004,0.49996,	0.50005,0.49995,	0.500057,0.499943,	0.500084,0.499916,	0.500139,0.499861,	0.500212,0.499788,	0.499998,0.500002,	1,	1,	1,	1,	1,	1,	1,	1,	1,	1,	1,	
0.5,0.5,	0.500016,0.499984,	0.500028,0.499972,	0.50004,0.49996,	0.50005,0.49995,	0.500064,0.499936,	0.500072,0.499928,	0.500105,0.499895,	0.500176,0.499824,	0.500249,0.499751,	0.499999,0.500001,	1,	1,	1,	1,	1,	1,	1,	1,	1,	1,	1,	
0.5,0.5,	0.50002,0.49998,	0.500034,0.499966,	0.50005,0.49995,	0.500062,0.499938,	0.500079,0.499921,	0.500088,0.499912,	0.500127,0.499873,	0.500216,0.499784,	0.500281,0.499719,	0.5,0.5,	1,	1,	1,	1,	1,	1,	1,	1,	1,	1,	1,	
0.5,0.5,	0.500023,0.499977,	0.500041,0.499959,	0.50006,0.49994,	0.500075,0.499925,	0.500095,0.499905,	0.500105,0.499895,	0.50015,0.49985,	0.500258,0.499742,	0.500307,0.499693,	0.5,0.5,	1,	1,	1,	1,	1,	1,	1,	1,	1,	1,	1,	
0.5,0.5,	0.500027,0.499973,	0.500048,0.499952,	0.500071,0.499929,	0.500089,0.499911,	0.500113,0.499887,	0.500123,0.499877,	0.500176,0.499824,	0.500304,0.499696,	0.500326,0.499674,	0.500001,0.499999,	1,	1,	1,	1,	1,	1,	1,	1,	1,	1,	1,	
0.5,0.5,	0.500032,0.499968,	0.500056,0.499944,	0.500084,0.499916,	0.500104,0.499896,	0.500132,0.499868,	0.500143,0.499857,	0.500203,0.499797,	0.500352,0.499648,	0.500338,0.499662,	0.500001,0.499999,	1,	1,	1,	1,	1,	1,	1,	1,	1,	1,	1,	
0.5,0.5,	0.500037,0.499963,	0.500065,0.499935,	0.500097,0.499903,	0.500119,0.499881,	0.500152,0.499848,	0.500163,0.499837,	0.500232,0.499768,	0.500401,0.499599,	0.500344,0.499656,	0.500002,0.499998,	1,	1,	1,	1,	1,	1,	1,	1,	1,	1,	1,	
0.5,0.5,	0.500043,0.499957,	0.500075,0.499925,	0.500112,0.499888,	0.500136,0.499864,	0.500174,0.499826,	0.500185,0.499815,	0.500262,0.499738,	0.500452,0.499548,	0.500341,0.499659,	0.500002,0.499998,	1,	1,	1,	1,	1,	1,	1,	1,	1,	1,	1,	
0.5,0.5,	0.500049,0.499951,	0.500086,0.499914,	0.500127,0.499873,	0.500153,0.499847,	0.500197,0.499803,	0.500207,0.499793,	0.500293,0.499707,	0.500505,0.499495,	0.500328,0.499672,	0.500002,0.499998,	1,	1,	1,	1,	1,	1,	1,	1,	1,	1,	1,	
0.5,0.5,	0.500055,0.499945,	0.500097,0.499903,	0.500144,0.499856,	0.500172,0.499828,	0.500222,0.499778,	0.500231,0.499769,	0.500325,0.499675,	0.500558,0.499442,	0.500303,0.499697,	0.500002,0.499998,	1,	1,	1,	1,	1,	1,	1,	1,	1,	1,	1,	
0.5,0.5,	0.500061,0.499939,	0.500109,0.499891,	0.500161,0.499839,	0.500192,0.499808,	0.50025,0.49975,	0.500256,0.499744,	0.500358,0.499642,	0.500613,0.499387,	0.500267,0.499733,	0.500002,0.499998,	1,	1,	1,	1,	1,	1,	1,	1,	1,	1,	1,	
0.5,0.5,	0.500068,0.499932,	0.500121,0.499879,	0.50018,0.49982,	0.500212,0.499788,	0.500278,0.499722,	0.500283,0.499717,	0.500394,0.499606,	0.500667,0.499333,	0.500217,0.499783,	0.500002,0.499998,	1,	1,	1,	1,	1,	1,	1,	1,	1,	1,	1,	
0.5,0.5,	0.500075,0.499925,	0.500135,0.499865,	0.500199,0.499801,	0.500233,0.499767,	0.500309,0.499691,	0.50031,0.49969,	0.50043,0.49957,	0.500722,0.499278,	0.500152,0.499848,	0.500002,0.499998,	1,	1,	1,	1,	1,	1,	1,	1,	1,	1,	1,	
0.5,0.5,	0.500083,0.499917,	0.500148,0.499852,	0.500219,0.499781,	0.500255,0.499745,	0.500341,0.499659,	0.500339,0.499661,	0.500468,0.499532,	0.500777,0.499223,	0.500071,0.499929,	0.500002,0.499998,	1,	1,	1,	1,	1,	1,	1,	1,	1,	1,	1,	
0.5,0.5,	0.500091,0.499909,	0.500163,0.499837,	0.50024,0.49976,	0.500278,0.499722,	0.500375,0.499625,	0.500368,0.499632,	0.500507,0.499493,	0.500829,0.499171,	0.499977,0.500023,	0.500002,0.499998,	1,	1,	1,	1,	1,	1,	1,	1,	1,	1,	1,	
0.5,0.5,	0.500101,0.499899,	0.50018,0.49982,	0.500262,0.499738,	0.500303,0.499697,	0.50041,0.49959,	0.500399,0.499601,	0.500547,0.499453,	0.500881,0.499119,	0.499868,0.500132,	0.500003,0.499997,	1,	1,	1,	1,	1,	1,	1,	1,	1,	1,	1,	
0.5,0.5,	0.500111,0.499889,	0.500197,0.499803,	0.500286,0.499714,	0.500328,0.499672,	0.500447,0.499553,	0.500431,0.499569,	0.500587,0.499413,	0.500931,0.499069,	0.499743,0.500257,	0.500004,0.499996,	1,	1,	1,	1,	1,	1,	1,	1,	1,	1,	1,	
0.5,0.5,	0.500121,0.499879,	0.500215,0.499785,	0.50031,0.49969,	0.500354,0.499646,	0.500485,0.499515,	0.500465,0.499535,	0.500628,0.499372,	0.50098,0.49902,	0.499603,0.500397,	0.500004,0.499996,	1,	1,	1,	1,	1,	1,	1,	1,	1,	1,	1,	
0.5,0.5,	0.500132,0.499868,	0.500234,0.499766,	0.500335,0.499665,	0.500382,0.499618,	0.500525,0.499475,	0.500499,0.499501,	0.50067,0.49933,	0.501026,0.498974,	0.499447,0.500553,	0.500005,0.499995,	1,	1,	1,	1,	1,	1,	1,	1,	1,	1,	1,	
0.5,0.5,	0.500143,0.499857,	0.500255,0.499745,	0.500362,0.499638,	0.500411,0.499589,	0.500567,0.499433,	0.500535,0.499465,	0.500712,0.499288,	0.50107,0.49893,	0.499276,0.500724,	0.500005,0.499995,	1,	1,	1,	1,	1,	1,	1,	1,	1,	1,	1,	
0.5,0.5,	0.500155,0.499845,	0.500276,0.499724,	0.50039,0.49961,	0.50044,0.49956,	0.50061,0.49939,	0.500571,0.499429,	0.500755,0.499245,	0.501111,0.498889,	0.49909,0.50091,	0.500006,0.499994,	1,	1,	1,	1,	1,	1,	1,	1,	1,	1,	1,	
0.5,0.5,	0.500168,0.499832,	0.500298,0.499702,	0.500419,0.499581,	0.500471,0.499529,	0.500655,0.499345,	0.500609,0.499391,	0.500799,0.499201,	0.501148,0.498852,	0.498888,0.501112,	0.500007,0.499993,	1,	1,	1,	1,	1,	1,	1,	1,	1,	1,	1,	
0.5,0.5,	0.500181,0.499819,	0.500322,0.499678,	0.500449,0.499551,	0.500503,0.499497,	0.500701,0.499299,	0.500648,0.499352,	0.500843,0.499157,	0.501182,0.498818,	0.49867,0.50133,	0.500007,0.499993,	1,	1,	1,	1,	1,	1,	1,	1,	1,	1,	1,	
0.5,0.5,	0.500194,0.499806,	0.500346,0.499654,	0.500481,0.499519,	0.500536,0.499464,	0.500749,0.499251,	0.500688,0.499312,	0.500888,0.499112,	0.501211,0.498789,	0.49844,0.50156,	0.500008,0.499992,	1,	1,	1,	1,	1,	1,	1,	1,	1,	1,	1,	
0.5,0.5,	0.500208,0.499792,	0.500371,0.499629,	0.500514,0.499486,	0.50057,0.49943,	0.500799,0.499201,	0.500729,0.499271,	0.500933,0.499067,	0.501237,0.498763,	0.498197,0.501803,	0.500009,0.499991,	1,	1,	1,	1,	1,	1,	1,	1,	1,	1,	1,	
0.5,0.5,	0.500223,0.499777,	0.500396,0.499604,	0.500547,0.499453,	0.500605,0.499395,	0.50085,0.49915,	0.500772,0.499228,	0.500979,0.499021,	0.501259,0.498741,	0.497942,0.502058,	0.500009,0.499991,	1,	1,	1,	1,	1,	1,	1,	1,	1,	1,	1,	
0.5,0.5,	0.500238,0.499762,	0.500423,0.499577,	0.500582,0.499418,	0.500642,0.499358,	0.500902,0.499098,	0.500815,0.499185,	0.501026,0.498974,	0.501276,0.498724,	0.497673,0.502327,	0.500009,0.499991,	1,	1,	1,	1,	1,	1,	1,	1,	1,	1,	1,	
0.5,0.5,	0.500253,0.499747,	0.500451,0.499549,	0.500619,0.499381,	0.50068,0.49932,	0.500957,0.499043,	0.500861,0.499139,	0.501072,0.498928,	0.501287,0.498713,	0.497388,0.502612,	0.50001,0.49999,	1,	1,	1,	1,	1,	1,	1,	1,	1,	1,	1,	
0.5,0.5,	0.500269,0.499731,	0.50048,0.49952,	0.500656,0.499344,	0.500718,0.499282,	0.501012,0.498988,	0.500907,0.499093,	0.501119,0.498881,	0.501293,0.498707,	0.497088,0.502912,	0.50001,0.49999,	1,	1,	1,	1,	1,	1,	1,	1,	1,	1,	1,	
0.5,0.5,	0.500284,0.499716,	0.500509,0.499491,	0.500695,0.499305,	0.500758,0.499242,	0.50107,0.49893,	0.500954,0.499046,	0.501166,0.498834,	0.501294,0.498706,	0.496774,0.503226,	0.50001,0.49999,	1,	1,	1,	1,	1,	1,	1,	1,	1,	1,	1,	
0.5,0.5,	0.500301,0.499699,	0.50054,0.49946,	0.500734,0.499266,	0.500799,0.499201,	0.501129,0.498871,	0.501002,0.498998,	0.501214,0.498786,	0.501288,0.498712,	0.496445,0.503555,	0.500011,0.499989,	1,	1,	1,	1,	1,	1,	1,	1,	1,	1,	1,	
0.5,0.5,	0.500317,0.499683,	0.500571,0.499429,	0.500775,0.499225,	0.500841,0.499159,	0.501189,0.498811,	0.501051,0.498949,	0.501261,0.498739,	0.501277,0.498723,	0.496102,0.503898,	0.500011,0.499989,	1,	1,	1,	1,	1,	1,	1,	1,	1,	1,	1,	
0.5,0.5,	0.500334,0.499666,	0.500603,0.499397,	0.500818,0.499182,	0.500884,0.499116,	0.501251,0.498749,	0.501101,0.498899,	0.501309,0.498691,	0.501259,0.498741,	0.495742,0.504258,	0.500011,0.499989,	1,	1,	1,	1,	1,	1,	1,	1,	1,	1,	1,	
0.5,0.5,	0.500351,0.499649,	0.500635,0.499365,	0.50086,0.49914,	0.500927,0.499073,	0.501313,0.498687,	0.501152,0.498848,	0.501357,0.498643,	0.501233,0.498767,	0.495364,0.504636,	0.500012,0.499988,	1,	1,	1,	1,	1,	1,	1,	1,	1,	1,	1,	
0.5,0.5,	0.500368,0.499632,	0.500668,0.499332,	0.500903,0.499097,	0.500971,0.499029,	0.501376,0.498624,	0.501203,0.498797,	0.501406,0.498594,	0.501199,0.498801,	0.494971,0.505029,	0.500012,0.499988,	1,	1,	1,	1,	1,	1,	1,	1,	1,	1,	1,	
0.5,0.5,	0.500386,0.499614,	0.500701,0.499299,	0.500948,0.499052,	0.501017,0.498983,	0.501441,0.498559,	0.501255,0.498745,	0.501454,0.498546,	0.501156,0.498844,	0.494564,0.505436,	0.500012,0.499988,	1,	1,	1,	1,	1,	1,	1,	1,	1,	1,	1,	
0.5,0.5,	0.500403,0.499597,	0.500735,0.499265,	0.500994,0.499006,	0.501063,0.498937,	0.501508,0.498492,	0.501309,0.498691,	0.501503,0.498497,	0.501104,0.498896,	0.494144,0.505856,	0.500011,0.499989,	1,	1,	1,	1,	1,	1,	1,	1,	1,	1,	1,	
0.5,0.5,	0.500421,0.499579,	0.50077,0.49923,	0.50104,0.49896,	0.501111,0.498889,	0.501576,0.498424,	0.501364,0.498636,	0.501551,0.498449,	0.501043,0.498957,	0.493709,0.506291,	0.500011,0.499989,	1,	1,	1,	1,	1,	1,	1,	1,	1,	1,	1,	
0.5,0.5,	0.50044,0.49956,	0.500805,0.499195,	0.501088,0.498912,	0.50116,0.49884,	0.501647,0.498353,	0.501419,0.498581,	0.501599,0.498401,	0.500975,0.499025,	0.493261,0.506739,	0.500011,0.499989,	1,	1,	1,	1,	1,	1,	1,	1,	1,	1,	1,	
0.5,0.5,	0.500458,0.499542,	0.500841,0.499159,	0.501137,0.498863,	0.50121,0.49879,	0.501719,0.498281,	0.501476,0.498524,	0.501646,0.498354,	0.500898,0.499102,	0.492802,0.507198,	0.50001,0.49999,	1,	1,	1,	1,	1,	1,	1,	1,	1,	1,	1,	
0.5,0.5,	0.500477,0.499523,	0.500878,0.499122,	0.501187,0.498813,	0.501262,0.498738,	0.501793,0.498207,	0.501533,0.498467,	0.501692,0.498308,	0.500814,0.499186,	0.492329,0.507671,	0.50001,0.49999,	1,	1,	1,	1,	1,	1,	1,	1,	1,	1,	1,	
0.5,0.5,	0.500497,0.499503,	0.500917,0.499083,	0.501239,0.498761,	0.501314,0.498686,	0.501868,0.498132,	0.50159,0.49841,	0.501738,0.498262,	0.500722,0.499278,	0.491842,0.508158,	0.500009,0.499991,	1,	1,	1,	1,	1,	1,	1,	1,	1,	1,	1,	
0.5,0.5,	0.500517,0.499483,	0.500956,0.499044,	0.501291,0.498709,	0.501368,0.498632,	0.501944,0.498056,	0.501648,0.498352,	0.501783,0.498217,	0.50062,0.49938,	0.49134,0.50866,	0.500009,0.499991,	1,	1,	1,	1,	1,	1,	1,	1,	1,	1,	1,	
0.5,0.5,	0.500538,0.499462,	0.500996,0.499004,	0.501344,0.498656,	0.501423,0.498577,	0.502022,0.497978,	0.501706,0.498294,	0.501826,0.498174,	0.500508,0.499492,	0.490823,0.509177,	0.500009,0.499991,	1,	1,	1,	1,	1,	1,	1,	1,	1,	1,	1,	
0.5,0.5,	0.500559,0.499441,	0.501037,0.498963,	0.501399,0.498601,	0.50148,0.49852,	0.502102,0.497898,	0.501766,0.498234,	0.501869,0.498131,	0.500387,0.499613,	0.490293,0.509707,	0.50001,0.49999,	1,	1,	1,	1,	1,	1,	1,	1,	1,	1,	1,	
0.5,0.5,	0.500581,0.499419,	0.501079,0.498921,	0.501455,0.498545,	0.501538,0.498462,	0.502183,0.497817,	0.501825,0.498175,	0.50191,0.49809,	0.500255,0.499745,	0.489747,0.510253,	0.500011,0.499989,	1,	1,	1,	1,	1,	1,	1,	1,	1,	1,	1,	
0.5,0.5,	0.500604,0.499396,	0.501121,0.498879,	0.501513,0.498487,	0.501597,0.498403,	0.502266,0.497734,	0.501886,0.498114,	0.50195,0.49805,	0.500112,0.499888,	0.489186,0.510814,	0.500013,0.499987,	1,	1,	1,	1,	1,	1,	1,	1,	1,	1,	1,	
0.5,0.5,	0.500627,0.499373,	0.501165,0.498835,	0.501571,0.498429,	0.501658,0.498342,	0.502351,0.497649,	0.501947,0.498053,	0.501988,0.498012,	0.49996,0.50004,	0.488609,0.511391,	0.500014,0.499986,	1,	1,	1,	1,	1,	1,	1,	1,	1,	1,	1,	
0.5,0.5,	0.50065,0.49935,	0.501209,0.498791,	0.50163,0.49837,	0.50172,0.49828,	0.502437,0.497563,	0.502008,0.497992,	0.502026,0.497974,	0.499798,0.500202,	0.488019,0.511981,	0.500016,0.499984,	1,	1,	1,	1,	1,	1,	1,	1,	1,	1,	1,	
0.5,0.5,	0.500674,0.499326,	0.501253,0.498747,	0.501691,0.498309,	0.501783,0.498217,	0.502525,0.497475,	0.50207,0.49793,	0.502062,0.497938,	0.499627,0.500373,	0.487412,0.512588,	0.500017,0.499983,	1,	1,	1,	1,	1,	1,	1,	1,	1,	1,	1,	
0.5,0.5,	0.500699,0.499301,	0.501299,0.498701,	0.501753,0.498247,	0.501848,0.498152,	0.502614,0.497386,	0.502132,0.497868,	0.502096,0.497904,	0.499444,0.500556,	0.486789,0.513211,	0.500019,0.499981,	1,	1,	1,	1,	1,	1,	1,	1,	1,	1,	1,	
0.5,0.5,	0.500725,0.499275,	0.501347,0.498653,	0.501816,0.498184,	0.501914,0.498086,	0.502706,0.497294,	0.502195,0.497805,	0.502129,0.497871,	0.499249,0.500751,	0.486148,0.513852,	0.50002,0.49998,	1,	1,	1,	1,	1,	1,	1,	1,	1,	1,	1,	
0.5,0.5,	0.500751,0.499249,	0.501395,0.498605,	0.501881,0.498119,	0.501981,0.498019,	0.502798,0.497202,	0.502258,0.497742,	0.502161,0.497839,	0.499044,0.500956,	0.485495,0.514505,	0.500022,0.499978,	1,	1,	1,	1,	1,	1,	1,	1,	1,	1,	1,	
0.5,0.5,	0.500777,0.499223,	0.501444,0.498556,	0.501946,0.498054,	0.502049,0.497951,	0.502892,0.497108,	0.502321,0.497679,	0.50219,0.49781,	0.498826,0.501174,	0.484825,0.515175,	0.500023,0.499977,	1,	1,	1,	1,	1,	1,	1,	1,	1,	1,	1,	
0.5,0.5,	0.500804,0.499196,	0.501493,0.498507,	0.502013,0.497987,	0.502117,0.497883,	0.502987,0.497013,	0.502385,0.497615,	0.502218,0.497782,	0.498597,0.501403,	0.484139,0.515861,	0.500024,0.499976,	1,	1,	1,	1,	1,	1,	1,	1,	1,	1,	1,	
0.5,0.5,	0.500832,0.499168,	0.501543,0.498457,	0.50208,0.49792,	0.502186,0.497814,	0.503083,0.496917,	0.502449,0.497551,	0.502244,0.497756,	0.498358,0.501642,	0.483439,0.516561,	0.500026,0.499974,	1,	1,	1,	1,	1,	1,	1,	1,	1,	1,	1,	
0.5,0.5,	0.50086,0.49914,	0.501594,0.498406,	0.502147,0.497853,	0.502257,0.497743,	0.50318,0.49682,	0.502513,0.497487,	0.502268,0.497732,	0.498107,0.501893,	0.482725,0.517275,	0.500027,0.499973,	1,	1,	1,	1,	1,	1,	1,	1,	1,	1,	1,	
0.5,0.5,	0.500888,0.499112,	0.501645,0.498355,	0.502216,0.497784,	0.502329,0.497671,	0.503279,0.496721,	0.502577,0.497423,	0.50229,0.49771,	0.497843,0.502157,	0.481996,0.518004,	0.500027,0.499973,	1,	1,	1,	1,	1,	1,	1,	1,	1,	1,	1,	
0.5,0.5,	0.500918,0.499082,	0.501697,0.498303,	0.502285,0.497715,	0.502402,0.497598,	0.503379,0.496621,	0.502642,0.497358,	0.502309,0.497691,	0.497569,0.502431,	0.481253,0.518747,	0.500027,0.499973,	1,	1,	1,	1,	1,	1,	1,	1,	1,	1,	1,	
0.5,0.5,	0.500948,0.499052,	0.501749,0.498251,	0.502356,0.497644,	0.502477,0.497523,	0.50348,0.49652,	0.502707,0.497293,	0.502326,0.497674,	0.497282,0.502718,	0.480496,0.519504,	0.500028,0.499972,	1,	1,	1,	1,	1,	1,	1,	1,	1,	1,	1,	
0.5,0.5,	0.50098,0.49902,	0.501803,0.498197,	0.502428,0.497572,	0.502553,0.497447,	0.503583,0.496417,	0.502773,0.497227,	0.502341,0.497659,	0.496983,0.503017,	0.479728,0.520272,	0.500028,0.499972,	1,	1,	1,	1,	1,	1,	1,	1,	1,	1,	1,	
0.5,0.5,	0.501012,0.498988,	0.501857,0.498143,	0.5025,0.4975,	0.50263,0.49737,	0.503688,0.496312,	0.502838,0.497162,	0.502353,0.497647,	0.496672,0.503328,	0.478947,0.521053,	0.500029,0.499971,	1,	1,	1,	1,	1,	1,	1,	1,	1,	1,	1,	
0.5,0.5,	0.501045,0.498955,	0.501912,0.498088,	0.502574,0.497426,	0.502709,0.497291,	0.503793,0.496207,	0.502904,0.497096,	0.502362,0.497638,	0.496348,0.503652,	0.478151,0.521849,	0.500028,0.499972,	1,	1,	1,	1,	1,	1,	1,	1,	1,	1,	1,	
0.5,0.5,	0.501078,0.498922,	0.501967,0.498033,	0.502648,0.497352,	0.502789,0.497211,	0.5039,0.4961,	0.50297,0.49703,	0.502369,0.497631,	0.496013,0.503987,	0.477341,0.522659,	0.500028,0.499972,	1,	1,	1,	1,	1,	1,	1,	1,	1,	1,	1,	
0.5,0.5,	0.501112,0.498888,	0.502023,0.497977,	0.502723,0.497277,	0.50287,0.49713,	0.504008,0.495992,	0.503036,0.496964,	0.502373,0.497627,	0.495667,0.504333,	0.476517,0.523483,	0.500028,0.499972,	1,	1,	1,	1,	1,	1,	1,	1,	1,	1,	1,	
0.5,0.5,	0.501147,0.498853,	0.502079,0.497921,	0.502799,0.497201,	0.502953,0.497047,	0.504117,0.495883,	0.503102,0.496898,	0.502374,0.497626,	0.495312,0.504688,	0.475684,0.524316,	0.500028,0.499972,	1,	1,	1,	1,	1,	1,	1,	1,	1,	1,	1,	
0.5,0.5,	0.501182,0.498818,	0.502136,0.497864,	0.502877,0.497123,	0.503036,0.496964,	0.504227,0.495773,	0.503167,0.496833,	0.502372,0.497628,	0.494945,0.505055,	0.474839,0.525161,	0.500028,0.499972,	1,	1,	1,	1,	1,	1,	1,	1,	1,	1,	1,	
0.5,0.5,	0.501217,0.498783,	0.502193,0.497807,	0.502954,0.497046,	0.503121,0.496879,	0.504337,0.495663,	0.503233,0.496767,	0.502368,0.497632,	0.494568,0.505432,	0.473981,0.526019,	0.500028,0.499972,	1,	1,	1,	1,	1,	1,	1,	1,	1,	1,	1,	
0.5,0.5,	0.501253,0.498747,	0.502251,0.497749,	0.503033,0.496967,	0.503208,0.496792,	0.504449,0.495551,	0.503298,0.496702,	0.50236,0.49764,	0.494179,0.505821,	0.473111,0.526889,	0.500028,0.499972,	1,	1,	1,	1,	1,	1,	1,	1,	1,	1,	1,	
0.5,0.5,	0.50129,0.49871,	0.50231,0.49769,	0.503114,0.496886,	0.503296,0.496704,	0.504562,0.495438,	0.503363,0.496637,	0.50235,0.49765,	0.49378,0.50622,	0.472229,0.527771,	0.500027,0.499973,	1,	1,	1,	1,	1,	1,	1,	1,	1,	1,	1,	
0.5,0.5,	0.501327,0.498673,	0.502369,0.497631,	0.503194,0.496806,	0.503384,0.496616,	0.504676,0.495324,	0.503428,0.496572,	0.502336,0.497664,	0.493369,0.506631,	0.471334,0.528666,	0.500027,0.499973,	1,	1,	1,	1,	1,	1,	1,	1,	1,	1,	1,	
0.5,0.5,	0.501365,0.498635,	0.502428,0.497572,	0.503276,0.496724,	0.503475,0.496525,	0.504791,0.495209,	0.503492,0.496508,	0.502318,0.497682,	0.492945,0.507055,	0.470429,0.529571,	0.500027,0.499973,	1,	1,	1,	1,	1,	1,	1,	1,	1,	1,	1,	
0.5,0.5,	0.501403,0.498597,	0.502489,0.497511,	0.503358,0.496642,	0.503566,0.496434,	0.504907,0.495093,	0.503557,0.496443,	0.502296,0.497704,	0.492507,0.507493,	0.469516,0.530484,	0.500026,0.499974,	1,	1,	1,	1,	1,	1,	1,	1,	1,	1,	1,	
0.5,0.5,	0.501442,0.498558,	0.50255,0.49745,	0.503441,0.496559,	0.503659,0.496341,	0.505023,0.494977,	0.50362,0.49638,	0.50227,0.49773,	0.492058,0.507942,	0.468592,0.531408,	0.500026,0.499974,	1,	1,	1,	1,	1,	1,	1,	1,	1,	1,	1,	
0.5,0.5,	0.501481,0.498519,	0.502611,0.497389,	0.503525,0.496475,	0.503752,0.496248,	0.50514,0.49486,	0.503684,0.496316,	0.502241,0.497759,	0.491597,0.508403,	0.467657,0.532343,	0.500025,0.499975,	1,	1,	1,	1,	1,	1,	1,	1,	1,	1,	1,	
0.5,0.5,	0.50152,0.49848,	0.502673,0.497327,	0.50361,0.49639,	0.503847,0.496153,	0.505258,0.494742,	0.503747,0.496253,	0.502208,0.497792,	0.491123,0.508877,	0.466714,0.533286,	0.500025,0.499975,	1,	1,	1,	1,	1,	1,	1,	1,	1,	1,	1,	
0.5,0.5,	0.50156,0.49844,	0.502736,0.497264,	0.503696,0.496304,	0.503943,0.496057,	0.505378,0.494622,	0.503809,0.496191,	0.502172,0.497828,	0.490636,0.509364,	0.465761,0.534239,	0.500025,0.499975,	1,	1,	1,	1,	1,	1,	1,	1,	1,	1,	1,	
0.5,0.5,	0.501601,0.498399,	0.502799,0.497201,	0.503782,0.496218,	0.504041,0.495959,	0.505498,0.494502,	0.503871,0.496129,	0.502132,0.497868,	0.490136,0.509864,	0.4648,0.5352,	0.500024,0.499976,	1,	1,	1,	1,	1,	1,	1,	1,	1,	1,	1,	
0.5,0.5,	0.501642,0.498358,	0.502864,0.497136,	0.503869,0.496131,	0.504139,0.495861,	0.505619,0.494381,	0.503933,0.496067,	0.502088,0.497912,	0.489622,0.510378,	0.463832,0.536168,	0.500024,0.499976,	1,	1,	1,	1,	1,	1,	1,	1,	1,	1,	1,	
0.5,0.5,	0.501684,0.498316,	0.502928,0.497072,	0.503957,0.496043,	0.504239,0.495761,	0.505741,0.494259,	0.503994,0.496006,	0.502039,0.497961,	0.489095,0.510905,	0.462856,0.537144,	0.500024,0.499976,	1,	1,	1,	1,	1,	1,	1,	1,	1,	1,	1,	
0.5,0.5,	0.501727,0.498273,	0.502994,0.497006,	0.504046,0.495954,	0.50434,0.49566,	0.505865,0.494135,	0.504054,0.495946,	0.501986,0.498014,	0.488551,0.511449,	0.461873,0.538127,	0.500023,0.499977,	1,	1,	1,	1,	1,	1,	1,	1,	1,	1,	1,	
0.5,0.5,	0.50177,0.49823,	0.503059,0.496941,	0.504136,0.495864,	0.504442,0.495558,	0.505989,0.494011,	0.504114,0.495886,	0.501927,0.498073,	0.487991,0.512009,	0.460882,0.539118,	0.500023,0.499977,	1,	1,	1,	1,	1,	1,	1,	1,	1,	1,	1,	
0.5,0.5,	0.501815,0.498185,	0.503125,0.496875,	0.504226,0.495774,	0.504545,0.495455,	0.506115,0.493885,	0.504173,0.495827,	0.501864,0.498136,	0.487415,0.512585,	0.459884,0.540116,	0.500023,0.499977,	1,	1,	1,	1,	1,	1,	1,	1,	1,	1,	1,	
0.5,0.5,	0.50186,0.49814,	0.503192,0.496808,	0.504317,0.495683,	0.504648,0.495352,	0.506242,0.493758,	0.504231,0.495769,	0.501796,0.498204,	0.486822,0.513178,	0.458877,0.541123,	0.500023,0.499977,	1,	1,	1,	1,	1,	1,	1,	1,	1,	1,	1,	
0.5,0.5,	0.501906,0.498094,	0.503259,0.496741,	0.504409,0.495591,	0.504753,0.495247,	0.506371,0.493629,	0.504288,0.495712,	0.501722,0.498278,	0.486215,0.513785,	0.457861,0.542139,	0.500023,0.499977,	1,	1,	1,	1,	1,	1,	1,	1,	1,	1,	1,	
0.5,0.5,	0.501953,0.498047,	0.503326,0.496674,	0.504501,0.495499,	0.504859,0.495141,	0.506502,0.493498,	0.504345,0.495655,	0.501643,0.498357,	0.485594,0.514406,	0.456839,0.543161,	0.500023,0.499977,	1,	1,	1,	1,	1,	1,	1,	1,	1,	1,	1,	
0.5,0.5,	0.502001,0.497999,	0.503394,0.496606,	0.504594,0.495406,	0.504968,0.495032,	0.506634,0.493366,	0.5044,0.4956,	0.50156,0.49844,	0.484959,0.515041,	0.455812,0.544188,	0.500022,0.499978,	1,	1,	1,	1,	1,	1,	1,	1,	1,	1,	1,	
0.5,0.5,	0.502051,0.497949,	0.503463,0.496537,	0.504689,0.495311,	0.505078,0.494922,	0.506768,0.493232,	0.504455,0.495545,	0.501471,0.498529,	0.484308,0.515692,	0.454782,0.545218,	0.500022,0.499978,	1,	1,	1,	1,	1,	1,	1,	1,	1,	1,	1,	
0.5,0.5,	0.502102,0.497898,	0.503531,0.496469,	0.504784,0.495216,	0.505189,0.494811,	0.506903,0.493097,	0.504509,0.495491,	0.501379,0.498621,	0.483642,0.516358,	0.45375,0.54625,	0.500022,0.499978,	1,	1,	1,	1,	1,	1,	1,	1,	1,	1,	1,	
0.5,0.5,	0.502154,0.497846,	0.503601,0.496399,	0.50488,0.49512,	0.505301,0.494699,	0.507039,0.492961,	0.504562,0.495438,	0.501281,0.498719,	0.482959,0.517041,	0.452717,0.547283,	0.500022,0.499978,	1,	1,	1,	1,	1,	1,	1,	1,	1,	1,	1,	
0.5,0.5,	0.502207,0.497793,	0.503671,0.496329,	0.504976,0.495024,	0.505415,0.494585,	0.507177,0.492823,	0.504613,0.495387,	0.501175,0.498825,	0.48226,0.51774,	0.451682,0.548318,	0.500022,0.499978,	1,	1,	1,	1,	1,	1,	1,	1,	1,	1,	1,	
0.5,0.5,	0.502261,0.497739,	0.503742,0.496258,	0.505073,0.494927,	0.505531,0.494469,	0.507317,0.492683,	0.504663,0.495337,	0.501063,0.498937,	0.481548,0.518452,	0.450644,0.549356,	0.500021,0.499979,	1,	1,	1,	1,	1,	1,	1,	1,	1,	1,	1,	
0.5,0.5,	0.502316,0.497684,	0.503812,0.496188,	0.50517,0.49483,	0.505647,0.494353,	0.507457,0.492543,	0.504712,0.495288,	0.500945,0.499055,	0.480822,0.519178,	0.449604,0.550396,	0.500021,0.499979,	1,	1,	1,	1,	1,	1,	1,	1,	1,	1,	1,	
0.5,0.5,	0.502371,0.497629,	0.503883,0.496117,	0.505268,0.494732,	0.505765,0.494235,	0.507598,0.492402,	0.50476,0.49524,	0.500821,0.499179,	0.480082,0.519918,	0.44856,0.55144,	0.500021,0.499979,	1,	1,	1,	1,	1,	1,	1,	1,	1,	1,	1,	
0.5,0.5,	0.502427,0.497573,	0.503954,0.496046,	0.505366,0.494634,	0.505883,0.494117,	0.50774,0.49226,	0.504807,0.495193,	0.500691,0.499309,	0.479327,0.520673,	0.447513,0.552487,	0.500021,0.499979,	1,	1,	1,	1,	1,	1,	1,	1,	1,	1,	1,	
0.5,0.5,	0.502483,0.497517,	0.504026,0.495974,	0.505464,0.494536,	0.506003,0.493997,	0.507883,0.492117,	0.504853,0.495147,	0.500554,0.499446,	0.478555,0.521445,	0.446465,0.553535,	0.500021,0.499979,	1,	1,	1,	1,	1,	1,	1,	1,	1,	1,	1,	
0.5,0.5,	0.502539,0.497461,	0.504099,0.495901,	0.505562,0.494438,	0.506123,0.493877,	0.508027,0.491973,	0.504896,0.495104,	0.500411,0.499589,	0.477768,0.522232,	0.445413,0.554587,	0.500021,0.499979,	1,	1,	1,	1,	1,	1,	1,	1,	1,	1,	1,	
0.5,0.5,	0.502596,0.497404,	0.504172,0.495828,	0.505662,0.494338,	0.506244,0.493756,	0.508171,0.491829,	0.504938,0.495062,	0.500261,0.499739,	0.476965,0.523035,	0.444358,0.555642,	0.500021,0.499979,	1,	1,	1,	1,	1,	1,	1,	1,	1,	1,	1,	
0.5,0.5,	0.502653,0.497347,	0.504246,0.495754,	0.505761,0.494239,	0.506367,0.493633,	0.508317,0.491683,	0.504979,0.495021,	0.500103,0.499897,	0.476147,0.523853,	0.4433,0.5567,	0.500021,0.499979,	1,	1,	1,	1,	1,	1,	1,	1,	1,	1,	1,	
0.5,0.5,	0.502712,0.497288,	0.504321,0.495679,	0.505861,0.494139,	0.50649,0.49351,	0.508463,0.491537,	0.505017,0.494983,	0.499938,0.500062,	0.475314,0.524686,	0.44224,0.55776,	0.500021,0.499979,	1,	1,	1,	1,	1,	1,	1,	1,	1,	1,	1,	
0.5,0.5,	0.502771,0.497229,	0.504396,0.495604,	0.505961,0.494039,	0.506615,0.493385,	0.508609,0.491391,	0.505053,0.494947,	0.499767,0.500233,	0.474466,0.525534,	0.441178,0.558822,	0.500021,0.499979,	1,	1,	1,	1,	1,	1,	1,	1,	1,	1,	1,	
0.5,0.5,	0.502831,0.497169,	0.504472,0.495528,	0.506061,0.493939,	0.506741,0.493259,	0.508756,0.491244,	0.505087,0.494913,	0.499588,0.500412,	0.473605,0.526395,	0.440117,0.559883,	0.500021,0.499979,	1,	1,	1,	1,	1,	1,	1,	1,	1,	1,	1,	
0.5,0.5,	0.502891,0.497109,	0.504548,0.495452,	0.506162,0.493838,	0.506868,0.493132,	0.508903,0.491097,	0.505119,0.494881,	0.499404,0.500596,	0.472732,0.527268,	0.439057,0.560943,	0.500021,0.499979,	1,	1,	1,	1,	1,	1,	1,	1,	1,	1,	1,	
0.5,0.5,	0.502952,0.497048,	0.504625,0.495375,	0.506263,0.493737,	0.506995,0.493005,	0.509051,0.490949,	0.50515,0.49485,	0.499215,0.500785,	0.471847,0.528153,	0.437997,0.562003,	0.500021,0.499979,	1,	1,	1,	1,	1,	1,	1,	1,	1,	1,	1,	
0.5,0.5,	0.503013,0.496987,	0.504702,0.495298,	0.506364,0.493636,	0.507123,0.492877,	0.509199,0.490801,	0.505178,0.494822,	0.49902,0.50098,	0.470946,0.529054,	0.43694,0.56306,	0.500021,0.499979,	1,	1,	1,	1,	1,	1,	1,	1,	1,	1,	1,	
0.5,0.5,	0.503074,0.496926,	0.50478,0.49522,	0.506466,0.493534,	0.507253,0.492747,	0.509347,0.490653,	0.505205,0.494795,	0.498816,0.501184,	0.470029,0.529971,	0.435884,0.564116,	0.500022,0.499978,	1,	1,	1,	1,	1,	1,	1,	1,	1,	1,	1,	
0.5,0.5,	0.503136,0.496864,	0.504859,0.495141,	0.506568,0.493432,	0.507384,0.492616,	0.509495,0.490505,	0.505229,0.494771,	0.498607,0.501393,	0.469099,0.530901,	0.434832,0.565168,	0.500022,0.499978,	1,	1,	1,	1,	1,	1,	1,	1,	1,	1,	1,	
0.5,0.5,	0.503199,0.496801,	0.504937,0.495063,	0.50667,0.49333,	0.507516,0.492484,	0.509644,0.490356,	0.505251,0.494749,	0.498391,0.501609,	0.468155,0.531845,	0.433781,0.566219,	0.500022,0.499978,	1,	1,	1,	1,	1,	1,	1,	1,	1,	1,	1,	
0.5,0.5,	0.503262,0.496738,	0.505016,0.494984,	0.506773,0.493227,	0.507648,0.492352,	0.509793,0.490207,	0.505272,0.494728,	0.498168,0.501832,	0.467198,0.532802,	0.432731,0.567269,	0.500022,0.499978,	1,	1,	1,	1,	1,	1,	1,	1,	1,	1,	1,	
0.5,0.5,	0.503327,0.496673,	0.505096,0.494904,	0.506876,0.493124,	0.507781,0.492219,	0.509942,0.490058,	0.50529,0.49471,	0.497939,0.502061,	0.466229,0.533771,	0.431682,0.568318,	0.500022,0.499978,	1,	1,	1,	1,	1,	1,	1,	1,	1,	1,	1,	
0.5,0.5,	0.503391,0.496609,	0.505176,0.494824,	0.50698,0.49302,	0.507914,0.492086,	0.510092,0.489908,	0.505307,0.494693,	0.497704,0.502296,	0.46525,0.53475,	0.430633,0.569367,	0.500022,0.499978,	1,	1,	1,	1,	1,	1,	1,	1,	1,	1,	1,	
0.5,0.5,	0.503456,0.496544,	0.505257,0.494743,	0.507084,0.492916,	0.508049,0.491951,	0.510242,0.489758,	0.505321,0.494679,	0.49746,0.50254,	0.464257,0.535743,	0.429585,0.570415,	0.500022,0.499978,	1,	1,	1,	1,	1,	1,	1,	1,	1,	1,	1,	
0.5,0.5,	0.503522,0.496478,	0.505339,0.494661,	0.507188,0.492812,	0.508184,0.491816,	0.510391,0.489609,	0.505333,0.494667,	0.49721,0.50279,	0.463252,0.536748,	0.428539,0.571461,	0.500022,0.499978,	1,	1,	1,	1,	1,	1,	1,	1,	1,	1,	1,	
0.5,0.5,	0.503588,0.496412,	0.505422,0.494578,	0.507293,0.492707,	0.50832,0.49168,	0.510541,0.489459,	0.505344,0.494656,	0.496954,0.503046,	0.462237,0.537763,	0.427494,0.572506,	0.500022,0.499978,	1,	1,	1,	1,	1,	1,	1,	1,	1,	1,	1,	
0.5,0.5,	0.503655,0.496345,	0.505505,0.494495,	0.507398,0.492602,	0.508456,0.491544,	0.510691,0.489309,	0.505353,0.494647,	0.496692,0.503308,	0.461213,0.538787,	0.42645,0.57355,	0.500022,0.499978,	1,	1,	1,	1,	1,	1,	1,	1,	1,	1,	1,	
0.5,0.5,	0.503722,0.496278,	0.505588,0.494412,	0.507504,0.492496,	0.508593,0.491407,	0.510841,0.489159,	0.505361,0.494639,	0.496426,0.503574,	0.46018,0.53982,	0.425407,0.574593,	0.500022,0.499978,	1,	1,	1,	1,	1,	1,	1,	1,	1,	1,	1,	
0.5,0.5,	0.50379,0.49621,	0.505672,0.494328,	0.50761,0.49239,	0.50873,0.49127,	0.510991,0.489009,	0.505366,0.494634,	0.496152,0.503848,	0.459134,0.540866,	0.424366,0.575634,	0.500022,0.499978,	1,	1,	1,	1,	1,	1,	1,	1,	1,	1,	1,	
0.5,0.5,	0.503858,0.496142,	0.505756,0.494244,	0.507717,0.492283,	0.508868,0.491132,	0.511142,0.488858,	0.505368,0.494632,	0.49587,0.50413,	0.458076,0.541924,	0.423327,0.576673,	0.500022,0.499978,	1,	1,	1,	1,	1,	1,	1,	1,	1,	1,	1,	
0.5,0.5,	0.503927,0.496073,	0.50584,0.49416,	0.507824,0.492176,	0.509006,0.490994,	0.511292,0.488708,	0.505368,0.494632,	0.49558,0.50442,	0.457003,0.542997,	0.422291,0.577709,	0.500022,0.499978,	1,	1,	1,	1,	1,	1,	1,	1,	1,	1,	1,	
0.5,0.5,	0.503996,0.496004,	0.505924,0.494076,	0.507932,0.492068,	0.509144,0.490856,	0.511443,0.488557,	0.505366,0.494634,	0.495284,0.504716,	0.455921,0.544079,	0.421258,0.578742,	0.500022,0.499978,	1,	1,	1,	1,	1,	1,	1,	1,	1,	1,	1,	
0.5,0.5,	0.504067,0.495933,	0.50601,0.49399,	0.50804,0.49196,	0.509282,0.490718,	0.511593,0.488407,	0.505361,0.494639,	0.49498,0.50502,	0.454827,0.545173,	0.420228,0.579772,	0.500023,0.499977,	1,	1,	1,	1,	1,	1,	1,	1,	1,	1,	1,	
0.5,0.5,	0.504138,0.495862,	0.506095,0.493905,	0.508148,0.491852,	0.509421,0.490579,	0.511744,0.488256,	0.505354,0.494646,	0.494669,0.505331,	0.453721,0.546279,	0.419201,0.580799,	0.500023,0.499977,	1,	1,	1,	1,	1,	1,	1,	1,	1,	1,	1,	
0.5,0.5,	0.504211,0.495789,	0.506182,0.493818,	0.508257,0.491743,	0.50956,0.49044,	0.511895,0.488105,	0.505343,0.494657,	0.494347,0.505653,	0.452602,0.547398,	0.418177,0.581823,	0.500023,0.499977,	1,	1,	1,	1,	1,	1,	1,	1,	1,	1,	1,	
0.5,0.5,	0.504284,0.495716,	0.50627,0.49373,	0.508367,0.491633,	0.5097,0.4903,	0.512046,0.487954,	0.505329,0.494671,	0.494018,0.505982,	0.451474,0.548526,	0.417155,0.582845,	0.500023,0.499977,	1,	1,	1,	1,	1,	1,	1,	1,	1,	1,	1,	
0.5,0.5,	0.504357,0.495643,	0.506358,0.493642,	0.508477,0.491523,	0.50984,0.49016,	0.512198,0.487802,	0.505314,0.494686,	0.493682,0.506318,	0.450336,0.549664,	0.416139,0.583861,	0.500023,0.499977,	1,	1,	1,	1,	1,	1,	1,	1,	1,	1,	1,	
0.5,0.5,	0.504431,0.495569,	0.506447,0.493553,	0.508588,0.491412,	0.50998,0.49002,	0.512349,0.487651,	0.505296,0.494704,	0.493341,0.506659,	0.449189,0.550811,	0.415126,0.584874,	0.500023,0.499977,	1,	1,	1,	1,	1,	1,	1,	1,	1,	1,	1,	
0.5,0.5,	0.504505,0.495495,	0.506536,0.493464,	0.5087,0.4913,	0.510121,0.489879,	0.5125,0.4875,	0.505277,0.494723,	0.492993,0.507007,	0.44803,0.55197,	0.414119,0.585881,	0.500023,0.499977,	1,	1,	1,	1,	1,	1,	1,	1,	1,	1,	1,	
0.5,0.5,	0.504579,0.495421,	0.506626,0.493374,	0.508812,0.491188,	0.510262,0.489738,	0.512651,0.487349,	0.505256,0.494744,	0.492636,0.507364,	0.446861,0.553139,	0.413116,0.586884,	0.500023,0.499977,	1,	1,	1,	1,	1,	1,	1,	1,	1,	1,	1,	
0.5,0.5,	0.504653,0.495347,	0.506716,0.493284,	0.508924,0.491076,	0.510402,0.489598,	0.512803,0.487197,	0.505232,0.494768,	0.492272,0.507728,	0.445685,0.554315,	0.412117,0.587883,	0.500022,0.499978,	1,	1,	1,	1,	1,	1,	1,	1,	1,	1,	1,	
0.5,0.5,	0.504728,0.495272,	0.506806,0.493194,	0.509036,0.490964,	0.510543,0.489457,	0.512954,0.487046,	0.505207,0.494793,	0.491902,0.508098,	0.444499,0.555501,	0.411121,0.588879,	0.500023,0.499977,	1,	1,	1,	1,	1,	1,	1,	1,	1,	1,	1,	
0.5,0.5,	0.504803,0.495197,	0.506896,0.493104,	0.509149,0.490851,	0.510685,0.489315,	0.513105,0.486895,	0.505178,0.494822,	0.491522,0.508478,	0.443304,0.556696,	0.410129,0.589871,	0.500023,0.499977,	1,	1,	1,	1,	1,	1,	1,	1,	1,	1,	1,	
0.5,0.5,	0.50488,0.49512,	0.506987,0.493013,	0.509262,0.490738,	0.510826,0.489174,	0.513256,0.486744,	0.505148,0.494852,	0.491134,0.508866,	0.4421,0.5579,	0.409139,0.590861,	0.500023,0.499977,	1,	1,	1,	1,	1,	1,	1,	1,	1,	1,	1,	
0.5,0.5,	0.504957,0.495043,	0.507078,0.492922,	0.509375,0.490625,	0.510967,0.489033,	0.513408,0.486592,	0.505115,0.494885,	0.49074,0.50926,	0.440887,0.559113,	0.408154,0.591846,	0.500023,0.499977,	1,	1,	1,	1,	1,	1,	1,	1,	1,	1,	1,	
0.5,0.5,	0.505035,0.494965,	0.50717,0.49283,	0.509489,0.490511,	0.511109,0.488891,	0.513559,0.486441,	0.505081,0.494919,	0.490338,0.509662,	0.439666,0.560334,	0.407172,0.592828,	0.500023,0.499977,	1,	1,	1,	1,	1,	1,	1,	1,	1,	1,	1,	
0.5,0.5,	0.505114,0.494886,	0.507261,0.492739,	0.509602,0.490398,	0.51125,0.48875,	0.51371,0.48629,	0.505044,0.494956,	0.48993,0.51007,	0.438434,0.561566,	0.406195,0.593805,	0.500024,0.499976,	1,	1,	1,	1,	1,	1,	1,	1,	1,	1,	1,	
0.5,0.5,	0.505193,0.494807,	0.507353,0.492647,	0.509716,0.490284,	0.511393,0.488607,	0.513862,0.486138,	0.505004,0.494996,	0.489513,0.510487,	0.437193,0.562807,	0.405223,0.594777,	0.500024,0.499976,	1,	1,	1,	1,	1,	1,	1,	1,	1,	1,	1,	
0.5,0.5,	0.505273,0.494727,	0.507445,0.492555,	0.509831,0.490169,	0.511535,0.488465,	0.514013,0.485987,	0.504961,0.495039,	0.489088,0.510912,	0.435942,0.564058,	0.404255,0.595745,	0.500024,0.499976,	1,	1,	1,	1,	1,	1,	1,	1,	1,	1,	1,	
0.5,0.5,	0.505354,0.494646,	0.507539,0.492461,	0.509945,0.490055,	0.511678,0.488322,	0.514164,0.485836,	0.504915,0.495085,	0.488653,0.511347,	0.434681,0.565319,	0.40329,0.59671,	0.500023,0.499977,	1,	1,	1,	1,	1,	1,	1,	1,	1,	1,	1,	
0.5,0.5,	0.505436,0.494564,	0.507633,0.492367,	0.510061,0.489939,	0.511821,0.488179,	0.514315,0.485685,	0.504865,0.495135,	0.488209,0.511791,	0.433411,0.566589,	0.40233,0.59767,	0.500023,0.499977,	1,	1,	1,	1,	1,	1,	1,	1,	1,	1,	1,	
0.5,0.5,	0.505519,0.494481,	0.507728,0.492272,	0.510177,0.489823,	0.511964,0.488036,	0.514466,0.485534,	0.504813,0.495187,	0.487757,0.512243,	0.432133,0.567867,	0.401372,0.598628,	0.500023,0.499977,	1,	1,	1,	1,	1,	1,	1,	1,	1,	1,	1,	
0.5,0.5,	0.505601,0.494399,	0.507823,0.492177,	0.510293,0.489707,	0.512107,0.487893,	0.514618,0.485382,	0.504758,0.495242,	0.487297,0.512703,	0.430848,0.569152,	0.400417,0.599583,	0.500023,0.499977,	1,	1,	1,	1,	1,	1,	1,	1,	1,	1,	1,	
0.5,0.5,	0.505684,0.494316,	0.507918,0.492082,	0.510409,0.489591,	0.512251,0.487749,	0.514768,0.485232,	0.504701,0.495299,	0.486828,0.513172,	0.429554,0.570446,	0.399466,0.600534,	0.500023,0.499977,	1,	1,	1,	1,	1,	1,	1,	1,	1,	1,	1,	
0.5,0.5,	0.505768,0.494232,	0.508013,0.491987,	0.510527,0.489473,	0.512394,0.487606,	0.514919,0.485081,	0.504641,0.495359,	0.486352,0.513648,	0.428252,0.571748,	0.398519,0.601481,	0.500023,0.499977,	1,	1,	1,	1,	1,	1,	1,	1,	1,	1,	1,	
0.5,0.5,	0.505852,0.494148,	0.508108,0.491892,	0.510644,0.489356,	0.512538,0.487462,	0.515069,0.484931,	0.50458,0.49542,	0.48587,0.51413,	0.426942,0.573058,	0.397574,0.602426,	0.500023,0.499977,	1,	1,	1,	1,	1,	1,	1,	1,	1,	1,	1,	
0.5,0.5,	0.505938,0.494062,	0.508204,0.491796,	0.510762,0.489238,	0.512682,0.487318,	0.515219,0.484781,	0.504516,0.495484,	0.485382,0.514618,	0.425626,0.574374,	0.396634,0.603366,	0.500023,0.499977,	1,	1,	1,	1,	1,	1,	1,	1,	1,	1,	1,	
0.5,0.5,	0.506023,0.493977,	0.5083,0.4917,	0.51088,0.48912,	0.512827,0.487173,	0.515368,0.484632,	0.504449,0.495551,	0.484887,0.515113,	0.424304,0.575696,	0.395698,0.604302,	0.500023,0.499977,	1,	1,	1,	1,	1,	1,	1,	1,	1,	1,	1,	
0.5,0.5,	0.50611,0.49389,	0.508397,0.491603,	0.510999,0.489001,	0.512971,0.487029,	0.515517,0.484483,	0.504379,0.495621,	0.484383,0.515617,	0.422975,0.577025,	0.394765,0.605235,	0.500024,0.499976,	1,	1,	1,	1,	1,	1,	1,	1,	1,	1,	1,	
0.5,0.5,	0.506199,0.493801,	0.508494,0.491506,	0.511118,0.488882,	0.513116,0.486884,	0.515665,0.484335,	0.504305,0.495695,	0.483872,0.516128,	0.42164,0.57836,	0.393835,0.606165,	0.500024,0.499976,	1,	1,	1,	1,	1,	1,	1,	1,	1,	1,	1,	
0.5,0.5,	0.50629,0.49371,	0.508591,0.491409,	0.511238,0.488762,	0.513261,0.486739,	0.515813,0.484187,	0.504229,0.495771,	0.483354,0.516646,	0.420301,0.579699,	0.392909,0.607091,	0.500023,0.499977,	1,	1,	1,	1,	1,	1,	1,	1,	1,	1,	1,	
0.5,0.5,	0.506381,0.493619,	0.508689,0.491311,	0.511357,0.488643,	0.513406,0.486594,	0.51596,0.48404,	0.50415,0.49585,	0.48283,0.51717,	0.418957,0.581043,	0.391986,0.608014,	0.500023,0.499977,	1,	1,	1,	1,	1,	1,	1,	1,	1,	1,	1,	
0.5,0.5,	0.506473,0.493527,	0.508787,0.491213,	0.511477,0.488523,	0.513552,0.486448,	0.516106,0.483894,	0.504069,0.495931,	0.482299,0.517701,	0.417607,0.582393,	0.391069,0.608931,	0.500023,0.499977,	1,	1,	1,	1,	1,	1,	1,	1,	1,	1,	1,	
0.5,0.5,	0.506567,0.493433,	0.508886,0.491114,	0.511597,0.488403,	0.513698,0.486302,	0.516252,0.483748,	0.503985,0.496015,	0.48176,0.51824,	0.416251,0.583749,	0.390157,0.609843,	0.500023,0.499977,	1,	1,	1,	1,	1,	1,	1,	1,	1,	1,	1,	
0.5,0.5,	0.50666,0.49334,	0.508985,0.491015,	0.511717,0.488283,	0.513844,0.486156,	0.516397,0.483603,	0.5039,0.4961,	0.481214,0.518786,	0.41489,0.58511,	0.389248,0.610752,	0.500023,0.499977,	1,	1,	1,	1,	1,	1,	1,	1,	1,	1,	1,	
0.5,0.5,	0.506754,0.493246,	0.509085,0.490915,	0.511838,0.488162,	0.51399,0.48601,	0.516542,0.483458,	0.503812,0.496188,	0.480661,0.519339,	0.413521,0.586479,	0.388342,0.611658,	0.500023,0.499977,	1,	1,	1,	1,	1,	1,	1,	1,	1,	1,	1,	
0.5,0.5,	0.506848,0.493152,	0.509184,0.490816,	0.511959,0.488041,	0.514137,0.485863,	0.516686,0.483314,	0.50372,0.49628,	0.480099,0.519901,	0.412147,0.587853,	0.387441,0.612559,	0.500023,0.499977,	1,	1,	1,	1,	1,	1,	1,	1,	1,	1,	1,	
0.5,0.5,	0.506943,0.493057,	0.509284,0.490716,	0.51208,0.48792,	0.514284,0.485716,	0.516829,0.483171,	0.503625,0.496375,	0.479528,0.520472,	0.410767,0.589233,	0.386544,0.613456,	0.500023,0.499977,	1,	1,	1,	1,	1,	1,	1,	1,	1,	1,	1,	
0.5,0.5,	0.507038,0.492962,	0.509385,0.490615,	0.512202,0.487798,	0.514431,0.485569,	0.516972,0.483028,	0.503527,0.496473,	0.47895,0.52105,	0.409383,0.590617,	0.385651,0.614349,	0.500023,0.499977,	1,	1,	1,	1,	1,	1,	1,	1,	1,	1,	1,	
0.5,0.5,	0.507132,0.492868,	0.509485,0.490515,	0.512323,0.487677,	0.514578,0.485422,	0.517115,0.482885,	0.503426,0.496574,	0.478364,0.521636,	0.407995,0.592005,	0.384763,0.615237,	0.500022,0.499978,	1,	1,	1,	1,	1,	1,	1,	1,	1,	1,	1,	
0.5,0.5,	0.507228,0.492772,	0.509586,0.490414,	0.512445,0.487555,	0.514726,0.485274,	0.517256,0.482744,	0.503321,0.496679,	0.477768,0.522232,	0.406602,0.593398,	0.383878,0.616122,	0.500022,0.499978,	1,	1,	1,	1,	1,	1,	1,	1,	1,	1,	1,	
0.5,0.5,	0.507324,0.492676,	0.509686,0.490314,	0.512568,0.487432,	0.514873,0.485127,	0.517396,0.482604,	0.503213,0.496787,	0.477163,0.522837,	0.405203,0.594797,	0.382997,0.617003,	0.500022,0.499978,	1,	1,	1,	1,	1,	1,	1,	1,	1,	1,	1,	
0.5,0.5,	0.50742,0.49258,	0.509787,0.490213,	0.512691,0.487309,	0.515021,0.484979,	0.517536,0.482464,	0.5031,0.4969,	0.476548,0.523452,	0.4038,0.5962,	0.38212,0.61788,	0.500022,0.499978,	1,	1,	1,	1,	1,	1,	1,	1,	1,	1,	1,	
0.5,0.5,	0.507518,0.492482,	0.509887,0.490113,	0.512814,0.487186,	0.515169,0.484831,	0.517675,0.482325,	0.502984,0.497016,	0.475923,0.524077,	0.402393,0.597607,	0.381245,0.618755,	0.500022,0.499978,	1,	1,	1,	1,	1,	1,	1,	1,	1,	1,	1,	
0.5,0.5,	0.507615,0.492385,	0.509988,0.490012,	0.512937,0.487063,	0.515316,0.484684,	0.517813,0.482187,	0.502863,0.497137,	0.475289,0.524711,	0.400982,0.599018,	0.380373,0.619627,	0.500022,0.499978,	1,	1,	1,	1,	1,	1,	1,	1,	1,	1,	1,	
0.5,0.5,	0.507713,0.492287,	0.51009,0.48991,	0.513061,0.486939,	0.515464,0.484536,	0.51795,0.48205,	0.502738,0.497262,	0.474647,0.525353,	0.399566,0.600434,	0.379504,0.620496,	0.500022,0.499978,	1,	1,	1,	1,	1,	1,	1,	1,	1,	1,	1,	
0.5,0.5,	0.507811,0.492189,	0.510192,0.489808,	0.513185,0.486815,	0.515612,0.484388,	0.518086,0.481914,	0.502609,0.497391,	0.473996,0.526004,	0.398145,0.601855,	0.378639,0.621361,	0.500022,0.499978,	1,	1,	1,	1,	1,	1,	1,	1,	1,	1,	1,	
0.5,0.5,	0.50791,0.49209,	0.510294,0.489706,	0.51331,0.48669,	0.515759,0.484241,	0.518221,0.481779,	0.502475,0.497525,	0.473335,0.526665,	0.396722,0.603278,	0.377776,0.622224,	0.500022,0.499978,	1,	1,	1,	1,	1,	1,	1,	1,	1,	1,	1,	
0.5,0.5,	0.508009,0.491991,	0.510396,0.489604,	0.513435,0.486565,	0.515907,0.484093,	0.518355,0.481645,	0.502339,0.497661,	0.472667,0.527333,	0.395297,0.604703,	0.376914,0.623086,	0.500022,0.499978,	1,	1,	1,	1,	1,	1,	1,	1,	1,	1,	1,	
0.5,0.5,	0.508109,0.491891,	0.510497,0.489503,	0.51356,0.48644,	0.516054,0.483946,	0.518488,0.481512,	0.502197,0.497803,	0.47199,0.52801,	0.393869,0.606131,	0.376055,0.623945,	0.500022,0.499978,	1,	1,	1,	1,	1,	1,	1,	1,	1,	1,	1,	
0.5,0.5,	0.50821,0.49179,	0.510599,0.489401,	0.513686,0.486314,	0.516202,0.483798,	0.51862,0.48138,	0.50205,0.49795,	0.471303,0.528697,	0.392438,0.607562,	0.375197,0.624803,	0.500022,0.499978,	1,	1,	1,	1,	1,	1,	1,	1,	1,	1,	1,	
0.5,0.5,	0.508311,0.491689,	0.510701,0.489299,	0.513812,0.486188,	0.516349,0.483651,	0.518751,0.481249,	0.501899,0.498101,	0.470608,0.529392,	0.391003,0.608997,	0.374341,0.625659,	0.500022,0.499978,	1,	1,	1,	1,	1,	1,	1,	1,	1,	1,	1,	
0.5,0.5,	0.508412,0.491588,	0.510803,0.489197,	0.513939,0.486061,	0.516496,0.483504,	0.51888,0.48112,	0.501745,0.498255,	0.469906,0.530094,	0.389565,0.610435,	0.373487,0.626513,	0.500022,0.499978,	1,	1,	1,	1,	1,	1,	1,	1,	1,	1,	1,	
0.5,0.5,	0.508515,0.491485,	0.510905,0.489095,	0.514066,0.485934,	0.516643,0.483357,	0.519009,0.480991,	0.501588,0.498412,	0.469197,0.530803,	0.388124,0.611876,	0.372636,0.627364,	0.500022,0.499978,	1,	1,	1,	1,	1,	1,	1,	1,	1,	1,	1,	
0.5,0.5,	0.508619,0.491381,	0.511008,0.488992,	0.514193,0.485807,	0.516789,0.483211,	0.519137,0.480863,	0.501426,0.498574,	0.468479,0.531521,	0.38668,0.61332,	0.371788,0.628212,	0.500022,0.499978,	1,	1,	1,	1,	1,	1,	1,	1,	1,	1,	1,	
0.5,0.5,	0.508723,0.491277,	0.511112,0.488888,	0.51432,0.48568,	0.516935,0.483065,	0.519264,0.480736,	0.50126,0.49874,	0.467751,0.532249,	0.385232,0.614768,	0.370943,0.629057,	0.500023,0.499977,	1,	1,	1,	1,	1,	1,	1,	1,	1,	1,	1,	
0.5,0.5,	0.508829,0.491171,	0.511215,0.488785,	0.514448,0.485552,	0.51708,0.48292,	0.519389,0.480611,	0.501088,0.498912,	0.467013,0.532987,	0.383778,0.616222,	0.370099,0.629901,	0.500023,0.499977,	1,	1,	1,	1,	1,	1,	1,	1,	1,	1,	1,	
0.5,0.5,	0.508936,0.491064,	0.511319,0.488681,	0.514575,0.485425,	0.517225,0.482775,	0.519513,0.480487,	0.500912,0.499088,	0.466267,0.533733,	0.382323,0.617677,	0.369257,0.630743,	0.500023,0.499977,	1,	1,	1,	1,	1,	1,	1,	1,	1,	1,	1,	
0.5,0.5,	0.509044,0.490956,	0.511423,0.488577,	0.514703,0.485297,	0.51737,0.48263,	0.519636,0.480364,	0.500733,0.499267,	0.465515,0.534485,	0.380867,0.619133,	0.368416,0.631584,	0.500023,0.499977,	1,	1,	1,	1,	1,	1,	1,	1,	1,	1,	1,	
0.5,0.5,	0.509152,0.490848,	0.511526,0.488474,	0.514831,0.485169,	0.517515,0.482485,	0.519758,0.480242,	0.500549,0.499451,	0.464754,0.535246,	0.379408,0.620592,	0.367577,0.632423,	0.500023,0.499977,	1,	1,	1,	1,	1,	1,	1,	1,	1,	1,	1,	
0.5,0.5,	0.509261,0.490739,	0.51163,0.48837,	0.514959,0.485041,	0.517659,0.482341,	0.519878,0.480122,	0.500362,0.499638,	0.463986,0.536014,	0.377947,0.622053,	0.36674,0.63326,	0.500023,0.499977,	1,	1,	1,	1,	1,	1,	1,	1,	1,	1,	1,	
0.5,0.5,	0.50937,0.49063,	0.511735,0.488265,	0.515087,0.484913,	0.517803,0.482197,	0.519997,0.480003,	0.500172,0.499828,	0.463211,0.536789,	0.376485,0.623515,	0.365904,0.634096,	0.500023,0.499977,	1,	1,	1,	1,	1,	1,	1,	1,	1,	1,	1,	
0.5,0.5,	0.50948,0.49052,	0.511839,0.488161,	0.515216,0.484784,	0.517947,0.482053,	0.520115,0.479885,	0.499976,0.500024,	0.462427,0.537573,	0.37502,0.62498,	0.36507,0.63493,	0.500023,0.499977,	1,	1,	1,	1,	1,	1,	1,	1,	1,	1,	1,	
0.5,0.5,	0.509589,0.490411,	0.511944,0.488056,	0.515345,0.484655,	0.518091,0.481909,	0.520232,0.479768,	0.499777,0.500223,	0.461634,0.538366,	0.373553,0.626447,	0.364237,0.635763,	0.500022,0.499978,	1,	1,	1,	1,	1,	1,	1,	1,	1,	1,	1,	
0.5,0.5,	0.509698,0.490302,	0.512049,0.487951,	0.515474,0.484526,	0.518235,0.481765,	0.520348,0.479652,	0.499572,0.500428,	0.460831,0.539169,	0.372084,0.627916,	0.363406,0.636594,	0.500022,0.499978,	1,	1,	1,	1,	1,	1,	1,	1,	1,	1,	1,	
0.5,0.5,	0.509808,0.490192,	0.512154,0.487846,	0.515604,0.484396,	0.518379,0.481621,	0.520461,0.479539,	0.49936,0.50064,	0.460017,0.539983,	0.370614,0.629386,	0.362578,0.637422,	0.500022,0.499978,	1,	1,	1,	1,	1,	1,	1,	1,	1,	1,	1,	
0.5,0.5,	0.509919,0.490081,	0.512258,0.487742,	0.515734,0.484266,	0.518523,0.481477,	0.520574,0.479426,	0.499144,0.500856,	0.459192,0.540808,	0.369144,0.630856,	0.361753,0.638247,	0.500022,0.499978,	1,	1,	1,	1,	1,	1,	1,	1,	1,	1,	1,	
0.5,0.5,	0.51003,0.48997,	0.512363,0.487637,	0.515864,0.484136,	0.518665,0.481335,	0.520685,0.479315,	0.49892,0.50108,	0.458356,0.541644,	0.367675,0.632325,	0.36093,0.63907,	0.500022,0.499978,	1,	1,	1,	1,	1,	1,	1,	1,	1,	1,	1,	
0.5,0.5,	0.510142,0.489858,	0.512468,0.487532,	0.515994,0.484006,	0.518808,0.481192,	0.520794,0.479206,	0.498693,0.501307,	0.457512,0.542488,	0.366205,0.633795,	0.36011,0.63989,	0.500022,0.499978,	1,	1,	1,	1,	1,	1,	1,	1,	1,	1,	1,	
0.5,0.5,	0.510255,0.489745,	0.512573,0.487427,	0.516125,0.483875,	0.51895,0.48105,	0.520902,0.479098,	0.498459,0.501541,	0.456657,0.543343,	0.364735,0.635265,	0.359291,0.640709,	0.500022,0.499978,	1,	1,	1,	1,	1,	1,	1,	1,	1,	1,	1,	
0.5,0.5,	0.510368,0.489632,	0.512678,0.487322,	0.516256,0.483744,	0.519091,0.480909,	0.521008,0.478992,	0.498221,0.501779,	0.455792,0.544208,	0.363265,0.636735,	0.358473,0.641527,	0.500022,0.499978,	1,	1,	1,	1,	1,	1,	1,	1,	1,	1,	1,	
0.5,0.5,	0.510481,0.489519,	0.512783,0.487217,	0.516387,0.483613,	0.519233,0.480767,	0.521112,0.478888,	0.497978,0.502022,	0.454919,0.545081,	0.361795,0.638205,	0.357657,0.642343,	0.500022,0.499978,	1,	1,	1,	1,	1,	1,	1,	1,	1,	1,	1,	
0.5,0.5,	0.510595,0.489405,	0.512887,0.487113,	0.516519,0.483481,	0.519374,0.480626,	0.521215,0.478785,	0.497729,0.502271,	0.454035,0.545965,	0.360325,0.639675,	0.356844,0.643156,	0.500022,0.499978,	1,	1,	1,	1,	1,	1,	1,	1,	1,	1,	1,	
0.5,0.5,	0.510709,0.489291,	0.512992,0.487008,	0.51665,0.48335,	0.519515,0.480485,	0.521317,0.478683,	0.497477,0.502523,	0.453141,0.546859,	0.358856,0.641144,	0.356032,0.643968,	0.500022,0.499978,	1,	1,	1,	1,	1,	1,	1,	1,	1,	1,	1,	
0.5,0.5,	0.510824,0.489176,	0.513097,0.486903,	0.516782,0.483218,	0.519656,0.480344,	0.521417,0.478583,	0.49722,0.50278,	0.452236,0.547764,	0.357388,0.642612,	0.355224,0.644776,	0.500022,0.499978,	1,	1,	1,	1,	1,	1,	1,	1,	1,	1,	1,	
