gather,share,	gather,share,	gather,share,	gather,share,	gather,share,	gather,share,	gather,share,	gather,share,	gather,share,	gather,share,	gather,share,	wait,	wait,	wait,	wait,	wait,	wait,	wait,	wait,	wait,	wait,	wait,	
0.5,0.5,	0.5,0.5,	0.5,0.5,	0.5,0.5,	0.5,0.5,	0.5,0.5,	0.5,0.5,	0.5,0.5,	0.5,0.5,	0.5,0.5,	0.5,0.5,	1,	1,	1,	1,	1,	1,	1,	1,	1,	1,	1,	
0.5,0.5,	0.527871,0.472129,	0.496154,0.503846,	0.488797,0.511203,	0.487632,0.512368,	0.486772,0.513228,	0.489085,0.510915,	0.490132,0.509868,	0.49181,0.50819,	0.493872,0.506128,	0.49496,0.50504,	1,	1,	1,	1,	1,	1,	1,	1,	1,	1,	1,	
0.5,0.5,	0.615156,0.384844,	0.50559,0.49441,	0.475506,0.524494,	0.47078,0.52922,	0.470184,0.529816,	0.474692,0.525308,	0.475696,0.524304,	0.482335,0.517665,	0.488137,0.511863,	0.491131,0.508869,	1,	1,	1,	1,	1,	1,	1,	1,	1,	1,	1,	
0.5,0.5,	0.70863,0.29137,	0.534055,0.465945,	0.477508,0.522492,	0.460371,0.539629,	0.456986,0.543014,	0.461431,0.538569,	0.464454,0.535546,	0.473956,0.526044,	0.48249,0.51751,	0.486764,0.513236,	1,	1,	1,	1,	1,	1,	1,	1,	1,	1,	1,	
0.5,0.5,	0.782193,0.217807,	0.568413,0.431587,	0.490048,0.509952,	0.457841,0.542159,	0.448727,0.551273,	0.450774,0.549226,	0.453113,0.546887,	0.464598,0.535402,	0.476916,0.523084,	0.481385,0.518615,	1,	1,	1,	1,	1,	1,	1,	1,	1,	1,	1,	
0.5,0.5,	0.840242,0.159758,	0.61053,0.38947,	0.505227,0.494773,	0.462114,0.537886,	0.443242,0.556758,	0.442661,0.557339,	0.445756,0.554244,	0.459613,0.540387,	0.472029,0.527971,	0.477909,0.522091,	1,	1,	1,	1,	1,	1,	1,	1,	1,	1,	1,	
0.5,0.5,	0.877632,0.122368,	0.648968,0.351032,	0.52242,0.47758,	0.468135,0.531865,	0.440492,0.559508,	0.437658,0.562342,	0.438066,0.561934,	0.454253,0.545747,	0.466626,0.533374,	0.474021,0.525979,	1,	1,	1,	1,	1,	1,	1,	1,	1,	1,	1,	
0.5,0.5,	0.906969,0.0930312,	0.684846,0.315154,	0.538093,0.461907,	0.471848,0.528152,	0.439169,0.560831,	0.433124,0.566876,	0.433172,0.566828,	0.448826,0.551174,	0.462159,0.537841,	0.469289,0.530711,	1,	1,	1,	1,	1,	1,	1,	1,	1,	1,	1,	
0.5,0.5,	0.927954,0.0720461,	0.711245,0.288755,	0.55256,0.44744,	0.473702,0.526298,	0.437282,0.562718,	0.428893,0.571107,	0.426935,0.573065,	0.443228,0.556772,	0.456859,0.543141,	0.464494,0.535506,	1,	1,	1,	1,	1,	1,	1,	1,	1,	1,	1,	
0.5,0.5,	0.943759,0.0562413,	0.737861,0.262139,	0.563629,0.436371,	0.474291,0.525709,	0.435802,0.564198,	0.425438,0.574562,	0.422317,0.577683,	0.43757,0.56243,	0.451946,0.548054,	0.4597,0.5403,	1,	1,	1,	1,	1,	1,	1,	1,	1,	1,	1,	
0.5,0.5,	0.954626,0.0453743,	0.759232,0.240768,	0.57244,0.42756,	0.476316,0.523684,	0.434366,0.565634,	0.422028,0.577972,	0.416791,0.583209,	0.432888,0.567112,	0.447515,0.552485,	0.455074,0.544926,	1,	1,	1,	1,	1,	1,	1,	1,	1,	1,	1,	
0.5,0.5,	0.962713,0.0372869,	0.775992,0.224008,	0.580202,0.419798,	0.478117,0.521883,	0.432511,0.567489,	0.41744,0.58256,	0.411732,0.588268,	0.429382,0.570618,	0.443546,0.556454,	0.450777,0.549223,	1,	1,	1,	1,	1,	1,	1,	1,	1,	1,	1,	
0.5,0.5,	0.968527,0.0314734,	0.789907,0.210093,	0.587824,0.412176,	0.47747,0.52253,	0.429662,0.570338,	0.4135,0.5865,	0.407994,0.592006,	0.424829,0.575171,	0.439904,0.560096,	0.446156,0.553844,	1,	1,	1,	1,	1,	1,	1,	1,	1,	1,	1,	
0.5,0.5,	0.972922,0.0270781,	0.80323,0.19677,	0.596762,0.403238,	0.478541,0.521459,	0.427289,0.572711,	0.409946,0.590054,	0.404237,0.595763,	0.421086,0.578914,	0.436772,0.563228,	0.441717,0.558283,	1,	1,	1,	1,	1,	1,	1,	1,	1,	1,	1,	
0.5,0.5,	0.97672,0.0232799,	0.818786,0.181214,	0.603043,0.396957,	0.479809,0.520191,	0.426462,0.573538,	0.406758,0.593242,	0.399726,0.600274,	0.417155,0.582845,	0.433084,0.566916,	0.437934,0.562066,	1,	1,	1,	1,	1,	1,	1,	1,	1,	1,	1,	
0.5,0.5,	0.979988,0.0200118,	0.830274,0.169726,	0.61057,0.38943,	0.480835,0.519165,	0.424369,0.575631,	0.404183,0.595817,	0.396349,0.603651,	0.412503,0.587497,	0.428618,0.571382,	0.434085,0.565915,	1,	1,	1,	1,	1,	1,	1,	1,	1,	1,	1,	
0.5,0.5,	0.982803,0.0171968,	0.84211,0.15789,	0.618551,0.381449,	0.482839,0.517161,	0.422149,0.577851,	0.400319,0.599681,	0.392925,0.607075,	0.407775,0.592225,	0.424602,0.575398,	0.430702,0.569298,	1,	1,	1,	1,	1,	1,	1,	1,	1,	1,	1,	
0.5,0.5,	0.985305,0.014695,	0.854544,0.145456,	0.626244,0.373756,	0.483095,0.516905,	0.420587,0.579413,	0.397299,0.602701,	0.388836,0.611164,	0.403864,0.596136,	0.421145,0.578855,	0.426843,0.573157,	1,	1,	1,	1,	1,	1,	1,	1,	1,	1,	1,	
0.5,0.5,	0.987515,0.0124848,	0.867591,0.132409,	0.634245,0.365755,	0.484237,0.515763,	0.418744,0.581256,	0.393596,0.606404,	0.384523,0.615477,	0.400161,0.599839,	0.417037,0.582963,	0.423871,0.576129,	1,	1,	1,	1,	1,	1,	1,	1,	1,	1,	1,	
0.5,0.5,	0.989448,0.0105522,	0.878951,0.121049,	0.641525,0.358475,	0.485144,0.514856,	0.417675,0.582325,	0.391135,0.608865,	0.380921,0.619079,	0.397395,0.602605,	0.413323,0.586677,	0.420291,0.579709,	1,	1,	1,	1,	1,	1,	1,	1,	1,	1,	1,	
0.5,0.5,	0.991118,0.00888247,	0.889732,0.110268,	0.650236,0.349764,	0.486318,0.513682,	0.416303,0.583697,	0.38831,0.61169,	0.378575,0.621425,	0.394165,0.605835,	0.409824,0.590176,	0.416486,0.583514,	1,	1,	1,	1,	1,	1,	1,	1,	1,	1,	1,	
0.5,0.5,	0.992577,0.00742259,	0.900259,0.0997406,	0.660574,0.339426,	0.487802,0.512198,	0.415073,0.584927,	0.386223,0.613777,	0.376005,0.623995,	0.390684,0.609316,	0.406963,0.593037,	0.412796,0.587204,	1,	1,	1,	1,	1,	1,	1,	1,	1,	1,	1,	
0.5,0.5,	0.993841,0.00615888,	0.910418,0.0895822,	0.671795,0.328205,	0.489811,0.510189,	0.413654,0.586346,	0.383674,0.616326,	0.372828,0.627172,	0.388358,0.611642,	0.403448,0.596552,	0.409412,0.590588,	1,	1,	1,	1,	1,	1,	1,	1,	1,	1,	1,	
0.5,0.5,	0.994887,0.00511331,	0.919276,0.0807235,	0.679901,0.320099,	0.491557,0.508443,	0.413188,0.586812,	0.381722,0.618278,	0.370966,0.629034,	0.385132,0.614868,	0.400584,0.599416,	0.405756,0.594244,	1,	1,	1,	1,	1,	1,	1,	1,	1,	1,	1,	
0.5,0.5,	0.995747,0.00425266,	0.92819,0.0718097,	0.690163,0.309837,	0.4932,0.5068,	0.411971,0.588029,	0.377844,0.622156,	0.367761,0.632239,	0.382095,0.617905,	0.397218,0.602782,	0.401964,0.598036,	1,	1,	1,	1,	1,	1,	1,	1,	1,	1,	1,	
0.5,0.5,	0.996479,0.00352128,	0.937344,0.0626564,	0.699428,0.300572,	0.494496,0.505504,	0.410207,0.589793,	0.373934,0.626066,	0.364109,0.635891,	0.378479,0.621521,	0.394245,0.605755,	0.398473,0.601527,	1,	1,	1,	1,	1,	1,	1,	1,	1,	1,	1,	
0.5,0.5,	0.997099,0.00290108,	0.94564,0.0543596,	0.708336,0.291664,	0.49431,0.50569,	0.40805,0.59195,	0.370893,0.629107,	0.361523,0.638477,	0.375329,0.624671,	0.390608,0.609392,	0.395822,0.604178,	1,	1,	1,	1,	1,	1,	1,	1,	1,	1,	1,	
0.5,0.5,	0.997623,0.00237714,	0.953444,0.0465557,	0.718023,0.281977,	0.495742,0.504258,	0.406364,0.593636,	0.368222,0.631778,	0.358359,0.641641,	0.371922,0.628078,	0.387505,0.612495,	0.392862,0.607138,	1,	1,	1,	1,	1,	1,	1,	1,	1,	1,	1,	
0.5,0.5,	0.998055,0.00194471,	0.96044,0.0395599,	0.729027,0.270973,	0.496866,0.503134,	0.40376,0.59624,	0.364579,0.635421,	0.354927,0.645073,	0.368128,0.631872,	0.384164,0.615836,	0.389988,0.610012,	1,	1,	1,	1,	1,	1,	1,	1,	1,	1,	1,	
0.5,0.5,	0.998411,0.00158936,	0.966873,0.0331271,	0.742056,0.257944,	0.498663,0.501337,	0.401476,0.598524,	0.361762,0.638238,	0.35184,0.64816,	0.364288,0.635712,	0.381325,0.618675,	0.387034,0.612966,	1,	1,	1,	1,	1,	1,	1,	1,	1,	1,	1,	
0.5,0.5,	0.998703,0.0012973,	0.972501,0.0274988,	0.755305,0.244695,	0.500782,0.499218,	0.400175,0.599825,	0.35949,0.64051,	0.348682,0.651318,	0.361596,0.638404,	0.378319,0.621681,	0.383826,0.616174,	1,	1,	1,	1,	1,	1,	1,	1,	1,	1,	1,	
0.5,0.5,	0.998943,0.00105709,	0.977457,0.0225434,	0.769232,0.230768,	0.502275,0.497725,	0.396741,0.603259,	0.356846,0.643154,	0.344628,0.655372,	0.358402,0.641598,	0.375322,0.624678,	0.381031,0.618969,	1,	1,	1,	1,	1,	1,	1,	1,	1,	1,	1,	
0.5,0.5,	0.99914,0.000859829,	0.981647,0.0183529,	0.783256,0.216744,	0.504321,0.495679,	0.39432,0.60568,	0.353037,0.646963,	0.341655,0.658345,	0.355438,0.644562,	0.372607,0.627393,	0.377851,0.622149,	1,	1,	1,	1,	1,	1,	1,	1,	1,	1,	1,	
0.5,0.5,	0.999302,0.000698289,	0.985199,0.0148006,	0.797064,0.202936,	0.505721,0.494279,	0.393215,0.606785,	0.349888,0.650112,	0.337236,0.662764,	0.352336,0.647664,	0.370304,0.629696,	0.375013,0.624987,	1,	1,	1,	1,	1,	1,	1,	1,	1,	1,	1,	
0.5,0.5,	0.999434,0.000566248,	0.988171,0.0118294,	0.809584,0.190416,	0.506632,0.493368,	0.39116,0.60884,	0.346353,0.653647,	0.333401,0.666599,	0.348684,0.651316,	0.36774,0.63226,	0.372001,0.627999,	1,	1,	1,	1,	1,	1,	1,	1,	1,	1,	1,	
0.5,0.5,	0.999542,0.000458491,	0.990565,0.00943526,	0.822107,0.177893,	0.508618,0.491382,	0.389461,0.610539,	0.342964,0.657036,	0.330651,0.669349,	0.346625,0.653375,	0.364937,0.635063,	0.369078,0.630922,	1,	1,	1,	1,	1,	1,	1,	1,	1,	1,	1,	
0.5,0.5,	0.999629,0.00037066,	0.992475,0.00752508,	0.83438,0.16562,	0.513028,0.486972,	0.387201,0.612799,	0.340279,0.659721,	0.327464,0.672536,	0.343978,0.656022,	0.362084,0.637916,	0.366219,0.633781,	1,	1,	1,	1,	1,	1,	1,	1,	1,	1,	1,	
0.5,0.5,	0.999701,0.00029942,	0.994015,0.00598476,	0.847069,0.152931,	0.516776,0.483224,	0.386096,0.613904,	0.337276,0.662724,	0.324397,0.675603,	0.341201,0.658799,	0.359322,0.640678,	0.363402,0.636598,	1,	1,	1,	1,	1,	1,	1,	1,	1,	1,	1,	
0.5,0.5,	0.999758,0.000241611,	0.995262,0.00473814,	0.859832,0.140168,	0.519308,0.480692,	0.382926,0.617074,	0.3335,0.6665,	0.320119,0.679881,	0.337997,0.662003,	0.356726,0.643274,	0.360345,0.639655,	1,	1,	1,	1,	1,	1,	1,	1,	1,	1,	1,	
0.5,0.5,	0.999805,0.000194772,	0.996252,0.00374776,	0.871262,0.128738,	0.521733,0.478267,	0.379499,0.620501,	0.329859,0.670141,	0.316572,0.683428,	0.335134,0.664866,	0.35375,0.64625,	0.357502,0.642498,	1,	1,	1,	1,	1,	1,	1,	1,	1,	1,	1,	
0.5,0.5,	0.999843,0.000157008,	0.997039,0.00296079,	0.882065,0.117935,	0.525825,0.474175,	0.376955,0.623045,	0.326619,0.673381,	0.313446,0.686554,	0.332389,0.667611,	0.351468,0.648532,	0.354977,0.645023,	1,	1,	1,	1,	1,	1,	1,	1,	1,	1,	1,	
0.5,0.5,	0.999873,0.000126562,	0.997664,0.00233558,	0.892834,0.107166,	0.528385,0.471615,	0.374485,0.625515,	0.323206,0.676794,	0.310113,0.689887,	0.329866,0.670134,	0.348649,0.651351,	0.352519,0.647481,	1,	1,	1,	1,	1,	1,	1,	1,	1,	1,	1,	
0.5,0.5,	0.999898,0.000102019,	0.998161,0.00183912,	0.903408,0.0965917,	0.531771,0.468229,	0.371474,0.628526,	0.320036,0.679964,	0.308104,0.691896,	0.327291,0.672709,	0.345863,0.654137,	0.349999,0.650001,	1,	1,	1,	1,	1,	1,	1,	1,	1,	1,	1,	
0.5,0.5,	0.999918,8.22334e-05,	0.998553,0.0014468,	0.913885,0.0861154,	0.535781,0.464219,	0.3698,0.6302,	0.317561,0.682439,	0.30527,0.69473,	0.324648,0.675352,	0.343213,0.656787,	0.347465,0.652535,	1,	1,	1,	1,	1,	1,	1,	1,	1,	1,	1,	
0.5,0.5,	0.999934,6.6284e-05,	0.998865,0.00113499,	0.924052,0.0759475,	0.540146,0.459854,	0.367537,0.632463,	0.314911,0.685089,	0.303049,0.696951,	0.321453,0.678547,	0.341761,0.658239,	0.344619,0.655381,	1,	1,	1,	1,	1,	1,	1,	1,	1,	1,	1,	
0.5,0.5,	0.999947,5.34278e-05,	0.999111,0.000888614,	0.93307,0.0669305,	0.543128,0.456872,	0.364997,0.635003,	0.310832,0.689168,	0.299727,0.700273,	0.3185,0.6815,	0.33984,0.66016,	0.34191,0.65809,	1,	1,	1,	1,	1,	1,	1,	1,	1,	1,	1,	
0.5,0.5,	0.999957,4.30647e-05,	0.999305,0.000695301,	0.940763,0.0592375,	0.546344,0.453656,	0.362007,0.637993,	0.307329,0.692671,	0.296204,0.703796,	0.315824,0.684176,	0.337724,0.662276,	0.339664,0.660336,	1,	1,	1,	1,	1,	1,	1,	1,	1,	1,	1,	
0.5,0.5,	0.999965,3.47116e-05,	0.999456,0.00054354,	0.947717,0.0522828,	0.549686,0.450314,	0.359826,0.640174,	0.303935,0.696065,	0.293053,0.706947,	0.312846,0.687154,	0.335578,0.664422,	0.337547,0.662453,	1,	1,	1,	1,	1,	1,	1,	1,	1,	1,	1,	
0.5,0.5,	0.999972,2.79786e-05,	0.999575,0.000424675,	0.95467,0.0453296,	0.554321,0.445679,	0.357248,0.642752,	0.300692,0.699308,	0.290081,0.709919,	0.3099,0.6901,	0.332973,0.667027,	0.335691,0.664309,	1,	1,	1,	1,	1,	1,	1,	1,	1,	1,	1,	
0.5,0.5,	0.999977,2.25516e-05,	0.999668,0.000331791,	0.960831,0.0391686,	0.559782,0.440218,	0.354843,0.645157,	0.297579,0.702421,	0.28727,0.71273,	0.307684,0.692316,	0.330999,0.669001,	0.333274,0.666726,	1,	1,	1,	1,	1,	1,	1,	1,	1,	1,	1,	
0.5,0.5,	0.999982,1.81772e-05,	0.999741,0.000259205,	0.966234,0.0337662,	0.564553,0.435447,	0.353462,0.646538,	0.293913,0.706087,	0.284097,0.715903,	0.30507,0.69493,	0.328691,0.671309,	0.330858,0.669142,	1,	1,	1,	1,	1,	1,	1,	1,	1,	1,	1,	
0.5,0.5,	0.999985,1.46513e-05,	0.999798,0.000202488,	0.971194,0.0288058,	0.57146,0.42854,	0.351684,0.648316,	0.290556,0.709444,	0.281656,0.718344,	0.303316,0.696684,	0.326358,0.673642,	0.328391,0.671609,	1,	1,	1,	1,	1,	1,	1,	1,	1,	1,	1,	
0.5,0.5,	0.999988,1.18092e-05,	0.999842,0.000158176,	0.975636,0.0243643,	0.577274,0.422726,	0.34922,0.65078,	0.287331,0.712669,	0.278156,0.721844,	0.300404,0.699596,	0.323823,0.676177,	0.325963,0.674037,	1,	1,	1,	1,	1,	1,	1,	1,	1,	1,	1,	
0.5,0.5,	0.99999,9.5185e-06,	0.999876,0.000123558,	0.979458,0.0205421,	0.582481,0.417519,	0.346161,0.653839,	0.284025,0.715975,	0.274541,0.725459,	0.29788,0.70212,	0.321359,0.678641,	0.323428,0.676572,	1,	1,	1,	1,	1,	1,	1,	1,	1,	1,	1,	
0.5,0.5,	0.999992,7.67211e-06,	0.999903,9.65161e-05,	0.982601,0.0173994,	0.586344,0.413656,	0.343538,0.656462,	0.280231,0.719769,	0.271515,0.728485,	0.295099,0.704901,	0.319058,0.680942,	0.321474,0.678526,	1,	1,	1,	1,	1,	1,	1,	1,	1,	1,	1,	
0.5,0.5,	0.999994,6.18388e-06,	0.999925,7.5353e-05,	0.985282,0.014718,	0.592055,0.407945,	0.340853,0.659147,	0.277298,0.722702,	0.268007,0.731993,	0.292885,0.707115,	0.317167,0.682833,	0.31919,0.68081,	1,	1,	1,	1,	1,	1,	1,	1,	1,	1,	1,	
0.5,0.5,	0.999995,4.98432e-06,	0.999941,5.88169e-05,	0.987575,0.0124251,	0.598884,0.401116,	0.338293,0.661707,	0.274988,0.725012,	0.264668,0.735332,	0.290255,0.709745,	0.31465,0.68535,	0.317503,0.682497,	1,	1,	1,	1,	1,	1,	1,	1,	1,	1,	1,	
0.5,0.5,	0.999996,4.01745e-06,	0.999954,4.59092e-05,	0.989516,0.010484,	0.605673,0.394327,	0.33695,0.66305,	0.272197,0.727803,	0.262309,0.737691,	0.288234,0.711766,	0.312486,0.687514,	0.315317,0.684683,	1,	1,	1,	1,	1,	1,	1,	1,	1,	1,	1,	
0.5,0.5,	0.999997,3.23814e-06,	0.999964,3.58339e-05,	0.991167,0.00883333,	0.611132,0.388868,	0.335908,0.664092,	0.269003,0.730997,	0.260064,0.739936,	0.286112,0.713888,	0.310227,0.689773,	0.313245,0.686755,	1,	1,	1,	1,	1,	1,	1,	1,	1,	1,	1,	
0.5,0.5,	0.999997,2.61e-06,	0.999972,2.79696e-05,	0.992557,0.00744252,	0.616792,0.383208,	0.333387,0.666613,	0.26583,0.73417,	0.257721,0.742279,	0.283784,0.716216,	0.307941,0.692059,	0.311208,0.688792,	1,	1,	1,	1,	1,	1,	1,	1,	1,	1,	1,	
0.5,0.5,	0.999998,2.1037e-06,	0.999978,2.1831e-05,	0.99372,0.00628001,	0.621574,0.378426,	0.331233,0.668767,	0.262447,0.737553,	0.254835,0.745165,	0.281849,0.718151,	0.306224,0.693776,	0.309138,0.690862,	1,	1,	1,	1,	1,	1,	1,	1,	1,	1,	1,	
0.5,0.5,	0.999998,1.69562e-06,	0.999983,1.70397e-05,	0.9947,0.0053002,	0.627295,0.372705,	0.328167,0.671833,	0.260024,0.739976,	0.252124,0.747876,	0.280003,0.719997,	0.304156,0.695844,	0.307263,0.692737,	1,	1,	1,	1,	1,	1,	1,	1,	1,	1,	1,	
0.5,0.5,	0.999999,1.3667e-06,	0.999987,1.32999e-05,	0.995535,0.00446503,	0.634303,0.365697,	0.32583,0.67417,	0.257965,0.742035,	0.250048,0.749952,	0.277768,0.722232,	0.302813,0.697187,	0.304888,0.695112,	1,	1,	1,	1,	1,	1,	1,	1,	1,	1,	1,	
0.5,0.5,	0.999999,1.10158e-06,	0.99999,1.03809e-05,	0.996246,0.00375397,	0.640986,0.359014,	0.323551,0.676449,	0.255852,0.744148,	0.247803,0.752197,	0.276025,0.723975,	0.301126,0.698874,	0.30278,0.69722,	1,	1,	1,	1,	1,	1,	1,	1,	1,	1,	1,	
0.5,0.5,	0.999999,8.87895e-07,	0.999992,8.10249e-06,	0.996848,0.00315172,	0.646153,0.353847,	0.320713,0.679287,	0.252568,0.747432,	0.24445,0.75555,	0.273976,0.726024,	0.299391,0.700609,	0.300542,0.699458,	1,	1,	1,	1,	1,	1,	1,	1,	1,	1,	1,	
0.5,0.5,	0.999999,7.15659e-07,	0.999994,6.32415e-06,	0.997359,0.00264097,	0.652078,0.347922,	0.318509,0.681491,	0.250173,0.749827,	0.241789,0.758211,	0.271365,0.728635,	0.297025,0.702975,	0.298527,0.701473,	1,	1,	1,	1,	1,	1,	1,	1,	1,	1,	1,	
0.5,0.5,	0.999999,5.76833e-07,	0.999995,4.93612e-06,	0.997789,0.00221112,	0.658022,0.341978,	0.315712,0.684288,	0.248033,0.751967,	0.239295,0.760705,	0.269413,0.730587,	0.294653,0.705347,	0.296689,0.703311,	1,	1,	1,	1,	1,	1,	1,	1,	1,	1,	1,	
0.5,0.5,	1,4.64937e-07,	0.999996,3.85273e-06,	0.998149,0.00185061,	0.664203,0.335797,	0.312381,0.687619,	0.246044,0.753956,	0.236326,0.763674,	0.267545,0.732455,	0.29219,0.70781,	0.295086,0.704914,	1,	1,	1,	1,	1,	1,	1,	1,	1,	1,	1,	
0.5,0.5,	1,3.74747e-07,	0.999997,3.00713e-06,	0.998452,0.0015484,	0.670728,0.329272,	0.309825,0.690175,	0.243209,0.756791,	0.233959,0.766041,	0.265453,0.734547,	0.290045,0.709955,	0.293269,0.706731,	1,	1,	1,	1,	1,	1,	1,	1,	1,	1,	1,	
0.5,0.5,	1,3.02052e-07,	0.999998,2.34712e-06,	0.998705,0.00129527,	0.67684,0.32316,	0.307737,0.692263,	0.239878,0.760122,	0.230886,0.769114,	0.262754,0.737246,	0.287895,0.712105,	0.291491,0.708509,	1,	1,	1,	1,	1,	1,	1,	1,	1,	1,	1,	
0.5,0.5,	1,2.43459e-07,	0.999998,1.83196e-06,	0.998917,0.00108337,	0.681955,0.318045,	0.305387,0.694613,	0.237433,0.762567,	0.22917,0.77083,	0.260567,0.739433,	0.285775,0.714225,	0.289916,0.710084,	1,	1,	1,	1,	1,	1,	1,	1,	1,	1,	1,	
0.5,0.5,	1,1.96232e-07,	0.999999,1.42988e-06,	0.999094,0.000905929,	0.689563,0.310437,	0.302843,0.697157,	0.235993,0.764007,	0.22749,0.77251,	0.258074,0.741926,	0.283942,0.716058,	0.287952,0.712048,	1,	1,	1,	1,	1,	1,	1,	1,	1,	1,	1,	
0.5,0.5,	1,1.58166e-07,	0.999999,1.11604e-06,	0.999243,0.000757181,	0.696234,0.303766,	0.299684,0.700316,	0.232633,0.767367,	0.225832,0.774168,	0.256451,0.743549,	0.281929,0.718071,	0.286177,0.713823,	1,	1,	1,	1,	1,	1,	1,	1,	1,	1,	1,	
0.5,0.5,	1,1.27485e-07,	0.999999,8.7109e-07,	0.999367,0.000632758,	0.702136,0.297864,	0.297438,0.702562,	0.229849,0.770151,	0.223383,0.776617,	0.254146,0.745854,	0.280169,0.719831,	0.284395,0.715605,	1,	1,	1,	1,	1,	1,	1,	1,	1,	1,	1,	
0.5,0.5,	1,1.02755e-07,	0.999999,6.799e-07,	0.999471,0.000528724,	0.707709,0.292291,	0.295563,0.704437,	0.227189,0.772811,	0.221115,0.778885,	0.251982,0.748018,	0.278771,0.721229,	0.282661,0.717339,	1,	1,	1,	1,	1,	1,	1,	1,	1,	1,	1,	
0.5,0.5,	1,8.28221e-08,	0.999999,5.30673e-07,	0.999558,0.000441776,	0.713515,0.286485,	0.293057,0.706943,	0.224539,0.775461,	0.219655,0.780345,	0.250293,0.749707,	0.276979,0.723021,	0.280873,0.719127,	1,	1,	1,	1,	1,	1,	1,	1,	1,	1,	1,	
0.5,0.5,	1,6.67559e-08,	1,4.14199e-07,	0.999631,0.00036911,	0.718244,0.281756,	0.290052,0.709948,	0.221101,0.778899,	0.217299,0.782701,	0.247862,0.752138,	0.275116,0.724884,	0.279252,0.720748,	1,	1,	1,	1,	1,	1,	1,	1,	1,	1,	1,	
0.5,0.5,	1,5.38064e-08,	1,3.23289e-07,	0.999691,0.000308526,	0.722649,0.277351,	0.287351,0.712649,	0.218165,0.781835,	0.214889,0.785111,	0.245563,0.754437,	0.273006,0.726994,	0.277723,0.722277,	1,	1,	1,	1,	1,	1,	1,	1,	1,	1,	1,	
0.5,0.5,	1,4.33688e-08,	1,2.52332e-07,	0.999742,0.000257887,	0.726866,0.273134,	0.285017,0.714983,	0.215158,0.784842,	0.212556,0.787444,	0.243854,0.756146,	0.271529,0.728471,	0.27591,0.72409,	1,	1,	1,	1,	1,	1,	1,	1,	1,	1,	1,	
0.5,0.5,	1,3.4956e-08,	1,1.96949e-07,	0.999784,0.000215556,	0.730122,0.269878,	0.28286,0.71714,	0.212877,0.787123,	0.210373,0.789627,	0.24133,0.75867,	0.270023,0.729977,	0.274335,0.725665,	1,	1,	1,	1,	1,	1,	1,	1,	1,	1,	1,	
0.5,0.5,	1,2.81751e-08,	1,1.53722e-07,	0.99982,0.000180168,	0.734508,0.265492,	0.282003,0.717997,	0.210812,0.789188,	0.208356,0.791644,	0.239625,0.760375,	0.268293,0.731707,	0.272563,0.727437,	1,	1,	1,	1,	1,	1,	1,	1,	1,	1,	1,	
0.5,0.5,	1,2.27096e-08,	1,1.19982e-07,	0.999849,0.000150583,	0.740249,0.259751,	0.279489,0.720511,	0.208859,0.791141,	0.206014,0.793986,	0.237287,0.762713,	0.266685,0.733315,	0.271156,0.728844,	1,	1,	1,	1,	1,	1,	1,	1,	1,	1,	1,	
0.5,0.5,	1,1.83043e-08,	1,9.36482e-08,	0.999874,0.000125859,	0.745083,0.254917,	0.277167,0.722833,	0.20608,0.79392,	0.204015,0.795985,	0.235635,0.764365,	0.264947,0.735053,	0.269351,0.730649,	1,	1,	1,	1,	1,	1,	1,	1,	1,	1,	1,	
0.5,0.5,	1,1.47536e-08,	1,7.30939e-08,	0.999895,0.000105194,	0.748735,0.251265,	0.273825,0.726175,	0.203215,0.796785,	0.201213,0.798787,	0.234461,0.765539,	0.263724,0.736276,	0.267425,0.732575,	1,	1,	1,	1,	1,	1,	1,	1,	1,	1,	1,	
0.5,0.5,	1,1.18916e-08,	1,5.70509e-08,	0.999912,8.79204e-05,	0.752357,0.247643,	0.270287,0.729713,	0.200586,0.799414,	0.199103,0.800897,	0.232626,0.767374,	0.261742,0.738258,	0.266078,0.733922,	1,	1,	1,	1,	1,	1,	1,	1,	1,	1,	1,	
0.5,0.5,	1,9.58485e-09,	1,4.45291e-08,	0.999927,7.34912e-05,	0.756856,0.243144,	0.268053,0.731947,	0.198614,0.801386,	0.197165,0.802835,	0.23065,0.76935,	0.259926,0.740074,	0.264696,0.735304,	1,	1,	1,	1,	1,	1,	1,	1,	1,	1,	1,	
0.5,0.5,	1,7.72555e-09,	1,3.47557e-08,	0.999939,6.14376e-05,	0.761318,0.238682,	0.265494,0.734506,	0.195934,0.804066,	0.19519,0.80481,	0.228929,0.771071,	0.258135,0.741865,	0.263565,0.736435,	1,	1,	1,	1,	1,	1,	1,	1,	1,	1,	1,	
0.5,0.5,	1,6.22692e-09,	1,2.71274e-08,	0.999949,5.13606e-05,	0.766137,0.233863,	0.263393,0.736607,	0.194043,0.805957,	0.193337,0.806663,	0.227507,0.772493,	0.256195,0.743805,	0.262228,0.737772,	1,	1,	1,	1,	1,	1,	1,	1,	1,	1,	1,	
0.5,0.5,	1,5.019e-09,	1,2.11733e-08,	0.999957,4.29362e-05,	0.769089,0.230911,	0.260725,0.739275,	0.191539,0.808461,	0.191269,0.808731,	0.225035,0.774965,	0.254911,0.745089,	0.260796,0.739204,	1,	1,	1,	1,	1,	1,	1,	1,	1,	1,	1,	
0.5,0.5,	1,4.0454e-09,	1,1.65261e-08,	0.999964,3.58933e-05,	0.77252,0.22748,	0.258764,0.741236,	0.189204,0.810796,	0.189692,0.810308,	0.223411,0.776589,	0.253531,0.746469,	0.25948,0.74052,	1,	1,	1,	1,	1,	1,	1,	1,	1,	1,	1,	
0.5,0.5,	1,3.26066e-09,	1,1.28989e-08,	0.99997,3.00055e-05,	0.776072,0.223928,	0.25678,0.74322,	0.186603,0.813397,	0.187421,0.812579,	0.222123,0.777877,	0.251991,0.748009,	0.257744,0.742256,	1,	1,	1,	1,	1,	1,	1,	1,	1,	1,	1,	
0.5,0.5,	1,2.62814e-09,	1,1.00678e-08,	0.999975,2.50835e-05,	0.779393,0.220607,	0.254543,0.745457,	0.184243,0.815757,	0.185044,0.814956,	0.220176,0.779824,	0.25044,0.74956,	0.256424,0.743576,	1,	1,	1,	1,	1,	1,	1,	1,	1,	1,	1,	
0.5,0.5,	1,2.11833e-09,	1,7.85808e-09,	0.999979,2.09687e-05,	0.781721,0.218279,	0.252504,0.747496,	0.182501,0.817499,	0.183317,0.816683,	0.217983,0.782017,	0.248722,0.751278,	0.255083,0.744917,	1,	1,	1,	1,	1,	1,	1,	1,	1,	1,	1,	
0.5,0.5,	1,1.70741e-09,	1,6.13335e-09,	0.999982,1.75289e-05,	0.784299,0.215701,	0.251035,0.748965,	0.180694,0.819306,	0.181396,0.818604,	0.216404,0.783596,	0.24709,0.75291,	0.253551,0.746449,	1,	1,	1,	1,	1,	1,	1,	1,	1,	1,	1,	
0.5,0.5,	1,1.3762e-09,	1,4.78718e-09,	0.999985,1.46534e-05,	0.787884,0.212116,	0.248663,0.751337,	0.178265,0.821735,	0.179363,0.820637,	0.214775,0.785225,	0.24584,0.75416,	0.252115,0.747885,	1,	1,	1,	1,	1,	1,	1,	1,	1,	1,	1,	
0.5,0.5,	1,1.10924e-09,	1,3.73647e-09,	0.999988,1.22495e-05,	0.790191,0.209809,	0.246256,0.753744,	0.17593,0.82407,	0.177705,0.822295,	0.213311,0.786689,	0.244582,0.755418,	0.250591,0.749409,	1,	1,	1,	1,	1,	1,	1,	1,	1,	1,	1,	
0.5,0.5,	1,8.94064e-10,	1,2.91637e-09,	0.99999,1.024e-05,	0.793116,0.206884,	0.243596,0.756404,	0.173697,0.826303,	0.176359,0.823641,	0.211795,0.788205,	0.243244,0.756756,	0.249129,0.750871,	1,	1,	1,	1,	1,	1,	1,	1,	1,	1,	1,	
0.5,0.5,	1,7.2063e-10,	1,2.27628e-09,	0.999991,8.56013e-06,	0.79644,0.20356,	0.241786,0.758214,	0.171365,0.828635,	0.174566,0.825434,	0.210221,0.789779,	0.242015,0.757985,	0.247705,0.752295,	1,	1,	1,	1,	1,	1,	1,	1,	1,	1,	1,	
0.5,0.5,	1,5.8084e-10,	1,1.77667e-09,	0.999993,7.15583e-06,	0.800204,0.199796,	0.23968,0.76032,	0.169902,0.830098,	0.172608,0.827392,	0.208162,0.791838,	0.240617,0.759383,	0.246283,0.753717,	1,	1,	1,	1,	1,	1,	1,	1,	1,	1,	1,	
0.5,0.5,	1,4.68167e-10,	1,1.38672e-09,	0.999994,5.9819e-06,	0.803355,0.196645,	0.237421,0.762579,	0.168277,0.831723,	0.171144,0.828856,	0.206212,0.793788,	0.238881,0.761119,	0.244849,0.755151,	1,	1,	1,	1,	1,	1,	1,	1,	1,	1,	1,	
0.5,0.5,	1,3.7735e-10,	1,1.08236e-09,	0.999995,5.00055e-06,	0.806129,0.193871,	0.235836,0.764164,	0.166922,0.833078,	0.170504,0.829496,	0.205118,0.794882,	0.237426,0.762574,	0.243204,0.756796,	1,	1,	1,	1,	1,	1,	1,	1,	1,	1,	1,	
0.5,0.5,	1,3.0415e-10,	1,8.44796e-10,	0.999996,4.18019e-06,	0.808498,0.191502,	0.233953,0.766047,	0.165431,0.834569,	0.168972,0.831028,	0.203614,0.796386,	0.2362,0.7638,	0.241463,0.758537,	1,	1,	1,	1,	1,	1,	1,	1,	1,	1,	1,	
0.5,0.5,	1,2.4515e-10,	1,6.59376e-10,	0.999997,3.49441e-06,	0.80967,0.19033,	0.231499,0.768501,	0.163287,0.836713,	0.166996,0.833004,	0.201361,0.798639,	0.234632,0.765368,	0.240459,0.759541,	1,	1,	1,	1,	1,	1,	1,	1,	1,	1,	1,	
0.5,0.5,	1,1.97595e-10,	1,5.14654e-10,	0.999997,2.92114e-06,	0.810947,0.189053,	0.22845,0.77155,	0.161086,0.838914,	0.165304,0.834696,	0.199507,0.800493,	0.233,0.767,	0.239243,0.760757,	1,	1,	1,	1,	1,	1,	1,	1,	1,	1,	1,	
0.5,0.5,	1,1.59265e-10,	1,4.01695e-10,	0.999998,2.44191e-06,	0.811633,0.188367,	0.226101,0.773899,	0.158672,0.841328,	0.163838,0.836162,	0.198303,0.801697,	0.231289,0.768711,	0.23799,0.76201,	1,	1,	1,	1,	1,	1,	1,	1,	1,	1,	1,	
0.5,0.5,	1,1.2837e-10,	1,3.1353e-10,	0.999998,2.04131e-06,	0.812275,0.187725,	0.223592,0.776408,	0.156486,0.843514,	0.161919,0.838081,	0.196783,0.803217,	0.229807,0.770193,	0.236679,0.763321,	1,	1,	1,	1,	1,	1,	1,	1,	1,	1,	1,	
0.5,0.5,	1,1.03468e-10,	1,2.44715e-10,	0.999998,1.70642e-06,	0.813871,0.186129,	0.221643,0.778357,	0.154786,0.845214,	0.159826,0.840174,	0.195731,0.804269,	0.22806,0.77194,	0.235545,0.764455,	1,	1,	1,	1,	1,	1,	1,	1,	1,	1,	1,	
0.5,0.5,	1,8.33973e-11,	1,1.91004e-10,	0.999999,1.42647e-06,	0.816477,0.183523,	0.219208,0.780792,	0.152985,0.847015,	0.157658,0.842342,	0.193859,0.806141,	0.22689,0.77311,	0.234294,0.765706,	1,	1,	1,	1,	1,	1,	1,	1,	1,	1,	1,	
0.5,0.5,	1,6.72196e-11,	1,1.49081e-10,	0.999999,1.19245e-06,	0.818785,0.181215,	0.216345,0.783655,	0.151461,0.848539,	0.156002,0.843998,	0.191183,0.808817,	0.225664,0.774336,	0.233092,0.766908,	1,	1,	1,	1,	1,	1,	1,	1,	1,	1,	1,	
0.5,0.5,	1,5.41801e-11,	1,1.1636e-10,	0.999999,9.96822e-07,	0.820121,0.179879,	0.214034,0.785966,	0.14991,0.85009,	0.154608,0.845392,	0.189301,0.810699,	0.22453,0.77547,	0.232045,0.767955,	1,	1,	1,	1,	1,	1,	1,	1,	1,	1,	1,	
0.5,0.5,	1,4.367e-11,	1,9.08211e-11,	0.999999,8.33288e-07,	0.821261,0.178739,	0.211811,0.788189,	0.147981,0.852019,	0.153414,0.846586,	0.187823,0.812177,	0.223263,0.776737,	0.231107,0.768893,	1,	1,	1,	1,	1,	1,	1,	1,	1,	1,	1,	
0.5,0.5,	1,3.51988e-11,	1,7.08873e-11,	0.999999,6.96582e-07,	0.822958,0.177042,	0.209354,0.790646,	0.146563,0.853437,	0.151866,0.848134,	0.186155,0.813845,	0.221912,0.778088,	0.23,0.77,	1,	1,	1,	1,	1,	1,	1,	1,	1,	1,	1,	
0.5,0.5,	1,2.83708e-11,	1,5.53287e-11,	0.999999,5.82303e-07,	0.825261,0.174739,	0.206906,0.793094,	0.144547,0.855453,	0.150346,0.849654,	0.184827,0.815173,	0.220051,0.779949,	0.228999,0.771001,	1,	1,	1,	1,	1,	1,	1,	1,	1,	1,	1,	
0.5,0.5,	1,2.28673e-11,	1,4.31849e-11,	1,4.86773e-07,	0.827503,0.172497,	0.204414,0.795586,	0.142768,0.857232,	0.149161,0.850839,	0.18376,0.81624,	0.219008,0.780992,	0.227575,0.772425,	1,	1,	1,	1,	1,	1,	1,	1,	1,	1,	1,	
0.5,0.5,	1,1.84314e-11,	1,3.37065e-11,	1,4.06915e-07,	0.829699,0.170301,	0.202687,0.797313,	0.1408,0.8592,	0.147587,0.852413,	0.182259,0.817741,	0.21766,0.78234,	0.22638,0.77362,	1,	1,	1,	1,	1,	1,	1,	1,	1,	1,	1,	
0.5,0.5,	1,1.4856e-11,	1,2.63085e-11,	1,3.40158e-07,	0.831576,0.168424,	0.200649,0.799351,	0.138951,0.861049,	0.146223,0.853777,	0.181139,0.818861,	0.216749,0.783251,	0.225077,0.774923,	1,	1,	1,	1,	1,	1,	1,	1,	1,	1,	1,	
0.5,0.5,	1,1.19742e-11,	1,2.05342e-11,	1,2.84353e-07,	0.833194,0.166806,	0.198485,0.801515,	0.137395,0.862605,	0.144704,0.855296,	0.179901,0.820099,	0.215384,0.784616,	0.224157,0.775843,	1,	1,	1,	1,	1,	1,	1,	1,	1,	1,	1,	
0.5,0.5,	1,9.65142e-12,	1,1.60272e-11,	1,2.37703e-07,	0.834373,0.165627,	0.19587,0.80413,	0.136034,0.863966,	0.143461,0.856539,	0.17881,0.82119,	0.213861,0.786139,	0.222952,0.777048,	1,	1,	1,	1,	1,	1,	1,	1,	1,	1,	1,	
0.5,0.5,	1,7.7792e-12,	1,1.25095e-11,	1,1.98707e-07,	0.835844,0.164156,	0.19335,0.80665,	0.134513,0.865487,	0.142574,0.857426,	0.178028,0.821972,	0.212848,0.787152,	0.221593,0.778407,	1,	1,	1,	1,	1,	1,	1,	1,	1,	1,	1,	
0.5,0.5,	1,6.27016e-12,	1,9.76388e-12,	1,1.66108e-07,	0.837967,0.162033,	0.191389,0.808611,	0.132852,0.867148,	0.141485,0.858515,	0.176935,0.823065,	0.211526,0.788474,	0.220378,0.779622,	1,	1,	1,	1,	1,	1,	1,	1,	1,	1,	1,	
0.5,0.5,	1,5.05386e-12,	1,7.62086e-12,	1,1.38857e-07,	0.840689,0.159311,	0.19002,0.80998,	0.131371,0.868629,	0.140589,0.859411,	0.175432,0.824568,	0.209904,0.790096,	0.219475,0.780525,	1,	1,	1,	1,	1,	1,	1,	1,	1,	1,	1,	
0.5,0.5,	1,4.07349e-12,	1,5.9482e-12,	1,1.16076e-07,	0.84327,0.15673,	0.188637,0.811363,	0.130121,0.869879,	0.139242,0.860758,	0.174642,0.825358,	0.209436,0.790564,	0.218041,0.781959,	1,	1,	1,	1,	1,	1,	1,	1,	1,	1,	1,	
0.5,0.5,	1,3.2833e-12,	1,4.64267e-12,	1,9.70333e-08,	0.845846,0.154154,	0.18688,0.81312,	0.12852,0.87148,	0.138035,0.861965,	0.173264,0.826736,	0.208622,0.791378,	0.216986,0.783014,	1,	1,	1,	1,	1,	1,	1,	1,	1,	1,	1,	
0.5,0.5,	1,2.6464e-12,	1,3.62367e-12,	1,8.11143e-08,	0.848098,0.151902,	0.184533,0.815467,	0.126557,0.873443,	0.137117,0.862883,	0.172129,0.827871,	0.207225,0.792775,	0.216037,0.783963,	1,	1,	1,	1,	1,	1,	1,	1,	1,	1,	1,	
0.5,0.5,	1,2.13304e-12,	1,2.82833e-12,	1,6.7807e-08,	0.849942,0.150058,	0.182126,0.817874,	0.124721,0.875279,	0.135817,0.864183,	0.170674,0.829326,	0.205904,0.794096,	0.215108,0.784892,	1,	1,	1,	1,	1,	1,	1,	1,	1,	1,	1,	
0.5,0.5,	1,1.71926e-12,	1,2.20756e-12,	1,5.66829e-08,	0.851263,0.148737,	0.179451,0.820549,	0.123293,0.876707,	0.134124,0.865876,	0.169088,0.830912,	0.204536,0.795464,	0.214357,0.785643,	1,	1,	1,	1,	1,	1,	1,	1,	1,	1,	1,	
0.5,0.5,	1,1.38576e-12,	1,1.72304e-12,	1,4.73837e-08,	0.852244,0.147756,	0.177052,0.822948,	0.121716,0.878284,	0.132773,0.867227,	0.167515,0.832485,	0.203278,0.796722,	0.21339,0.78661,	1,	1,	1,	1,	1,	1,	1,	1,	1,	1,	1,	
0.5,0.5,	1,1.11694e-12,	1,1.34486e-12,	1,3.96101e-08,	0.852923,0.147077,	0.174871,0.825129,	0.120304,0.879696,	0.131522,0.868478,	0.16617,0.83383,	0.202448,0.797552,	0.212322,0.787678,	1,	1,	1,	1,	1,	1,	1,	1,	1,	1,	1,	
0.5,0.5,	1,9.00273e-13,	1,1.04968e-12,	1,3.31118e-08,	0.853501,0.146499,	0.172936,0.827064,	0.119076,0.880924,	0.130649,0.869351,	0.164735,0.835265,	0.201794,0.798206,	0.211101,0.788899,	1,	1,	1,	1,	1,	1,	1,	1,	1,	1,	1,	
0.5,0.5,	1,7.25635e-13,	1,8.19293e-13,	1,2.76796e-08,	0.853813,0.146187,	0.170481,0.829519,	0.117953,0.882047,	0.129501,0.870499,	0.163336,0.836664,	0.200774,0.799226,	0.210019,0.789981,	1,	1,	1,	1,	1,	1,	1,	1,	1,	1,	1,	
0.5,0.5,	1,5.84874e-13,	1,6.39471e-13,	1,2.31386e-08,	0.854066,0.145934,	0.167961,0.832039,	0.116645,0.883355,	0.1284,0.8716,	0.162204,0.837796,	0.200052,0.799948,	0.208896,0.791104,	1,	1,	1,	1,	1,	1,	1,	1,	1,	1,	1,	
0.5,0.5,	1,4.71418e-13,	1,4.99117e-13,	1,1.93426e-08,	0.85408,0.14592,	0.165837,0.834163,	0.115385,0.884615,	0.127161,0.872839,	0.161044,0.838956,	0.199403,0.800597,	0.207643,0.792357,	1,	1,	1,	1,	1,	1,	1,	1,	1,	1,	1,	
0.5,0.5,	1,3.79971e-13,	1,3.89569e-13,	1,1.61693e-08,	0.85418,0.14582,	0.163978,0.836022,	0.114439,0.885561,	0.125978,0.874022,	0.15958,0.84042,	0.198409,0.801591,	0.206615,0.793385,	1,	1,	1,	1,	1,	1,	1,	1,	1,	1,	1,	
0.5,0.5,	1,3.06263e-13,	1,3.04065e-13,	1,1.35166e-08,	0.854644,0.145356,	0.161854,0.838146,	0.113368,0.886632,	0.124792,0.875208,	0.157971,0.842029,	0.197416,0.802584,	0.205693,0.794307,	1,	1,	1,	1,	1,	1,	1,	1,	1,	1,	1,	
0.5,0.5,	1,2.46853e-13,	1,2.37327e-13,	1,1.12991e-08,	0.855438,0.144562,	0.159997,0.840003,	0.112195,0.887805,	0.123998,0.876002,	0.156593,0.843407,	0.196203,0.803797,	0.204605,0.795395,	1,	1,	1,	1,	1,	1,	1,	1,	1,	1,	1,	
0.5,0.5,	1,1.98967e-13,	1,1.85238e-13,	1,9.44545e-09,	0.856552,0.143448,	0.158366,0.841634,	0.111324,0.888676,	0.123195,0.876805,	0.15587,0.84413,	0.195357,0.804643,	0.203286,0.796714,	1,	1,	1,	1,	1,	1,	1,	1,	1,	1,	1,	
0.5,0.5,	1,1.60371e-13,	1,1.44581e-13,	1,7.89586e-09,	0.857194,0.142806,	0.156198,0.843802,	0.110097,0.889903,	0.122176,0.877824,	0.155035,0.844965,	0.19481,0.80519,	0.202062,0.797938,	1,	1,	1,	1,	1,	1,	1,	1,	1,	1,	1,	
0.5,0.5,	1,1.29262e-13,	1,1.12848e-13,	1,6.6005e-09,	0.856884,0.143116,	0.153606,0.846394,	0.108831,0.891169,	0.120926,0.879074,	0.153975,0.846025,	0.193882,0.806118,	0.201154,0.798846,	1,	1,	1,	1,	1,	1,	1,	1,	1,	1,	1,	
0.5,0.5,	1,1.04187e-13,	1,8.80794e-14,	1,5.51764e-09,	0.856151,0.143849,	0.151186,0.848814,	0.107405,0.892595,	0.119554,0.880446,	0.152424,0.847576,	0.192801,0.807199,	0.200467,0.799533,	1,	1,	1,	1,	1,	1,	1,	1,	1,	1,	1,	
0.5,0.5,	1,8.39765e-14,	1,6.87474e-14,	1,4.61244e-09,	0.855397,0.144603,	0.148504,0.851496,	0.105929,0.894071,	0.118165,0.881835,	0.151318,0.848682,	0.191596,0.808404,	0.199494,0.800506,	1,	1,	1,	1,	1,	1,	1,	1,	1,	1,	1,	
0.5,0.5,	1,6.76864e-14,	1,5.36584e-14,	1,3.85574e-09,	0.854593,0.145407,	0.146716,0.853284,	0.104327,0.895673,	0.11661,0.88339,	0.150211,0.849789,	0.190491,0.809509,	0.198579,0.801421,	1,	1,	1,	1,	1,	1,	1,	1,	1,	1,	1,	
0.5,0.5,	1,5.45564e-14,	1,4.18813e-14,	1,3.22318e-09,	0.853562,0.146438,	0.144736,0.855264,	0.102757,0.897243,	0.115261,0.884739,	0.148828,0.851172,	0.189577,0.810423,	0.197633,0.802367,	1,	1,	1,	1,	1,	1,	1,	1,	1,	1,	1,	
0.5,0.5,	1,4.39733e-14,	1,3.2689e-14,	1,2.6944e-09,	0.852593,0.147407,	0.142737,0.857263,	0.101666,0.898334,	0.114248,0.885752,	0.147791,0.852209,	0.188817,0.811183,	0.196382,0.803618,	1,	1,	1,	1,	1,	1,	1,	1,	1,	1,	1,	
0.5,0.5,	1,3.54432e-14,	1,2.55143e-14,	1,2.25237e-09,	0.851947,0.148053,	0.140611,0.859389,	0.10049,0.89951,	0.113203,0.886797,	0.146557,0.853443,	0.187625,0.812375,	0.195561,0.804439,	1,	1,	1,	1,	1,	1,	1,	1,	1,	1,	1,	
0.5,0.5,	1,2.85678e-14,	1,1.99143e-14,	1,1.88285e-09,	0.85167,0.14833,	0.138757,0.861243,	0.0993136,0.900686,	0.11216,0.88784,	0.14529,0.85471,	0.186085,0.813915,	0.195007,0.804993,	1,	1,	1,	1,	1,	1,	1,	1,	1,	1,	1,	
0.5,0.5,	1,2.30261e-14,	1,1.55434e-14,	1,1.57396e-09,	0.851393,0.148607,	0.136514,0.863486,	0.0983305,0.901669,	0.111115,0.888885,	0.144114,0.855886,	0.184749,0.815251,	0.194387,0.805613,	1,	1,	1,	1,	1,	1,	1,	1,	1,	1,	1,	
0.5,0.5,	1,1.85594e-14,	1,1.21319e-14,	1,1.31574e-09,	0.851035,0.148965,	0.134609,0.865391,	0.0971484,0.902852,	0.110225,0.889775,	0.14274,0.85726,	0.183771,0.816229,	0.19349,0.80651,	1,	1,	1,	1,	1,	1,	1,	1,	1,	1,	1,	
0.5,0.5,	1,1.49592e-14,	1,9.46913e-15,	1,1.09989e-09,	0.850671,0.149329,	0.132491,0.867509,	0.0961333,0.903867,	0.109293,0.890707,	0.141869,0.858131,	0.182778,0.817222,	0.19255,0.80745,	1,	1,	1,	1,	1,	1,	1,	1,	1,	1,	1,	
0.5,0.5,	1,1.20574e-14,	1,7.3908e-15,	1,9.19442e-10,	0.850053,0.149947,	0.130497,0.869503,	0.0950049,0.904995,	0.108162,0.891838,	0.140895,0.859105,	0.182109,0.817891,	0.191683,0.808317,	1,	1,	1,	1,	1,	1,	1,	1,	1,	1,	1,	
0.5,0.5,	1,9.71845e-15,	1,5.76864e-15,	1,7.68602e-10,	0.849167,0.150833,	0.128811,0.871189,	0.0936977,0.906302,	0.107199,0.892801,	0.14002,0.85998,	0.181112,0.818888,	0.190764,0.809236,	1,	1,	1,	1,	1,	1,	1,	1,	1,	1,	1,	
0.5,0.5,	1,7.83323e-15,	1,4.50251e-15,	1,6.42508e-10,	0.848158,0.151842,	0.12697,0.87303,	0.0924306,0.907569,	0.105954,0.894046,	0.13874,0.86126,	0.180332,0.819668,	0.190137,0.809863,	1,	1,	1,	1,	1,	1,	1,	1,	1,	1,	1,	
0.5,0.5,	1,6.31371e-15,	1,3.51428e-15,	1,5.371e-10,	0.846765,0.153235,	0.12516,0.87484,	0.0912592,0.908741,	0.104745,0.895255,	0.137506,0.862494,	0.179425,0.820575,	0.189387,0.810613,	1,	1,	1,	1,	1,	1,	1,	1,	1,	1,	1,	
0.5,0.5,	1,5.08895e-15,	1,2.74295e-15,	1,4.48986e-10,	0.845342,0.154658,	0.123494,0.876506,	0.0902417,0.909758,	0.103635,0.896365,	0.136764,0.863236,	0.178352,0.821648,	0.188533,0.811467,	1,	1,	1,	1,	1,	1,	1,	1,	1,	1,	1,	
0.5,0.5,	1,4.10178e-15,	1,2.14092e-15,	1,3.75327e-10,	0.844013,0.155987,	0.122033,0.877967,	0.0892608,0.910739,	0.102778,0.897222,	0.136267,0.863733,	0.177417,0.822583,	0.187637,0.812363,	1,	1,	1,	1,	1,	1,	1,	1,	1,	1,	1,	
0.5,0.5,	1,3.3061e-15,	1,1.67102e-15,	1,3.13752e-10,	0.842895,0.157105,	0.12064,0.87936,	0.0882216,0.911778,	0.101858,0.898142,	0.135823,0.864177,	0.176708,0.823292,	0.186561,0.813439,	1,	1,	1,	1,	1,	1,	1,	1,	1,	1,	1,	
0.5,0.5,	1,2.66477e-15,	1,1.30426e-15,	1,2.62279e-10,	0.841967,0.158033,	0.119175,0.880825,	0.0873097,0.91269,	0.100818,0.899182,	0.135032,0.864968,	0.176063,0.823937,	0.185341,0.814659,	1,	1,	1,	1,	1,	1,	1,	1,	1,	1,	1,	
0.5,0.5,	1,2.14785e-15,	1,1.01799e-15,	1,2.19251e-10,	0.84107,0.15893,	0.117527,0.882473,	0.0863417,0.913658,	0.0999212,0.900079,	0.134181,0.865819,	0.175347,0.824653,	0.184397,0.815603,	1,	1,	1,	1,	1,	1,	1,	1,	1,	1,	1,	
0.5,0.5,	1,1.7312e-15,	1,7.9456e-16,	1,1.83281e-10,	0.839682,0.160318,	0.115689,0.884311,	0.0853795,0.91462,	0.0990377,0.900962,	0.133448,0.866552,	0.174567,0.825433,	0.183299,0.816701,	1,	1,	1,	1,	1,	1,	1,	1,	1,	1,	1,	
0.5,0.5,	1,1.39538e-15,	1,6.20167e-16,	1,1.53213e-10,	0.837811,0.162189,	0.11382,0.88618,	0.0845642,0.915436,	0.0981306,0.901869,	0.132713,0.867287,	0.173626,0.826374,	0.182455,0.817545,	1,	1,	1,	1,	1,	1,	1,	1,	1,	1,	1,	
0.5,0.5,	1,1.1247e-15,	1,4.8405e-16,	1,1.28077e-10,	0.835641,0.164359,	0.11163,0.88837,	0.0837542,0.916246,	0.0970662,0.902934,	0.131872,0.868128,	0.172654,0.827346,	0.18163,0.81837,	1,	1,	1,	1,	1,	1,	1,	1,	1,	1,	1,	
0.5,0.5,	1,9.06526e-16,	1,3.77809e-16,	1,1.07065e-10,	0.833934,0.166066,	0.109779,0.890221,	0.0829789,0.917021,	0.0960759,0.903924,	0.130953,0.869047,	0.171719,0.828281,	0.180814,0.819186,	1,	1,	1,	1,	1,	1,	1,	1,	1,	1,	1,	
0.5,0.5,	1,7.30675e-16,	1,2.94886e-16,	1,8.95006e-11,	0.832268,0.167732,	0.108098,0.891902,	0.0821608,0.917839,	0.0950817,0.904918,	0.130154,0.869846,	0.170486,0.829514,	0.180131,0.819869,	1,	1,	1,	1,	1,	1,	1,	1,	1,	1,	1,	
0.5,0.5,	1,5.88936e-16,	1,2.30163e-16,	1,7.48175e-11,	0.830454,0.169546,	0.106401,0.893599,	0.0812987,0.918701,	0.0944021,0.905598,	0.129514,0.870486,	0.169513,0.830487,	0.179183,0.820817,	1,	1,	1,	1,	1,	1,	1,	1,	1,	1,	1,	
0.5,0.5,	1,4.74692e-16,	1,1.79646e-16,	1,6.25432e-11,	0.828839,0.171161,	0.104877,0.895123,	0.0803047,0.919695,	0.0936857,0.906314,	0.128641,0.871359,	0.168841,0.831159,	0.178418,0.821582,	1,	1,	1,	1,	1,	1,	1,	1,	1,	1,	1,	
0.5,0.5,	1,3.82609e-16,	1,1.40216e-16,	1,5.22826e-11,	0.827174,0.172826,	0.103404,0.896596,	0.0792567,0.920743,	0.0928255,0.907175,	0.127611,0.872389,	0.168133,0.831867,	0.177452,0.822548,	1,	1,	1,	1,	1,	1,	1,	1,	1,	1,	1,	
0.5,0.5,	1,3.0839e-16,	1,1.09441e-16,	1,4.37053e-11,	0.825687,0.174313,	0.101832,0.898168,	0.078343,0.921657,	0.0920258,0.907974,	0.126553,0.873447,	0.167245,0.832755,	0.176581,0.823419,	1,	1,	1,	1,	1,	1,	1,	1,	1,	1,	1,	
0.5,0.5,	1,2.48567e-16,	1,8.54205e-17,	1,3.65352e-11,	0.824453,0.175547,	0.100297,0.899703,	0.0775357,0.922464,	0.091263,0.908737,	0.125689,0.874311,	0.166377,0.833623,	0.17578,0.82422,	1,	1,	1,	1,	1,	1,	1,	1,	1,	1,	1,	
0.5,0.5,	1,2.00349e-16,	1,6.66721e-17,	1,3.05414e-11,	0.823358,0.176642,	0.0987488,0.901251,	0.0765197,0.92348,	0.0902558,0.909744,	0.124675,0.875325,	0.165556,0.834444,	0.174916,0.825084,	1,	1,	1,	1,	1,	1,	1,	1,	1,	1,	1,	
0.5,0.5,	1,1.61485e-16,	1,5.20386e-17,	1,2.55309e-11,	0.822164,0.177836,	0.097562,0.902438,	0.0755046,0.924495,	0.0895004,0.9105,	0.123562,0.876438,	0.164999,0.835001,	0.173918,0.826082,	1,	1,	1,	1,	1,	1,	1,	1,	1,	1,	1,	
0.5,0.5,	1,1.30159e-16,	1,4.06169e-17,	1,2.13424e-11,	0.820974,0.179026,	0.0965768,0.903423,	0.0744296,0.92557,	0.0887915,0.911208,	0.122236,0.877764,	0.163985,0.836015,	0.173231,0.826769,	1,	1,	1,	1,	1,	1,	1,	1,	1,	1,	1,	
0.5,0.5,	1,1.04911e-16,	1,3.17022e-17,	1,1.7841e-11,	0.819493,0.180507,	0.0955956,0.904404,	0.0732916,0.926708,	0.088185,0.911815,	0.120968,0.879032,	0.16325,0.83675,	0.172576,0.827424,	1,	1,	1,	1,	1,	1,	1,	1,	1,	1,	1,	
0.5,0.5,	1,8.45597e-17,	1,2.4744e-17,	1,1.49141e-11,	0.817743,0.182257,	0.0943787,0.905621,	0.0721954,0.927805,	0.0873808,0.912619,	0.119931,0.880069,	0.162477,0.837523,	0.171809,0.828191,	1,	1,	1,	1,	1,	1,	1,	1,	1,	1,	1,	
0.5,0.5,	1,6.81565e-17,	1,1.93131e-17,	1,1.24673e-11,	0.81566,0.18434,	0.0931193,0.906881,	0.0713169,0.928683,	0.0867002,0.9133,	0.119085,0.880915,	0.161628,0.838372,	0.171139,0.828861,	1,	1,	1,	1,	1,	1,	1,	1,	1,	1,	1,	
0.5,0.5,	1,5.49352e-17,	1,1.50742e-17,	1,1.0422e-11,	0.813363,0.186637,	0.0919992,0.908001,	0.0705628,0.929437,	0.0857687,0.914231,	0.118664,0.881336,	0.160508,0.839492,	0.17045,0.82955,	1,	1,	1,	1,	1,	1,	1,	1,	1,	1,	1,	
0.5,0.5,	1,4.42787e-17,	1,1.17656e-17,	1,8.7122e-12,	0.811317,0.188683,	0.0909437,0.909056,	0.0697465,0.930254,	0.0850727,0.914927,	0.118101,0.881899,	0.159516,0.840484,	0.169729,0.830271,	1,	1,	1,	1,	1,	1,	1,	1,	1,	1,	1,	
0.5,0.5,	1,3.56894e-17,	1,9.18327e-18,	1,7.28291e-12,	0.809272,0.190728,	0.0898845,0.910115,	0.0689659,0.931034,	0.084322,0.915678,	0.117555,0.882445,	0.158717,0.841283,	0.168903,0.831097,	1,	1,	1,	1,	1,	1,	1,	1,	1,	1,	1,	
0.5,0.5,	1,2.87662e-17,	1,7.16769e-18,	1,6.08811e-12,	0.807088,0.192912,	0.0887982,0.911202,	0.06826,0.93174,	0.0834845,0.916516,	0.116968,0.883032,	0.158045,0.841955,	0.167968,0.832032,	1,	1,	1,	1,	1,	1,	1,	1,	1,	1,	1,	
0.5,0.5,	1,2.31861e-17,	1,5.59449e-18,	1,5.08931e-12,	0.804623,0.195377,	0.0875942,0.912406,	0.0675818,0.932418,	0.0827449,0.917255,	0.116304,0.883696,	0.157352,0.842648,	0.167136,0.832864,	1,	1,	1,	1,	1,	1,	1,	1,	1,	1,	1,	
0.5,0.5,	1,1.86883e-17,	1,4.36659e-18,	1,4.25438e-12,	0.801746,0.198254,	0.0865129,0.913487,	0.0669477,0.933052,	0.0819116,0.918088,	0.115522,0.884478,	0.156837,0.843163,	0.166212,0.833788,	1,	1,	1,	1,	1,	1,	1,	1,	1,	1,	1,	
0.5,0.5,	1,1.50631e-17,	1,3.40819e-18,	1,3.55642e-12,	0.798937,0.201063,	0.0852641,0.914736,	0.0662142,0.933786,	0.0810955,0.918904,	0.11459,0.88541,	0.156176,0.843824,	0.165337,0.834663,	1,	1,	1,	1,	1,	1,	1,	1,	1,	1,	1,	
0.5,0.5,	1,1.21411e-17,	1,2.66015e-18,	1,2.97297e-12,	0.796329,0.203671,	0.0840046,0.915995,	0.0654638,0.934536,	0.0804363,0.919564,	0.113535,0.886465,	0.155593,0.844407,	0.164663,0.835337,	1,	1,	1,	1,	1,	1,	1,	1,	1,	1,	1,	
0.5,0.5,	1,9.78594e-18,	1,2.07629e-18,	1,2.48523e-12,	0.793601,0.206399,	0.0824167,0.917583,	0.0646955,0.935304,	0.0794995,0.9205,	0.112475,0.887525,	0.154824,0.845176,	0.164062,0.835938,	1,	1,	1,	1,	1,	1,	1,	1,	1,	1,	1,	
0.5,0.5,	1,7.88763e-18,	1,1.62058e-18,	1,2.07752e-12,	0.790562,0.209438,	0.0810146,0.918985,	0.0638082,0.936192,	0.0785423,0.921458,	0.111484,0.888516,	0.154284,0.845716,	0.163245,0.836755,	1,	1,	1,	1,	1,	1,	1,	1,	1,	1,	1,	
0.5,0.5,	1,6.35756e-18,	1,1.26489e-18,	1,1.73669e-12,	0.787345,0.212655,	0.0797942,0.920206,	0.0629349,0.937065,	0.0777516,0.922248,	0.110743,0.889257,	0.153499,0.846501,	0.162655,0.837345,	1,	1,	1,	1,	1,	1,	1,	1,	1,	1,	1,	
0.5,0.5,	1,5.1243e-18,	1,9.87263e-19,	1,1.45177e-12,	0.784422,0.215578,	0.078544,0.921456,	0.0621694,0.937831,	0.0770464,0.922954,	0.109922,0.890078,	0.152667,0.847333,	0.161929,0.838071,	1,	1,	1,	1,	1,	1,	1,	1,	1,	1,	1,	
0.5,0.5,	1,4.13027e-18,	1,7.70574e-19,	1,1.2136e-12,	0.781926,0.218074,	0.0773022,0.922698,	0.0614078,0.938592,	0.0763921,0.923608,	0.109091,0.890909,	0.151852,0.848148,	0.161343,0.838657,	1,	1,	1,	1,	1,	1,	1,	1,	1,	1,	1,	
0.5,0.5,	1,3.32906e-18,	1,6.01445e-19,	1,1.0145e-12,	0.779402,0.220598,	0.0763051,0.923695,	0.0607328,0.939267,	0.0757711,0.924229,	0.108236,0.891764,	0.150875,0.849125,	0.160707,0.839293,	1,	1,	1,	1,	1,	1,	1,	1,	1,	1,	1,	
0.5,0.5,	1,2.68328e-18,	1,4.69438e-19,	1,8.48066e-13,	0.776536,0.223464,	0.0752751,0.924725,	0.0599784,0.940022,	0.0752049,0.924795,	0.107271,0.892729,	0.149901,0.850099,	0.16009,0.83991,	1,	1,	1,	1,	1,	1,	1,	1,	1,	1,	1,	
0.5,0.5,	1,2.16277e-18,	1,3.66403e-19,	1,7.08936e-13,	0.773371,0.226629,	0.0742704,0.92573,	0.0592646,0.940735,	0.0746954,0.925305,	0.106664,0.893336,	0.149018,0.850982,	0.159393,0.840607,	1,	1,	1,	1,	1,	1,	1,	1,	1,	1,	1,	
0.5,0.5,	1,1.74323e-18,	1,2.85984e-19,	1,5.9263e-13,	0.770167,0.229833,	0.073279,0.926721,	0.0586763,0.941324,	0.0741068,0.925893,	0.106121,0.893879,	0.147886,0.852114,	0.158766,0.841234,	1,	1,	1,	1,	1,	1,	1,	1,	1,	1,	1,	
0.5,0.5,	1,1.40507e-18,	1,2.23215e-19,	1,4.95406e-13,	0.767228,0.232772,	0.0722307,0.927769,	0.0580825,0.941918,	0.073478,0.926522,	0.105635,0.894365,	0.147228,0.852772,	0.157988,0.842012,	1,	1,	1,	1,	1,	1,	1,	1,	1,	1,	1,	
0.5,0.5,	1,1.13251e-18,	1,1.74223e-19,	1,4.14131e-13,	0.764093,0.235907,	0.0712192,0.928781,	0.0574188,0.942581,	0.0728785,0.927122,	0.104924,0.895076,	0.146451,0.853549,	0.157387,0.842613,	1,	1,	1,	1,	1,	1,	1,	1,	1,	1,	1,	
0.5,0.5,	1,9.12821e-19,	1,1.35984e-19,	1,3.46191e-13,	0.76067,0.23933,	0.0702699,0.92973,	0.0567224,0.943278,	0.0723195,0.92768,	0.10421,0.89579,	0.14577,0.85423,	0.15664,0.84336,	1,	1,	1,	1,	1,	1,	1,	1,	1,	1,	1,	
0.5,0.5,	1,7.35749e-19,	1,1.06137e-19,	1,2.89396e-13,	0.757178,0.242822,	0.0693931,0.930607,	0.0560659,0.943934,	0.0717676,0.928232,	0.103527,0.896473,	0.145184,0.854816,	0.15591,0.84409,	1,	1,	1,	1,	1,	1,	1,	1,	1,	1,	1,	
0.5,0.5,	1,5.93026e-19,	1,8.28419e-20,	1,2.41919e-13,	0.753744,0.246256,	0.0686088,0.931391,	0.0554214,0.944579,	0.071139,0.928861,	0.102739,0.897261,	0.14436,0.85564,	0.155377,0.844623,	1,	1,	1,	1,	1,	1,	1,	1,	1,	1,	1,	
0.5,0.5,	1,4.77989e-19,	1,6.46594e-20,	1,2.0223e-13,	0.750805,0.249195,	0.067769,0.932231,	0.0547751,0.945225,	0.0705016,0.929498,	0.102014,0.897986,	0.143888,0.856112,	0.154651,0.845349,	1,	1,	1,	1,	1,	1,	1,	1,	1,	1,	1,	
0.5,0.5,	1,3.85267e-19,	1,5.04677e-20,	1,1.69053e-13,	0.748449,0.251551,	0.0670658,0.932934,	0.0541431,0.945857,	0.0699652,0.930035,	0.10123,0.89877,	0.143393,0.856607,	0.153899,0.846101,	1,	1,	1,	1,	1,	1,	1,	1,	1,	1,	1,	
0.5,0.5,	1,3.10531e-19,	1,3.93908e-20,	1,1.41319e-13,	0.745896,0.254104,	0.0664418,0.933558,	0.0535,0.9465,	0.0694606,0.930539,	0.100532,0.899468,	0.14274,0.85726,	0.153295,0.846705,	1,	1,	1,	1,	1,	1,	1,	1,	1,	1,	1,	
0.5,0.5,	1,2.50293e-19,	1,3.07451e-20,	1,1.18135e-13,	0.743519,0.256481,	0.0657909,0.934209,	0.0529497,0.94705,	0.0689115,0.931088,	0.0998878,0.900112,	0.141871,0.858129,	0.152725,0.847275,	1,	1,	1,	1,	1,	1,	1,	1,	1,	1,	1,	
0.5,0.5,	1,2.01741e-19,	1,2.39971e-20,	1,9.8754e-14,	0.741141,0.258859,	0.0651446,0.934855,	0.0524276,0.947572,	0.0684577,0.931542,	0.0995915,0.900409,	0.141074,0.858926,	0.152116,0.847884,	1,	1,	1,	1,	1,	1,	1,	1,	1,	1,	1,	
0.5,0.5,	1,1.62607e-19,	1,1.87301e-20,	1,8.25529e-14,	0.738653,0.261347,	0.064466,0.935534,	0.0519003,0.9481,	0.0678976,0.932102,	0.0994175,0.900583,	0.140434,0.859566,	0.151249,0.848751,	1,	1,	1,	1,	1,	1,	1,	1,	1,	1,	1,	
