k=0_act,k=1_act,k=2_act,k=3_act,k=4_act,k=5_act,k=6_act,k=7_act,k=8_act,k=9_act,k=10_act,k=0_wait,k=1_wait,k=2_wait,k=3_wait,k=4_wait,k=5_wait,k=6_wait,k=7_wait,k=8_wait,k=9_wait,k=10_wait,	k=0_act,k=1_act,k=2_act,k=3_act,k=4_act,k=5_act,k=6_act,k=7_act,k=8_act,k=9_act,k=10_act,k=0_wait,k=1_wait,k=2_wait,k=3_wait,k=4_wait,k=5_wait,k=6_wait,k=7_wait,k=8_wait,k=9_wait,k=10_wait,	
20,20,20,20,20,20,20,20,20,20,20,20,20,20,20,20,20,20,20,20,20,20,	20,20,20,20,20,20,20,20,20,20,20,20,20,20,20,20,20,20,20,20,20,20,	
12.8665,14.7381,17.6944,18.9158,19.0386,19.2288,19.067,18.5547,18.2875,17.9017,17.6781,3.61993,12.7165,17.2583,19.0381,19.3076,19.4414,19.318,18.7447,18.5339,18.0958,17.8997,	20,20.1724,19.4229,19.0621,18.8038,18.4927,18.4123,16.863,14.8118,12.4092,11.0632,18.7383,19.7737,19.639,19.1575,19.1089,18.9796,18.7997,17.7395,15.5809,12.7149,11.0284,	
8.11306,10.2406,13.975,16.2649,17.5308,17.9949,18.0089,17.8215,17.2878,17.1142,16.758,1.01336,8.79998,13.3497,16.2292,17.6098,18.2873,18.245,18.0486,17.6064,17.1279,16.8498,	20,20.0701,18.9102,18.5775,17.8928,17.3745,15.703,13.1193,11.131,9.59786,8.55137,17.2942,19.8593,18.7755,18.6502,18.0586,17.7832,16.5432,14.0242,11.4925,9.71694,8.58134,	
4.69786,8.12558,11.1698,13.7859,15.3862,16.2341,16.4514,16.6038,16.1632,16.0049,15.8036,0.26846,6.44432,10.4832,13.4947,15.2678,16.2305,16.8452,16.8154,16.5035,16.129,16.0204,	20,19.7448,18.2898,17.6046,16.3118,14.8937,12.9923,10.6291,9.11592,7.80861,6.73927,15.9613,19.4644,18.1962,17.9367,17.1067,15.8153,13.5418,11.0439,9.23438,7.8119,6.70847,	
2.49809,7.16313,9.50105,11.8049,13.3398,14.6306,15.1036,15.2714,15.0607,14.8297,14.6592,0.104098,5.59265,9.04996,11.6469,13.3065,14.6746,15.1927,15.4001,15.0469,15.0695,14.8317,	20,19.2431,17.7953,16.6473,14.4458,12.6429,10.7757,9.17575,7.7913,6.69562,5.66603,14.6575,18.9459,17.6893,17.0708,15.4456,13.2017,10.99,9.31159,7.96859,6.7512,5.66864,	
1.32836,6.30616,8.74219,10.5326,12.0186,13.2483,13.763,14.13,13.7373,14.0035,13.7067,0.0503255,5.06548,8.15,10.3324,11.9946,13.1809,13.7758,14.2191,13.8212,14.1322,13.9339,	20,18.9033,16.8268,14.9496,12.9901,11.0459,9.61353,8.33993,7.18498,6.24766,5.34191,13.5959,18.2598,17.1741,15.592,13.5961,11.3168,9.60529,8.42306,7.19073,6.25611,5.38003,	
0.71706,6.20566,8.56423,9.77321,11.0524,12.0784,12.4602,12.5657,12.8278,12.7469,12.8085,0.0274398,4.77333,7.8017,9.5776,11.0506,12.0357,12.6585,12.7118,12.8893,12.8304,12.8519,	20,18.2677,15.7802,13.6977,11.8259,10.02,8.76308,7.6632,6.68207,5.75475,4.84312,12.299,17.8872,16.3864,14.3427,12.0986,10.2463,8.90345,7.64609,6.73812,5.83728,4.82176,	
0.413137,5.86095,8.03324,9.37811,10.3665,11.1035,11.7398,11.8827,12.1011,11.8379,11.9182,0.0180103,4.80558,7.70478,9.27295,10.372,11.101,11.7283,12.0704,12.2437,11.954,12.016,	20,17.627,15.1054,13.0165,11.1376,9.41429,8.2881,7.2715,6.51192,5.71737,4.73989,11.2943,17.2758,15.4171,13.3698,11.4008,9.51653,8.31023,7.28594,6.50116,5.73156,4.7647,	
0.241637,5.93818,7.97587,9.00509,9.85827,10.627,10.7533,11.0359,11.2585,11.1766,11.1442,0.0123666,4.67123,7.41092,8.88695,9.81441,10.6518,10.9304,11.1607,11.3533,11.2841,11.2304,	20,16.8961,14.0696,12.1504,10.4542,9.07259,7.8734,7.17534,6.42821,5.57281,4.7101,10.4239,16.5678,14.5871,12.1918,10.6901,9.14486,7.8688,7.14343,6.36676,5.61471,4.71997,	
0.124684,5.00868,7.67677,8.56575,9.33879,9.94894,10.429,10.5105,10.7005,10.5688,10.5961,0.00870696,4.36534,7.23184,8.51996,9.41006,9.99506,10.4382,10.5845,10.7516,10.6719,10.6714,	20,16.1885,13.4771,11.4527,10.028,8.55732,7.61523,6.99408,6.31091,5.4194,4.57444,9.86471,15.9996,13.4616,11.4629,10.2102,8.42084,7.60906,6.95421,6.26131,5.44686,4.59529,	
0.0732921,5.22361,7.24203,8.36351,9.02834,9.41709,9.88822,10.2185,10.3024,10.1671,10.2087,0.00734263,4.37689,6.951,8.31311,9.05803,9.47915,10.0358,10.3043,10.3245,10.2599,10.2987,	20,15.263,12.8209,10.8834,9.48618,8.46278,7.717,7.01164,6.34584,5.6214,4.6211,8.445,15.0156,13.1088,10.8939,9.56317,8.43768,7.64663,6.83189,6.29069,5.64075,4.66868,	
0.0397625,4.93632,6.97576,8.17155,8.83898,9.37847,9.51179,9.59684,9.92877,9.92699,9.86886,0.00594868,4.19184,6.65578,8.04356,8.85617,9.41372,9.6437,9.69699,9.98867,9.96754,9.93601,	20,14.4799,12.3208,10.5237,9.25153,8.42072,7.71615,6.9471,6.16277,5.5083,4.59104,7.60124,14.1364,12.3351,10.5867,9.20443,8.39942,7.70375,6.95041,6.17573,5.52909,4.60013,	
0.0193195,4.64283,6.61704,7.84093,8.50154,8.81755,9.04567,9.44683,9.38527,9.39918,9.53491,0.00489239,4.0226,6.23798,7.68812,8.45309,8.98962,9.15546,9.45597,9.49212,9.44911,9.55949,	20,13.5318,11.6891,10.2801,9.04512,8.04612,7.51319,6.89121,6.10877,5.34749,4.41049,6.41017,13.213,11.5583,10.3761,9.09671,8.03651,7.38866,6.85957,6.07759,5.34927,4.44033,	
0.0100693,4.529,6.34173,7.52767,8.25589,8.56116,8.92647,9.23874,9.2154,9.23405,9.14694,0.0039636,3.73333,6.03094,7.45432,8.29109,8.6828,8.95272,9.29896,9.29909,9.29932,9.25554,	20,12.6206,11.0567,10.0004,8.90696,8.07596,7.49321,6.89775,6.22931,5.5531,4.59982,5.51521,12.2048,10.9215,10.0052,8.86242,7.90921,7.4608,6.76673,6.19331,5.54433,4.60609,	
0.00516972,4.30807,6.22253,7.15273,8.04449,8.45877,8.70441,8.84302,9.11534,8.98292,8.89225,0.00313166,3.62697,5.93053,7.10677,8.06847,8.5365,8.76107,8.89378,9.18776,9.05195,8.99429,	20,11.7382,10.6129,9.69005,8.74818,8.12602,7.54036,6.96838,6.2976,5.4966,4.60358,4.49064,11.0857,10.5916,9.70696,8.60086,7.97239,7.42987,6.82022,6.15776,5.44687,4.63212,	
0.00280468,4.29615,6.13337,7.15496,7.8265,8.31599,8.58017,8.75006,8.8894,8.81383,8.6056,0.00270797,3.59396,5.74216,7.00666,7.81759,8.36125,8.63175,8.8926,8.96877,8.85626,8.64571,	20,10.8459,10.383,9.45519,8.73943,8.14215,7.50618,7.00023,6.27264,5.41415,4.59087,3.76804,10.2199,10.3962,9.54212,8.70528,7.94557,7.41935,6.9237,6.22194,5.44986,4.59492,	
0.00155241,4.44157,5.87326,6.85834,7.53671,8.11857,8.50093,8.49246,8.62769,8.76472,8.63391,0.00222713,3.47992,5.50132,6.78833,7.51532,8.09878,8.54102,8.60158,8.62421,8.80892,8.77383,	20,10.3252,10.1253,9.41138,8.76962,8.18711,7.42829,6.9341,6.2141,5.45688,4.53968,3.02226,9.62836,10.0256,9.43432,8.64105,8.00782,7.22288,6.75681,6.15415,5.45822,4.56558,	
0.000842214,4.48412,6.01398,6.81548,7.38614,7.91147,8.14657,8.38035,8.37885,8.3762,8.23286,0.00178632,3.38284,5.5224,6.74911,7.38699,7.99282,8.1788,8.49124,8.46288,8.42672,8.32045,	20,9.93637,9.82141,9.26576,8.57496,8.16726,7.44528,6.83496,6.06558,5.18,4.27603,2.6797,9.50242,9.64695,9.25182,8.51947,8.0494,7.32427,6.80722,6.10159,5.19704,4.30857,	
0.000490134,4.33995,5.93618,6.6554,7.31489,7.69566,8.05627,8.27828,8.22353,8.30056,8.37887,0.00143997,3.27095,5.46681,6.6211,7.31323,7.77659,8.07581,8.35463,8.33972,8.33501,8.4152,	20,9.75959,9.65603,9.10947,8.59246,8.20881,7.50852,6.7168,6.08224,5.31616,4.34076,2.37596,9.13418,9.51429,8.99635,8.49569,8.11389,7.2936,6.70727,5.94789,5.31203,4.37809,	
0.000246648,4.37959,5.79774,6.62978,7.32358,7.70278,7.99667,8.05739,8.27029,8.17669,8.35894,0.00118428,3.34444,5.37352,6.53775,7.32268,7.77562,8.10289,8.11263,8.31987,8.3392,8.41131,	20,9.50954,9.48524,9.11739,8.64131,8.20184,7.4992,6.81444,6.05734,5.31482,4.28314,2.13857,8.84792,9.31504,9.02655,8.47507,8.03969,7.25112,6.71939,6.02112,5.29657,4.32277,	
0.000136521,4.32839,5.63721,6.49151,7.21323,7.66709,7.92813,8.03402,8.24287,8.26978,8.25477,0.00090798,3.15942,5.25072,6.43277,7.20515,7.69235,7.96737,8.06503,8.27053,8.28973,8.33201,	20,9.2745,9.40598,9.18268,8.69764,8.16465,7.46805,6.73738,6.07,5.18731,4.27558,1.77655,7.97746,9.07016,8.957,8.57409,7.97495,7.21817,6.70181,6.04686,5.26887,4.31658,	
7.82641e-05,4.29049,5.6726,6.58942,6.93908,7.66032,7.98124,8.19028,8.25816,8.32034,8.35346,0.000699643,3.14178,5.16566,6.4136,7.03044,7.66778,8.07956,8.24826,8.27206,8.33375,8.34128,	20,9.24668,9.3879,9.1641,8.75803,8.15757,7.47733,6.74544,6.10194,5.39248,4.47246,1.61516,7.82579,9.10003,8.90322,8.55739,7.91055,7.30503,6.60125,6.0415,5.33334,4.49702,	
4.20363e-05,4.1037,5.70302,6.52707,7.1097,7.51284,7.79763,8.09333,8.14658,8.30364,8.41197,0.000547277,3.07828,5.14563,6.44699,7.06105,7.5321,7.89013,8.16983,8.24866,8.30506,8.47355,	20,9.26574,9.42066,9.17002,8.66337,8.04206,7.46393,6.87543,6.21375,5.3953,4.4111,1.45379,7.52484,9.00658,8.99924,8.33462,7.75415,7.28514,6.70525,6.1187,5.39138,4.43263,	
1.81093e-05,4.08613,5.56405,6.47215,7.18475,7.44524,7.91776,8.06476,7.96977,8.15948,8.22427,0.000432406,3.02522,5.02766,6.36372,7.17946,7.49423,7.95328,8.11355,8.17336,8.27492,8.29291,	20,9.34658,9.33188,9.02652,8.70418,8.15763,7.58341,6.79063,5.99954,5.24386,4.2979,1.30854,7.66188,8.83659,8.7513,8.43289,7.89834,7.324,6.61091,5.90824,5.24586,4.3134,	
9.43849e-06,3.86699,5.66126,6.46699,7.12763,7.53918,7.90844,8.03143,8.04983,7.93527,8.05144,0.000312171,2.87978,4.99601,6.30136,7.111,7.59671,7.90783,8.11072,8.13261,8.07953,8.1327,	20,9.48332,9.44376,9.15174,8.66597,8.16264,7.43903,6.68061,5.89646,5.04852,4.20763,1.19564,7.66111,8.90511,8.84715,8.35076,7.82945,7.2685,6.64149,5.85704,5.00607,4.17134,	
4.99383e-06,3.93297,5.68958,6.24694,6.9578,7.41422,7.81161,7.85018,8.0358,8.132,8.12112,0.000225368,2.81173,5.02309,6.18708,7.03145,7.46515,7.87356,7.94162,8.15426,8.16857,8.18293,	20,9.73795,9.42899,9.1392,8.76642,8.0876,7.39836,6.49158,5.71747,4.98899,4.03196,1.1315,7.98916,8.93368,8.79017,8.38558,7.75946,7.16072,6.38869,5.57135,4.9747,4.07495,	
2.66882e-06,4.36451,5.77582,6.30401,6.93278,7.42902,7.71461,8.00789,8.17264,8.14835,8.0562,0.00017453,2.91617,5.02642,6.17878,6.93585,7.46838,7.74354,8.06389,8.22098,8.17982,8.14221,	20,9.92507,9.58359,9.22231,8.65801,7.99109,7.27455,6.50481,5.84691,5.06277,4.22819,1.0443,8.09801,8.94254,8.98316,8.43311,7.7334,7.04502,6.23589,5.71523,4.99525,4.24887,	
1.31636e-06,4.21127,5.70549,6.30035,6.97372,7.47126,7.77688,7.89619,7.93079,7.97517,8.05214,0.000124743,2.88797,4.99301,6.19785,7.03059,7.58192,7.87672,7.95828,8.01468,8.05758,8.15345,	20,10.1078,9.71188,9.31646,8.62933,7.9096,7.16323,6.42851,5.81315,5.05145,4.03533,0.973526,7.97691,8.98773,9.01168,8.34142,7.63109,7.02202,6.16018,5.64378,5.0705,4.04261,	
6.89526e-07,3.76406,5.78639,6.32636,6.89488,7.4294,7.78622,7.93567,7.92727,7.94653,7.88405,8.43755e-05,2.65836,4.91355,6.18264,6.93248,7.4886,7.85532,8.01219,8.03852,8.10608,7.95994,	20,10.3093,9.89374,9.33671,8.58475,7.9106,7.21969,6.41177,5.63909,4.85338,3.88359,0.930584,8.11298,9.11506,8.95459,8.24677,7.40719,7.09165,6.23819,5.50873,4.78388,3.88884,	
3.59378e-07,3.80347,5.59147,6.33297,6.77726,7.29653,7.67365,7.8691,7.94944,7.99587,8.07789,5.79359e-05,2.60097,4.85937,6.08572,6.81003,7.40407,7.74319,7.93679,8.00294,8.02156,8.14605,	20,10.384,9.93669,9.32036,8.62462,7.8237,7.10935,6.35205,5.53123,4.78876,3.85122,0.841816,7.91612,9.13445,8.93611,8.21955,7.58561,6.91494,6.20552,5.29133,4.67109,3.91345,	
1.8451e-07,4.02939,5.71083,6.30782,6.92386,7.3849,7.71312,7.92948,7.96246,7.91117,8.04148,3.65318e-05,2.44881,4.54793,6.02354,6.91066,7.39611,7.7129,7.98015,8.06384,7.98894,8.05953,	20,10.5483,9.94367,9.30745,8.52106,7.78385,7.00454,6.17648,5.5488,4.77375,3.87871,0.769188,7.85068,8.97284,9.00985,8.20227,7.71996,6.92564,6.02068,5.39665,4.77466,3.90984,	
8.31555e-08,3.49384,5.63069,6.24915,6.73996,7.21031,7.56149,7.80141,7.85734,7.86965,7.80796,2.28055e-05,2.35076,4.5374,5.91672,6.77324,7.24609,7.62853,7.96269,7.94127,7.9196,7.9226,	20,10.6546,10.0016,9.25871,8.57743,7.7211,6.89954,6.1006,5.33915,4.5257,3.65385,0.71706,8.02873,9.086,8.77175,8.03754,7.44826,6.79931,6.01754,5.18194,4.44687,3.66124,	
4.18459e-08,3.8538,5.56891,6.21081,6.72106,7.09876,7.62245,7.72159,7.5915,7.74377,7.61116,1.40947e-05,2.2465,4.37247,5.85201,6.74014,7.18829,7.66684,7.78227,7.70298,7.7445,7.72754,	20,10.7282,9.94569,9.22154,8.41539,7.49144,6.79152,6.02989,5.29107,4.5055,3.59055,0.665123,7.95485,9.03497,8.81128,8.15243,7.32528,6.53872,5.82868,5.09452,4.51374,3.62357,	
2.24758e-08,3.86691,5.58598,5.91874,6.63374,7.16617,7.50205,7.68308,7.65523,7.63226,7.75586,1.0074e-05,2.43932,4.39781,5.81229,6.69414,7.2341,7.56486,7.73893,7.80238,7.6829,7.82554,	20,10.7917,10.025,9.13862,8.29625,7.56099,6.75538,6.07434,5.31362,4.67894,3.68371,0.601677,7.88255,9.01183,8.73842,7.90392,7.2808,6.64217,5.8199,5.13201,4.67364,3.69722,	
1.08115e-08,3.64257,5.44445,6.16511,6.61838,7.20297,7.45799,7.51712,7.55537,7.56711,7.59445,6.41623e-06,2.3231,4.35722,5.79674,6.62963,7.21868,7.51151,7.5651,7.60897,7.62231,7.63712,	20,10.8044,9.99568,9.16196,8.2966,7.40202,6.73294,6.07894,5.34314,4.55988,3.63145,0.547018,7.96393,8.90606,8.60226,7.9871,7.17515,6.45714,5.83756,5.12536,4.54151,3.65195,	
5.74901e-09,3.92127,5.3555,6.01108,6.54187,7.13637,7.37252,7.50164,7.66069,7.62835,7.72787,3.71532e-06,2.17924,4.25676,5.64522,6.54291,7.16647,7.44995,7.61216,7.71272,7.68062,7.73871,	20,10.8372,9.91017,8.95374,8.16354,7.4393,6.83712,6.03792,5.24647,4.60187,3.6858,0.517673,8.26216,8.71169,8.6345,7.97665,7.18056,6.59274,5.83111,5.07008,4.57205,3.6914,	
2.64345e-09,3.66215,5.4333,5.95715,6.43328,7.05511,7.35264,7.5291,7.62214,7.63481,7.70878,2.35449e-06,2.21344,4.25882,5.5364,6.47084,7.09723,7.46679,7.58904,7.66711,7.66794,7.76763,	20,10.843,9.86937,8.99462,8.27633,7.56265,6.81484,6.04985,5.3502,4.58429,3.68581,0.482591,8.11793,8.63414,8.47943,7.77696,7.01837,6.52475,5.67969,5.11073,4.53329,3.71692,	
1.3236e-09,3.7488,5.52767,5.9943,6.4067,6.97843,7.32787,7.47195,7.42534,7.52942,7.46016,1.39098e-06,2.12074,4.18843,5.60602,6.44311,7.04663,7.39559,7.57085,7.46479,7.56228,7.51924,	20,10.8122,9.90498,9.04309,8.27691,7.56897,6.64529,5.93273,5.20861,4.45585,3.54128,0.440955,8.0597,8.76529,8.30275,7.81397,7.12096,6.36378,5.60705,5.14828,4.4363,3.54956,	
6.17823e-10,3.76471,5.31988,5.96378,6.40855,6.91364,7.24024,7.38097,7.23817,7.27451,7.25362,7.77673e-07,2.11294,4.16829,5.54848,6.39566,6.96862,7.35807,7.48619,7.31931,7.33621,7.33963,	20,10.8561,9.96454,9.03995,8.22725,7.41867,6.50937,5.85494,5.04187,4.057,3.20547,0.409016,8.40722,8.73494,8.41027,7.85418,7.01964,6.44666,5.61773,4.95065,4.06969,3.20342,	
3.25251e-10,3.57141,5.3365,5.88359,6.40805,6.88582,7.26987,7.27665,7.30211,7.41402,7.4171,4.78229e-07,2.0394,4.03382,5.50427,6.37022,6.9404,7.31403,7.27887,7.36087,7.40135,7.49727,	20,10.8875,9.95307,8.9674,8.08448,7.32208,6.49778,5.65611,5.05279,4.30114,3.42855,0.36631,8.32087,8.97186,8.37712,7.90946,7.01014,6.12904,5.36791,4.85176,4.25467,3.46497,	
1.66989e-10,3.69169,5.27411,5.8183,6.32135,6.85285,7.28596,7.41925,7.26352,7.38825,7.28251,2.59449e-07,1.89334,3.89052,5.40926,6.24643,6.92402,7.30994,7.42856,7.42604,7.4842,7.32954,	20,10.8371,9.83814,8.9729,8.09679,7.21203,6.43218,5.76006,5.0454,4.35717,3.44477,0.333033,7.98542,9.11279,8.47076,7.54988,6.88632,6.02331,5.44979,4.83241,4.28919,3.45022,	
7.75567e-11,3.57504,5.10674,5.76934,6.27555,6.77983,7.18803,7.24193,7.26983,7.33108,7.23958,1.47991e-07,2.01319,3.81053,5.31335,6.25609,6.86577,7.29964,7.27871,7.33675,7.36806,7.38072,	20,10.7879,9.82859,8.92065,8.03105,7.20225,6.4058,5.69456,5.00484,4.27382,3.34755,0.305829,7.78484,8.89273,8.36661,7.60003,6.79048,6.04154,5.49937,4.67723,4.21018,3.37714,	
4.37976e-11,3.76029,5.23292,5.78456,6.13641,6.73038,7.0454,7.17606,7.26532,7.32464,7.38632,7.909e-08,1.8844,3.71665,5.18222,6.15288,6.76174,7.088,7.25624,7.29413,7.35894,7.40169,	20,10.7122,9.85804,8.88794,7.99487,7.12159,6.29296,5.7084,5.0222,4.28919,3.31294,0.272527,7.65979,8.7659,8.26294,7.58482,6.67915,6.0208,5.3459,4.78663,4.24656,3.42503,	
2.14945e-11,3.68032,5.36237,5.82404,6.21021,6.76427,7.02323,7.13126,7.23907,7.19819,7.21198,4.33402e-08,1.9389,3.7997,5.20947,6.17001,6.77021,7.13562,7.22284,7.31768,7.23443,7.27551,	20,10.7509,9.87378,8.90149,7.93253,7.18727,6.38995,5.77254,5.03782,4.2369,3.26182,0.251524,7.52218,8.80439,8.3149,7.49833,6.83952,6.04372,5.32413,4.78846,4.21708,3.28212,	
1.25718e-11,3.84532,5.17386,5.89797,6.14293,6.67084,6.99591,7.21228,7.23788,7.10727,7.31924,2.47216e-08,1.91701,3.85648,5.21665,6.05505,6.74567,7.06721,7.26808,7.25087,7.22689,7.35744,	20,10.726,9.80415,8.91536,8.01168,7.1724,6.48479,5.69097,4.9619,4.26827,3.38045,0.223015,7.6238,8.74026,8.48095,7.51304,6.7458,6.05679,5.41385,4.72763,4.23733,3.3867,	
6.10831e-12,3.60896,5.12046,5.71013,6.13178,6.63763,6.92529,7.1713,7.10788,7.084,7.06668,1.32782e-08,1.98224,3.76295,5.18795,6.13019,6.71347,7.07982,7.24592,7.12761,7.15613,7.11814,	20,10.7247,9.86859,8.91832,8.0166,7.25348,6.45378,5.70976,4.88739,4.0108,3.10883,0.197737,7.67411,8.74227,8.42066,7.512,6.76679,5.9013,5.28189,4.73147,3.98327,3.12324,	
3.07385e-12,3.42446,4.94035,5.80381,6.12489,6.64063,7.00555,7.13199,7.14702,6.91717,6.89797,7.20368e-09,1.84796,3.67,5.19417,6.12243,6.71133,7.07643,7.18982,7.23465,6.93796,6.97333,	20,10.76,9.83224,8.89423,8.00213,7.186,6.38516,5.58932,4.86749,4.03952,3.12235,0.17798,7.67138,8.58597,8.07302,7.45381,6.82279,5.92476,5.21412,4.67315,4.04815,3.14082,	
1.75335e-12,3.36375,5.2604,5.85423,6.13552,6.60864,6.97993,7.08008,7.16149,7.07334,7.08825,4.27715e-09,1.90212,3.63068,5.1,6.12482,6.66091,6.98575,7.09812,7.16834,7.15405,7.20055,	20,10.7814,9.86954,8.9556,8.02298,7.12952,6.32055,5.61822,4.91742,4.29615,3.3309,0.161812,7.5472,8.49528,8.14685,7.50866,6.79863,5.93277,5.22049,4.73684,4.2138,3.33741,	
7.98164e-13,3.16911,5.08018,5.76042,6.08628,6.66515,6.95871,7.07287,7.04419,7.02675,7.09874,1.94706e-09,1.6952,3.50424,5.02346,6.03835,6.74471,6.98053,7.14028,7.07774,7.04075,7.16453,	20,10.8068,9.87068,8.86472,7.96703,7.03933,6.29679,5.53738,4.79606,4.05058,3.20045,0.153901,7.83998,8.65585,8.29473,7.43988,6.62635,5.95898,5.12471,4.68455,3.95202,3.22546,	
4.39581e-13,3.5306,4.8652,5.74328,6.0486,6.5983,6.93387,7.01827,7.03305,6.86615,7.03227,1.1677e-09,1.69421,3.53298,4.96143,6.00235,6.64192,6.99416,7.08571,7.0797,6.98789,7.09224,	20,10.8197,9.82028,8.8414,7.91702,7.12958,6.36436,5.57767,4.89365,4.11211,3.22609,0.144192,8.02324,8.45227,8.26238,7.37973,6.51325,5.98196,5.13094,4.58834,4.10286,3.22604,	
2.38481e-13,3.53263,5.18009,5.56174,5.9046,6.45335,6.90857,7.02263,7.01995,7.0571,7.01719,5.4233e-10,1.71243,3.43158,4.77571,5.85151,6.4868,6.94125,7.09295,7.03393,7.10158,7.04849,	20,10.7834,9.85211,8.90377,7.99213,7.05657,6.23792,5.51275,4.68099,3.96313,3.12258,0.130438,7.9626,8.52689,8.45277,7.42131,6.54783,5.99613,5.06937,4.55059,3.97768,3.13872,	
1.31341e-13,3.73824,5.17344,5.6428,5.86235,6.42774,6.79231,6.94019,7.018,7.02523,6.80445,2.53147e-10,1.77178,3.4125,4.851,5.82882,6.4647,6.875,7.01144,7.11922,7.09926,6.84966,	20,10.7599,9.80901,8.85139,7.92631,6.96792,6.18621,5.42867,4.75815,3.91881,2.97773,0.121598,8.33653,8.73124,8.40241,7.52401,6.41172,5.90359,5.06484,4.56839,3.9022,3.04426,	
6.91441e-14,3.58276,5.06,5.72385,5.8429,6.37244,6.65007,7.05942,7.12326,6.88102,6.91561,1.25488e-10,1.78927,3.44979,4.90419,5.81656,6.40483,6.72264,7.08597,7.158,6.98823,7.0045,	20,10.7652,9.77397,8.79355,7.8981,6.91932,6.00531,5.4424,4.70393,3.91457,2.99904,0.106206,8.05386,8.79306,8.43176,7.3944,6.61891,5.843,5.05651,4.50784,3.87233,2.99844,	
3.34274e-14,3.37723,4.97849,5.61122,5.85673,6.43654,6.75827,6.86633,6.93223,6.80294,6.86715,6.06667e-11,1.68365,3.44603,4.91204,5.89397,6.48549,6.8785,6.94644,6.96285,6.84901,6.87019,	20,10.7703,9.76348,8.85073,7.86948,6.82087,6.13486,5.35325,4.55522,3.82769,2.88855,0.0936972,7.78893,8.82225,8.34034,7.47094,6.46724,5.88854,5.00569,4.39786,3.73207,2.91714,	
1.61603e-14,3.37966,4.69305,5.74468,5.84769,6.26987,6.66337,6.85953,6.73108,6.7914,6.77667,3.02245e-11,1.72426,3.308,4.81773,5.76644,6.35379,6.72425,6.89343,6.84772,6.8884,6.73119,	20,10.7745,9.78065,8.74208,7.82317,6.89909,6.00668,5.2457,4.51469,3.72369,2.78765,0.0826615,7.6767,8.68821,8.40041,7.28702,6.39549,5.5831,4.89401,4.42901,3.75036,2.83319,	
8.90011e-15,3.56966,4.97036,5.69459,5.83191,6.41973,6.54239,6.9346,6.85537,6.83744,6.82688,1.52861e-11,1.73741,3.30496,4.80349,5.78858,6.46561,6.6668,6.98268,6.96348,6.92226,6.82741,	20,10.7751,9.77708,8.78363,7.78246,6.86641,6.08912,5.32263,4.56105,3.82862,3.00471,0.0762909,7.67805,8.76195,8.30648,7.51837,6.44781,5.66923,4.91948,4.18991,3.84738,3.02065,	
5.36447e-15,3.54058,4.99082,5.58119,5.74446,6.3754,6.74914,6.90108,6.8582,6.87256,6.83441,8.41868e-12,1.69528,3.39735,4.80406,5.77141,6.42267,6.8062,6.94963,6.90794,6.89834,6.84782,	20,10.7269,9.77651,8.76947,7.76688,6.87656,6.03213,5.316,4.69855,3.93662,3.05408,0.0686685,7.62103,8.86644,8.26603,7.40988,6.47265,5.70055,4.93455,4.3841,3.87149,3.04442,	
3.01426e-15,3.6014,5.00777,5.75891,5.87799,6.35529,6.7632,6.87467,6.87068,6.86027,6.73627,4.75418e-12,1.75925,3.46738,4.86022,5.83404,6.40281,6.82579,6.93443,6.90488,6.9152,6.84114,	20,10.7358,9.66534,8.7277,7.83792,6.93475,6.23652,5.47419,4.71057,4.02139,3.12794,0.0630594,7.71381,8.76374,8.26806,7.38689,6.43918,5.57895,4.95465,4.46773,3.97284,3.1357,	
1.64351e-15,3.48371,5.08582,5.72559,5.92814,6.30672,6.72646,6.7116,6.88649,6.89176,6.87569,2.61831e-12,1.86272,3.42984,4.85136,5.86773,6.38679,6.77972,6.77808,6.9292,6.96675,6.9274,	20,10.7165,9.67596,8.8132,7.9111,6.97351,6.28001,5.52534,4.76939,3.90712,2.99172,0.0561928,7.59072,8.62767,8.21033,7.42271,6.63047,5.69211,5.07453,4.60428,3.89158,3.02675,	
8.87182e-16,3.57895,4.93933,5.65397,5.90099,6.29125,6.70744,6.82787,6.76735,6.71936,6.85806,1.35783e-12,1.74752,3.5134,4.8471,5.86396,6.34238,6.79715,6.8853,6.8716,6.82173,6.87138,	20,10.7177,9.72403,8.84678,7.96395,7.04568,6.17225,5.53068,4.54124,3.87511,2.89139,0.0498235,7.64082,8.72178,8.10477,7.29973,6.70684,5.58832,5.10061,4.46396,3.92005,2.88335,	
4.91062e-16,3.37021,5.04075,5.68332,5.94883,6.45002,6.77382,7.00276,6.8339,6.81174,6.75991,7.47811e-13,1.83149,3.42865,4.86052,5.91668,6.50344,6.82193,7.02831,6.88212,6.80827,6.82481,	20,10.7252,9.75485,8.90111,7.95564,7.04682,6.26094,5.46638,4.66004,3.89064,2.99555,0.046915,8.03863,8.70884,8.193,7.48321,6.65858,5.62349,4.99428,4.31896,3.80398,3.02244,	
2.55939e-16,3.27401,4.90482,5.75177,5.88063,6.55695,6.74427,6.86529,6.96926,6.94546,7.04334,4.1185e-13,1.74975,3.47159,4.88372,5.84286,6.5636,6.77757,6.96926,7.02724,7.02482,7.0983,	20,10.7065,9.84527,8.92782,8.02037,7.05084,6.20301,5.54976,4.6839,3.98643,3.08268,0.0422276,7.96879,8.62378,8.22369,7.31547,6.67887,5.66556,4.99326,4.49385,3.92193,3.10365,	
1.26873e-16,3.15568,4.94348,5.82186,5.8242,6.4506,6.78566,6.91456,7.06745,6.94663,6.86782,2.08294e-13,1.7005,3.37878,4.81904,5.85006,6.47892,6.7876,7.00054,7.11058,6.98742,6.92733,	20,10.7497,9.84393,8.85501,7.93104,6.91425,6.19948,5.46904,4.60849,3.94276,3.04535,0.0389732,8.02323,8.6896,8.05156,7.44118,6.4311,5.74766,4.96382,4.32514,3.88822,3.0686,	
7.16472e-17,3.2374,5.00995,5.73428,5.87225,6.34709,6.7036,6.91801,6.91867,6.90108,6.69047,1.02738e-13,1.62576,3.30142,4.85364,5.81379,6.4414,6.7801,6.93788,6.93841,6.94767,6.75208,	20,10.717,9.77297,8.87591,7.93258,6.98599,6.13251,5.38798,4.60553,3.79564,2.89524,0.0347293,7.85389,8.63048,8.17199,7.50879,6.41688,5.63657,5.00686,4.43537,3.75673,2.8974,	
3.67848e-17,3.21786,4.9268,5.76775,5.81576,6.26528,6.68738,6.81379,6.77486,6.6943,6.6255,4.84389e-14,1.69919,3.30092,4.73209,5.74505,6.28925,6.75083,6.87787,6.82588,6.78198,6.68361,	20,10.6931,9.81877,8.86634,7.92041,6.9243,6.07935,5.28651,4.47158,3.6129,2.68616,0.0309476,7.57744,8.50538,8.22523,7.46305,6.32933,5.72533,5.06998,4.2757,3.61504,2.69413,	
1.86976e-17,3.15295,4.88473,5.62214,5.82112,6.27135,6.61587,6.77117,6.74132,6.85955,6.74377,2.77687e-14,1.69776,3.31607,4.76218,5.76313,6.36139,6.63827,6.80036,6.75267,6.90522,6.85355,	20,10.7298,9.83064,8.8205,7.88548,6.9388,6.13195,5.28247,4.49951,3.75618,2.80579,0.0284197,7.40555,8.46471,8.08732,7.4612,6.17963,5.54045,4.93418,4.28669,3.72686,2.83891,	
9.45635e-18,3.17771,4.80956,5.64643,5.85804,6.36873,6.57275,6.78097,6.79011,6.78389,6.72568,1.44729e-14,1.7164,3.20781,4.76676,5.80741,6.42342,6.68367,6.84624,6.81136,6.82539,6.74296,	20,10.7598,9.79194,8.88321,7.92754,6.84527,6.12309,5.34941,4.53326,3.7355,2.83145,0.024208,7.25105,8.53899,8.19285,7.41427,6.176,5.43147,4.84246,4.38776,3.74301,2.82893,	
5.00328e-18,3.13559,4.72967,5.62336,5.82883,6.35018,6.59336,6.78394,6.75057,6.71172,6.75491,7.54323e-15,1.66598,3.22698,4.68661,5.71139,6.37892,6.67009,6.84581,6.8396,6.73964,6.75228,	20,10.7757,9.8182,8.82481,7.90839,6.98312,6.08622,5.18638,4.38281,3.70209,2.71988,0.021038,7.25375,8.56165,8.1945,7.49126,6.32072,5.54699,4.89815,4.15516,3.67034,2.74558,	
2.45546e-18,3.36218,4.54667,5.48683,5.74986,6.25071,6.53235,6.671,6.69474,6.59498,6.58464,3.81501e-15,1.69798,3.2034,4.58112,5.65989,6.30453,6.54283,6.77667,6.73884,6.62418,6.61966,	20,10.7441,9.78262,8.78244,7.8136,6.80527,5.91689,5.18756,4.3772,3.51528,2.5965,0.0182831,7.27387,8.47338,8.2182,7.26298,6.37051,5.45542,4.77942,4.18141,3.49582,2.60325,	
1.32547e-18,3.15115,4.67426,5.39088,5.67101,6.24135,6.48796,6.59395,6.63335,6.60247,6.57034,1.76299e-15,1.6702,3.07856,4.52993,5.63641,6.29565,6.49723,6.68955,6.75106,6.65182,6.59439,	20,10.7442,9.71754,8.7863,7.78971,6.81689,5.82462,4.91969,4.27903,3.52017,2.55378,0.0167058,7.51446,8.53964,8.28787,7.22194,6.39421,5.54509,4.68023,4.04245,3.49959,2.56116,	
7.75249e-19,3.55157,4.8424,5.44969,5.65519,6.2033,6.45639,6.68164,6.70532,6.72956,6.70947,1.0006e-15,1.73032,3.27452,4.59392,5.59769,6.24883,6.46949,6.70134,6.76627,6.78634,6.74035,	20,10.7019,9.74655,8.75124,7.64154,6.62127,5.77254,5.11692,4.48988,3.7172,2.83805,0.0157305,7.84941,8.54879,8.25751,7.32958,6.36262,5.513,4.71605,4.11593,3.57747,2.85694,	
4.10178e-19,3.42062,4.99455,5.69597,5.76787,6.2425,6.50779,6.51377,6.61007,6.63824,6.64203,5.08598e-16,1.84366,3.30479,4.63082,5.6859,6.28665,6.59819,6.5694,6.67256,6.69794,6.69279,	20,10.6622,9.64602,8.66178,7.6516,6.75893,6.01655,5.15949,4.40986,3.65048,2.79333,0.0145911,8.08844,8.4971,8.04351,7.31283,6.37232,5.43459,4.75101,4.20166,3.57851,2.81875,	
2.2031e-19,3.37517,4.87717,5.513,5.71292,6.27736,6.60722,6.68975,6.57325,6.69294,6.70212,2.58518e-16,1.78743,3.38124,4.68633,5.68244,6.3548,6.65295,6.68337,6.6257,6.71026,6.76414,	20,10.6085,9.63809,8.65485,7.73315,6.73342,6.01051,5.24152,4.4268,3.68027,2.8122,0.0133323,7.90027,8.49827,8.15696,7.30281,6.40873,5.48353,4.70158,4.09833,3.66801,2.83923,	
1.35479e-19,3.48862,5.0034,5.67717,5.77503,6.17689,6.60786,6.59218,6.58477,6.52842,6.57026,1.26873e-16,1.78768,3.33245,4.70681,5.70361,6.2354,6.70661,6.6907,6.64366,6.55395,6.59952,	20,10.5323,9.65679,8.66145,7.77125,6.77837,5.97609,5.16781,4.35291,3.56135,2.63014,0.0117032,7.74543,8.31092,8.18856,7.2708,6.45151,5.57251,4.7984,4.1213,3.56254,2.63926,	
6.99069e-20,3.17848,4.80917,5.56665,5.85107,6.2521,6.51566,6.64031,6.62893,6.71293,6.62291,6.57948e-17,1.74703,3.30733,4.71301,5.75293,6.30559,6.58376,6.67254,6.64187,6.73015,6.64154,	20,10.5675,9.63902,8.74444,7.80715,6.80103,5.88413,5.00669,4.35575,3.62527,2.71207,0.0108555,7.72517,8.43588,8.09175,7.10159,6.35151,5.59561,4.73903,4.04393,3.57055,2.72376,	
3.88884e-20,3.35746,4.94277,5.56866,5.79796,6.26552,6.59505,6.62563,6.61919,6.53202,6.29276,3.49864e-17,1.78753,3.26348,4.66926,5.71507,6.28852,6.66513,6.61832,6.66571,6.59091,6.35751,	20,10.592,9.63404,8.74712,7.82423,6.85564,5.78693,5.0515,4.22854,3.45356,2.53544,0.00986937,7.79521,8.57475,8.09907,7.07043,6.32148,5.57388,4.74592,4.04921,3.44253,2.55465,	
1.66694e-20,3.00024,4.46902,5.37164,5.74209,6.2573,6.61381,6.61395,6.55114,6.41122,6.36872,1.64129e-17,1.67671,3.26028,4.61703,5.68692,6.30089,6.61798,6.67659,6.61564,6.43246,6.38859,	20,10.6082,9.62419,8.70444,7.66979,6.63083,5.7752,4.9267,4.18392,3.39736,2.4327,0.008449,7.34701,8.38018,8.07418,7.07337,6.12335,5.46058,4.60729,4.00509,3.4498,2.43094,	
8.86399e-21,3.06171,4.56268,5.2946,5.64248,6.28773,6.6326,6.58671,6.49658,6.46714,6.43448,8.25937e-18,1.66528,3.20776,4.52644,5.57276,6.31889,6.66019,6.59534,6.53727,6.50004,6.48048,	20,10.6073,9.61336,8.6243,7.55844,6.61314,5.80728,4.99208,4.11748,3.39586,2.48769,0.00760484,7.46541,8.62154,8.00059,7.12449,6.13947,5.43723,4.54956,4.0035,3.30774,2.52004,	
4.83306e-21,2.93163,4.56433,5.32384,5.6559,6.04914,6.40562,6.67121,6.71902,6.47673,6.27805,4.95337e-18,1.61999,3.24573,4.57224,5.58082,6.11592,6.42246,6.70691,6.79062,6.50239,6.28075,	20,10.6083,9.60924,8.59379,7.58297,6.60032,5.66709,4.96205,4.37398,3.54611,2.61635,0.00698365,7.23462,8.58485,7.96143,7.03691,6.15624,5.32611,4.62963,4.03334,3.44375,2.63881,	
2.43211e-21,3.05655,4.49683,5.26028,5.53533,6.12108,6.41889,6.52233,6.57927,6.51906,6.58112,2.18808e-18,1.59537,3.02664,4.49029,5.50741,6.15815,6.47679,6.59096,6.63338,6.56919,6.62807,	20,10.6035,9.58336,8.57162,7.58043,6.6298,5.68741,4.99032,4.25565,3.41346,2.55196,0.00625446,7.47834,8.63556,8.02886,7.10221,6.15081,5.27894,4.47929,4.04465,3.44861,2.57102,	
1.45131e-21,3.45882,4.81766,5.28469,5.52655,6.01616,6.49222,6.67452,6.58147,6.49822,6.49659,1.14042e-18,1.71159,3.12289,4.46122,5.47464,6.10525,6.52003,6.74282,6.60727,6.49128,6.56187,	20,10.5966,9.57857,8.57354,7.58681,6.75028,5.77132,4.93538,4.25268,3.45599,2.48902,0.00574358,7.7057,8.74259,8.01871,7.14328,6.21348,5.34989,4.5747,4.07197,3.34759,2.51626,	
7.79513e-22,3.16561,4.73932,5.37316,5.61218,6.10095,6.44608,6.30536,6.43689,6.51224,6.35713,5.82581e-19,1.76531,3.19244,4.46983,5.54348,6.15073,6.46208,6.33413,6.44776,6.56119,6.40643,	20,10.5489,9.57836,8.56113,7.49623,6.63693,5.76528,5.02341,4.17372,3.35885,2.43884,0.00530093,7.5119,8.61265,8.03854,7.04081,6.21659,5.42055,4.48568,3.93779,3.34716,2.43639,	
3.76851e-22,2.99438,4.58742,5.348,5.60754,6.09984,6.31686,6.56135,6.45959,6.33247,6.28827,3.16062e-19,1.73644,3.23073,4.54665,5.54247,6.15157,6.42845,6.62096,6.51886,6.33373,6.29034,	20,10.5434,9.50573,8.47548,7.54215,6.55191,5.80294,5.02791,4.21488,3.38004,2.4752,0.00470008,7.51981,8.42435,7.97325,6.97411,6.09185,5.36738,4.61782,3.85066,3.36169,2.49494,	
2.04449e-22,3.09194,4.65364,5.31469,5.55764,6.06381,6.32231,6.48996,6.49963,6.30411,6.34809,1.55893e-19,1.68185,3.25071,4.56627,5.51444,6.14839,6.44375,6.52255,6.54247,6.36211,6.37133,	20,10.5242,9.46964,8.53143,7.63894,6.69011,5.81821,4.88864,4.0574,3.33859,2.38164,0.00431616,7.68813,8.46725,8.08545,6.89162,6.19756,5.45612,4.54395,3.79854,3.29974,2.40156,	
1.14879e-22,3.11854,4.69282,5.24523,5.63656,6.02074,6.3037,6.41671,6.38241,6.41235,6.43582,8.50001e-20,1.73193,3.24948,4.50096,5.5629,6.09864,6.36432,6.44703,6.39592,6.43428,6.45566,	20,10.4613,9.43886,8.58435,7.58904,6.67955,5.81631,4.91098,4.2291,3.33016,2.42787,0.00378877,7.37971,8.47787,7.85378,7.04567,6.10724,5.41354,4.63498,3.91503,3.31853,2.44157,	
6.26373e-23,3.23587,4.48586,5.28398,5.58221,6.0474,6.37058,6.39314,6.27518,6.42944,6.25691,4.17155e-20,1.67154,3.19283,4.51736,5.52651,6.13712,6.44382,6.43992,6.3863,6.48098,6.2927,	20,10.4699,9.51589,8.57563,7.55117,6.55421,5.66991,4.83664,4.12157,3.28986,2.36544,0.00329264,7.50517,8.42975,7.80525,7.07699,6.15658,5.40716,4.57323,3.9056,3.30691,2.38116,	
3.33074e-23,3.0052,4.58781,5.33825,5.61939,6.06293,6.30761,6.30802,6.36714,6.42652,6.30767,2.22937e-20,1.7057,3.22621,4.42809,5.49033,6.12853,6.36733,6.31791,6.45585,6.46916,6.33514,	20,10.4764,9.50245,8.52223,7.51491,6.54945,5.64339,4.8896,4.05675,3.26419,2.27892,0.0030695,7.62787,8.49871,7.77201,6.94494,6.04222,5.41207,4.61341,3.88415,3.25015,2.31125,	
1.89038e-23,3.17525,4.63073,5.27673,5.50015,5.99138,6.30953,6.41256,6.3759,6.25553,6.23355,1.02508e-20,1.63967,3.17918,4.45303,5.48777,6.05575,6.36348,6.48403,6.35892,6.27103,6.27085,	20,10.477,9.46269,8.4766,7.42528,6.45928,5.57579,4.72636,4.0383,3.31201,2.37994,0.00272158,7.51607,8.50811,7.86379,6.94809,6.11687,5.3705,4.55143,3.75773,3.21678,2.39598,	
1.04634e-23,3.09493,4.52461,5.17458,5.48782,5.95711,6.22626,6.35061,6.30429,6.23142,6.27481,4.83306e-21,1.67842,3.20546,4.42972,5.4254,5.97196,6.2455,6.36803,6.40908,6.25711,6.31226,	20,10.4715,9.45137,8.41253,7.40539,6.41821,5.45011,4.76895,4.02082,3.15577,2.26061,0.00242523,7.4999,8.5314,7.9396,6.93772,6.02748,5.2902,4.51642,3.79257,3.1758,2.25894,	
5.59188e-24,3.14546,4.47698,5.13105,5.47249,5.88158,6.28576,6.32618,6.35917,6.31892,6.28531,2.24467e-21,1.65295,3.12033,4.3693,5.42441,5.95862,6.32884,6.41223,6.42316,6.38267,6.31415,	20,10.4236,9.41927,8.35523,7.31228,6.26739,5.52238,4.84852,3.96318,3.14068,2.20823,0.00210765,7.46779,8.3561,7.92084,6.94032,6.09287,5.24424,4.44322,3.8308,3.18094,2.22848,	
2.89989e-24,3.37445,4.614,5.21074,5.49258,5.91079,6.2334,6.42087,6.32631,6.2656,6.24062,1.23005e-21,1.75767,3.28523,4.46164,5.42821,5.96094,6.26414,6.41417,6.36209,6.25519,6.29267,	20,10.3613,9.30786,8.30757,7.40762,6.52475,5.60776,4.77366,4.02647,3.14582,2.24514,0.00192581,7.59066,8.32223,7.89791,6.83639,5.94691,5.15299,4.46484,3.8478,3.17104,2.25105,	
1.66243e-24,3.36035,4.62206,5.19473,5.48241,6.00826,6.18412,6.25799,6.39053,6.2887,6.16385,6.34701e-22,1.77384,3.19196,4.48817,5.45148,6.0106,6.27498,6.37052,6.4242,6.32499,6.22061,	20,10.3468,9.31797,8.34121,7.45473,6.45014,5.64019,4.75667,4.03253,3.25423,2.34057,0.00175086,7.69639,8.34987,7.86052,7.06242,5.86628,5.10517,4.48747,3.77469,3.17765,2.34439,	
1.0172e-24,3.42967,4.65436,5.24319,5.49155,5.92497,6.19277,6.26899,6.3181,6.43187,6.27973,3.30803e-22,1.73094,3.18152,4.41875,5.44988,5.98124,6.24377,6.31316,6.41342,6.48442,6.31617,	20,10.2816,9.27261,8.32168,7.41465,6.51749,5.60872,4.73105,4.02686,3.31243,2.43706,0.00157593,7.63096,8.5251,7.76144,6.97958,5.98905,5.15308,4.42557,3.83864,3.31206,2.44411,	
5.63026e-25,3.22904,4.5733,5.34536,5.50679,6.03688,6.18552,6.364,6.35818,6.21512,6.22845,1.7415e-22,1.75743,3.22458,4.48694,5.42605,6.07264,6.28098,6.4415,6.40541,6.21967,6.2772,	20,10.2848,9.31355,8.37997,7.48808,6.5681,5.7294,4.78325,4.08568,3.25786,2.31231,0.00141138,7.42039,8.35881,7.86643,7.06288,6.00208,5.22714,4.49351,3.83327,3.25938,2.32307,	
2.9939e-25,3.12683,4.59134,5.16723,5.40781,5.97889,6.29738,6.24386,6.12991,6.0958,6.18268,8.67626e-23,1.73799,3.23678,4.4787,5.44,6.05972,6.38953,6.34423,6.2024,6.18756,6.20653,	20,10.299,9.34729,8.38759,7.50345,6.54596,5.62639,4.81761,3.95369,3.05757,2.1914,0.00124515,7.18039,8.35015,7.74503,7.14821,6.03483,5.1865,4.5499,3.74699,3.1901,2.17125,	
1.60001e-25,3.05288,4.53953,5.16279,5.45508,5.97268,6.19816,6.27932,6.29421,6.26644,6.27069,4.19449e-23,1.75055,3.11216,4.40911,5.43385,6.0347,6.26411,6.31912,6.33972,6.25487,6.30046,	20,10.2822,9.38611,8.40219,7.48254,6.45463,5.53729,4.63051,3.87547,3.15705,2.2428,0.00113204,7.2338,8.43129,7.72543,7.04356,6.0376,5.28978,4.55338,3.69461,3.14816,2.25122,	
8.2147e-26,2.99564,4.54972,5.22406,5.48326,5.93766,6.31519,6.36946,6.32554,6.2724,6.20418,2.06887e-23,1.67054,3.11444,4.40346,5.42993,5.97877,6.36956,6.39028,6.37127,6.30967,6.27701,	20,10.3105,9.36095,8.36905,7.41856,6.40448,5.53361,4.62547,3.94958,3.13773,2.21215,0.00104479,7.39102,8.21675,7.71918,6.93568,6.07356,5.27104,4.57763,3.72276,3.10113,2.2281,	
4.63898e-26,3.08802,4.55165,5.25566,5.54208,5.99703,6.25919,6.44198,6.32472,6.24119,6.27613,1.0837e-23,1.64836,3.14785,4.42848,5.45672,6.032,6.29281,6.49455,6.39322,6.26783,6.27959,	20,10.3257,9.36255,8.3861,7.42395,6.41557,5.58445,4.72725,3.90595,3.20112,2.29982,0.000917128,7.30171,8.18157,7.83669,6.80869,6.0651,5.31563,4.5492,3.71552,3.12524,2.30463,	
2.61972e-26,3.26275,4.55615,5.37855,5.46934,6.01612,6.17627,6.29658,6.40649,6.31688,6.17784,5.16092e-24,1.67311,3.08343,4.4635,5.40137,6.04574,6.231,6.27889,6.43235,6.35905,6.1826,	20,10.2897,9.31954,8.2625,7.39878,6.45526,5.54223,4.66058,3.8665,3.08448,2.17999,0.000817261,7.42478,8.16526,7.93779,6.82875,6.09053,5.25011,4.5132,3.74617,3.071,2.19093,	
1.55544e-26,3.15371,4.55127,5.20223,5.45625,5.86362,6.0982,6.23291,6.30018,6.28674,6.16485,2.75811e-24,1.64314,3.20467,4.43665,5.40497,5.86223,6.17317,6.27118,6.33444,6.36437,6.20014,	20,10.2958,9.31505,8.27663,7.40274,6.38345,5.40117,4.77444,3.97834,3.11848,2.14626,0.000717399,7.02566,8.28533,7.82941,6.8253,6.10082,5.23159,4.45382,3.78971,3.13491,2.13957,	
8.18858e-27,2.90895,4.57476,5.26956,5.45103,5.83554,6.11906,6.09035,6.13746,6.10534,6.15697,1.37411e-24,1.58279,3.16462,4.4871,5.4242,5.88513,6.21046,6.17422,6.22164,6.19716,6.22193,	20,10.3007,9.31489,8.32493,7.31089,6.28976,5.5082,4.61139,3.89726,3.08737,2.1445,0.000652228,7.263,8.18538,7.7648,6.72367,6.08271,5.18858,4.40067,3.71092,3.06403,2.14701,	
4.46916e-27,2.95903,4.48003,5.18391,5.49663,5.87187,6.06751,6.04004,6.18766,6.03475,6.03816,7.96678e-25,1.63382,3.11819,4.46569,5.45304,5.88907,6.11304,6.18739,6.2345,6.1034,6.06907,	20,10.3046,9.31158,8.27828,7.30846,6.33976,5.54257,4.71554,3.88594,3.08152,2.11694,0.0005746,6.97783,8.16207,7.73498,6.85615,6.01636,5.19281,4.40253,3.72324,3.07091,2.11091,	
2.3029e-27,2.83156,4.303,5.08626,5.41884,5.9054,6.16629,6.07818,6.13712,6.22455,6.02841,4.40646e-25,1.61964,3.1055,4.39656,5.38952,5.92958,6.22155,6.1069,6.22412,6.27058,6.06179,	20,10.292,9.23851,8.3042,7.39015,6.40877,5.45484,4.65939,3.88602,3.06355,2.18358,0.000508742,6.99773,8.15338,7.74365,6.59214,5.95807,5.19783,4.4581,3.69478,3.03198,2.18739,	
1.25343e-27,3.0594,4.31673,5.07472,5.35924,5.80393,6.13974,6.0861,6.16457,6.16493,6.03949,2.37568e-25,1.64261,3.1089,4.36086,5.34267,5.88476,6.19112,6.14076,6.2113,6.2714,6.10016,	20,10.2357,9.24746,8.30828,7.30657,6.33734,5.46856,4.68002,3.88135,3.03839,2.09647,0.000473145,7.42162,8.17086,7.75429,6.60767,5.95153,5.12527,4.42997,3.58266,3.00711,2.11085,	
7.15916e-28,2.86798,4.31666,5.03304,5.27244,5.85383,6.2399,6.25117,6.1308,6.07402,6.03489,1.31442e-25,1.65382,3.05282,4.32166,5.29184,5.85294,6.26621,6.27334,6.15269,6.1698,6.08438,	20,10.2388,9.23691,8.29103,7.34459,6.34461,5.52964,4.63846,3.85934,3.1217,2.18189,0.000419959,7.13977,7.80389,7.70575,6.6292,5.99166,5.14186,4.41654,3.60794,3.05821,2.19752,	
4.20176e-28,2.79603,4.32852,4.95179,5.26226,5.77314,6.10557,6.1302,5.99734,6.00783,6.07642,7.81358e-26,1.65141,3.10016,4.28788,5.28392,5.80038,6.15245,6.17484,6.02252,6.13748,6.10385,	20,10.2424,9.26864,8.31891,7.28045,6.34391,5.55903,4.70454,3.87442,2.9715,2.07908,0.000387042,7.22297,7.99155,7.6279,6.62751,5.98481,5.06883,4.4753,3.64838,2.97364,2.08978,	
2.60496e-28,3.10045,4.39245,5.03687,5.29883,5.72951,5.9031,6.27493,6.16278,6.06321,6.06743,4.8843e-26,1.69838,3.15902,4.34604,5.27568,5.79452,5.93184,6.26478,6.19876,6.12304,6.12825,	20,10.2509,9.28833,8.32572,7.37294,6.43976,5.63004,4.71664,3.85031,3.00704,2.08607,0.000355906,7.19649,8.0394,7.61178,6.75401,6.01114,5.1261,4.39297,3.6809,3.01644,2.07984,	
1.5683e-28,3.07363,4.32464,5.01772,5.3541,5.79794,5.99782,6.12123,6.21024,6.10029,5.91338,2.41506e-26,1.63511,3.08071,4.30362,5.32717,5.87432,6.02195,6.20408,6.26284,6.15079,6.03962,	20,10.2629,9.28215,8.32958,7.36319,6.39404,5.41662,4.47351,3.72853,2.94315,2.02861,0.000325275,7.35331,8.03508,7.58112,6.75828,6.13291,5.20149,4.25864,3.53863,2.90368,2.03726,	
1.03769e-28,3.35148,4.4245,4.97757,5.28049,5.81761,6.00772,6.08325,6.14134,6.10217,5.96602,1.52836e-26,1.76584,3.12551,4.33872,5.3142,5.85332,6.05624,6.11232,6.22842,6.14003,6.04079,	20,10.2304,9.29625,8.32319,7.33339,6.33229,5.40825,4.53974,3.76347,2.99384,2.06903,0.000305099,7.51991,8.24059,7.53125,6.81916,6.1735,5.1215,4.29808,3.58373,2.92564,2.07024,	
6.06441e-29,2.90418,4.36284,4.98712,5.33625,5.7835,6.16421,6.13155,6.14828,6.08201,6.00032,8.65069e-27,1.74712,3.10453,4.33526,5.32612,5.83378,6.203,6.16219,6.19532,6.13286,6.01941,	20,10.2459,9.27571,8.23763,7.27098,6.25672,5.29456,4.50218,3.7217,2.98945,2.09363,0.000284237,7.56238,8.15892,7.55326,6.86362,6.09539,5.2345,4.20742,3.51826,2.92552,2.10159,	
4.06562e-29,3.03665,4.30917,5.0775,5.32195,5.84764,6.03007,6.05749,6.13382,6.06654,6.00937,4.91496e-27,1.62198,3.10984,4.33647,5.31183,5.92961,6.04773,6.08062,6.23461,6.09769,6.04599,	20,10.2479,9.17873,8.15897,7.26095,6.26097,5.31976,4.46648,3.75308,2.97208,2.0542,0.000257171,7.27681,8.35739,7.63748,6.93154,5.9858,5.20722,4.21656,3.51359,2.9939,2.0731,	
2.43499e-29,2.96287,4.3528,5.06319,5.28723,5.84171,6.07387,6.19291,6.10826,6.02436,5.99521,2.94229e-27,1.74865,3.07782,4.30268,5.25325,5.85739,6.16987,6.21706,6.20456,6.10837,6.0488,	20,10.2248,9.15549,8.16484,7.20028,6.27519,5.40354,4.58459,3.74487,2.87385,1.93311,0.000241228,7.41105,8.30996,7.67835,6.99886,5.90341,5.17083,4.33271,3.56453,2.8597,1.92805,	
1.64476e-29,3.21997,4.3963,5.01099,5.33573,5.79993,6.09876,6.19425,5.9835,6.07434,6.02065,1.94258e-27,1.79288,3.20515,4.34008,5.28805,5.87759,6.12556,6.20288,6.02768,6.11095,6.02457,	20,10.1774,9.13453,8.1927,7.24596,6.33831,5.4228,4.51469,3.70853,2.90095,1.97053,0.000221506,7.37418,8.31228,7.78805,6.94417,5.89551,5.11587,4.35402,3.56231,2.87038,1.98397,	
1.06695e-29,3.06392,4.3843,5.13857,5.37073,5.7655,6.06532,6.14533,6.04381,5.97317,6.02079,1.14194e-27,1.69514,3.16007,4.38597,5.31809,5.80537,6.12307,6.21011,6.11542,6.02401,6.04229,	20,10.1719,9.16078,8.20478,7.25539,6.30747,5.38023,4.46181,3.73381,2.88548,2.00166,0.000208976,7.42306,8.24275,7.61286,6.9367,5.9315,5.14212,4.30963,3.56228,2.86475,2.03104,	
6.67953e-30,3.08533,4.40696,5.08452,5.35539,5.7772,6.06329,6.12752,6.08943,6.01668,6.04782,7.06922e-28,1.7461,3.1885,4.37829,5.32961,5.81738,6.10314,6.17064,6.12436,6.05297,6.07434,	20,10.1725,9.18525,8.22543,7.26388,6.27018,5.32224,4.49627,3.71219,2.86274,1.97005,0.000193841,7.54029,8.23661,7.57811,6.88601,5.95914,5.07615,4.2607,3.48136,2.87262,1.98331,	
4.2457e-30,2.96529,4.27705,5.02979,5.36224,5.77582,6.11127,6.17658,6.07095,5.98567,6.01536,4.66848e-28,1.77598,3.18304,4.38948,5.33394,5.82986,6.13418,6.22229,6.11365,6.0252,6.02933,	20,10.1759,9.19541,8.21808,7.23499,6.29993,5.35801,4.57032,3.77731,2.93487,1.94187,0.000182607,7.44696,8.2097,7.55332,6.87426,5.95929,5.01167,4.19709,3.47729,2.94015,1.95853,	
3.01392e-30,3.06889,4.33929,5.09417,5.34135,5.79903,6.02423,6.15978,6.04327,6.03811,6.01075,3.10456e-28,1.71396,3.14963,4.39198,5.34224,5.89823,6.07463,6.19803,6.07249,6.06401,6.01776,	20,10.1807,9.20588,8.22951,7.23059,6.26899,5.4021,4.58321,3.71262,2.87859,2.01509,0.0001704,7.38356,8.17765,7.51963,6.83119,5.93533,5.06717,4.21649,3.52635,2.88003,2.02523,	
2.03737e-30,3.0956,4.34553,5.09103,5.34641,5.85977,6.04291,6.04769,6.0636,6.0408,6.00972,1.94638e-28,1.68265,3.12617,4.36823,5.32452,5.90083,6.10982,6.09386,6.11766,6.08548,6.08228,	20,10.1557,9.20643,8.19268,7.2543,6.3089,5.4685,4.61743,3.72329,2.9336,1.97979,0.000159186,7.28334,8.1914,7.5569,6.84986,5.93132,5.00697,4.17985,3.56044,2.89636,2.00198,	
1.40862e-30,3.11903,4.52684,5.09661,5.36069,5.85235,6.14202,6.10625,5.95756,5.87478,5.96357,1.20528e-28,1.6556,3.05579,4.28482,5.29549,5.89219,6.182,6.1576,6.00547,5.92439,6.01925,	20,10.1584,9.15866,8.21055,7.25571,6.33027,5.37549,4.55747,3.69548,2.85452,1.96362,0.000152914,7.41959,8.18937,7.54793,6.89281,5.95759,5.04277,4.17626,3.51203,2.88882,1.96811,	
1.00541e-30,3.08927,4.36527,5.16742,5.36549,5.80486,5.96378,5.98007,6.07168,6.08556,5.90057,8.02798e-29,1.64914,3.08234,4.28596,5.27861,5.82973,6.04022,6.01307,6.08557,6.11143,5.96303,	20,10.1609,9.18184,8.23374,7.26217,6.24643,5.25379,4.50645,3.76394,2.87866,1.93415,0.000141729,7.30372,8.12695,7.56796,6.77536,6.0003,5.00858,4.25396,3.57409,2.90429,1.96227,	
6.9144e-31,2.95799,4.3358,5.08482,5.35767,5.71636,5.9852,6.00484,5.98973,5.97096,6.03554,5.1727e-29,1.61996,3.08961,4.29955,5.30774,5.79252,6.02461,6.05136,6.02518,6.00763,6.06092,	20,10.1618,9.17319,8.21312,7.21169,6.19316,5.24596,4.54689,3.69596,2.88034,1.93501,0.000131933,7.29291,8.16172,7.55538,6.79156,5.96572,4.97499,4.2011,3.59197,2.9133,1.95462,	
4.67449e-31,2.91886,4.32115,5.00806,5.35086,5.75231,5.94908,6.13054,6.06673,5.97666,5.93229,3.39746e-29,1.62974,3.03409,4.29064,5.29091,5.79942,5.98961,6.14359,6.06726,5.97465,5.96484,	20,10.1616,9.16208,8.18588,7.20149,6.2115,5.27494,4.49891,3.72725,2.88028,2.01814,0.000125745,7.33771,7.99185,7.60857,6.77018,5.90382,4.89879,4.20755,3.52426,2.89581,2.03879,	
2.90778e-31,2.83961,4.07845,4.96755,5.30177,5.81034,6.03673,5.97533,5.99036,5.94935,5.89292,2.1266e-29,1.60229,2.97445,4.26467,5.24338,5.86932,6.07218,5.98287,6.01036,5.98432,5.9081,	20,10.1626,9.1695,8.17684,7.15186,6.12672,5.25483,4.49018,3.67292,2.88072,1.93556,0.000115442,7.10877,8.12127,7.61309,6.67358,5.86367,4.80146,4.20618,3.43838,2.79902,1.95319,	
2.01124e-31,2.96202,4.1331,4.95896,5.27655,5.72589,5.97277,6.08211,5.96882,5.93582,5.83062,1.47119e-29,1.58906,3.00653,4.22678,5.22441,5.771,6.00784,6.08311,6.03088,5.96936,5.875,	20,10.1634,9.16158,8.12031,7.13438,6.16136,5.32679,4.46932,3.68339,2.82724,1.87548,0.000108122,7.05229,8.06839,7.66962,6.6799,5.82942,4.8821,4.15913,3.48924,2.8588,1.88206,	
1.33091e-31,2.77628,4.2066,4.96548,5.24467,5.73383,5.98013,6.04836,5.99938,5.90457,5.77857,9.67296e-30,1.62378,3.01158,4.23857,5.22961,5.81005,5.97559,6.09819,6.02678,5.95356,5.80114,	20,10.1616,9.14974,8.11243,7.1626,6.17669,5.24635,4.44634,3.67413,2.78505,1.8447,0.0001001,7.02241,8.09542,7.61238,6.55219,5.84707,4.93993,4.15018,3.4263,2.7412,1.85656,	
9.21254e-32,2.75423,4.20042,4.84272,5.2002,5.72524,5.97926,6.01611,6.00524,5.96013,5.78352,6.28043e-30,1.55187,3.02726,4.22675,5.19743,5.77593,5.97866,6.03438,6.04445,5.98222,5.82034,	20,10.0986,9.11908,8.12189,7.12008,6.08884,5.22151,4.41611,3.62505,2.76917,1.90624,9.24833e-05,6.89273,8.02547,7.63684,6.62516,5.79532,4.96945,4.23839,3.36035,2.75309,1.91898,	
6.46409e-32,2.93062,4.17806,4.85616,5.12143,5.6901,5.88791,6.02951,5.95477,5.85614,5.81601,4.39328e-30,1.58529,3.06157,4.22382,5.17725,5.7249,5.87571,6.06472,5.95561,5.89113,5.87341,	20,10.1017,9.11901,8.09556,7.11735,6.11342,5.25556,4.43064,3.60038,2.7121,1.80338,8.78696e-05,6.99835,8.0234,7.59969,6.62188,5.76763,4.9951,4.30932,3.44346,2.75508,1.80511,	
4.69188e-32,3.01358,4.14038,4.83514,5.13729,5.75939,5.89133,5.88286,5.992,5.83349,5.85285,3.17953e-30,1.66737,3.0666,4.21767,5.16904,5.79465,5.92749,5.89691,6.03382,5.83026,5.87406,	20,10.1043,9.1132,8.10514,7.12388,6.16622,5.27942,4.40885,3.5949,2.74687,1.82071,8.20777e-05,6.92021,7.8659,7.64279,6.56233,5.75676,4.9916,4.28254,3.53141,2.77258,1.83517,	
3.41954e-32,3.06204,4.1963,4.84618,5.17025,5.78943,5.93117,5.94811,5.96657,5.82273,5.8063,2.20425e-30,1.666,3.07824,4.23978,5.18788,5.79979,5.97529,6.00348,5.99891,5.85295,5.79851,	20,10.0784,9.10882,8.10186,7.14607,6.18867,5.26725,4.39643,3.55585,2.78196,1.8305,7.74087e-05,7.09602,7.90529,7.67665,6.62838,5.72299,5.03972,4.21646,3.54198,2.73463,1.85536,	
2.41555e-32,3.0595,4.27128,4.8498,5.14307,5.72173,5.92071,5.97027,5.91166,5.8625,5.852,1.53003e-30,1.69217,3.03236,4.24139,5.16957,5.74146,5.97205,5.98804,5.90993,5.85845,5.87657,	20,10.0841,9.10763,8.1035,7.13978,6.0872,5.2343,4.3774,3.56794,2.75945,1.88729,7.11616e-05,7.03499,7.80229,7.60591,6.63929,5.80033,4.94114,4.15875,3.53396,2.72723,1.90242,	
1.79376e-32,3.05036,4.33689,4.80295,5.1406,5.64241,5.88268,5.95916,5.91045,5.82004,5.86763,1.11049e-30,1.67017,3.06951,4.24555,5.17995,5.69024,5.9331,5.98055,5.93856,5.85573,5.91483,	20,10.086,9.0844,8.09183,7.12338,6.13709,5.25776,4.43847,3.63396,2.77625,1.82462,6.83676e-05,7.10969,7.87897,7.54927,6.68034,5.81049,4.95024,4.11529,3.49114,2.75344,1.82969,	
1.33654e-32,2.98116,4.31545,4.89677,5.14304,5.69462,5.85356,5.9037,5.98163,5.86991,5.82596,7.8188e-31,1.64729,3.05196,4.23434,5.17255,5.7343,5.8621,5.97536,6.00003,5.8797,5.86867,	20,10.086,9.0884,8.10573,7.13759,6.18054,5.28587,4.39284,3.56689,2.77936,1.87654,6.44263e-05,6.95791,7.84134,7.57125,6.7105,5.76403,4.97327,4.16275,3.45006,2.76297,1.88918,	
9.90748e-33,2.95122,4.36183,4.98226,5.19161,5.65505,5.78746,5.87162,5.96295,5.80697,5.81277,5.78066e-31,1.66421,3.09721,4.25972,5.19265,5.72456,5.84868,5.93202,6.02193,5.83218,5.84059,	20,10.0843,9.07508,8.10672,7.16105,6.15093,5.29377,4.42001,3.63565,2.75764,1.83316,6.12605e-05,6.98798,7.88137,7.62064,6.67232,5.70839,4.96227,4.12703,3.43855,2.77634,1.84586,	
7.06917e-33,2.85434,4.31429,4.92218,5.20656,5.66641,5.81331,5.86946,5.8938,5.89943,5.81152,4.02313e-31,1.64113,3.07509,4.2421,5.19224,5.70796,5.87092,5.8645,5.95164,5.92038,5.83542,	20,10.0529,9.05129,8.11058,7.14778,6.11562,5.23336,4.41235,3.53093,2.72625,1.80617,5.84431e-05,7.09002,7.90384,7.6902,6.65211,5.66798,4.94071,4.11288,3.44941,2.70233,1.81556,	
5.26044e-33,2.9661,4.28013,4.90877,5.19612,5.64274,5.79263,5.83952,5.81742,5.83515,5.78276,2.90506e-31,1.66829,3.07249,4.2825,5.18813,5.67491,5.83782,5.86792,5.8163,5.88674,5.81337,	20,10.0297,9.04045,8.0654,7.12995,6.14143,5.17655,4.37403,3.50537,2.66113,1.7267,5.62484e-05,7.22853,7.95424,7.63593,6.7429,5.70698,4.87732,4.17448,3.46086,2.65368,1.74556,	
3.85351e-33,3.01825,4.29765,4.86981,5.18523,5.67583,5.80892,5.7972,5.80706,5.77939,5.87097,2.08787e-31,1.68034,3.07104,4.25236,5.20741,5.74074,5.86702,5.87914,5.85343,5.80337,5.88411,	20,10.0329,9.05334,8.08722,7.099,6.09014,5.17713,4.34057,3.48796,2.67423,1.77089,5.41555e-05,7.4457,7.9361,7.64135,6.66138,5.75838,4.89527,4.17721,3.3651,2.65557,1.77607,	
2.67681e-33,2.80782,4.28636,4.83204,5.11981,5.69185,5.85019,5.89391,5.77547,5.64544,5.72371,1.48172e-31,1.71168,3.09249,4.23594,5.20294,5.70973,5.8855,5.92846,5.81574,5.67407,5.77334,	20,10.036,9.02762,8.033,7.05157,6.11383,5.20616,4.30584,3.43532,2.62496,1.68445,5.16085e-05,7.40753,7.9375,7.59695,6.65501,5.74556,4.77882,4.10965,3.34927,2.61083,1.69698,	
1.97862e-33,2.87154,4.12163,4.78584,5.12072,5.65374,5.78905,5.87056,5.89027,5.75763,5.56013,1.02237e-31,1.6551,3.08057,4.21576,5.17584,5.70889,5.82857,5.93801,5.92603,5.81495,5.58716,	20,10.0349,9.03081,8.04119,7.05508,6.09544,5.17225,4.25483,3.45172,2.58835,1.66254,4.82992e-05,7.29368,7.99938,7.56616,6.65682,5.69438,4.79815,4.11424,3.31507,2.58306,1.67959,	
1.43653e-33,2.84827,4.00094,4.74517,5.11244,5.67934,5.86633,5.83101,5.74291,5.65257,5.6251,7.5804e-32,1.64541,3.04746,4.22691,5.15412,5.71868,5.87307,5.89913,5.81033,5.70868,5.64807,	20,10.0069,9.01416,8.03323,7.08427,6.08978,5.12207,4.24668,3.40446,2.57962,1.67893,4.46429e-05,7.05442,7.9771,7.56237,6.64719,5.65207,4.81171,4.06617,3.28155,2.58751,1.68375,	
1.01437e-33,2.77941,4.09718,4.72297,5.12438,5.60907,5.9028,5.86463,5.78369,5.70562,5.60267,5.28249e-32,1.6216,2.99597,4.21378,5.14923,5.65317,5.94564,5.88897,5.80524,5.73036,5.64583,	20,10.0089,9.02266,8.02512,7.04386,5.98752,5.07517,4.28471,3.42988,2.5879,1.65831,4.24949e-05,7.08907,7.88411,7.48911,6.65297,5.669,4.75249,4.05006,3.29879,2.58909,1.68222,	
7.24216e-34,2.73997,4.01367,4.69501,5.06575,5.57281,5.83334,5.83703,5.82497,5.66471,5.59059,3.67577e-32,1.53539,3.0226,4.19051,5.15392,5.61292,5.85791,5.86848,5.81751,5.69964,5.62813,	20,10.0098,8.97927,8.02471,7.00911,5.97963,5.11673,4.2207,3.3482,2.55432,1.63673,4.01577e-05,6.92788,7.93827,7.50314,6.56585,5.5264,4.80413,4.05545,3.29688,2.54138,1.64757,	
5.25357e-34,2.83874,4.04505,4.64723,5.0456,5.51378,5.73708,5.83552,5.76539,5.6477,5.65863,2.54031e-32,1.54291,2.97325,4.14255,5.10847,5.57674,5.77595,5.85954,5.81515,5.69304,5.70563,	20,10.0046,8.96976,7.98665,6.95311,5.93401,5.03489,4.18023,3.36089,2.54422,1.60911,3.86528e-05,6.95044,7.90416,7.53728,6.5071,5.55831,4.85643,4.02361,3.29702,2.53726,1.60653,	
4.13406e-34,2.99072,4.06305,4.6681,5.01525,5.5256,5.74813,5.78616,5.79401,5.72173,5.69285,1.80717e-32,1.5524,2.92754,4.09667,5.08641,5.61002,5.77519,5.82102,5.81855,5.7446,5.71395,	20,9.99908,8.96734,7.95148,6.9051,5.93129,5.0494,4.20888,3.40121,2.56918,1.67393,3.61098e-05,6.85474,7.87822,7.52864,6.55353,5.60963,4.83489,4.01387,3.29085,2.52457,1.68848,	
2.91431e-34,2.79094,4.07428,4.72568,5.04405,5.51976,5.70201,5.79751,5.78619,5.73434,5.50433,1.29947e-32,1.61173,2.92411,4.11392,5.07442,5.55794,5.7772,5.82704,5.83645,5.77744,5.57455,	20,9.99325,8.95634,7.92052,6.91269,5.94526,5.06502,4.24914,3.39655,2.53212,1.57911,3.44366e-05,6.92358,7.85565,7.57069,6.52467,5.57547,4.81946,3.95985,3.26977,2.53215,1.58202,	
2.19775e-34,2.77591,4.14992,4.67731,4.99889,5.52803,5.69998,5.73089,5.75509,5.71991,5.55264,9.2359e-33,1.57685,2.909,4.07967,5.05189,5.59623,5.72066,5.7853,5.7926,5.75702,5.60763,	20,9.98568,8.91968,7.87838,6.90497,5.97566,5.05186,4.20109,3.34382,2.52698,1.62456,3.25322e-05,6.84435,7.81964,7.51031,6.50168,5.5543,4.84877,3.98374,3.26348,2.54934,1.6276,	
1.62944e-34,2.76436,4.15561,4.63186,4.99136,5.58311,5.74029,5.7369,5.72738,5.66947,5.57514,6.64906e-33,1.57534,2.94434,4.10311,5.05165,5.61197,5.78992,5.72551,5.82925,5.69082,5.6244,	20,9.9453,8.88583,7.86625,6.90748,5.9464,5.031,4.16866,3.38192,2.55358,1.62994,3.13565e-05,7.05898,7.79566,7.37814,6.58712,5.57594,4.77445,4.00567,3.23677,2.56387,1.63929,	
1.21425e-34,2.82003,4.14125,4.64276,5.00788,5.56366,5.71536,5.77802,5.68792,5.63633,5.52662,4.97952e-33,1.58916,2.95594,4.1246,5.04536,5.59168,5.73666,5.79117,5.69648,5.66091,5.5828,	20,9.91426,8.87387,7.84014,6.90201,5.94918,5.01821,4.20612,3.41721,2.5528,1.59259,3.00129e-05,7.09688,7.79404,7.29602,6.61889,5.6155,4.82602,4.00148,3.18493,2.55108,1.59771,	
9.36206e-35,2.85197,4.12795,4.65875,5.01422,5.54881,5.74038,5.69148,5.68002,5.61293,5.50592,3.48636e-33,1.56961,2.94976,4.11218,5.05407,5.57869,5.74828,5.75224,5.6823,5.63629,5.55023,	20,9.90208,8.81543,7.85337,6.91771,5.93084,5.04487,4.15452,3.3318,2.51614,1.61797,2.87385e-05,7.05221,7.81899,7.2838,6.61729,5.61645,4.83347,3.95205,3.22605,2.51373,1.62855,	
6.93035e-35,2.88459,4.10942,4.61948,4.97891,5.50852,5.76705,5.7467,5.66642,5.57853,5.55073,2.59938e-33,1.60076,2.95971,4.11533,5.05405,5.54175,5.77574,5.78574,5.69909,5.60171,5.5291,	20,9.88953,8.82932,7.85721,6.87396,5.88885,4.93381,4.14179,3.37272,2.56017,1.61901,2.74634e-05,7.18176,7.6973,7.23595,6.60436,5.56076,4.75889,3.9491,3.23844,2.51278,1.635,	
5.40581e-35,2.87063,4.10022,4.6158,4.96873,5.44181,5.72946,5.78233,5.64442,5.5483,5.49834,1.87974e-33,1.59435,2.99112,4.09693,5.01899,5.49472,5.75605,5.79911,5.6974,5.55908,5.52374,	20,9.8785,8.81685,7.83167,6.83639,5.89159,5.00532,4.1187,3.36265,2.50006,1.57331,2.6193e-05,7.09494,7.75405,7.22899,6.58055,5.5938,4.75488,3.97867,3.18935,2.47662,1.58126,	
3.93802e-35,2.76424,4.09014,4.63368,4.93991,5.42846,5.63936,5.73427,5.73159,5.5812,5.5204,1.40871e-33,1.59586,2.97063,4.13241,5.02343,5.49459,5.69376,5.77211,5.7642,5.61735,5.51488,	20,9.87003,8.82157,7.82219,6.87047,5.90903,5.00251,4.13215,3.34752,2.48237,1.57549,2.52285e-05,7.15445,7.72042,7.15377,6.50323,5.58945,4.7387,3.97899,3.22024,2.49213,1.58247,	
2.99294e-35,2.76919,4.04573,4.59799,4.97043,5.49109,5.62038,5.75664,5.65388,5.52132,5.48737,1.02435e-33,1.60563,2.94768,4.11762,5.0599,5.51125,5.65451,5.78522,5.66325,5.5949,5.50727,	20,9.86109,8.81996,7.81761,6.88569,5.9234,4.96859,4.1174,3.32647,2.47699,1.56333,2.36931e-05,7.18027,7.75675,7.1714,6.46061,5.56825,4.66384,3.95426,3.23871,2.48868,1.56772,	
2.233e-35,2.69409,3.98224,4.56624,4.99266,5.46233,5.64259,5.64105,5.60002,5.61464,5.54714,7.71372e-34,1.58285,2.96896,4.12052,5.05119,5.48575,5.66814,5.67679,5.61974,5.63066,5.57375,	20,9.85468,8.80533,7.84319,6.8609,5.91811,4.94094,4.09533,3.2991,2.49785,1.60498,2.23143e-05,6.99015,7.77616,7.17033,6.41124,5.61744,4.62296,3.93623,3.14709,2.50608,1.61487,	
1.70465e-35,2.75676,4.00302,4.61939,4.97146,5.44762,5.66452,5.68187,5.5507,5.52664,5.52837,6.05355e-34,1.60551,2.98177,4.11645,5.04642,5.48706,5.74201,5.72026,5.59796,5.55142,5.57028,	20,9.84929,8.81309,7.83543,6.87342,5.89327,4.9441,4.18782,3.33087,2.56209,1.61033,2.15125e-05,6.97448,7.76509,7.13775,6.38949,5.62767,4.64339,3.88878,3.12811,2.53937,1.62209,	
1.32223e-35,2.66901,4.13179,4.62011,4.98396,5.48188,5.62588,5.70019,5.60031,5.53681,5.56214,4.70613e-34,1.60299,3.01002,4.12289,5.0282,5.52074,5.66264,5.75503,5.64078,5.57052,5.59515,	20,9.82393,8.77621,7.8193,6.86965,5.87017,5.00591,4.21507,3.3649,2.57149,1.66163,2.0935e-05,7.11261,7.73685,7.18357,6.39535,5.64701,4.68765,3.91775,3.08723,2.54251,1.67131,	
9.9131e-36,2.7079,4.06359,4.6444,4.99566,5.47265,5.59253,5.64494,5.59478,5.4586,5.54132,3.56866e-34,1.59231,3.00313,4.15254,5.05623,5.52123,5.64212,5.68768,5.63649,5.50743,5.55949,	20,9.81502,8.75414,7.83409,6.86475,5.86595,5.02742,4.22585,3.40588,2.51319,1.5911,1.98799e-05,7.00809,7.62737,7.12301,6.3682,5.63685,4.73034,3.95142,3.11626,2.52047,1.60408,	
7.66937e-36,2.84259,4.05335,4.6614,4.96128,5.45338,5.57506,5.56844,5.53426,5.47313,5.46225,2.72366e-34,1.60011,3.0179,4.16543,5.0603,5.51423,5.65025,5.62795,5.55472,5.5321,5.48615,	20,9.80956,8.77552,7.82892,6.87335,5.90686,5.04317,4.19871,3.35048,2.49983,1.51436,1.9097e-05,6.964,7.68134,7.13774,6.44468,5.61359,4.7146,3.95093,3.14506,2.50656,1.51288,	
5.9055e-36,2.7683,4.03898,4.594,4.95075,5.48708,5.54949,5.63646,5.56872,5.52293,5.50567,2.05592e-34,1.57269,2.9907,4.14992,5.07057,5.48685,5.61869,5.63532,5.59358,5.55903,5.49513,	20,9.8062,8.79007,7.83421,6.87782,5.92218,5.00813,4.15336,3.33144,2.48175,1.55747,1.78312e-05,6.76362,7.74166,7.14596,6.40839,5.6075,4.73148,3.88739,3.12007,2.47198,1.56883,	
4.64833e-36,2.81912,4.01036,4.5708,4.92878,5.51364,5.57095,5.60674,5.52205,5.50157,5.47117,1.62165e-34,1.61238,2.97961,4.12662,5.03586,5.57047,5.58203,5.63728,5.55381,5.53306,5.49404,	20,9.80231,8.78439,7.83743,6.88271,5.90081,5.04197,4.17315,3.31704,2.47598,1.58054,1.70648e-05,6.73214,7.65761,7.18053,6.42486,5.60558,4.70775,3.89525,3.11113,2.47916,1.58572,	
3.42542e-36,2.68051,4.00189,4.56107,4.91396,5.53202,5.5311,5.64524,5.5708,5.5062,5.46737,1.15424e-34,1.61656,2.93116,4.09081,4.98251,5.58515,5.5893,5.67244,5.59992,5.55014,5.47289,	20,9.80085,8.80091,7.83704,6.87035,5.91463,5.01997,4.1266,3.25718,2.43652,1.5078,1.63367e-05,6.85111,7.64395,7.21485,6.4687,5.62567,4.6954,3.82895,3.06745,2.44669,1.52373,	
2.74736e-36,2.70422,3.95711,4.57879,4.9032,5.47861,5.57062,5.63998,5.54858,5.55832,5.36034,9.02068e-35,1.58258,2.9385,4.07625,4.99042,5.50234,5.61299,5.68393,5.57572,5.559,5.41551,	20,9.80106,8.7917,7.83605,6.86706,5.93402,4.98927,4.11759,3.25048,2.43132,1.48512,1.55106e-05,6.78796,7.72601,7.25388,6.44045,5.59007,4.73381,3.8418,3.09459,2.41515,1.49348,	
2.07848e-36,2.69936,3.88465,4.56536,4.8767,5.47666,5.58273,5.53857,5.49944,5.54767,5.50709,6.97206e-35,1.60137,2.94061,4.07402,4.98753,5.50768,5.62597,5.58282,5.53088,5.57498,5.54522,	20,9.80066,8.80443,7.84554,6.83749,5.89318,4.96903,4.07609,3.26646,2.41939,1.49504,1.47e-05,6.78776,7.75486,7.29644,6.44543,5.58766,4.70429,3.80906,3.06785,2.43621,1.49331,	
1.57911e-36,2.59321,4.00711,4.56997,4.90969,5.42244,5.59185,5.55411,5.52137,5.49294,5.4864,5.21827e-35,1.57929,2.93695,4.0824,4.98881,5.45997,5.6455,5.61042,5.54724,5.51759,5.52088,	20,9.80007,8.79466,7.82402,6.86042,5.86836,4.899,4.08008,3.23543,2.40069,1.46871,1.38195e-05,6.69295,7.773,7.28669,6.43201,5.60424,4.65123,3.81554,3.07143,2.40028,1.48211,	
1.22525e-36,2.57905,4.05989,4.5644,4.91355,5.41203,5.64592,5.62361,5.57351,5.46731,5.41221,3.85626e-35,1.56175,2.95223,4.06496,4.99052,5.45558,5.6985,5.68853,5.60198,5.50973,5.45162,	20,9.79929,8.78348,7.81946,6.83738,5.8552,4.89245,4.08536,3.24224,2.38818,1.46101,1.33593e-05,6.85245,7.81543,7.285,6.40578,5.61676,4.65559,3.77975,3.06077,2.38383,1.46647,	
1.01864e-36,2.6378,4.02026,4.58267,4.90174,5.39905,5.56646,5.63784,5.60052,5.47638,5.37729,2.85023e-35,1.50285,2.8863,4.0606,4.9791,5.43696,5.62389,5.69014,5.65797,5.50963,5.42915,	20,9.79793,8.7919,7.8232,6.83093,5.84499,4.85395,4.01698,3.21208,2.37505,1.45785,1.2864e-05,6.91314,7.82443,7.28306,6.4007,5.65879,4.64989,3.7986,3.06687,2.37958,1.4668,	
8.13265e-37,2.7767,4.02684,4.59024,4.90733,5.39821,5.56111,5.55101,5.55533,5.4793,5.48443,2.20104e-35,1.53662,2.88562,4.03398,4.96131,5.40825,5.61571,5.6076,5.60019,5.51803,5.50236,	20,9.79769,8.80073,7.82579,6.82594,5.77793,4.85455,4.04662,3.1807,2.38225,1.4647,1.25467e-05,7.0889,7.88057,7.30523,6.40328,5.59333,4.59285,3.82425,3.0608,2.38597,1.46845,	
6.18926e-37,2.65014,3.98293,4.61478,4.91422,5.37855,5.59911,5.55889,5.56011,5.43305,5.41687,1.63392e-35,1.55067,2.90659,4.04422,4.96469,5.40562,5.6475,5.6185,5.5945,5.42104,5.44061,	20,9.7956,8.76723,7.76399,6.7803,5.77591,4.85128,4.04044,3.19185,2.35923,1.42958,1.19139e-05,7.09878,7.75907,7.28429,6.44977,5.53661,4.59782,3.78384,3.06168,2.34813,1.44613,	
4.91645e-37,2.70217,3.93568,4.59149,4.89847,5.30781,5.6216,5.58185,5.59358,5.45317,5.37704,1.24312e-35,1.54811,2.90939,4.06779,4.96755,5.37844,5.64529,5.63523,5.63338,5.50365,5.49495,	20,9.7917,8.76605,7.75521,6.77448,5.75869,4.87673,4.0439,3.15334,2.37663,1.44715,1.13406e-05,7.07665,7.73802,7.30226,6.46661,5.58822,4.6383,3.77051,3.04073,2.34077,1.45073,	
3.86482e-37,2.69551,3.93625,4.59557,4.88981,5.30789,5.58132,5.56219,5.62866,5.50159,5.38942,9.85186e-36,1.57954,2.92069,4.05844,4.94614,5.34629,5.60874,5.597,5.66369,5.52193,5.41811,	20,9.78633,8.7307,7.72892,6.7648,5.77082,4.83247,4.00483,3.23988,2.37602,1.45429,1.0755e-05,7.01946,7.77198,7.31985,6.37819,5.59313,4.63276,3.76691,3.03369,2.37956,1.4574,	
3.02482e-37,2.64444,3.92129,4.58235,4.88841,5.2838,5.59737,5.54098,5.61257,5.4657,5.39365,7.7101e-36,1.58364,2.92992,4.04945,4.96578,5.29312,5.62482,5.56801,5.62388,5.47025,5.41451,	20,9.77824,8.71313,7.71171,6.75712,5.74433,4.80242,4.05098,3.24055,2.36529,1.43655,1.03072e-05,6.98331,7.79233,7.3302,6.303,5.49209,4.64279,3.77553,3.04715,2.37426,1.44735,	
2.4001e-37,2.66539,3.953,4.53991,4.882,5.28242,5.59959,5.52213,5.54754,5.39647,5.3737,5.77048e-36,1.56977,2.93716,4.0643,4.96888,5.31038,5.62184,5.55886,5.60288,5.46119,5.4187,	20,9.76908,8.71454,7.72245,6.72916,5.72038,4.85181,4.0746,3.19448,2.32364,1.39619,9.84112e-06,6.94644,7.78302,7.34643,6.2941,5.47321,4.64709,3.79445,3.03265,2.341,1.39373,	
1.91487e-37,2.66334,3.93295,4.51534,4.87826,5.30097,5.55691,5.53894,5.45705,5.43155,5.34805,4.49489e-36,1.55843,2.9477,4.06732,4.97598,5.33981,5.58689,5.55328,5.50036,5.45965,5.40011,	20,9.7409,8.68754,7.72173,6.72136,5.74541,4.86739,4.03649,3.17577,2.33136,1.42409,9.32437e-06,6.91726,7.75239,7.32177,6.28967,5.46648,4.59733,3.82492,3.04973,2.33812,1.42793,	
1.53631e-37,2.69987,3.92329,4.539,4.86285,5.33505,5.46954,5.53776,5.41648,5.41364,5.35353,3.66392e-36,1.59844,2.95446,4.06842,4.96974,5.3601,5.53184,5.58063,5.43115,5.43257,5.38486,	20,9.73579,8.69458,7.72133,6.72441,5.7618,4.92198,4.05347,3.19922,2.33031,1.39064,8.89066e-06,6.773,7.73532,7.25996,6.32385,5.46269,4.60628,3.79712,3.10381,2.31784,1.39513,	
1.26646e-37,2.7764,3.99522,4.5269,4.89196,5.31366,5.539,5.54953,5.43216,5.4137,5.37504,2.78583e-36,1.56114,2.93785,4.07966,4.96886,5.3649,5.55234,5.5585,5.50654,5.44018,5.3986,	20,9.73074,8.69586,7.68843,6.73593,5.77793,4.91354,4.02089,3.19477,2.32455,1.40838,8.59749e-06,6.84912,7.72487,7.20207,6.33437,5.49197,4.65899,3.82007,3.12779,2.29397,1.41403,	
9.99398e-38,2.80037,3.9389,4.47968,4.91427,5.37331,5.52566,5.55188,5.42457,5.32671,5.34528,2.09324e-36,1.56748,2.90434,4.05841,4.98357,5.39944,5.55524,5.60992,5.48557,5.3587,5.38164,	20,9.72606,8.69618,7.70502,6.74594,5.77851,4.89029,3.9834,3.13468,2.31046,1.35639,8.29956e-06,6.8889,7.72855,7.1879,6.37587,5.44316,4.66851,3.77708,3.10556,2.33748,1.36207,	
7.85194e-38,2.70123,3.86977,4.44532,4.89071,5.34857,5.48164,5.52925,5.41147,5.37602,5.32888,1.65105e-36,1.59501,2.90257,4.02642,4.96979,5.38551,5.50223,5.56344,5.45092,5.39964,5.371,	20,9.70365,8.67931,7.67989,6.73203,5.7908,4.83268,3.96784,3.11671,2.29847,1.38805,7.82886e-06,6.78826,7.66181,7.21441,6.3563,5.42057,4.61605,3.76988,3.05108,2.30045,1.39609,	
6.36035e-38,2.78361,3.89694,4.4457,4.83825,5.30562,5.51708,5.46963,5.40076,5.30046,5.32183,1.2769e-36,1.59669,2.91512,4.03646,4.96274,5.34452,5.55389,5.53218,5.43719,5.3236,5.37041,	20,9.69862,8.66917,7.70004,6.74424,5.75445,4.82755,3.96934,3.16224,2.2675,1.29674,7.45994e-06,6.81209,7.62639,7.21788,6.34159,5.45023,4.5997,3.73148,3.08451,2.28351,1.30409,	
5.01262e-38,2.66616,3.93347,4.39824,4.8438,5.30724,5.44484,5.50402,5.39749,5.35348,5.2768,9.53816e-37,1.5551,2.91384,4.03173,4.95089,5.32799,5.49285,5.56037,5.4252,5.3719,5.30801,	20,9.69576,8.67714,7.70984,6.72294,5.74126,4.80427,3.9117,3.10742,2.21472,1.33034,7.22031e-06,6.87257,7.59967,7.26242,6.33459,5.47562,4.5945,3.71442,3.01183,2.20392,1.33954,	
4.02534e-38,2.69515,3.93127,4.41994,4.85111,5.30923,5.46642,5.48912,5.43227,5.28277,5.2683,7.41478e-37,1.56605,2.88208,3.99598,4.94458,5.34116,5.49889,5.50593,5.45614,5.30637,5.28141,	20,9.67493,8.65183,7.68972,6.71565,5.7262,4.77814,3.92665,3.06291,2.23165,1.29562,6.9634e-06,6.91533,7.58647,7.26284,6.3595,5.48365,4.59803,3.66456,2.99655,2.21909,1.29909,	
3.27372e-38,2.67096,3.96273,4.47307,4.84075,5.33018,5.47588,5.44471,5.46253,5.25957,5.24161,5.697e-37,1.55408,2.899,4.0132,4.91451,5.35456,5.52659,5.47143,5.47705,5.29509,5.27221,	20,9.65586,8.66065,7.69442,6.69899,5.68056,4.75305,3.91056,3.0324,2.23545,1.29917,6.72997e-06,6.94342,7.48319,7.28558,6.38643,5.46305,4.58847,3.68953,2.98095,2.23927,1.30714,	
2.62621e-38,2.58077,3.93903,4.47469,4.84032,5.31189,5.4617,5.48125,5.4453,5.2964,5.16402,4.49321e-37,1.55888,2.92511,4.01127,4.9169,5.35352,5.4866,5.52629,5.4929,5.3366,5.2025,	20,9.63882,8.66336,7.67128,6.6624,5.67476,4.7964,3.91122,3.02802,2.23353,1.32169,6.49339e-06,6.9526,7.43371,7.30418,6.32087,5.41464,4.55255,3.68777,3.00209,2.22565,1.32509,	
2.02077e-38,2.56201,3.80942,4.43551,4.82708,5.31775,5.49201,5.48842,5.43994,5.19996,5.19434,3.34906e-37,1.54234,2.90123,4.0063,4.93644,5.36329,5.53826,5.51396,5.47546,5.22145,5.22215,	20,9.64194,8.6626,7.65836,6.65593,5.67148,4.76095,3.8936,3.03456,2.19687,1.29401,6.20801e-06,6.9129,7.5039,7.1158,6.31317,5.38616,4.54386,3.66181,2.98974,2.20741,1.30481,	
1.62538e-38,2.65254,3.78182,4.35784,4.81968,5.25557,5.43244,5.48238,5.39436,5.32599,5.21069,2.61973e-37,1.53289,2.87517,4.00509,4.93036,5.29623,5.45764,5.49255,5.41988,5.37007,5.24711,	20,9.64444,8.65647,7.60843,6.64985,5.66594,4.71938,3.88598,3.04833,2.21729,1.29407,6.00347e-06,7.00932,7.54279,7.14274,6.3212,5.39182,4.54842,3.65466,2.98041,2.21534,1.30474,	
1.30204e-38,2.66458,3.84987,4.38902,4.82343,5.25594,5.46544,5.42684,5.3422,5.32107,5.27821,2.01858e-37,1.53272,2.85976,3.96451,4.89255,5.29097,5.5209,5.46355,5.37989,5.34586,5.32519,	20,9.62771,8.64254,7.59181,6.61159,5.62131,4.68313,3.88091,3.01915,2.22936,1.29568,5.88259e-06,7.13063,7.58579,7.11163,6.29731,5.41267,4.53985,3.66044,2.94891,2.22915,1.29893,	
1.01782e-38,2.63377,3.87349,4.43675,4.82807,5.25196,5.46308,5.4218,5.38056,5.32159,5.20959,1.43674e-37,1.52062,2.84972,3.94617,4.88484,5.28875,5.47457,5.45759,5.41855,5.35083,5.26494,	20,9.61116,8.60238,7.58749,6.61237,5.60476,4.63686,3.81333,2.97694,2.18271,1.22624,5.72267e-06,7.24458,7.56412,7.06497,6.28846,5.43484,4.54319,3.67071,2.88364,2.18822,1.2346,	
8.17457e-39,2.54825,3.90997,4.44434,4.79891,5.23857,5.43675,5.39653,5.36557,5.32105,5.20875,1.10231e-37,1.5199,2.84475,3.96452,4.88347,5.26665,5.44706,5.42523,5.37839,5.35524,5.2498,	20,9.57652,8.56944,7.56747,6.58076,5.57644,4.66011,3.78925,3.00277,2.17341,1.23982,5.59869e-06,7.27954,7.56651,7.06758,6.25042,5.4487,4.50724,3.65808,2.89063,2.15318,1.24654,	
6.67055e-39,2.55649,3.85866,4.38959,4.78463,5.22032,5.40685,5.35666,5.38363,5.33909,5.14022,8.7368e-38,1.51792,2.85353,3.97625,4.87787,5.27915,5.47403,5.38973,5.39223,5.37602,5.19148,	20,9.55905,8.56501,7.53406,6.55782,5.56175,4.63234,3.84958,3.01653,2.17942,1.26258,5.29241e-06,7.05447,7.57479,7.08669,6.25226,5.41202,4.46089,3.66645,2.86922,2.16694,1.26727,	
5.20929e-39,2.46777,3.81923,4.39504,4.78093,5.2624,5.4168,5.35827,5.34415,5.26844,5.20218,6.62823e-38,1.51784,2.82057,3.97307,4.89027,5.3009,5.41437,5.3969,5.3602,5.31251,5.2217,	20,9.559,8.55318,7.5078,6.55632,5.54175,4.63855,3.78015,3.01059,2.16867,1.2388,5.14182e-06,7.15615,7.52291,7.05561,6.25616,5.33059,4.47138,3.63802,2.86428,2.13409,1.24908,	
4.41643e-39,2.57581,3.82775,4.36481,4.76346,5.23052,5.34408,5.35796,5.24881,5.31203,5.22928,5.18371e-38,1.51657,2.7962,3.93718,4.86116,5.26856,5.37968,5.37178,5.28628,5.36314,5.26456,	20,9.54212,8.53979,7.47057,6.53247,5.49285,4.59898,3.73034,2.98406,2.20031,1.2767,4.86349e-06,7.01603,7.49469,7.06077,6.23899,5.3071,4.46678,3.63607,2.86913,2.18152,1.2822,	
3.48957e-39,2.56196,3.79919,4.35425,4.77475,5.26542,5.33206,5.39642,5.27573,5.25969,5.2423,3.91031e-38,1.51163,2.78815,3.91786,4.84059,5.31139,5.40257,5.41115,5.32613,5.29415,5.26029,	20,9.52419,8.52169,7.46483,6.5077,5.50414,4.61885,3.76137,2.98679,2.18307,1.21807,4.70138e-06,7.06518,7.52969,7.09464,6.22999,5.29509,4.41704,3.61495,2.90038,2.17777,1.22852,	
2.89152e-39,2.55717,3.83175,4.32087,4.73746,5.25624,5.37252,5.33402,5.32417,5.26042,5.17267,2.9599e-38,1.47022,2.81386,3.89468,4.83477,5.2519,5.4033,5.38865,5.3443,5.28605,5.22908,	20,9.5231,8.51012,7.47489,6.47786,5.46523,4.61199,3.78899,2.95638,2.16074,1.21252,4.56986e-06,7.05716,7.52025,7.04286,6.21427,5.32188,4.42466,3.57475,2.86556,2.16937,1.21887,	
2.38588e-39,2.52338,3.86507,4.33595,4.72297,5.18464,5.37932,5.35157,5.29817,5.24255,5.19961,2.35346e-38,1.49382,2.79024,3.90557,4.83227,5.21143,5.4185,5.38156,5.3272,5.29633,5.25016,	20,9.52101,8.50201,7.46044,6.46835,5.48895,4.62049,3.80991,2.97256,2.15359,1.25601,4.43485e-06,7.13969,7.52298,7.07849,6.19141,5.27904,4.42458,3.57974,2.85882,2.16871,1.25932,	
1.86985e-39,2.40153,3.80143,4.32635,4.71732,5.17502,5.37191,5.32465,5.35438,5.2578,5.24069,1.76216e-38,1.46856,2.78736,3.89271,4.82856,5.21684,5.39583,5.34305,5.38445,5.29157,5.26715,	20,9.50194,8.49289,7.46532,6.48273,5.51974,4.65535,3.82056,2.9743,2.12717,1.19243,4.25953e-06,7.07194,7.53072,7.09761,6.15169,5.28167,4.40685,3.57505,2.83293,2.15456,1.19906,	
1.4906e-39,2.383,3.77467,4.34369,4.72049,5.15193,5.35156,5.38484,5.34377,5.29461,5.21752,1.42949e-38,1.4914,2.80063,3.88268,4.82707,5.15909,5.37908,5.4168,5.38831,5.31783,5.23936,	20,9.48476,8.48514,7.45137,6.49235,5.53892,4.6472,3.80623,2.97026,2.14579,1.22313,4.14953e-06,7.12981,7.51917,7.0056,6.14269,5.27618,4.39741,3.57157,2.80435,2.13624,1.23185,	
1.21686e-39,2.4702,3.73756,4.33396,4.73589,5.15476,5.33082,5.38497,5.34666,5.27225,5.23682,1.11945e-38,1.48232,2.7942,3.89885,4.82054,5.20441,5.34043,5.41024,5.37588,5.29601,5.25102,	20,9.46501,8.42767,7.45804,6.51443,5.55565,4.63217,3.77228,2.96569,2.15293,1.22744,3.99422e-06,7.12454,7.52435,7.03242,6.15928,5.26749,4.37974,3.6169,2.78016,2.13122,1.2292,	
9.94568e-40,2.54348,3.78807,4.38246,4.77244,5.17559,5.38078,5.37742,5.37199,5.1683,5.19129,8.67302e-39,1.47809,2.7861,3.91706,4.81674,5.19599,5.4051,5.39217,5.39029,5.17452,5.2356,	20,9.46118,8.41838,7.45271,6.47776,5.51929,4.63264,3.7642,2.96404,2.17323,1.23954,3.88563e-06,7.13563,7.46231,7.02633,6.13717,5.27426,4.36459,3.59857,2.77872,2.14204,1.2567,	
8.16577e-40,2.56982,3.79419,4.30752,4.76408,5.14254,5.39408,5.29231,5.30889,5.2348,5.16059,6.68308e-39,1.46908,2.79375,3.91305,4.83116,5.17588,5.40469,5.32405,5.33698,5.26985,5.20079,	20,9.45671,8.42517,7.42588,6.4771,5.48222,4.58038,3.73378,3.01711,2.16738,1.23266,3.74183e-06,7.08574,7.45745,7.02308,6.06447,5.27236,4.3642,3.59801,2.77964,2.12643,1.23106,	
6.92079e-40,2.60876,3.81068,4.31725,4.75143,5.14175,5.27418,5.32225,5.27575,5.20835,5.15955,5.24575e-39,1.45653,2.79503,3.91396,4.82623,5.1719,5.29067,5.35865,5.30697,5.23863,5.18839,	20,9.45285,8.41028,7.40706,6.47138,5.49885,4.55611,3.80657,2.99028,2.13528,1.18318,3.61011e-06,6.98866,7.41446,7.00946,6.05551,5.27363,4.36972,3.58718,2.79596,2.1436,1.18673,	
5.54214e-40,2.52268,3.76933,4.32496,4.77665,5.14123,5.3225,5.31514,5.2018,5.23311,5.20541,4.2293e-39,1.47704,2.80473,3.9055,4.83937,5.17393,5.36271,5.33052,5.2235,5.28453,5.23461,	20,9.44849,8.41034,7.40499,6.46987,5.4797,4.62012,3.79086,3.00297,2.12906,1.18822,3.46617e-06,6.83924,7.41339,6.9508,6.03863,5.24851,4.40899,3.62229,2.80102,2.14507,1.19225,	
4.64278e-40,2.57009,3.75193,4.35822,4.75356,5.12258,5.28534,5.35184,5.19436,5.19631,5.23144,3.6337e-39,1.51431,2.81744,3.92377,4.83557,5.17373,5.32777,5.37657,5.21498,5.21592,5.2573,	20,9.42934,8.41096,7.4213,6.47546,5.48355,4.64692,3.84524,3.0136,2.17652,1.22548,3.37956e-06,6.84229,7.40927,6.87535,6.08631,5.26129,4.38803,3.61541,2.80493,2.13268,1.23069,	
3.8473e-40,2.62985,3.76915,4.37494,4.77891,5.16617,5.31019,5.3412,5.19995,5.14664,5.16199,2.97097e-39,1.52669,2.81262,3.92576,4.84181,5.19354,5.34895,5.38369,5.2285,5.17614,5.18771,	20,9.4129,8.39924,7.4152,6.48173,5.49668,4.69761,3.84505,3.00191,2.16205,1.2097,3.27345e-06,6.77698,7.42099,6.92245,6.10759,5.22209,4.43041,3.62324,2.8302,2.12294,1.21453,	
