accept,reject,	accept,reject,	accept,reject,	accept,reject,	accept,reject,	accept,reject,	accept,reject,	accept,reject,	accept,reject,	accept,reject,	accept,reject,	wait,	wait,	wait,	wait,	wait,	wait,	wait,	wait,	wait,	wait,	wait,	
0.5,0.5,	0.722533,0.277467,	0.775384,0.224616,	0.768855,0.231145,	0.742592,0.257408,	0.714232,0.285768,	0.679268,0.320732,	0.633688,0.366312,	0.570548,0.429452,	0.509296,0.490704,	0.505696,0.494304,	1,	1,	1,	1,	1,	1,	1,	1,	1,	1,	1,	
0.5,0.5,	0.722533,0.277467,	0.775384,0.224616,	0.768916,0.231084,	0.742682,0.257318,	0.714417,0.285583,	0.679428,0.320572,	0.633905,0.366095,	0.57076,0.42924,	0.509452,0.490548,	0.505712,0.494288,	1,	1,	1,	1,	1,	1,	1,	1,	1,	1,	1,	
0.5,0.5,	0.722472,0.277528,	0.775427,0.224573,	0.768986,0.231014,	0.742768,0.257232,	0.714578,0.285422,	0.679635,0.320365,	0.634131,0.365869,	0.570991,0.429009,	0.509579,0.490421,	0.505721,0.494279,	1,	1,	1,	1,	1,	1,	1,	1,	1,	1,	1,	
0.5,0.5,	0.722472,0.277528,	0.775479,0.224521,	0.769064,0.230936,	0.742975,0.257025,	0.714709,0.285291,	0.6798,0.3202,	0.634344,0.365656,	0.571236,0.428764,	0.509823,0.490177,	0.505685,0.494315,	1,	1,	1,	1,	1,	1,	1,	1,	1,	1,	1,	
0.5,0.5,	0.722472,0.277528,	0.775509,0.224491,	0.769155,0.230845,	0.743329,0.256671,	0.714876,0.285124,	0.679962,0.320038,	0.634555,0.365445,	0.571471,0.428529,	0.510012,0.489988,	0.505656,0.494344,	1,	1,	1,	1,	1,	1,	1,	1,	1,	1,	1,	
0.5,0.5,	0.722312,0.277688,	0.775536,0.224464,	0.769349,0.230651,	0.743503,0.256497,	0.715021,0.284979,	0.68022,0.31978,	0.634785,0.365215,	0.571726,0.428274,	0.510201,0.489799,	0.505664,0.494336,	1,	1,	1,	1,	1,	1,	1,	1,	1,	1,	1,	
0.5,0.5,	0.722262,0.277738,	0.775699,0.224301,	0.769482,0.230518,	0.743616,0.256384,	0.715149,0.284851,	0.680486,0.319514,	0.634961,0.365039,	0.571964,0.428036,	0.510365,0.489635,	0.505662,0.494338,	1,	1,	1,	1,	1,	1,	1,	1,	1,	1,	1,	
0.5,0.5,	0.722743,0.277257,	0.775762,0.224238,	0.769569,0.230431,	0.743746,0.256254,	0.715385,0.284615,	0.680673,0.319327,	0.63513,0.36487,	0.572059,0.427941,	0.510203,0.489797,	0.505476,0.494524,	1,	1,	1,	1,	1,	1,	1,	1,	1,	1,	1,	
0.5,0.5,	0.722679,0.277321,	0.775761,0.224239,	0.76962,0.23038,	0.74395,0.25605,	0.715524,0.284476,	0.680808,0.319192,	0.63534,0.36466,	0.572278,0.427722,	0.510349,0.489651,	0.505518,0.494482,	1,	1,	1,	1,	1,	1,	1,	1,	1,	1,	1,	
0.5,0.5,	0.722751,0.277249,	0.775774,0.224226,	0.769679,0.230321,	0.744044,0.255956,	0.715628,0.284372,	0.680932,0.319068,	0.635551,0.364449,	0.572489,0.427511,	0.510512,0.489488,	0.505499,0.494501,	1,	1,	1,	1,	1,	1,	1,	1,	1,	1,	1,	
0.5,0.5,	0.722751,0.277249,	0.775774,0.224226,	0.769703,0.230297,	0.744093,0.255907,	0.71567,0.28433,	0.681092,0.318908,	0.635901,0.364099,	0.572778,0.427222,	0.510736,0.489264,	0.505492,0.494508,	1,	1,	1,	1,	1,	1,	1,	1,	1,	1,	1,	
0.5,0.5,	0.723466,0.276534,	0.776179,0.223821,	0.769736,0.230264,	0.744178,0.255822,	0.715746,0.284254,	0.681179,0.318821,	0.636091,0.363909,	0.572931,0.427069,	0.510968,0.489032,	0.505466,0.494534,	1,	1,	1,	1,	1,	1,	1,	1,	1,	1,	1,	
0.5,0.5,	0.724001,0.275999,	0.776159,0.223841,	0.769879,0.230121,	0.744253,0.255747,	0.715837,0.284163,	0.681218,0.318782,	0.636114,0.363886,	0.572712,0.427288,	0.511376,0.488624,	0.505485,0.494515,	1,	1,	1,	1,	1,	1,	1,	1,	1,	1,	1,	
0.5,0.5,	0.724213,0.275787,	0.776261,0.223739,	0.769974,0.230026,	0.744319,0.255681,	0.715941,0.284059,	0.681386,0.318614,	0.63626,0.36374,	0.572878,0.427122,	0.511482,0.488518,	0.505532,0.494468,	1,	1,	1,	1,	1,	1,	1,	1,	1,	1,	1,	
0.5,0.5,	0.724213,0.275787,	0.776336,0.223664,	0.770058,0.229942,	0.7445,0.2555,	0.71611,0.28389,	0.68151,0.31849,	0.636435,0.363565,	0.573063,0.426937,	0.511615,0.488385,	0.505557,0.494443,	1,	1,	1,	1,	1,	1,	1,	1,	1,	1,	1,	
0.5,0.5,	0.724159,0.275841,	0.776464,0.223536,	0.770477,0.229523,	0.744727,0.255273,	0.716242,0.283758,	0.681734,0.318266,	0.636646,0.363354,	0.573262,0.426738,	0.511734,0.488266,	0.50556,0.49444,	1,	1,	1,	1,	1,	1,	1,	1,	1,	1,	1,	
0.5,0.5,	0.724071,0.275929,	0.776568,0.223432,	0.770661,0.229339,	0.74482,0.25518,	0.716399,0.283601,	0.681969,0.318031,	0.636869,0.363131,	0.573496,0.426504,	0.511895,0.488105,	0.505567,0.494433,	1,	1,	1,	1,	1,	1,	1,	1,	1,	1,	1,	
0.5,0.5,	0.724027,0.275973,	0.77661,0.22339,	0.770709,0.229291,	0.744919,0.255081,	0.716445,0.283555,	0.682208,0.317792,	0.637097,0.362903,	0.573727,0.426273,	0.512042,0.487958,	0.505556,0.494444,	1,	1,	1,	1,	1,	1,	1,	1,	1,	1,	1,	
0.5,0.5,	0.724027,0.275973,	0.776619,0.223381,	0.770726,0.229274,	0.744979,0.255021,	0.716477,0.283523,	0.6825,0.3175,	0.637285,0.362715,	0.573919,0.426081,	0.512076,0.487924,	0.505553,0.494447,	1,	1,	1,	1,	1,	1,	1,	1,	1,	1,	1,	
0.5,0.5,	0.724719,0.275281,	0.776637,0.223363,	0.770744,0.229256,	0.745063,0.254937,	0.716619,0.283381,	0.682675,0.317325,	0.637494,0.362506,	0.574139,0.425861,	0.512202,0.487798,	0.505544,0.494456,	1,	1,	1,	1,	1,	1,	1,	1,	1,	1,	1,	
0.5,0.5,	0.724719,0.275281,	0.77664,0.22336,	0.770782,0.229218,	0.745246,0.254754,	0.716683,0.283317,	0.682796,0.317204,	0.637561,0.362439,	0.574105,0.425895,	0.512622,0.487378,	0.505589,0.494411,	1,	1,	1,	1,	1,	1,	1,	1,	1,	1,	1,	
0.5,0.5,	0.724632,0.275368,	0.776725,0.223275,	0.770796,0.229204,	0.745306,0.254694,	0.716723,0.283277,	0.682932,0.317068,	0.637687,0.362313,	0.574228,0.425772,	0.512733,0.487267,	0.505586,0.494414,	1,	1,	1,	1,	1,	1,	1,	1,	1,	1,	1,	
0.5,0.5,	0.725148,0.274852,	0.776727,0.223273,	0.770828,0.229172,	0.745436,0.254564,	0.71682,0.28318,	0.683115,0.316885,	0.63787,0.36213,	0.574416,0.425584,	0.512905,0.487095,	0.505592,0.494408,	1,	1,	1,	1,	1,	1,	1,	1,	1,	1,	1,	
0.5,0.5,	0.725148,0.274852,	0.776727,0.223273,	0.770851,0.229149,	0.745512,0.254488,	0.716902,0.283098,	0.683245,0.316755,	0.638025,0.361975,	0.574532,0.425468,	0.513022,0.486978,	0.505585,0.494415,	1,	1,	1,	1,	1,	1,	1,	1,	1,	1,	1,	
0.5,0.5,	0.725148,0.274852,	0.776727,0.223273,	0.770869,0.229131,	0.745545,0.254455,	0.716946,0.283054,	0.683336,0.316664,	0.638112,0.361888,	0.574688,0.425312,	0.513144,0.486856,	0.505561,0.494439,	1,	1,	1,	1,	1,	1,	1,	1,	1,	1,	1,	
0.5,0.5,	0.725148,0.274852,	0.776738,0.223262,	0.770932,0.229068,	0.745624,0.254376,	0.717043,0.282957,	0.683493,0.316507,	0.638277,0.361723,	0.574806,0.425194,	0.513246,0.486754,	0.505556,0.494444,	1,	1,	1,	1,	1,	1,	1,	1,	1,	1,	1,	
0.5,0.5,	0.725148,0.274852,	0.776748,0.223252,	0.770962,0.229038,	0.745771,0.254229,	0.717168,0.282832,	0.683618,0.316382,	0.63842,0.36158,	0.574956,0.425044,	0.513366,0.486634,	0.505508,0.494492,	1,	1,	1,	1,	1,	1,	1,	1,	1,	1,	1,	
0.5,0.5,	0.724979,0.275021,	0.777138,0.222862,	0.770997,0.229003,	0.74586,0.25414,	0.717327,0.282673,	0.683734,0.316266,	0.638533,0.361467,	0.574984,0.425016,	0.513576,0.486424,	0.505411,0.494589,	1,	1,	1,	1,	1,	1,	1,	1,	1,	1,	1,	
0.5,0.5,	0.724931,0.275069,	0.777137,0.222863,	0.771028,0.228972,	0.746078,0.253922,	0.717439,0.282561,	0.683872,0.316128,	0.638612,0.361388,	0.5751,0.4249,	0.513793,0.486207,	0.505387,0.494613,	1,	1,	1,	1,	1,	1,	1,	1,	1,	1,	1,	
0.5,0.5,	0.724931,0.275069,	0.777196,0.222804,	0.77116,0.22884,	0.746149,0.253851,	0.717528,0.282472,	0.683948,0.316052,	0.638765,0.361235,	0.575244,0.424756,	0.513895,0.486105,	0.505391,0.494609,	1,	1,	1,	1,	1,	1,	1,	1,	1,	1,	1,	
0.5,0.5,	0.724931,0.275069,	0.777198,0.222802,	0.771245,0.228755,	0.746185,0.253815,	0.717605,0.282395,	0.684138,0.315862,	0.638961,0.361039,	0.575416,0.424584,	0.513977,0.486023,	0.50538,0.49462,	1,	1,	1,	1,	1,	1,	1,	1,	1,	1,	1,	
0.5,0.5,	0.725698,0.274302,	0.777198,0.222802,	0.771274,0.228726,	0.746198,0.253802,	0.717659,0.282341,	0.684217,0.315783,	0.639086,0.360914,	0.57555,0.42445,	0.514105,0.485895,	0.505398,0.494602,	1,	1,	1,	1,	1,	1,	1,	1,	1,	1,	1,	
0.5,0.5,	0.725698,0.274302,	0.777209,0.222791,	0.771297,0.228703,	0.746228,0.253772,	0.717707,0.282293,	0.684274,0.315726,	0.639109,0.360891,	0.576018,0.423982,	0.514276,0.485724,	0.505389,0.494611,	1,	1,	1,	1,	1,	1,	1,	1,	1,	1,	1,	
0.5,0.5,	0.725698,0.274302,	0.777198,0.222802,	0.771346,0.228654,	0.746272,0.253728,	0.717749,0.282251,	0.684365,0.315635,	0.63922,0.36078,	0.576179,0.423821,	0.514413,0.485587,	0.505417,0.494583,	1,	1,	1,	1,	1,	1,	1,	1,	1,	1,	1,	
0.5,0.5,	0.725698,0.274302,	0.777333,0.222667,	0.771383,0.228617,	0.746348,0.253652,	0.71783,0.28217,	0.684482,0.315518,	0.63934,0.36066,	0.576322,0.423678,	0.514519,0.485481,	0.505426,0.494574,	1,	1,	1,	1,	1,	1,	1,	1,	1,	1,	1,	
0.5,0.5,	0.725698,0.274302,	0.777344,0.222656,	0.77141,0.22859,	0.746386,0.253614,	0.717923,0.282077,	0.684604,0.315396,	0.639479,0.360521,	0.576474,0.423526,	0.514671,0.485329,	0.505413,0.494587,	1,	1,	1,	1,	1,	1,	1,	1,	1,	1,	1,	
0.5,0.5,	0.725698,0.274302,	0.777344,0.222656,	0.771425,0.228575,	0.746423,0.253577,	0.717985,0.282015,	0.684677,0.315323,	0.639592,0.360408,	0.576579,0.423421,	0.514747,0.485253,	0.505425,0.494575,	1,	1,	1,	1,	1,	1,	1,	1,	1,	1,	1,	
0.5,0.5,	0.725698,0.274302,	0.777344,0.222656,	0.771452,0.228548,	0.746474,0.253526,	0.718078,0.281922,	0.684764,0.315236,	0.639698,0.360302,	0.576719,0.423281,	0.514851,0.485149,	0.50543,0.49457,	1,	1,	1,	1,	1,	1,	1,	1,	1,	1,	1,	
0.5,0.5,	0.725698,0.274302,	0.777355,0.222645,	0.771461,0.228539,	0.746491,0.253509,	0.718173,0.281827,	0.684852,0.315148,	0.639786,0.360214,	0.576857,0.423143,	0.514961,0.485039,	0.505436,0.494564,	1,	1,	1,	1,	1,	1,	1,	1,	1,	1,	1,	
0.5,0.5,	0.72573,0.27427,	0.777441,0.222559,	0.771492,0.228508,	0.746554,0.253446,	0.718221,0.281779,	0.684923,0.315077,	0.639861,0.360139,	0.576884,0.423116,	0.515194,0.484806,	0.505377,0.494623,	1,	1,	1,	1,	1,	1,	1,	1,	1,	1,	1,	
0.5,0.5,	0.72573,0.27427,	0.777453,0.222547,	0.77154,0.22846,	0.746626,0.253374,	0.718276,0.281724,	0.684995,0.315005,	0.639884,0.360116,	0.576906,0.423094,	0.515327,0.484673,	0.505357,0.494643,	1,	1,	1,	1,	1,	1,	1,	1,	1,	1,	1,	
0.5,0.5,	0.725686,0.274314,	0.777412,0.222588,	0.771761,0.228239,	0.74675,0.25325,	0.718377,0.281623,	0.685051,0.314949,	0.639964,0.360036,	0.576999,0.423001,	0.51542,0.48458,	0.505343,0.494657,	1,	1,	1,	1,	1,	1,	1,	1,	1,	1,	1,	
0.5,0.5,	0.725686,0.274314,	0.777412,0.222588,	0.771777,0.228223,	0.7468,0.2532,	0.718436,0.281564,	0.685164,0.314836,	0.640049,0.359951,	0.57709,0.42291,	0.515502,0.484498,	0.505342,0.494658,	1,	1,	1,	1,	1,	1,	1,	1,	1,	1,	1,	
0.5,0.5,	0.725642,0.274358,	0.777564,0.222436,	0.771918,0.228082,	0.746858,0.253142,	0.718536,0.281464,	0.685287,0.314713,	0.640179,0.359821,	0.577223,0.422777,	0.515604,0.484396,	0.505336,0.494664,	1,	1,	1,	1,	1,	1,	1,	1,	1,	1,	1,	
0.5,0.5,	0.725642,0.274358,	0.777595,0.222405,	0.771948,0.228052,	0.746927,0.253073,	0.718652,0.281348,	0.685362,0.314638,	0.640283,0.359717,	0.577185,0.422815,	0.515351,0.484649,	0.505427,0.494573,	1,	1,	1,	1,	1,	1,	1,	1,	1,	1,	1,	
0.5,0.5,	0.725602,0.274398,	0.777618,0.222382,	0.772036,0.227964,	0.746998,0.253002,	0.718764,0.281236,	0.68548,0.31452,	0.640381,0.359619,	0.577333,0.422667,	0.515413,0.484587,	0.505442,0.494558,	1,	1,	1,	1,	1,	1,	1,	1,	1,	1,	1,	
0.5,0.5,	0.725602,0.274398,	0.777863,0.222137,	0.772054,0.227946,	0.747066,0.252934,	0.718871,0.281129,	0.68557,0.31443,	0.640478,0.359522,	0.577443,0.422557,	0.515481,0.484519,	0.505416,0.494584,	1,	1,	1,	1,	1,	1,	1,	1,	1,	1,	1,	
0.5,0.5,	0.725602,0.274398,	0.777879,0.222121,	0.772078,0.227922,	0.747117,0.252883,	0.718931,0.281069,	0.685672,0.314328,	0.640623,0.359377,	0.577571,0.422429,	0.515556,0.484444,	0.505414,0.494586,	1,	1,	1,	1,	1,	1,	1,	1,	1,	1,	1,	
0.5,0.5,	0.725563,0.274437,	0.77797,0.22203,	0.772121,0.227879,	0.747173,0.252827,	0.719028,0.280972,	0.685747,0.314253,	0.640756,0.359244,	0.577706,0.422294,	0.515619,0.484381,	0.505406,0.494594,	1,	1,	1,	1,	1,	1,	1,	1,	1,	1,	1,	
0.5,0.5,	0.725563,0.274437,	0.778086,0.221914,	0.772132,0.227868,	0.747252,0.252748,	0.71908,0.28092,	0.685801,0.314199,	0.640859,0.359141,	0.577803,0.422197,	0.515694,0.484306,	0.505405,0.494595,	1,	1,	1,	1,	1,	1,	1,	1,	1,	1,	1,	
0.5,0.5,	0.725563,0.274437,	0.77808,0.22192,	0.772203,0.227797,	0.747366,0.252634,	0.719168,0.280832,	0.685887,0.314113,	0.640895,0.359105,	0.577778,0.422222,	0.515992,0.484008,	0.505438,0.494562,	1,	1,	1,	1,	1,	1,	1,	1,	1,	1,	1,	
0.5,0.5,	0.725512,0.274488,	0.778212,0.221788,	0.772313,0.227687,	0.7477,0.2523,	0.719288,0.280712,	0.68601,0.31399,	0.640929,0.359071,	0.577775,0.422225,	0.516073,0.483927,	0.505195,0.494805,	1,	1,	1,	1,	1,	1,	1,	1,	1,	1,	1,	
0.5,0.5,	0.725512,0.274488,	0.778212,0.221788,	0.772313,0.227687,	0.747714,0.252286,	0.719302,0.280698,	0.686,0.314,	0.64121,0.35879,	0.577986,0.422014,	0.516276,0.483724,	0.505217,0.494783,	1,	1,	1,	1,	1,	1,	1,	1,	1,	1,	1,	
0.5,0.5,	0.725469,0.274531,	0.778341,0.221659,	0.772319,0.227681,	0.747792,0.252208,	0.719356,0.280644,	0.686099,0.313901,	0.641344,0.358656,	0.578122,0.421878,	0.516384,0.483616,	0.505255,0.494745,	1,	1,	1,	1,	1,	1,	1,	1,	1,	1,	1,	
0.5,0.5,	0.725427,0.274573,	0.77836,0.22164,	0.772378,0.227622,	0.747895,0.252105,	0.71946,0.28054,	0.686229,0.313771,	0.641458,0.358542,	0.578262,0.421738,	0.516461,0.483539,	0.505234,0.494766,	1,	1,	1,	1,	1,	1,	1,	1,	1,	1,	1,	
0.5,0.5,	0.725427,0.274573,	0.778378,0.221622,	0.772409,0.227591,	0.747965,0.252035,	0.719536,0.280464,	0.686312,0.313688,	0.641579,0.358421,	0.578397,0.421603,	0.51658,0.48342,	0.505232,0.494768,	1,	1,	1,	1,	1,	1,	1,	1,	1,	1,	1,	
0.5,0.5,	0.725379,0.274621,	0.778383,0.221617,	0.772415,0.227585,	0.74805,0.25195,	0.719607,0.280393,	0.686401,0.313599,	0.641756,0.358244,	0.578554,0.421446,	0.516704,0.483296,	0.50527,0.49473,	1,	1,	1,	1,	1,	1,	1,	1,	1,	1,	1,	
0.5,0.5,	0.725379,0.274621,	0.778383,0.221617,	0.772438,0.227562,	0.748086,0.251914,	0.719681,0.280319,	0.686427,0.313573,	0.642018,0.357982,	0.578957,0.421043,	0.516716,0.483284,	0.50512,0.49488,	1,	1,	1,	1,	1,	1,	1,	1,	1,	1,	1,	
0.5,0.5,	0.725379,0.274621,	0.7784,0.2216,	0.772471,0.227529,	0.748193,0.251807,	0.719757,0.280243,	0.686474,0.313526,	0.642067,0.357933,	0.578892,0.421108,	0.516415,0.483585,	0.505219,0.494781,	1,	1,	1,	1,	1,	1,	1,	1,	1,	1,	1,	
0.5,0.5,	0.726171,0.273829,	0.778428,0.221572,	0.772512,0.227488,	0.748244,0.251756,	0.71985,0.28015,	0.686552,0.313448,	0.64217,0.35783,	0.579038,0.420962,	0.516561,0.483439,	0.505197,0.494803,	1,	1,	1,	1,	1,	1,	1,	1,	1,	1,	1,	
0.5,0.5,	0.726123,0.273877,	0.778422,0.221578,	0.772665,0.227335,	0.748319,0.251681,	0.719991,0.280009,	0.686685,0.313315,	0.642272,0.357728,	0.579128,0.420872,	0.516981,0.483019,	0.505243,0.494757,	1,	1,	1,	1,	1,	1,	1,	1,	1,	1,	1,	
0.5,0.5,	0.725975,0.274025,	0.778652,0.221348,	0.772706,0.227294,	0.748469,0.251531,	0.720039,0.279961,	0.686856,0.313144,	0.642487,0.357513,	0.579197,0.420803,	0.5168,0.4832,	0.505154,0.494846,	1,	1,	1,	1,	1,	1,	1,	1,	1,	1,	1,	
0.5,0.5,	0.725975,0.274025,	0.778675,0.221325,	0.772761,0.227239,	0.748591,0.251409,	0.720097,0.279903,	0.687215,0.312785,	0.642862,0.357138,	0.579461,0.420539,	0.516963,0.483037,	0.505123,0.494877,	1,	1,	1,	1,	1,	1,	1,	1,	1,	1,	1,	
0.5,0.5,	0.72626,0.27374,	0.778902,0.221098,	0.772844,0.227156,	0.748749,0.251251,	0.720282,0.279718,	0.687428,0.312572,	0.643173,0.356827,	0.579764,0.420236,	0.517233,0.482767,	0.505128,0.494872,	1,	1,	1,	1,	1,	1,	1,	1,	1,	1,	1,	
0.5,0.5,	0.72626,0.27374,	0.778902,0.221098,	0.772885,0.227115,	0.748836,0.251164,	0.720352,0.279648,	0.687554,0.312446,	0.643281,0.356719,	0.579838,0.420162,	0.51707,0.48293,	0.5051,0.4949,	1,	1,	1,	1,	1,	1,	1,	1,	1,	1,	1,	
0.5,0.5,	0.72626,0.27374,	0.778912,0.221088,	0.773051,0.226949,	0.74904,0.25096,	0.720513,0.279487,	0.687642,0.312358,	0.643391,0.356609,	0.579932,0.420068,	0.516938,0.483062,	0.505175,0.494825,	1,	1,	1,	1,	1,	1,	1,	1,	1,	1,	1,	
0.5,0.5,	0.72626,0.27374,	0.779061,0.220939,	0.773229,0.226771,	0.749112,0.250888,	0.720528,0.279472,	0.687765,0.312235,	0.643537,0.356463,	0.580117,0.419883,	0.517078,0.482922,	0.505177,0.494823,	1,	1,	1,	1,	1,	1,	1,	1,	1,	1,	1,	
0.5,0.5,	0.726221,0.273779,	0.779069,0.220931,	0.773308,0.226692,	0.749154,0.250846,	0.720587,0.279413,	0.687919,0.312081,	0.643687,0.356313,	0.580341,0.419659,	0.517213,0.482787,	0.505199,0.494801,	1,	1,	1,	1,	1,	1,	1,	1,	1,	1,	1,	
0.5,0.5,	0.726142,0.273858,	0.779094,0.220906,	0.773399,0.226601,	0.7492,0.2508,	0.7207,0.2793,	0.688003,0.311997,	0.644023,0.355977,	0.580614,0.419386,	0.517408,0.482592,	0.505222,0.494778,	1,	1,	1,	1,	1,	1,	1,	1,	1,	1,	1,	
0.5,0.5,	0.726637,0.273363,	0.779104,0.220896,	0.773583,0.226417,	0.749297,0.250703,	0.720762,0.279238,	0.688059,0.311941,	0.644207,0.355793,	0.580853,0.419147,	0.517448,0.482552,	0.505304,0.494696,	1,	1,	1,	1,	1,	1,	1,	1,	1,	1,	1,	
0.5,0.5,	0.726637,0.273363,	0.779199,0.220801,	0.773597,0.226403,	0.749466,0.250534,	0.720853,0.279147,	0.688206,0.311794,	0.644291,0.355709,	0.580795,0.419205,	0.517053,0.482947,	0.505173,0.494827,	1,	1,	1,	1,	1,	1,	1,	1,	1,	1,	1,	
0.5,0.5,	0.726637,0.273363,	0.779199,0.220801,	0.773672,0.226328,	0.749521,0.250479,	0.720878,0.279122,	0.688298,0.311702,	0.644337,0.355663,	0.580812,0.419188,	0.517489,0.482511,	0.50511,0.49489,	1,	1,	1,	1,	1,	1,	1,	1,	1,	1,	1,	
0.5,0.5,	0.726886,0.273114,	0.779243,0.220757,	0.773773,0.226227,	0.749545,0.250455,	0.720999,0.279001,	0.68835,0.31165,	0.644455,0.355545,	0.580954,0.419046,	0.517726,0.482274,	0.505101,0.494899,	1,	1,	1,	1,	1,	1,	1,	1,	1,	1,	1,	
0.5,0.5,	0.726797,0.273203,	0.779353,0.220647,	0.773794,0.226206,	0.749657,0.250343,	0.721024,0.278976,	0.688509,0.311491,	0.644605,0.355395,	0.581164,0.418836,	0.517881,0.482119,	0.505079,0.494921,	1,	1,	1,	1,	1,	1,	1,	1,	1,	1,	1,	
0.5,0.5,	0.726797,0.273203,	0.779355,0.220645,	0.773817,0.226183,	0.749664,0.250336,	0.721073,0.278927,	0.688594,0.311406,	0.644698,0.355302,	0.581347,0.418653,	0.518011,0.481989,	0.505063,0.494937,	1,	1,	1,	1,	1,	1,	1,	1,	1,	1,	1,	
0.5,0.5,	0.726748,0.273252,	0.779357,0.220643,	0.773966,0.226034,	0.749863,0.250137,	0.721172,0.278828,	0.688697,0.311303,	0.644864,0.355136,	0.581501,0.418499,	0.518161,0.481839,	0.505041,0.494959,	1,	1,	1,	1,	1,	1,	1,	1,	1,	1,	1,	
0.5,0.5,	0.726748,0.273252,	0.779359,0.220641,	0.773979,0.226021,	0.749901,0.250099,	0.721286,0.278714,	0.688821,0.311179,	0.645021,0.354979,	0.581643,0.418357,	0.518294,0.481706,	0.505065,0.494935,	1,	1,	1,	1,	1,	1,	1,	1,	1,	1,	1,	
0.5,0.5,	0.727149,0.272851,	0.779372,0.220628,	0.774208,0.225792,	0.749985,0.250015,	0.7214,0.2786,	0.688927,0.311073,	0.645179,0.354821,	0.5818,0.4182,	0.51843,0.48157,	0.505068,0.494932,	1,	1,	1,	1,	1,	1,	1,	1,	1,	1,	1,	
0.5,0.5,	0.727149,0.272851,	0.779395,0.220605,	0.774292,0.225708,	0.750024,0.249976,	0.721516,0.278484,	0.689133,0.310867,	0.645352,0.354648,	0.581961,0.418039,	0.518571,0.481429,	0.505055,0.494945,	1,	1,	1,	1,	1,	1,	1,	1,	1,	1,	1,	
0.5,0.5,	0.727149,0.272851,	0.779395,0.220605,	0.774299,0.225701,	0.750056,0.249944,	0.721591,0.278409,	0.689251,0.310749,	0.645498,0.354502,	0.582144,0.417856,	0.518655,0.481345,	0.505055,0.494945,	1,	1,	1,	1,	1,	1,	1,	1,	1,	1,	1,	
0.5,0.5,	0.727064,0.272936,	0.779726,0.220274,	0.774411,0.225589,	0.750149,0.249851,	0.721718,0.278282,	0.689372,0.310628,	0.645791,0.354209,	0.582332,0.417668,	0.518786,0.481214,	0.505069,0.494931,	1,	1,	1,	1,	1,	1,	1,	1,	1,	1,	1,	
0.5,0.5,	0.727203,0.272797,	0.779742,0.220258,	0.7745,0.2255,	0.750224,0.249776,	0.721773,0.278227,	0.689457,0.310543,	0.646024,0.353976,	0.582674,0.417326,	0.518968,0.481032,	0.505017,0.494983,	1,	1,	1,	1,	1,	1,	1,	1,	1,	1,	1,	
0.5,0.5,	0.727162,0.272838,	0.78011,0.21989,	0.774588,0.225412,	0.750384,0.249616,	0.721886,0.278114,	0.689612,0.310388,	0.646116,0.353884,	0.582675,0.417325,	0.519229,0.480771,	0.504933,0.495067,	1,	1,	1,	1,	1,	1,	1,	1,	1,	1,	1,	
0.5,0.5,	0.727124,0.272876,	0.780128,0.219872,	0.77468,0.22532,	0.750453,0.249547,	0.721978,0.278022,	0.689863,0.310137,	0.646232,0.353768,	0.58284,0.41716,	0.51934,0.48066,	0.504936,0.495064,	1,	1,	1,	1,	1,	1,	1,	1,	1,	1,	1,	
0.5,0.5,	0.727124,0.272876,	0.780153,0.219847,	0.774757,0.225243,	0.750572,0.249428,	0.722004,0.277996,	0.68994,0.31006,	0.646262,0.353738,	0.583098,0.416902,	0.519609,0.480391,	0.504903,0.495097,	1,	1,	1,	1,	1,	1,	1,	1,	1,	1,	1,	
0.5,0.5,	0.727124,0.272876,	0.780186,0.219814,	0.774788,0.225212,	0.75061,0.24939,	0.722093,0.277907,	0.690077,0.309923,	0.646412,0.353588,	0.583272,0.416728,	0.51974,0.48026,	0.5049,0.4951,	1,	1,	1,	1,	1,	1,	1,	1,	1,	1,	1,	
0.5,0.5,	0.727124,0.272876,	0.780186,0.219814,	0.774807,0.225193,	0.750639,0.249361,	0.722152,0.277848,	0.690176,0.309824,	0.646566,0.353434,	0.583487,0.416513,	0.519938,0.480062,	0.504895,0.495105,	1,	1,	1,	1,	1,	1,	1,	1,	1,	1,	1,	
0.5,0.5,	0.727053,0.272947,	0.780211,0.219789,	0.774971,0.225029,	0.750708,0.249292,	0.722267,0.277733,	0.690241,0.309759,	0.639025,0.360975,	0.583651,0.416349,	0.520063,0.479937,	0.50494,0.49506,	1,	1,	1,	1,	1,	1,	1,	1,	1,	1,	1,	
0.5,0.5,	0.727053,0.272947,	0.780189,0.219811,	0.775172,0.224828,	0.750746,0.249254,	0.722329,0.277671,	0.69032,0.30968,	0.639514,0.360486,	0.583857,0.416143,	0.520245,0.479755,	0.504947,0.495053,	1,	1,	1,	1,	1,	1,	1,	1,	1,	1,	1,	
0.5,0.5,	0.727053,0.272947,	0.780168,0.219832,	0.775249,0.224751,	0.750779,0.249221,	0.722383,0.277617,	0.69042,0.30958,	0.639617,0.360383,	0.583998,0.416002,	0.520394,0.479606,	0.504964,0.495036,	1,	1,	1,	1,	1,	1,	1,	1,	1,	1,	1,	
0.5,0.5,	0.727053,0.272947,	0.780251,0.219749,	0.775256,0.224744,	0.750809,0.249191,	0.722449,0.277551,	0.690482,0.309518,	0.640131,0.359869,	0.5844,0.4156,	0.520624,0.479376,	0.504865,0.495135,	1,	1,	1,	1,	1,	1,	1,	1,	1,	1,	1,	
0.5,0.5,	0.727016,0.272984,	0.780278,0.219722,	0.775604,0.224396,	0.750922,0.249078,	0.722597,0.277403,	0.690623,0.309377,	0.640407,0.359593,	0.584619,0.415381,	0.52084,0.47916,	0.504831,0.495169,	1,	1,	1,	1,	1,	1,	1,	1,	1,	1,	1,	
0.5,0.5,	0.726971,0.273029,	0.780355,0.219645,	0.775616,0.224384,	0.751009,0.248991,	0.722661,0.277339,	0.690744,0.309256,	0.640546,0.359454,	0.584792,0.415208,	0.520975,0.479025,	0.504855,0.495145,	1,	1,	1,	1,	1,	1,	1,	1,	1,	1,	1,	
0.5,0.5,	0.726971,0.273029,	0.780355,0.219645,	0.775665,0.224335,	0.751142,0.248858,	0.72276,0.27724,	0.690895,0.309105,	0.64072,0.35928,	0.584978,0.415022,	0.52112,0.47888,	0.504864,0.495136,	1,	1,	1,	1,	1,	1,	1,	1,	1,	1,	1,	
0.5,0.5,	0.726822,0.273178,	0.780486,0.219514,	0.775948,0.224052,	0.75135,0.24865,	0.72284,0.27716,	0.691113,0.308887,	0.640903,0.359097,	0.585169,0.414831,	0.521263,0.478737,	0.504865,0.495135,	1,	1,	1,	1,	1,	1,	1,	1,	1,	1,	1,	
0.5,0.5,	0.726822,0.273178,	0.780502,0.219498,	0.775998,0.224002,	0.751397,0.248603,	0.722893,0.277107,	0.691362,0.308638,	0.641201,0.358799,	0.585478,0.414522,	0.521527,0.478473,	0.504874,0.495126,	1,	1,	1,	1,	1,	1,	1,	1,	1,	1,	1,	
0.5,0.5,	0.726904,0.273096,	0.780516,0.219484,	0.776065,0.223935,	0.751462,0.248538,	0.723026,0.276974,	0.691493,0.308507,	0.641375,0.358625,	0.585692,0.414308,	0.521818,0.478182,	0.504878,0.495122,	1,	1,	1,	1,	1,	1,	1,	1,	1,	1,	1,	
0.5,0.5,	0.726904,0.273096,	0.780549,0.219451,	0.776176,0.223824,	0.751477,0.248523,	0.723147,0.276853,	0.691664,0.308336,	0.64156,0.35844,	0.585879,0.414121,	0.521964,0.478036,	0.504875,0.495125,	1,	1,	1,	1,	1,	1,	1,	1,	1,	1,	1,	
0.5,0.5,	0.726869,0.273131,	0.78057,0.21943,	0.776186,0.223814,	0.751528,0.248472,	0.723235,0.276765,	0.691816,0.308184,	0.641723,0.358277,	0.586092,0.413908,	0.52221,0.47779,	0.504883,0.495117,	1,	1,	1,	1,	1,	1,	1,	1,	1,	1,	1,	
0.5,0.5,	0.726869,0.273131,	0.780614,0.219386,	0.776347,0.223653,	0.751541,0.248459,	0.723307,0.276693,	0.691924,0.308076,	0.641851,0.358149,	0.58624,0.41376,	0.522305,0.477695,	0.504894,0.495106,	1,	1,	1,	1,	1,	1,	1,	1,	1,	1,	1,	
0.5,0.5,	0.726869,0.273131,	0.780634,0.219366,	0.776408,0.223592,	0.751654,0.248346,	0.723442,0.276558,	0.692062,0.307938,	0.642018,0.357982,	0.586402,0.413598,	0.522441,0.477559,	0.504917,0.495083,	1,	1,	1,	1,	1,	1,	1,	1,	1,	1,	1,	
0.5,0.5,	0.726869,0.273131,	0.780937,0.219063,	0.776413,0.223587,	0.751738,0.248262,	0.723468,0.276532,	0.692203,0.307797,	0.642121,0.357879,	0.586457,0.413543,	0.522351,0.477649,	0.504757,0.495243,	1,	1,	1,	1,	1,	1,	1,	1,	1,	1,	1,	
0.5,0.5,	0.726869,0.273131,	0.780944,0.219056,	0.776459,0.223541,	0.751746,0.248254,	0.7235,0.2765,	0.692268,0.307732,	0.642201,0.357799,	0.586479,0.413521,	0.522324,0.477676,	0.50474,0.49526,	1,	1,	1,	1,	1,	1,	1,	1,	1,	1,	1,	
0.5,0.5,	0.726869,0.273131,	0.780955,0.219045,	0.776506,0.223494,	0.7518,0.2482,	0.723563,0.276437,	0.692366,0.307634,	0.642305,0.357695,	0.58659,0.41341,	0.522505,0.477495,	0.504751,0.495249,	1,	1,	1,	1,	1,	1,	1,	1,	1,	1,	1,	
0.5,0.5,	0.726869,0.273131,	0.780987,0.219013,	0.776596,0.223404,	0.751852,0.248148,	0.723638,0.276362,	0.692464,0.307536,	0.642409,0.357591,	0.586699,0.413301,	0.522597,0.477403,	0.504771,0.495229,	1,	1,	1,	1,	1,	1,	1,	1,	1,	1,	1,	
0.5,0.5,	0.726789,0.273211,	0.781121,0.218879,	0.776734,0.223266,	0.75196,0.24804,	0.723739,0.276261,	0.692572,0.307428,	0.642539,0.357461,	0.586828,0.413172,	0.522717,0.477283,	0.504774,0.495226,	1,	1,	1,	1,	1,	1,	1,	1,	1,	1,	1,	
0.5,0.5,	0.726789,0.273211,	0.781121,0.218879,	0.776736,0.223264,	0.752,0.248,	0.72377,0.27623,	0.692655,0.307345,	0.642625,0.357375,	0.586947,0.413053,	0.522817,0.477183,	0.504748,0.495252,	1,	1,	1,	1,	1,	1,	1,	1,	1,	1,	1,	
0.5,0.5,	0.726789,0.273211,	0.781204,0.218796,	0.776775,0.223225,	0.752044,0.247956,	0.723849,0.276151,	0.692773,0.307227,	0.642738,0.357262,	0.587075,0.412925,	0.522964,0.477036,	0.504738,0.495262,	1,	1,	1,	1,	1,	1,	1,	1,	1,	1,	1,	
0.5,0.5,	0.726789,0.273211,	0.781206,0.218794,	0.776802,0.223198,	0.752141,0.247859,	0.723927,0.276073,	0.692874,0.307126,	0.642834,0.357166,	0.587195,0.412805,	0.523102,0.476898,	0.504739,0.495261,	1,	1,	1,	1,	1,	1,	1,	1,	1,	1,	1,	
0.5,0.5,	0.726789,0.273211,	0.781217,0.218783,	0.776879,0.223121,	0.752212,0.247788,	0.724,0.276,	0.692972,0.307028,	0.642991,0.357009,	0.587349,0.412651,	0.523232,0.476768,	0.50475,0.49525,	1,	1,	1,	1,	1,	1,	1,	1,	1,	1,	1,	
0.5,0.5,	0.727193,0.272807,	0.781217,0.218783,	0.776881,0.223119,	0.752264,0.247736,	0.724091,0.275909,	0.693054,0.306946,	0.643093,0.356907,	0.587447,0.412553,	0.523293,0.476707,	0.504762,0.495238,	1,	1,	1,	1,	1,	1,	1,	1,	1,	1,	1,	
0.5,0.5,	0.727103,0.272897,	0.781242,0.218758,	0.776908,0.223092,	0.752316,0.247684,	0.724252,0.275748,	0.693153,0.306847,	0.64319,0.35681,	0.587564,0.412436,	0.523347,0.476653,	0.504751,0.495249,	1,	1,	1,	1,	1,	1,	1,	1,	1,	1,	1,	
0.5,0.5,	0.727103,0.272897,	0.781251,0.218749,	0.776932,0.223068,	0.752352,0.247648,	0.724339,0.275661,	0.693276,0.306724,	0.643289,0.356711,	0.587608,0.412392,	0.511751,0.488249,	0.504747,0.495253,	1,	1,	1,	1,	1,	1,	1,	1,	1,	1,	1,	
0.5,0.5,	0.727103,0.272897,	0.781251,0.218749,	0.776935,0.223065,	0.752412,0.247588,	0.724398,0.275602,	0.693355,0.306645,	0.643364,0.356636,	0.587638,0.412362,	0.511962,0.488038,	0.504706,0.495294,	1,	1,	1,	1,	1,	1,	1,	1,	1,	1,	1,	
0.5,0.5,	0.727061,0.272939,	0.781266,0.218734,	0.776973,0.223027,	0.752599,0.247401,	0.724504,0.275496,	0.693501,0.306499,	0.643464,0.356536,	0.587718,0.412282,	0.512173,0.487827,	0.504723,0.495277,	1,	1,	1,	1,	1,	1,	1,	1,	1,	1,	1,	
0.5,0.5,	0.727061,0.272939,	0.781266,0.218734,	0.776979,0.223021,	0.752688,0.247312,	0.724675,0.275325,	0.69363,0.30637,	0.643599,0.356401,	0.587844,0.412156,	0.512373,0.487627,	0.504715,0.495285,	1,	1,	1,	1,	1,	1,	1,	1,	1,	1,	1,	
0.5,0.5,	0.727061,0.272939,	0.781266,0.218734,	0.776992,0.223008,	0.752708,0.247292,	0.724738,0.275262,	0.693699,0.306301,	0.643718,0.356282,	0.587961,0.412039,	0.512493,0.487507,	0.504745,0.495255,	1,	1,	1,	1,	1,	1,	1,	1,	1,	1,	1,	
0.5,0.5,	0.726992,0.273008,	0.781506,0.218494,	0.77728,0.22272,	0.752805,0.247195,	0.72487,0.27513,	0.693815,0.306185,	0.643831,0.356169,	0.588089,0.411911,	0.512603,0.487397,	0.504753,0.495247,	1,	1,	1,	1,	1,	1,	1,	1,	1,	1,	1,	
0.5,0.5,	0.726992,0.273008,	0.781517,0.218483,	0.777344,0.222656,	0.75287,0.24713,	0.724948,0.275052,	0.693892,0.306108,	0.643912,0.356088,	0.588154,0.411846,	0.512684,0.487316,	0.504696,0.495304,	1,	1,	1,	1,	1,	1,	1,	1,	1,	1,	1,	
0.5,0.5,	0.726992,0.273008,	0.781517,0.218483,	0.777344,0.222656,	0.752916,0.247084,	0.724993,0.275007,	0.693952,0.306048,	0.643979,0.356021,	0.588151,0.411849,	0.512482,0.487518,	0.504875,0.495125,	1,	1,	1,	1,	1,	1,	1,	1,	1,	1,	1,	
0.5,0.5,	0.726949,0.273051,	0.781536,0.218464,	0.777452,0.222548,	0.752979,0.247021,	0.725063,0.274937,	0.69401,0.30599,	0.644005,0.355995,	0.588137,0.411863,	0.512803,0.487197,	0.504808,0.495192,	1,	1,	1,	1,	1,	1,	1,	1,	1,	1,	1,	
0.5,0.5,	0.726949,0.273051,	0.781547,0.218453,	0.77749,0.22251,	0.753029,0.246971,	0.725113,0.274887,	0.694103,0.305897,	0.644111,0.355889,	0.588244,0.411756,	0.512864,0.487136,	0.504823,0.495177,	1,	1,	1,	1,	1,	1,	1,	1,	1,	1,	1,	
0.5,0.5,	0.726949,0.273051,	0.781547,0.218453,	0.77749,0.22251,	0.753031,0.246969,	0.72515,0.27485,	0.694154,0.305846,	0.644209,0.355791,	0.588329,0.411671,	0.512969,0.487031,	0.504855,0.495145,	1,	1,	1,	1,	1,	1,	1,	1,	1,	1,	1,	
0.5,0.5,	0.727199,0.272801,	0.781555,0.218445,	0.777532,0.222468,	0.753113,0.246887,	0.725232,0.274768,	0.694226,0.305774,	0.644311,0.355689,	0.588452,0.411548,	0.513073,0.486927,	0.504866,0.495134,	1,	1,	1,	1,	1,	1,	1,	1,	1,	1,	1,	
0.5,0.5,	0.727199,0.272801,	0.781561,0.218439,	0.777698,0.222302,	0.753183,0.246817,	0.725299,0.274701,	0.694327,0.305673,	0.644456,0.355544,	0.588548,0.411452,	0.513178,0.486822,	0.504897,0.495103,	1,	1,	1,	1,	1,	1,	1,	1,	1,	1,	1,	
0.5,0.5,	0.727199,0.272801,	0.781654,0.218346,	0.777715,0.222285,	0.753223,0.246777,	0.725365,0.274635,	0.694399,0.305601,	0.644556,0.355444,	0.588699,0.411301,	0.513292,0.486708,	0.504902,0.495098,	1,	1,	1,	1,	1,	1,	1,	1,	1,	1,	1,	
0.5,0.5,	0.727588,0.272412,	0.78167,0.21833,	0.777816,0.222184,	0.753251,0.246749,	0.725519,0.274481,	0.694458,0.305542,	0.644669,0.355331,	0.588847,0.411153,	0.513409,0.486591,	0.50491,0.49509,	1,	1,	1,	1,	1,	1,	1,	1,	1,	1,	1,	
0.5,0.5,	0.727557,0.272443,	0.7817,0.2183,	0.778014,0.221986,	0.753454,0.246546,	0.725628,0.274372,	0.694671,0.305329,	0.644831,0.355169,	0.589028,0.410972,	0.513529,0.486471,	0.504899,0.495101,	1,	1,	1,	1,	1,	1,	1,	1,	1,	1,	1,	
0.5,0.5,	0.727524,0.272476,	0.781717,0.218283,	0.77808,0.22192,	0.753488,0.246512,	0.725706,0.274294,	0.694786,0.305214,	0.64503,0.35497,	0.589201,0.410799,	0.51366,0.48634,	0.504905,0.495095,	1,	1,	1,	1,	1,	1,	1,	1,	1,	1,	1,	
0.5,0.5,	0.727358,0.272642,	0.78195,0.21805,	0.778096,0.221904,	0.753531,0.246469,	0.725782,0.274218,	0.694887,0.305113,	0.645159,0.354841,	0.589355,0.410645,	0.513785,0.486215,	0.504901,0.495099,	1,	1,	1,	1,	1,	1,	1,	1,	1,	1,	1,	
0.5,0.5,	0.727358,0.272642,	0.78196,0.21804,	0.778116,0.221884,	0.753605,0.246395,	0.725897,0.274103,	0.69496,0.30504,	0.645275,0.354725,	0.589487,0.410513,	0.513886,0.486114,	0.50489,0.49511,	1,	1,	1,	1,	1,	1,	1,	1,	1,	1,	1,	
0.5,0.5,	0.727358,0.272642,	0.781967,0.218033,	0.778131,0.221869,	0.75365,0.24635,	0.725946,0.274054,	0.695034,0.304966,	0.645374,0.354626,	0.589617,0.410383,	0.513968,0.486032,	0.504899,0.495101,	1,	1,	1,	1,	1,	1,	1,	1,	1,	1,	1,	
0.5,0.5,	0.727358,0.272642,	0.781973,0.218027,	0.778109,0.221891,	0.75368,0.24632,	0.72599,0.27401,	0.695138,0.304862,	0.64549,0.35451,	0.589716,0.410284,	0.514091,0.485909,	0.504884,0.495116,	1,	1,	1,	1,	1,	1,	1,	1,	1,	1,	1,	
0.5,0.5,	0.727358,0.272642,	0.781973,0.218027,	0.778136,0.221864,	0.753701,0.246299,	0.726033,0.273967,	0.695301,0.304699,	0.645722,0.354278,	0.589878,0.410122,	0.514213,0.485787,	0.504888,0.495112,	1,	1,	1,	1,	1,	1,	1,	1,	1,	1,	1,	
0.5,0.5,	0.727358,0.272642,	0.781994,0.218006,	0.778148,0.221852,	0.753759,0.246241,	0.726077,0.273923,	0.695471,0.304529,	0.645867,0.354133,	0.590018,0.409982,	0.514345,0.485655,	0.504875,0.495125,	1,	1,	1,	1,	1,	1,	1,	1,	1,	1,	1,	
0.5,0.5,	0.727358,0.272642,	0.782001,0.217999,	0.778177,0.221823,	0.753787,0.246213,	0.726163,0.273837,	0.695557,0.304443,	0.646015,0.353985,	0.590191,0.409809,	0.51446,0.48554,	0.50484,0.49516,	1,	1,	1,	1,	1,	1,	1,	1,	1,	1,	1,	
0.5,0.5,	0.727319,0.272681,	0.782035,0.217965,	0.778208,0.221792,	0.753886,0.246114,	0.726302,0.273698,	0.695755,0.304245,	0.646217,0.353783,	0.590416,0.409584,	0.51459,0.48541,	0.504838,0.495162,	1,	1,	1,	1,	1,	1,	1,	1,	1,	1,	1,	
0.5,0.5,	0.727319,0.272681,	0.782044,0.217956,	0.778204,0.221796,	0.753913,0.246087,	0.726385,0.273615,	0.695877,0.304123,	0.646392,0.353608,	0.590613,0.409387,	0.514726,0.485274,	0.504838,0.495162,	1,	1,	1,	1,	1,	1,	1,	1,	1,	1,	1,	
0.5,0.5,	0.72771,0.27229,	0.782098,0.217902,	0.77826,0.22174,	0.754044,0.245956,	0.726545,0.273455,	0.696012,0.303988,	0.646561,0.353439,	0.590795,0.409205,	0.514854,0.485146,	0.504826,0.495174,	1,	1,	1,	1,	1,	1,	1,	1,	1,	1,	1,	
0.5,0.5,	0.72771,0.27229,	0.782109,0.217891,	0.778266,0.221734,	0.754069,0.245931,	0.726633,0.273367,	0.696094,0.303906,	0.646699,0.353301,	0.590947,0.409053,	0.514998,0.485002,	0.504825,0.495175,	1,	1,	1,	1,	1,	1,	1,	1,	1,	1,	1,	
0.5,0.5,	0.72771,0.27229,	0.782371,0.217629,	0.778305,0.221695,	0.754129,0.245871,	0.726757,0.273243,	0.696227,0.303773,	0.646804,0.353196,	0.590943,0.409057,	0.515245,0.484755,	0.504806,0.495194,	1,	1,	1,	1,	1,	1,	1,	1,	1,	1,	1,	
0.5,0.5,	0.72835,0.27165,	0.782404,0.217596,	0.778448,0.221552,	0.754271,0.245729,	0.726885,0.273115,	0.696389,0.303611,	0.646901,0.353099,	0.591005,0.408995,	0.515323,0.484677,	0.50482,0.49518,	1,	1,	1,	1,	1,	1,	1,	1,	1,	1,	1,	
0.5,0.5,	0.72835,0.27165,	0.782404,0.217596,	0.778475,0.221525,	0.754339,0.245661,	0.726977,0.273023,	0.696477,0.303523,	0.647017,0.352983,	0.591143,0.408857,	0.515454,0.484546,	0.504828,0.495172,	1,	1,	1,	1,	1,	1,	1,	1,	1,	1,	1,	
0.5,0.5,	0.728318,0.271682,	0.782416,0.217584,	0.7785,0.2215,	0.754386,0.245614,	0.727035,0.272965,	0.696544,0.303456,	0.647127,0.352873,	0.591286,0.408714,	0.51555,0.48445,	0.504837,0.495163,	1,	1,	1,	1,	1,	1,	1,	1,	1,	1,	1,	
0.5,0.5,	0.728318,0.271682,	0.782416,0.217584,	0.7785,0.2215,	0.754396,0.245604,	0.727088,0.272912,	0.696649,0.303351,	0.64722,0.35278,	0.591392,0.408608,	0.515657,0.484343,	0.504825,0.495175,	1,	1,	1,	1,	1,	1,	1,	1,	1,	1,	1,	
0.5,0.5,	0.728318,0.271682,	0.782425,0.217575,	0.778535,0.221465,	0.754408,0.245592,	0.727136,0.272864,	0.696703,0.303297,	0.647319,0.352681,	0.591592,0.408408,	0.515767,0.484233,	0.50485,0.49515,	1,	1,	1,	1,	1,	1,	1,	1,	1,	1,	1,	
0.5,0.5,	0.728244,0.271756,	0.782513,0.217487,	0.778601,0.221399,	0.754503,0.245497,	0.727238,0.272762,	0.696723,0.303277,	0.647727,0.352273,	0.592011,0.407989,	0.516112,0.483888,	0.504837,0.495163,	1,	1,	1,	1,	1,	1,	1,	1,	1,	1,	1,	
0.5,0.5,	0.728379,0.271621,	0.78266,0.21734,	0.778631,0.221369,	0.754547,0.245453,	0.727255,0.272745,	0.696746,0.303254,	0.647927,0.352073,	0.592456,0.407544,	0.516569,0.483431,	0.504881,0.495119,	1,	1,	1,	1,	1,	1,	1,	1,	1,	1,	1,	
0.5,0.5,	0.728379,0.271621,	0.78266,0.21734,	0.778631,0.221369,	0.754581,0.245419,	0.727274,0.272726,	0.696778,0.303222,	0.648004,0.351996,	0.592615,0.407385,	0.516782,0.483218,	0.504865,0.495135,	1,	1,	1,	1,	1,	1,	1,	1,	1,	1,	1,	
0.5,0.5,	0.728379,0.271621,	0.782778,0.217222,	0.778677,0.221323,	0.75463,0.24537,	0.727381,0.272619,	0.696855,0.303145,	0.648099,0.351901,	0.592804,0.407196,	0.516968,0.483032,	0.504914,0.495086,	1,	1,	1,	1,	1,	1,	1,	1,	1,	1,	1,	
0.5,0.5,	0.728379,0.271621,	0.782778,0.217222,	0.778689,0.221311,	0.754649,0.245351,	0.727456,0.272544,	0.696943,0.303057,	0.648211,0.351789,	0.592915,0.407085,	0.517078,0.482922,	0.50491,0.49509,	1,	1,	1,	1,	1,	1,	1,	1,	1,	1,	1,	
0.5,0.5,	0.728846,0.271154,	0.782925,0.217075,	0.778708,0.221292,	0.75467,0.24533,	0.727523,0.272477,	0.697,0.303,	0.648358,0.351642,	0.593033,0.406967,	0.517199,0.482801,	0.50492,0.49508,	1,	1,	1,	1,	1,	1,	1,	1,	1,	1,	1,	
0.5,0.5,	0.728846,0.271154,	0.782935,0.217065,	0.778736,0.221264,	0.754714,0.245286,	0.727582,0.272418,	0.697076,0.302924,	0.648489,0.351511,	0.593167,0.406833,	0.517328,0.482672,	0.504941,0.495059,	1,	1,	1,	1,	1,	1,	1,	1,	1,	1,	1,	
0.5,0.5,	0.728846,0.271154,	0.782942,0.217058,	0.778751,0.221249,	0.75475,0.24525,	0.727648,0.272352,	0.697167,0.302833,	0.648612,0.351388,	0.593296,0.406704,	0.517443,0.482557,	0.504909,0.495091,	1,	1,	1,	1,	1,	1,	1,	1,	1,	1,	1,	
0.5,0.5,	0.728846,0.271154,	0.782943,0.217057,	0.778807,0.221193,	0.754791,0.245209,	0.727702,0.272298,	0.697237,0.302763,	0.648694,0.351306,	0.593415,0.406585,	0.517552,0.482448,	0.504888,0.495112,	1,	1,	1,	1,	1,	1,	1,	1,	1,	1,	1,	
0.5,0.5,	0.728942,0.271058,	0.783202,0.216798,	0.77906,0.22094,	0.754871,0.245129,	0.727758,0.272242,	0.697318,0.302682,	0.648786,0.351214,	0.593517,0.406483,	0.517639,0.482361,	0.504897,0.495103,	1,	1,	1,	1,	1,	1,	1,	1,	1,	1,	1,	
0.5,0.5,	0.728826,0.271174,	0.783323,0.216677,	0.779136,0.220864,	0.754975,0.245025,	0.727818,0.272182,	0.697392,0.302608,	0.648875,0.351125,	0.593622,0.406378,	0.517744,0.482256,	0.50489,0.49511,	1,	1,	1,	1,	1,	1,	1,	1,	1,	1,	1,	
0.5,0.5,	0.728826,0.271174,	0.783333,0.216667,	0.77916,0.22084,	0.755021,0.244979,	0.727872,0.272128,	0.697449,0.302551,	0.648965,0.351035,	0.593735,0.406265,	0.517865,0.482135,	0.504883,0.495117,	1,	1,	1,	1,	1,	1,	1,	1,	1,	1,	1,	
0.5,0.5,	0.729142,0.270858,	0.783354,0.216646,	0.779189,0.220811,	0.755084,0.244916,	0.727943,0.272057,	0.697528,0.302472,	0.649073,0.350927,	0.593864,0.406136,	0.517966,0.482034,	0.504886,0.495114,	1,	1,	1,	1,	1,	1,	1,	1,	1,	1,	1,	
0.5,0.5,	0.729067,0.270933,	0.783446,0.216554,	0.779248,0.220752,	0.755174,0.244826,	0.728059,0.271941,	0.697597,0.302403,	0.649158,0.350842,	0.59397,0.40603,	0.518073,0.481927,	0.504892,0.495108,	1,	1,	1,	1,	1,	1,	1,	1,	1,	1,	1,	
0.5,0.5,	0.729067,0.270933,	0.783467,0.216533,	0.779341,0.220659,	0.755276,0.244724,	0.728152,0.271848,	0.69766,0.30234,	0.649236,0.350764,	0.594087,0.405913,	0.518172,0.481828,	0.504875,0.495125,	1,	1,	1,	1,	1,	1,	1,	1,	1,	1,	1,	
0.5,0.5,	0.728997,0.271003,	0.783575,0.216425,	0.779446,0.220554,	0.755323,0.244677,	0.72826,0.27174,	0.697746,0.302254,	0.649312,0.350688,	0.594094,0.405906,	0.51836,0.48164,	0.505028,0.494972,	1,	1,	1,	1,	1,	1,	1,	1,	1,	1,	1,	
0.5,0.5,	0.728858,0.271142,	0.783776,0.216224,	0.779669,0.220331,	0.755481,0.244519,	0.728434,0.271566,	0.697846,0.302154,	0.649335,0.350665,	0.594061,0.405939,	0.518192,0.481808,	0.504973,0.495027,	1,	1,	1,	1,	1,	1,	1,	1,	1,	1,	1,	
0.5,0.5,	0.728858,0.271142,	0.783776,0.216224,	0.779694,0.220306,	0.755512,0.244488,	0.728516,0.271484,	0.697935,0.302065,	0.64941,0.35059,	0.59415,0.40585,	0.518307,0.481693,	0.504957,0.495043,	1,	1,	1,	1,	1,	1,	1,	1,	1,	1,	1,	
0.5,0.5,	0.728858,0.271142,	0.783786,0.216214,	0.779769,0.220231,	0.755587,0.244413,	0.728673,0.271327,	0.698045,0.301955,	0.649511,0.350489,	0.594254,0.405746,	0.518416,0.481584,	0.504966,0.495034,	1,	1,	1,	1,	1,	1,	1,	1,	1,	1,	1,	
0.5,0.5,	0.728858,0.271142,	0.783798,0.216202,	0.779787,0.220213,	0.755645,0.244355,	0.728824,0.271176,	0.698092,0.301908,	0.649592,0.350408,	0.594233,0.405767,	0.518239,0.481761,	0.504902,0.495098,	1,	1,	1,	1,	1,	1,	1,	1,	1,	1,	1,	
0.5,0.5,	0.728823,0.271177,	0.783828,0.216172,	0.779789,0.220211,	0.755732,0.244268,	0.728882,0.271118,	0.698157,0.301843,	0.649706,0.350294,	0.594337,0.405663,	0.518316,0.481684,	0.50492,0.49508,	1,	1,	1,	1,	1,	1,	1,	1,	1,	1,	1,	
0.5,0.5,	0.728823,0.271177,	0.78391,0.21609,	0.77984,0.22016,	0.755767,0.244233,	0.728983,0.271017,	0.698248,0.301752,	0.649802,0.350198,	0.59444,0.40556,	0.518386,0.481614,	0.504919,0.495081,	1,	1,	1,	1,	1,	1,	1,	1,	1,	1,	1,	
0.5,0.5,	0.728823,0.271177,	0.78394,0.21606,	0.779901,0.220099,	0.75583,0.24417,	0.729045,0.270955,	0.698333,0.301667,	0.649972,0.350028,	0.594613,0.405387,	0.518503,0.481497,	0.50494,0.49506,	1,	1,	1,	1,	1,	1,	1,	1,	1,	1,	1,	
0.5,0.5,	0.728792,0.271208,	0.783952,0.216048,	0.779938,0.220062,	0.756024,0.243976,	0.729129,0.270871,	0.698421,0.301579,	0.650193,0.349807,	0.594856,0.405144,	0.518692,0.481308,	0.504943,0.495057,	1,	1,	1,	1,	1,	1,	1,	1,	1,	1,	1,	
0.5,0.5,	0.728721,0.271279,	0.783967,0.216033,	0.779968,0.220032,	0.756108,0.243892,	0.729288,0.270712,	0.698527,0.301473,	0.65034,0.34966,	0.595025,0.404975,	0.518836,0.481164,	0.504932,0.495068,	1,	1,	1,	1,	1,	1,	1,	1,	1,	1,	1,	
0.5,0.5,	0.728689,0.271311,	0.783978,0.216022,	0.78011,0.21989,	0.756162,0.243838,	0.729409,0.270591,	0.69858,0.30142,	0.650436,0.349564,	0.59508,0.40492,	0.518711,0.481289,	0.504971,0.495029,	1,	1,	1,	1,	1,	1,	1,	1,	1,	1,	1,	
0.5,0.5,	0.728689,0.271311,	0.783995,0.216005,	0.780191,0.219809,	0.756209,0.243791,	0.729526,0.270474,	0.698669,0.301331,	0.650517,0.349483,	0.595199,0.404801,	0.518785,0.481215,	0.504961,0.495039,	1,	1,	1,	1,	1,	1,	1,	1,	1,	1,	1,	
0.5,0.5,	0.728689,0.271311,	0.783995,0.216005,	0.780184,0.219816,	0.756236,0.243764,	0.72959,0.27041,	0.69874,0.30126,	0.65061,0.34939,	0.595326,0.404674,	0.518842,0.481158,	0.504954,0.495046,	1,	1,	1,	1,	1,	1,	1,	1,	1,	1,	1,	
0.5,0.5,	0.728689,0.271311,	0.78401,0.21599,	0.780201,0.219799,	0.75636,0.24364,	0.729685,0.270315,	0.698841,0.301159,	0.650694,0.349306,	0.595453,0.404547,	0.518962,0.481038,	0.504928,0.495072,	1,	1,	1,	1,	1,	1,	1,	1,	1,	1,	1,	
0.5,0.5,	0.728689,0.271311,	0.78401,0.21599,	0.780205,0.219795,	0.756431,0.243569,	0.729741,0.270259,	0.698942,0.301058,	0.650794,0.349206,	0.59559,0.40441,	0.519075,0.480925,	0.504892,0.495108,	1,	1,	1,	1,	1,	1,	1,	1,	1,	1,	1,	
0.5,0.5,	0.728689,0.271311,	0.784018,0.215982,	0.780215,0.219785,	0.756487,0.243513,	0.729818,0.270182,	0.699051,0.300949,	0.650934,0.349066,	0.595735,0.404265,	0.51921,0.48079,	0.504871,0.495129,	1,	1,	1,	1,	1,	1,	1,	1,	1,	1,	1,	
0.5,0.5,	0.728625,0.271375,	0.784039,0.215961,	0.780329,0.219671,	0.75652,0.24348,	0.729875,0.270125,	0.699123,0.300877,	0.651024,0.348976,	0.595855,0.404145,	0.519329,0.480671,	0.504877,0.495123,	1,	1,	1,	1,	1,	1,	1,	1,	1,	1,	1,	
0.5,0.5,	0.728625,0.271375,	0.784073,0.215927,	0.780341,0.219659,	0.756529,0.243471,	0.729898,0.270102,	0.699202,0.300798,	0.651127,0.348873,	0.595973,0.404027,	0.51941,0.48059,	0.504896,0.495104,	1,	1,	1,	1,	1,	1,	1,	1,	1,	1,	1,	
0.5,0.5,	0.728625,0.271375,	0.784084,0.215916,	0.780396,0.219604,	0.756542,0.243458,	0.729939,0.270061,	0.699264,0.300736,	0.651243,0.348757,	0.596099,0.403901,	0.519505,0.480495,	0.504906,0.495094,	1,	1,	1,	1,	1,	1,	1,	1,	1,	1,	1,	
0.5,0.5,	0.728594,0.271406,	0.784184,0.215816,	0.780409,0.219591,	0.756618,0.243382,	0.730023,0.269977,	0.699322,0.300678,	0.651369,0.348631,	0.596228,0.403772,	0.519625,0.480375,	0.50491,0.49509,	1,	1,	1,	1,	1,	1,	1,	1,	1,	1,	1,	
0.5,0.5,	0.729026,0.270974,	0.784182,0.215818,	0.780452,0.219548,	0.756669,0.243331,	0.730071,0.269929,	0.699369,0.300631,	0.651456,0.348544,	0.596232,0.403768,	0.519904,0.480096,	0.504923,0.495077,	1,	1,	1,	1,	1,	1,	1,	1,	1,	1,	1,	
0.5,0.5,	0.728987,0.271013,	0.784196,0.215804,	0.780564,0.219436,	0.756707,0.243293,	0.730194,0.269806,	0.69944,0.30056,	0.651536,0.348464,	0.596299,0.403701,	0.519972,0.480028,	0.504933,0.495067,	1,	1,	1,	1,	1,	1,	1,	1,	1,	1,	1,	
0.5,0.5,	0.728987,0.271013,	0.784196,0.215804,	0.78057,0.21943,	0.756764,0.243236,	0.730263,0.269737,	0.699521,0.300479,	0.651645,0.348355,	0.596421,0.403579,	0.520077,0.479923,	0.50494,0.49506,	1,	1,	1,	1,	1,	1,	1,	1,	1,	1,	1,	
0.5,0.5,	0.728987,0.271013,	0.784217,0.215783,	0.780592,0.219408,	0.756845,0.243155,	0.730361,0.269639,	0.699642,0.300358,	0.651732,0.348268,	0.596557,0.403443,	0.520149,0.479851,	0.504925,0.495075,	1,	1,	1,	1,	1,	1,	1,	1,	1,	1,	1,	
0.5,0.5,	0.728987,0.271013,	0.784217,0.215783,	0.780604,0.219396,	0.756864,0.243136,	0.730424,0.269576,	0.699736,0.300264,	0.651858,0.348142,	0.59669,0.40331,	0.520248,0.479752,	0.504938,0.495062,	1,	1,	1,	1,	1,	1,	1,	1,	1,	1,	1,	
0.5,0.5,	0.728866,0.271134,	0.784242,0.215758,	0.780675,0.219325,	0.757003,0.242997,	0.730484,0.269516,	0.699803,0.300197,	0.651945,0.348055,	0.58719,0.41281,	0.520338,0.479662,	0.50494,0.49506,	1,	1,	1,	1,	1,	1,	1,	1,	1,	1,	1,	
0.5,0.5,	0.728866,0.271134,	0.784242,0.215758,	0.780675,0.219325,	0.75708,0.24292,	0.730571,0.269429,	0.69985,0.30015,	0.652041,0.347959,	0.587177,0.412823,	0.520444,0.479556,	0.504928,0.495072,	1,	1,	1,	1,	1,	1,	1,	1,	1,	1,	1,	
0.5,0.5,	0.728773,0.271227,	0.784253,0.215747,	0.780773,0.219227,	0.757232,0.242768,	0.730666,0.269334,	0.699933,0.300067,	0.652142,0.347858,	0.587319,0.412681,	0.520576,0.479424,	0.504911,0.495089,	1,	1,	1,	1,	1,	1,	1,	1,	1,	1,	1,	
0.5,0.5,	0.728773,0.271227,	0.784263,0.215737,	0.780797,0.219203,	0.757334,0.242666,	0.730746,0.269254,	0.700014,0.299986,	0.652243,0.347757,	0.587462,0.412538,	0.520663,0.479337,	0.504914,0.495086,	1,	1,	1,	1,	1,	1,	1,	1,	1,	1,	1,	
0.5,0.5,	0.728773,0.271227,	0.784279,0.215721,	0.780864,0.219136,	0.757409,0.242591,	0.730818,0.269182,	0.700098,0.299902,	0.652346,0.347654,	0.587589,0.412411,	0.520734,0.479266,	0.504901,0.495099,	1,	1,	1,	1,	1,	1,	1,	1,	1,	1,	1,	
0.5,0.5,	0.728975,0.271025,	0.78444,0.21556,	0.780938,0.219062,	0.757484,0.242516,	0.730912,0.269088,	0.70021,0.29979,	0.652446,0.347554,	0.58776,0.41224,	0.520851,0.479149,	0.504911,0.495089,	1,	1,	1,	1,	1,	1,	1,	1,	1,	1,	1,	
0.5,0.5,	0.728901,0.271099,	0.784514,0.215486,	0.781036,0.218964,	0.757641,0.242359,	0.731099,0.268901,	0.70031,0.29969,	0.652549,0.347451,	0.587904,0.412096,	0.520971,0.479029,	0.504894,0.495106,	1,	1,	1,	1,	1,	1,	1,	1,	1,	1,	1,	
0.5,0.5,	0.728901,0.271099,	0.784527,0.215473,	0.781075,0.218925,	0.757816,0.242184,	0.731156,0.268844,	0.700386,0.299614,	0.652677,0.347323,	0.58802,0.41198,	0.521042,0.478958,	0.504914,0.495086,	1,	1,	1,	1,	1,	1,	1,	1,	1,	1,	1,	
0.5,0.5,	0.728901,0.271099,	0.784536,0.215464,	0.781095,0.218905,	0.75782,0.24218,	0.731246,0.268754,	0.700486,0.299514,	0.652813,0.347187,	0.588105,0.411895,	0.520969,0.479031,	0.504905,0.495095,	1,	1,	1,	1,	1,	1,	1,	1,	1,	1,	1,	
0.5,0.5,	0.728789,0.271211,	0.784659,0.215341,	0.781114,0.218886,	0.757883,0.242117,	0.731392,0.268608,	0.70055,0.29945,	0.652931,0.347069,	0.588238,0.411762,	0.521069,0.478931,	0.504881,0.495119,	1,	1,	1,	1,	1,	1,	1,	1,	1,	1,	1,	
0.5,0.5,	0.72878,0.27122,	0.784949,0.215051,	0.781146,0.218854,	0.758042,0.241958,	0.731535,0.268465,	0.700703,0.299297,	0.653022,0.346978,	0.588481,0.411519,	0.521243,0.478757,	0.504864,0.495136,	1,	1,	1,	1,	1,	1,	1,	1,	1,	1,	1,	
0.5,0.5,	0.72878,0.27122,	0.784949,0.215051,	0.781153,0.218847,	0.758103,0.241897,	0.73161,0.26839,	0.700781,0.299219,	0.653127,0.346873,	0.588645,0.411355,	0.521348,0.478652,	0.50484,0.49516,	1,	1,	1,	1,	1,	1,	1,	1,	1,	1,	1,	
0.5,0.5,	0.72878,0.27122,	0.785021,0.214979,	0.781162,0.218838,	0.758179,0.241821,	0.731695,0.268305,	0.700853,0.299147,	0.653237,0.346763,	0.588808,0.411192,	0.52146,0.47854,	0.504859,0.495141,	1,	1,	1,	1,	1,	1,	1,	1,	1,	1,	1,	
0.5,0.5,	0.728966,0.271034,	0.785062,0.214938,	0.781247,0.218753,	0.758269,0.241731,	0.731802,0.268198,	0.70094,0.29906,	0.653332,0.346668,	0.588952,0.411048,	0.521561,0.478439,	0.504864,0.495136,	1,	1,	1,	1,	1,	1,	1,	1,	1,	1,	1,	
0.5,0.5,	0.729666,0.270334,	0.785068,0.214932,	0.781337,0.218663,	0.758327,0.241673,	0.731863,0.268137,	0.701014,0.298986,	0.653401,0.346599,	0.589288,0.410712,	0.521792,0.478208,	0.504859,0.495141,	1,	1,	1,	1,	1,	1,	1,	1,	1,	1,	1,	
